0.0450525,0,1100,110,0
0.00724155,0,0,140,0
0.00485836,0,0,170,0
0.00364597,0,0,201,0
0.00206207,0,0,232,0
0.00130056,0,0,262,0
0.000650863,0,0,293,0
0.00043987,0,0,324,0
0.000705433,0,0,354,0
0.000804938,0,0,385,0
0.00075917,0,0,416,0
0.000789436,0,0,447,0
0.000847404,0,0,479,0
0.000682216,0,0,511,0
0.000949609,0,0,541,0
0.000624092,0,0,573,0
0.000628879,0,0,604,0
0.000566301,0,0,636,0
0.000629983,0,0,666,0
0.000631415,0,0,697,0
0.000725821,0,0,728,0
0.000581429,0,0,760,0
0.000516478,0,0,791,0
0.000643492,0,0,822,0
0.00068236,0,0,854,0
0.000496035,0,0,884,0
0.000808699,0,0,914,0
0.000693767,0,0,946,0
0.000612116,0,0,978,0
0.000482384,0,0,1009,0
0.000548993,0,0,1041,0
0.000621692,0,0,1073,0
0.000910732,0.000625446,0,1104,0.0379271
0.000415426,0.000312545,0.0379271,1135,0.0177226
0.000624283,0.000543166,0.0556497,1167,0.0286677
0.00049207,0.000400925,0.0843174,1199,0.022161
0.000808625,0.000535896,0.106478,1230,0.0333738
0.000579873,0.000359152,0.139852,1261,0.0235429
0.000484669,0.000337091,0.163395,1291,0.0195964
0.000653767,0.000471847,0.182992,1345,0.0480433
0.000726163,0.000432905,0.231035,1372,0.0254506
0.000483284,0.000399341,0.256486,1401,0.0198057
0.000896063,0.000580167,0.276291,1433,0.0379567
0.000649955,0.000409177,0.314248,1466,0.0282
0.000557086,0.000280193,0.342448,1496,0.0209155
0.000697275,0.000528394,0.363363,1526,0.0288442
0.000843474,0.000545627,0.392208,1556,0.0334886
0.000791645,0.000471168,0.425696,1586,0.0308169
0.000698939,0.000415668,0.456513,1616,0.0272032
0.00087704,0.000560068,0.483716,1646,0.0347122
0.000868766,0.000794245,0.518428,1678,0.0405084
0.00118488,0.000724411,0.558937,1710,0.0495067
0.000697808,0.000433055,0.608444,1742,0.0292587
0.000703012,0.000530187,0.637702,1801,0.0571183
0.000590689,0.000404972,0.694821,1855,0.0428314
0.000485308,0.000399048,0.737652,1885,0.020545
0.000736255,0.000456438,0.758197,1916,0.0298987
0.000718349,0.000499078,0.788096,1954,0.0367797
0.00102858,0.000636557,0.824875,1986,0.0430993
0.000613837,0.000542382,0.867975,2022,0.031861
0.000778626,0.000550414,0.899836,2052,0.031615
0.000542119,0.000339862,0.931451,2083,0.0220736
0.000795384,0.00054461,0.953524,2114,0.0330984
0.000793591,0.000664465,0.986623,2145,0.0349005
0.000799089,0.000582734,1.02152,2177,0.0348946
0.00068558,0.00040167,1.05642,2209,0.0283653
0.000822332,0.000460882,1.08478,2239,0.0315832
0.000597361,0.000398322,1.11637,2270,0.0246922
0.00084668,0.000626168,1.14106,2301,0.0359527
0.000609627,0.000485034,1.17701,2333,0.0272686
0.000833019,0.000594422,1.20428,2365,0.0361674
0.000623224,0.000456808,1.24045,2398,0.0281037
0.000619907,0.000364162,1.26855,2429,0.0248616
0.000625986,0.000502491,1.29341,2458,0.0254397
0.000713559,0.000470544,1.31885,2490,0.0303626
0.00101613,0.00076529,1.34921,2520,0.0419632
0.00128933,0.00102636,1.39118,2551,0.0558778
0.000791951,0.000547555,1.44706,2582,0.0330376
0.000662675,0.000511497,1.48009,2613,0.0284711
0.000753994,0.000541158,1.50856,2643,0.0307372
0.000725931,0.000599598,1.5393,2673,0.0307719
0.000584825,0.000387235,1.57007,2705,0.0249102
0.00100784,0.000639062,1.59498,2737,0.042476
0.000578537,0.000351946,1.63746,2768,0.0233898
0.00061936,0.000432233,1.66085,2799,0.0258998
0.000633217,0.000418473,1.68675,2829,0.0252736
0.000950907,0.000713272,1.71202,2861,0.0418414
0.000714316,0.000471847,1.75386,2892,0.0294574
0.000648151,0.000445664,1.78332,2922,0.0261295
0.000790602,0.000623336,1.80945,2953,0.0341704
0.000681724,0.000558516,1.84362,2983,0.0288295
0.000876609,0.000552029,1.87245,3014,0.0357313
0.000891337, 0.0, 3014,3044,30
0.000806693, 0.0, 3044,3076,32
0.000633942, 0.0, 3076,3107,31
0.000563361, 0.0, 3107,3138,31
0.000508151, 0.0, 3138,3169,31
0.000553844, 0.0, 3169,3199,30
0.000674976, 0.0, 3199,3230,31
0.00061531, 0.0, 3230,3262,32
0.000801082, 0.0, 3262,3292,30
0.000611788, 0.0, 3292,3325,33
0.000573922, 0.0, 3325,3357,32
0.000752057, 0.0, 3357,3388,31
0.000738392, 0.0, 3388,3419,31
0.000569612, 0.0, 3419,3449,30
0.000511125, 0.0, 3449,3479,30
0.000664723, 0.0, 3479,3510,31
0.000720175, 0.0, 3510,3540,30
0.000841751, 0.0, 3540,3571,31
0.00064747, 0.0, 3571,3602,31
0.000733973, 0.0, 3602,3632,30
0.000672493, 0.0, 3632,3662,30
0.000710183, 0.0, 3662,3694,32
0.000577172, 0.0, 3694,3726,32
0.00053324, 0.0, 3726,3757,31
0.000457643, 0.0, 3757,3788,31
0.00073784, 0.0, 3788,3821,33
0.000617503, 0.0, 3821,3851,30
0.00066409, 0.0, 3851,3882,31
0.000513318, 0.0, 3882,3914,32
0.000877084, 0.0, 3914,3946,32
0.00054589, 0.0, 3946,3977,31
0.000655271, 0.0, 3977,4008,31
0.000641759, 0.0, 4008,4039,31
0.00114553, 0.0, 4039,4070,31
0.000835144, 0.0, 4070,4101,31
0.000702094, 0.0, 4101,4132,31
0.000689092, 0.0, 4132,4165,33
0.000699067, 0.0, 4165,4194,29
0.000687743, 0.0, 4194,4226,32
0.000669546, 0.0, 4226,4258,32
0.000929305, 0.0, 4258,4288,30
0.000788948, 0.0, 4288,4318,30
0.000560604, 0.0, 4318,4348,30
0.000935282, 0.0, 4348,4379,31
0.00109799, 0.0, 4379,4411,32
0.00065071, 0.0, 4411,4442,31
0.000779651, 0.0, 4442,4474,32
0.00070389, 0.0, 4474,4506,32
0.000669178, 0.0, 4506,4537,31
0.00051178, 0.0, 4537,4568,31
0.000671716, 0.0, 4568,4599,31
0.000536563, 0.0, 4599,4630,31
0.000767154, 0.0, 4630,4662,32
0.000794328, 0.0, 4662,4694,32
0.000724855, 0.0, 4694,4726,32
0.000708364, 0.0, 4726,4757,31
0.000578196, 0.0, 4757,4788,31
0.00061734, 0.0, 4788,4819,31
0.000799105, 0.0, 4819,4850,31
0.000592626, 0.0, 4850,4881,31
0.000569535, 0.0, 4881,4911,30
0.000836899, 0.0, 4911,4941,30
0.000721889, 0.0, 4941,4972,31
0.000695741, 0.0, 4972,5005,33
0.000701672, 0.0, 5005,5054,49
0.000715622, 0.0, 5054,5095,41
0.000772755, 0.0, 5095,5127,32
0.00114974, 0.0, 5127,5158,31
0.000636619, 0.0, 5158,5189,31
0.00068687, 0.0, 5189,5220,31
0.000578922, 0.0, 5220,5252,32
0.000816531, 0.0, 5252,5282,30
0.000689844, 0.0, 5282,5314,32
0.000632639, 0.0, 5314,5345,31
0.000670216, 0.0, 5345,5376,31
0.000701638, 0.0, 5376,5408,32
0.000928461, 0.0, 5408,5441,33
0.00739684, 0.0, 5441,5471,30
0.00721029, 0.0, 5471,5502,31
0.0169754, 0.0, 5502,5534,32
0.0366343, 0.0, 5534,5565,31
0.025689, 0.0, 5565,5595,30
0.0465099, 0.0, 5595,5626,31
0.0440271, 0.0, 5626,5657,31
0.0428557, 0.0, 5657,5688,31
0.0511591, 0.0, 5688,5718,30
0.0398001, 0.0, 5718,5751,33
0.0575581, 0.0, 5751,5781,30
0.0792393, 0.0, 5781,5813,32
0.0747214, 0.0, 5813,5844,31
0.0703638, 0.0, 5844,5875,31
0.127234, 0.0, 5875,5906,31
0.103316, 0.0, 5906,5937,31
0.140657, 0.0, 5937,5968,31
0.110222, 0.0, 5968,5999,31
0.111702, 0.0, 5999,6029,30
0.188123, 0.0, 6029,6060,31
0.226812, 0.0, 6060,6091,31
0.120127, 0.0, 6091,6121,30
0.196356, 0.0, 6121,6152,31
0.140382, 0.0, 6152,6183,31
0.25917, 0.0, 6183,6214,31
0.173034, 0.0, 6214,6246,32
0.169317, 0.0, 6246,6278,32
0.243417, 0.0, 6278,6309,31
0.130896, 0.0, 6309,6339,30
0.165334, 0.0, 6339,6370,31
0.15243, 0.0, 6370,6401,31
0.14388, 0.0, 6401,6433,32
0.162837, 0.0, 6433,6465,32
0.325135, 0.0, 6465,6496,31
0.181667, 0.0, 6496,6527,31
0.205057, 0.0, 6527,6556,29
0.16517, 0.0, 6556,6588,32
0.209091, 0.0, 6588,6620,32
0.326488, 0.0, 6620,6652,32
0.226972, 0.0, 6652,6683,31
0.222309, 0.0, 6683,6717,34
0.203015, 0.0, 6717,6747,30
0.224374, 0.0, 6747,6779,32
0.194683, 0.0, 6779,6809,30
0.139291, 0.0, 6809,6839,30
0.133015, 0.0, 6839,6871,32
0.303003, 0.0, 6871,6903,32
0.244379, 0.0, 6903,6934,31
0.137219, 0.0, 6934,6966,32
0.122748, 0.0, 6966,6996,30
0.165661, 0.0, 6996,7027,31
0.284609, 0.0, 7027,7059,32
0.146583, 0.0, 7059,7090,31
0.146056, 0.0, 7090,7122,32
0.150457, 0.0, 7122,7152,30
0.172021, 0.0, 7152,7182,30
0.204858, 0.0, 7182,7214,32
0.255748, 0.0, 7214,7246,32
0.189525, 0.0, 7246,7278,32
0.198328, 0.0, 7278,7308,30
0.160358, 0.0, 7308,7339,31
0.211406, 0.0, 7339,7370,31
0.172181, 0.0, 7370,7401,31
0.134178, 0.0, 7401,7432,31
0.180159, 0.0, 7432,7463,31
0.130925, 0.0, 7463,7492,29
0.12854, 0.0, 7492,7524,32
0.182178, 0.0, 7524,7556,32
0.12956, 0.0, 7556,7587,31
0.103912, 0.0, 7587,7617,30
0.142009, 0.0, 7617,7648,31
0.118671, 0.0, 7648,7678,30
0.198142, 0.0, 7678,7710,32
0.23069, 0.0, 7710,7742,32
0.182894, 0.0, 7742,7773,31
0.121825, 0.0, 7773,7804,31
0.170373, 0.0, 7804,7836,32
0.139383, 0.0, 7836,7867,31
0.0978722, 0.0, 7867,7897,30
0.116608, 0.0, 7897,7928,31
0.137305, 0.0, 7928,7960,32
0.0893871, 0.0, 7960,7992,32
0.116641, 0.0, 7992,8024,32
0.0805904, 0.0, 8024,8056,32
0.0457361, 0.0, 8056,8089,33
0.0565207, 0.0, 8089,8120,31
0.0732813, 0.0, 8120,8151,31
0.027827, 0.0, 8151,8182,31
0.0389257, 0.0, 8182,8214,32
0.0865772, 0.0, 8214,8245,31
0.0667548, 0.0, 8245,8276,31
0.0524761, 0.0, 8276,8307,31
0.0162748, 0.0, 8307,8337,30
0.0488258, 0.0, 8337,8368,31
0.0622359, 0.0, 8368,8400,32
0.0510709, 0.0, 8400,8431,31
0.0104747, 0.0, 8431,8463,32
0.0215861, 0.0, 8463,8494,31
0.0221374, 0.0, 8494,8524,30
0.0104678, 0.0, 8524,8555,31
0.00365897, 0.0, 8555,8586,31
0.00303089, 0.0, 8586,8618,32
0.00227938, 0.0, 8618,8650,32
0.00204102, 0.0, 8650,8682,32
0.00253492, 0.0, 8682,8713,31
0.00204589, 0.0, 8713,8745,32
0.00101521, 0.0, 8745,8776,31
0.000798518, 0.0, 8776,8809,33
0.000684413, 0.0, 8809,8836,27
0.00131646, 0.0, 8836,8866,30
0.00115157, 0.0, 8866,8897,31
0.00131726, 0.0, 8897,8928,31
0.0011051, 0.0, 8928,8961,33
0.00149013, 0.0, 8961,8993,32
0.00234463, 0.0, 8993,9023,30
0.000788258, 0.0, 9023,9053,30
0.00107304, 0.0, 9053,9084,31
0.0009071, 0.0, 9084,9115,31
0.000859784, 0.0, 9115,9145,30
0.000745636, 0.0, 9145,9176,31
0.000755788, 0.0, 9176,9208,32
0.000584073, 0.0, 9208,9238,30
0.00164879, 0.0, 9238,9271,33
0.00863671, 0.0, 9271,9302,31
0.00331724, 0.0, 9302,9333,31
0.00629427, 0.0, 9333,9363,30
0.00697874, 0.0, 9363,9394,31
0.00234677, 0.0, 9394,9425,31
0.00222074, 0.0, 9425,9456,31
0.00239664, 0.0, 9456,9487,31
0.0013303, 0.0, 9487,9518,31
0.00077879, 0.0, 9518,9549,31
0.000627539, 0.0, 9549,9581,32
0.00067579, 0.0, 9581,9613,32
0.000839376, 0.0, 9613,9647,34
0.00069087, 0.0, 9647,9676,29
0.00107345, 0.0, 9676,9706,30
0.00072407, 0.0, 9706,9738,32
0.000804256, 0.0, 9738,9768,30
0.00047492, 0.0, 9768,9799,31
0.000734815, 0.0, 9799,9830,31
0.00101667, 0.0, 9830,9864,34
0.000685606, 0.0, 9864,9892,28
0.000770737, 0.0, 9892,9923,31
0.00104233, 0.0, 9923,9954,31
0.000738693, 0.0, 9954,9985,31
0.00054706, 0.0, 9985,10016,31
0.000842142, 0.0, 10016,10046,30
0.00112721, 0.0, 10046,10076,30
0.00186444, 0.0, 10076,10107,31
0.00810083, 0.0, 10107,10138,31
0.00329829, 0.0, 10138,10170,32
0.000755701, 0.0, 10170,10201,31
0.000887978, 0.0, 10201,10233,32
0.00506185, 0.0, 10233,10265,32
0.00816278, 0.0, 10265,10295,30
0.00379716, 0.0, 10295,10327,32
0.0019338, 0.0, 10327,10357,30
0.00914538, 0.0, 10357,10388,31
0.0266373, 0.0, 10388,10419,31
0.0196348, 0.0, 10419,10451,32
0.0259456, 0.0, 10451,10483,32
0.0521714, 0.0, 10483,10513,30
0.0598935, 0.0, 10513,10544,31
0.0608948, 0.0, 10544,10576,32
0.0695767, 0.0, 10576,10607,31
0.0950431, 0.0, 10607,10639,32
0.0984824, 0.0, 10639,10670,31
0.175384, 0.0, 10670,10701,31
0.21869, 0.0, 10701,10732,31
0.276316, 0.0, 10732,10762,30
0.231908, 0.0, 10762,10793,31
0.36611, 0.0, 10793,10824,31
0.375158, 0.0, 10824,10854,30
0.421223, 0.0, 10854,10885,31
0.632098, 0.0, 10885,10917,32
0.394316, 0.0, 10917,10948,31
0.427229, 0.0, 10948,10980,32
0.304143, 0.0, 10980,11012,32
0.394895, 0.0, 11012,11043,31
0.387385, 0.0, 11043,11073,30
0.303563, 0.0, 11073,11104,31
0.398697, 0.0, 11104,11135,31
0.418003, 0.0, 11135,11166,31
0.344457, 0.0, 11166,11198,32
0.246488, 0.0, 11198,11230,32
0.440883, 0.0, 11230,11261,31
0.25749, 0.0, 11261,11296,35
0.270635, 0.0, 11296,11346,50
0.270696, 0.0, 11346,11387,41
0.289817, 0.0, 11387,11417,30
0.31268, 0.0, 11417,11448,31
0.207871, 0.0, 11448,11478,30
0.222692, 0.0, 11478,11509,31
0.221906, 0.0, 11509,11540,31
0.189604, 0.0, 11540,11571,31
0.19593, 0.0, 11571,11604,33
0.178082, 0.0, 11604,11635,31
0.134535, 0.0, 11635,11667,32
0.210378, 0.0, 11667,11699,32
0.263222, 0.0, 11699,11732,33
0.230565, 0.0, 11732,11765,33
0.198593, 0.0, 11765,11794,29
0.235135, 0.0, 11794,11825,31
0.131042, 0.0, 11825,11857,32
0.192385, 0.0, 11857,11887,30
0.201947, 0.0, 11887,11918,31
0.190162, 0.0, 11918,11950,32
0.15087, 0.0, 11950,11986,36
0.203435, 0.0, 11986,12028,42
0.215807, 0.0, 12028,12058,30
0.152533, 0.0, 12058,12088,30
0.211737, 0.0, 12088,12120,32
0.154844, 0.0, 12120,12152,32
0.10011, 0.0, 12152,12187,35
0.173215, 0.0, 12187,12217,30
0.147911, 0.0, 12217,12248,31
0.21611, 0.0, 12248,12276,28
0.166902, 0.0, 12276,12308,32
0.194029, 0.0, 12308,12339,31
0.207813, 0.0, 12339,12374,35
0.1403, 0.0, 12374,12404,30
0.116165, 0.0, 12404,12434,30
0.138398, 0.0, 12434,12465,31
0.122233, 0.0, 12465,12497,32
0.132121, 0.0, 12497,12529,32
0.112895, 0.0, 12529,12560,31
0.141096, 0.0, 12560,12606,46
0.066408, 0.0, 12606,12636,30
0.232309, 0.0, 12636,12668,32
0.0800052, 0.0, 12668,12699,31
0.131095, 0.0, 12699,12732,33
0.0782606, 0.0, 12732,12760,28
0.0915681, 0.0, 12760,12791,31
0.0876072, 0.0, 12791,12821,30
0.0560991, 0.0, 12821,12852,31
0.101415, 0.0, 12852,12883,31
0.122918, 0.0, 12883,12913,30
0.0445949, 0.0, 12913,12944,31
0.0466873, 0.0, 12944,12976,32
0.102592, 0.0, 12976,13009,33
0.0845381, 0.0, 13009,13038,29
0.0131395, 0.0, 13038,13070,32
0.0382837, 0.0, 13070,13102,32
0.0416411, 0.0, 13102,13134,32
0.0155561, 0.0, 13134,13167,33
0.0196866, 0.0, 13167,13198,31
0.023521, 0.0, 13198,13232,34
0.0533411, 0.0, 13232,13261,29
0.0379772, 0.0, 13261,13294,33
0.0321954, 0.0, 13294,13326,32
0.0406417, 0.0, 13326,13358,32
0.0147759, 0.0, 13358,13389,31
0.0241637, 0.0, 13389,13422,33
0.0293531, 0.0, 13422,13453,31
0.0148295, 0.0, 13453,13483,30
0.027312, 0.0, 13483,13514,31
0.0198869, 0.0, 13514,13545,31
0.00600917, 0.0, 13545,13575,30
0.00423092, 0.0, 13575,13606,31
0.00321709, 0.0, 13606,13638,32
0.00423818, 0.0, 13638,13669,31
0.00245172, 0.0, 13669,13699,30
0.00217841, 0.0, 13699,13731,32
0.00226898, 0.0, 13731,13764,33
0.00114514, 0.0, 13764,13795,31
0.00336387, 0.0, 13795,13827,32
0.00225373, 0.0, 13827,13858,31
0.00116582, 0.0, 13858,13888,30
0.000568731, 0.0, 13888,13919,31
0.000909887, 0.0, 13919,13951,32
0.001269, 0.0, 13951,13983,32
0.000817541, 0.0, 13983,14014,31
0.000911388, 0.0, 14014,14045,31
0.000849077, 0.0, 14045,14075,30
0.000806807, 0.0, 14075,14105,30
0.000882513, 0.0, 14105,14135,30
0.000921635, 0.0, 14135,14167,32
0.000723089, 0.0, 14167,14198,31
0.000659289, 0.0, 14198,14229,31
0.000524735, 0.0, 14229,14261,32
0.000671771, 0.0, 14261,14293,32
0.000658271, 0.0, 14293,14324,31
0.000797679, 0.0, 14324,14356,32
0.000634433, 0.0, 14356,14388,32
0.000855342, 0.0, 14388,14420,32
0.000914638, 0.0, 14420,14451,31
0.000594064, 0.0, 14451,14486,35
0.000526429, 0.0, 14486,14516,30
0.000635407, 0.0, 14516,14547,31
0.000831631, 0.0, 14547,14578,31
0.000803898, 0.0, 14578,14610,32
0.000622305, 0.0, 14610,14643,33
0.000754366, 0.0, 14643,14675,32
0.000592936, 0.0, 14675,14718,43
0.000635617, 0.0, 14718,14748,30
0.000788761, 0.0, 14748,14779,31
0.000756891, 0.0, 14779,14810,31
0.000466816, 0.0, 14810,14842,32
0.000668111, 0.0, 14842,14873,31
0.000820092, 0.0, 14873,14903,30
0.00078191, 0.0, 14903,14935,32
0.000746769, 0.0, 14935,14967,32
0.000862039, 0.0, 14967,14997,30
0.000943216, 0.0, 14997,15028,31
0.000620546, 0.0, 15028,15058,30
0.000566478, 0.0, 15058,15091,33
0.00046396, 0.0, 15091,15121,30
0.000749342, 0.0, 15121,15152,31
0.00087348, 0.0, 15152,15183,31
0.000545635, 0.0, 15183,15216,33
0.000633968, 0.0, 15216,15247,31
0.000668884, 0.0, 15247,15279,32
0.000694712, 0.0, 15279,15311,32
0.000764041, 0.0, 15311,15341,30
0.00114938, 0.0, 15341,15372,31
0.000578246, 0.0, 15372,15403,31
0.00063545, 0.0, 15403,15435,32
0.000600912, 0.0, 15435,15467,32
0.000447223, 0.0, 15467,15498,31
0.000638274, 0.0, 15498,15529,31
0.000549486, 0.0, 15529,15561,32
0.000768707, 0.0, 15561,15592,31
0.000684639, 0.0, 15592,15622,30
0.000569964, 0.0, 15622,15653,31
0.000629828, 0.0, 15653,15684,31
0.000764912, 0.0, 15684,15714,30
0.000385941, 0.0, 15714,15746,32
0.000565917, 0.0, 15746,15777,31
0.000644595, 0.0, 15777,15809,32
0.000807859, 0.0, 15809,15841,32
0.000637812, 0.0, 15841,15873,32
0.000789231, 0.0, 15873,15904,31
0.00109708, 0.0, 15904,15936,32
0.000825533, 0.0, 15936,15969,33
0.000820703, 0.0, 15969,16000,31
0.000978287, 0.0, 16000,16030,30
0.00070671, 0.0, 16030,16062,32
0.000689223, 0.0, 16062,16093,31
0.000925803, 0.0, 16093,16125,32
0.00121846, 0.0, 16125,16157,32
0.000887577, 0.0, 16157,16188,31
0.000565547, 0.0, 16188,16219,31
0.000552264, 0.0, 16219,16250,31
0.00072402, 0.0, 16250,16281,31
0.00113211, 0.0, 16281,16312,31
0.00188271, 0.0, 16312,16343,31
0.00135165, 0.0, 16343,16376,33
0.000943911, 0.0, 16376,16406,30
0.000592834, 0.0, 16406,16436,30
0.00080154, 0.0, 16436,16468,32
0.00321819, 0.0, 16468,16498,30
0.00764989, 0.0, 16498,16530,32
0.0170438, 0.0, 16530,16562,32
0.0357229, 0.0, 16562,16594,32
0.0244681, 0.0, 16594,16625,31
0.0237502, 0.0, 16625,16655,30
0.0457153, 0.0, 16655,16686,31
0.0258927, 0.0, 16686,16717,31
0.0503097, 0.0, 16717,16747,30
0.05457, 0.0, 16747,16778,31
0.0603541, 0.0, 16778,16809,31
0.0712775, 0.0, 16809,16841,32
0.0757892, 0.0, 16841,16873,32
0.0448872, 0.0, 16873,16904,31
0.0873803, 0.0, 16904,16935,31
0.0787707, 0.0, 16935,16964,29
0.116121, 0.0, 16964,16996,32
0.0851445, 0.0, 16996,17027,31
0.0845513, 0.0, 17027,17056,29
0.120323, 0.0, 17056,17087,31
0.158369, 0.0, 17087,17118,31
0.212523, 0.0, 17118,17148,30
0.14625, 0.0, 17148,17179,31
0.149035, 0.0, 17179,17210,31
0.178599, 0.0, 17210,17241,31
0.162782, 0.0, 17241,17272,31
0.254842, 0.0, 17272,17303,31
0.376061, 0.0, 17303,17335,32
0.407687, 0.0, 17335,17367,32
0.396189, 0.0, 17367,17398,31
0.234961, 0.0, 17398,17429,31
0.409137, 0.0, 17429,17460,31
0.330644, 0.0, 17460,17490,30
0.294523, 0.0, 17490,17523,33
0.375137, 0.0, 17523,17554,31
0.589659, 0.0, 17554,17585,31
0.426601, 0.0, 17585,17616,31
0.700811, 0.0, 17616,17648,32
0.366014, 0.0, 17648,17680,32
0.462534, 0.0, 17680,17712,32
0.39546, 0.0, 17712,17743,31
0.269192, 0.0, 17743,17775,32
0.267788, 0.0, 17775,17805,30
0.262521, 0.0, 17805,17836,31
0.266621, 0.0, 17836,17872,36
0.293245, 0.0, 17872,17914,42
0.225727, 0.0, 17914,17946,32
0.302907, 0.0, 17946,17976,30
0.260289, 0.0, 17976,18007,31
0.223736, 0.0, 18007,18037,30
0.263871, 0.0, 18037,18068,31
0.267949, 0.0, 18068,18099,31
0.204693, 0.0, 18099,18129,30
0.188093, 0.0, 18129,18160,31
0.200952, 0.0, 18160,18191,31
0.241344, 0.0, 18191,18221,30
0.197755, 0.0, 18221,18252,31
0.164844, 0.0, 18252,18282,30
0.206287, 0.0, 18282,18313,31
0.359338, 0.0, 18313,18345,32
0.218521, 0.0, 18345,18377,32
0.195061, 0.0, 18377,18409,32
0.345352, 0.0, 18409,18441,32
0.282821, 0.0, 18441,18473,32
0.18936, 0.0, 18473,18504,31
0.215613, 0.0, 18504,18535,31
0.195041, 0.0, 18535,18565,30
0.25498, 0.0, 18565,18595,30
0.176874, 0.0, 18595,18626,31
0.208394, 0.0, 18626,18657,31
0.180004, 0.0, 18657,18692,35
0.131705, 0.0, 18692,18735,43
0.156151, 0.0, 18735,18765,30
0.138311, 0.0, 18765,18796,31
0.0889693, 0.0, 18796,18825,29
0.10243, 0.0, 18825,18855,30
0.136869, 0.0, 18855,18886,31
0.0660516, 0.0, 18886,18917,31
0.0847518, 0.0, 18917,18947,30
0.0956554, 0.0, 18947,18979,32
0.0815131, 0.0, 18979,19010,31
0.0689567, 0.0, 19010,19040,30
0.0661106, 0.0, 19040,19071,31
0.105006, 0.0, 19071,19102,31
0.0920165, 0.0, 19102,19132,30
0.029317, 0.0, 19132,19162,30
0.0436417, 0.0, 19162,19199,37
0.0476526, 0.0, 19199,19257,58
0.00904036, 0.0, 19257,19289,32
0.0147676, 0.0, 19289,19319,30
0.0186443, 0.0, 19319,19350,31
0.045583, 0.0, 19350,19382,32
0.0319485, 0.0, 19382,19411,29
0.0102902, 0.0, 19411,19443,32
0.0148907, 0.0, 19443,19474,31
0.013123, 0.0, 19474,19509,35
0.00215119, 0.0, 19509,19536,27
0.00270093, 0.0, 19536,19568,32
0.00848749, 0.0, 19568,19600,32
0.0055018, 0.0, 19600,19631,31
0.00470944, 0.0, 19631,19661,30
0.00350123, 0.0, 19661,19691,30
0.00134151, 0.0, 19691,19723,32
0.00533736, 0.0, 19723,19755,32
0.00338824, 0.0, 19755,19786,31
0.00255453, 0.0, 19786,19818,32
0.00281793, 0.0, 19818,19849,31
0.00109758, 0.0, 19849,19881,32
0.000915924, 0.0, 19881,19912,31
0.00152002, 0.0, 19912,19943,31
0.00101843, 0.0, 19943,19973,30
0.000777347, 0.0, 19973,20004,31
0.0012008, 0.0, 20004,20034,30
0.000818676, 0.0, 20034,20065,31
0.000749495, 0.0, 20065,20097,32
0.00078969, 0.0, 20097,20128,31
0.000597796, 0.0, 20128,20163,35
0.000932575, 0.0, 20163,20208,45
0.00104482, 0.0, 20208,20239,31
0.0005875, 0.0, 20239,20270,31
0.00077654, 0.0, 20270,20300,30
0.000857179, 0.0, 20300,20332,32
0.000656685, 0.0, 20332,20364,32
0.000799525, 0.0, 20364,20394,30
0.000707221, 0.0, 20394,20424,30
0.000782527, 0.0, 20424,20456,32
0.00105844, 0.0, 20456,20487,31
0.000960038, 0.0, 20487,20516,29
0.000670937, 0.0, 20516,20548,32
0.000815948, 0.0, 20548,20578,30
0.000518364, 0.0, 20578,20608,30
0.000644236, 0.0, 20608,20640,32
0.000752503, 0.0, 20640,20669,29
0.000570357, 0.0, 20669,20701,32
0.000754646, 0.0, 20701,20733,32
0.000795068, 0.0, 20733,20764,31
0.000658809, 0.0, 20764,20794,30
0.000836616, 0.0, 20794,20825,31
0.000641189, 0.0, 20825,20856,31
0.00103403, 0.0, 20856,20887,31
0.000804239, 0.0, 20887,20918,31
0.000677479, 0.0, 20918,20949,31
0.000552407, 0.0, 20949,20980,31
0.000579768, 0.0, 20980,21011,31
0.000649732, 0.0, 21011,21043,32
0.000735019, 0.0, 21043,21074,31
0.000754407, 0.0, 21074,21107,33
0.000577732, 0.0, 21107,21137,30
0.000546358, 0.0, 21137,21170,33
0.000591809, 0.0, 21170,21201,31
0.000664357, 0.0, 21201,21233,32
0.000700147, 0.0, 21233,21265,32
0.000839382, 0.0, 21265,21296,31
0.000949294, 0.0, 21296,21327,31
0.000757097, 0.0, 21327,21358,31
0.000611962, 0.0, 21358,21387,29
0.000517517, 0.0, 21387,21421,34
0.000772935, 0.0, 21421,21466,45
0.000549802, 0.0, 21466,21497,31
0.000645197, 0.0, 21497,21528,31
0.00073226, 0.0, 21528,21559,31
0.000790558, 0.0, 21559,21591,32
0.000755431, 0.0, 21591,21624,33
0.000722533, 0.0, 21624,21655,31
0.00104595, 0.0, 21655,21686,31
0.000654677, 0.0, 21686,21716,30
0.000608628, 0.0, 21716,21747,31
0.000901145, 0.0, 21747,21779,32
0.000719354, 0.0, 21779,21812,33
0.000652246, 0.0, 21812,21842,30
0.000591332, 0.0, 21842,21876,34
0.00140438, 0.0, 21876,21921,45
0.00319796, 0.0, 21921,21952,31
0.0231602, 0.0, 21952,21981,29
0.0337496, 0.0, 21981,22013,32
0.00933161, 0.0, 22013,22043,30
0.0188224, 0.0, 22043,22074,31
0.0274183, 0.0, 22074,22105,31
0.0470919, 0.0, 22105,22136,31
0.0344244, 0.0, 22136,22167,31
0.0619383, 0.0, 22167,22200,33
0.026406, 0.0, 22200,22230,30
0.0284872, 0.0, 22230,22263,33
0.0399975, 0.0, 22263,22294,31
0.0698353, 0.0, 22294,22325,31
0.037372, 0.0, 22325,22356,31
0.0690261, 0.0, 22356,22388,32
0.114423, 0.0, 22388,22420,32
0.0821438, 0.0, 22420,22466,46
0.127559, 0.0, 22466,22495,29
0.104829, 0.0, 22495,22525,30
0.112438, 0.0, 22525,22556,31
0.148701, 0.0, 22556,22586,30
0.180203, 0.0, 22586,22618,32
0.266905, 0.0, 22618,22649,31
0.162664, 0.0, 22649,22680,31
0.191672, 0.0, 22680,22710,30
0.240917, 0.0, 22710,22742,32
0.240365, 0.0, 22742,22772,30
0.414386, 0.0, 22772,22805,33
0.388799, 0.0, 22805,22836,31
0.548359, 0.0, 22836,22866,30
0.507225, 0.0, 22866,22897,31
0.383473, 0.0, 22897,22928,31
0.286059, 0.0, 22928,22959,31
0.739659, 0.0, 22959,22990,31
0.236717, 0.0, 22990,23020,30
0.508669, 0.0, 23020,23052,32
0.523434, 0.0, 23052,23083,31
0.35839, 0.0, 23083,23115,32
0.50264, 0.0, 23115,23147,32
0.426333, 0.0, 23147,23178,31
0.378903, 0.0, 23178,23209,31
0.26895, 0.0, 23209,23241,32
0.375248, 0.0, 23241,23273,32
0.358021, 0.0, 23273,23306,33
0.289628, 0.0, 23306,23334,28
0.24218, 0.0, 23334,23365,31
0.227248, 0.0, 23365,23395,30
0.327555, 0.0, 23395,23427,32
0.370819, 0.0, 23427,23461,34
0.364017, 0.0, 23461,23505,44
0.22776, 0.0, 23505,23536,31
0.441311, 0.0, 23536,23566,30
0.269411, 0.0, 23566,23598,32
0.346973, 0.0, 23598,23630,32
0.38228, 0.0, 23630,23660,30
0.285646, 0.0, 23660,23692,32
0.214854, 0.0, 23692,23723,31
0.292017, 0.0, 23723,23754,31
0.166427, 0.0, 23754,23784,30
0.151856, 0.0, 23784,23816,32
0.25022, 0.0, 23816,23847,31
0.376124, 0.0, 23847,23878,31
0.17785, 0.0, 23878,23910,32
0.193155, 0.0, 23910,23941,31
0.193974, 0.0, 23941,23973,32
0.288279, 0.0, 23973,24003,30
0.133097, 0.0, 24003,24034,31
0.193462, 0.0, 24034,24066,32
0.132794, 0.0, 24066,24098,32
0.131688, 0.0, 24098,24129,31
0.110097, 0.0, 24129,24161,32
0.105514, 0.0, 24161,24190,29
0.0884907, 0.0, 24190,24222,32
0.0572236, 0.0, 24222,24254,32
0.120804, 0.0, 24254,24286,32
0.125157, 0.0, 24286,24315,29
0.100747, 0.0, 24315,24346,31
0.0467067, 0.0, 24346,24377,31
0.0929622, 0.0, 24377,24408,31
0.0666687, 0.0, 24408,24439,31
0.0737894, 0.0, 24439,24469,30
0.0509511, 0.0, 24469,24499,30
0.0634078, 0.0, 24499,24530,31
0.0656465, 0.0, 24530,24560,30
0.0597152, 0.0, 24560,24592,32
0.0528023, 0.0, 24592,24621,29
0.0423032, 0.0, 24621,24653,32
0.0387784, 0.0, 24653,24684,31
0.0976021, 0.0, 24684,24717,33
0.0459532, 0.0, 24717,24747,30
0.0350499, 0.0, 24747,24778,31
0.0290405, 0.0, 24778,24808,30
0.0300194, 0.0, 24808,24839,31
0.0402405, 0.0, 24839,24869,30
0.0372555, 0.0, 24869,24900,31
0.0223527, 0.0, 24900,24931,31
0.0450379, 0.0, 24931,24962,31
0.0321566, 0.0, 24962,24992,30
0.0205792, 0.0, 24992,25024,32
0.0271642, 0.0, 25024,25054,30
0.0295056, 0.0, 25054,25084,30
0.0264519, 0.0, 25084,25114,30
0.0153556, 0.0, 25114,25145,31
0.00440852, 0.0, 25145,25177,32
0.00888375, 0.0, 25177,25208,31
0.00345134, 0.0, 25208,25239,31
0.00319252, 0.0, 25239,25269,30
0.00306289, 0.0, 25269,25299,30
0.00148937, 0.0, 25299,25329,30
0.00122827, 0.0, 25329,25360,31
0.00137062, 0.0, 25360,25391,31
0.00174622, 0.0, 25391,25422,31
0.00212068, 0.0, 25422,25452,30
0.00173881, 0.0, 25452,25482,30
0.000865826, 0.0, 25482,25514,32
0.000746846, 0.0, 25514,25545,31
0.000705364, 0.0, 25545,25576,31
0.0008226, 0.0, 25576,25607,31
0.00104625, 0.0, 25607,25637,30
0.00106108, 0.0, 25637,25668,31
0.000672844, 0.0, 25668,25699,31
0.000772908, 0.0, 25699,25729,30
0.000806436, 0.0, 25729,25761,32
0.000788612, 0.0, 25761,25791,30
0.000676179, 0.0, 25791,25823,32
0.000734616, 0.0, 25823,25854,31
0.000837734, 0.0, 25854,25886,32
0.00193712, 0.0, 25886,25919,33
0.0010762, 0.0, 25919,25949,30
0.000810554, 0.0, 25949,25982,33
0.000845658, 0.0, 25982,26011,29
0.00137495, 0.0, 26011,26043,32
0.000645268, 0.0, 26043,26075,32
0.00084049, 0.0, 26075,26105,30
0.000672499, 0.0, 26105,26136,31
0.000704786, 0.0, 26136,26167,31
0.000708945, 0.0, 26167,26198,31
0.000829338, 0.0, 26198,26230,32
0.000625116, 0.0, 26230,26260,30
0.000807516, 0.0, 26260,26291,31
0.000715244, 0.0, 26291,26322,31
0.000584686, 0.0, 26322,26351,29
0.00067857, 0.0, 26351,26383,32
0.00063824, 0.0, 26383,26413,30
0.000990989, 0.0, 26413,26444,31
0.000563515, 0.0, 26444,26476,32
0.000491216, 0.0, 26476,26505,29
0.000689678, 0.0, 26505,26536,31
0.000966155, 0.0, 26536,26567,31
0.00067317, 0.0, 26567,26598,31
0.000784396, 0.0, 26598,26629,31
0.000674022, 0.0, 26629,26661,32
0.000582508, 0.0, 26661,26691,30
0.000879676, 0.0, 26691,26722,31
0.000701574, 0.0, 26722,26752,30
0.000698805, 0.0, 26752,26782,30
0.000593574, 0.0, 26782,26813,31
0.000697029, 0.0, 26813,26844,31
0.000618656, 0.0, 26844,26875,31
0.00073701, 0.0, 26875,26907,32
0.00103993, 0.0, 26907,26939,32
0.000618309, 0.0, 26939,26971,32
0.000743288, 0.0, 26971,27003,32
0.000746945, 0.0, 27003,27035,32
0.000702061, 0.0, 27035,27065,30
0.000720525, 0.0, 27065,27095,30
0.000514536, 0.0, 27095,27126,31
0.000535206, 0.0, 27126,27156,30
0.000618005, 0.0, 27156,27185,29
0.000665549, 0.0, 27185,27216,31
0.00069197, 0.0, 27216,27246,30
0.000712708, 0.0, 27246,27277,31
0.000922379, 0.0, 27277,27307,30
0.00100678, 0.0, 27307,27338,31
0.000864661, 0.0, 27338,27368,30
0.000622082, 0.0, 27368,27398,30
0.000629309, 0.0, 27398,27429,31
0.00069707, 0.0, 27429,27460,31
0.000613963, 0.0, 27460,27491,31
0.000746169, 0.0, 27491,27521,30
0.000634542, 0.0, 27521,27552,31
0.000631069, 0.0, 27552,27584,32
0.000587074, 0.0, 27584,27615,31
0.000786171, 0.0, 27615,27646,31
0.000716453, 0.0, 27646,27679,33
0.000631806, 0.0, 27679,27708,29
0.000630889, 0.0, 27708,27738,30
0.00045916, 0.0, 27738,27769,31
0.000747597, 0.0, 27769,27802,33
0.000622227, 0.0, 27802,27833,31
0.00074889, 0.0, 27833,27863,30
0.000820692, 0.0, 27863,27895,32
0.00062066, 0.0, 27895,27926,31
0.000858228, 0.0, 27926,27956,30
0.00069886, 0.0, 27956,27987,31
0.000962098, 0.0, 27987,28019,32
0.000823753, 0.0, 28019,28048,29
0.000712371, 0.0, 28048,28079,31
0.000613612, 0.0, 28079,28110,31
0.000570351, 0.0, 28110,28145,35
0.000545963, 0.0, 28145,28173,28
0.000772305, 0.0, 28173,28203,30
0.00058835, 0.0, 28203,28233,30
0.000654884, 0.0, 28233,28264,31
0.000703304, 0.0, 28264,28294,30
0.000643742, 0.0, 28294,28324,30
0.000547258, 0.0, 28324,28354,30
0.000514894, 0.0, 28354,28383,29
0.000497897, 0.0, 28383,28414,31
0.000804698, 0.0, 28414,28445,31
0.00070431, 0.0, 28445,28477,32
0.000847712, 0.0, 28477,28509,32
0.000642912, 0.0, 28509,28541,32
0.00105487, 0.0, 28541,28571,30
0.000763155, 0.0, 28571,28601,30
0.000726764, 0.0, 28601,28632,31
0.000493309, 0.0, 28632,28666,34
0.000538558, 0.0, 28666,28694,28
0.000577124, 0.0, 28694,28725,31
0.000599821, 0.0, 28725,28755,30
0.000707015, 0.0, 28755,28786,31
0.000745359, 0.0, 28786,28816,30
0.0008797, 0.0, 28816,28846,30
0.000645479, 0.0, 28846,28878,32
0.000508423, 0.0, 28878,28909,31
0.000620343, 0.0, 28909,28940,31
0.000671634, 0.0, 28940,28972,32
0.000881905, 0.0, 28972,29003,31
0.000781613, 0.0, 29003,29034,31
0.00056251, 0.0, 29034,29065,31
0.0006626, 0.0, 29065,29097,32
0.000701583, 0.0, 29097,29129,32
0.000798878, 0.0, 29129,29159,30
0.000582557, 0.0, 29159,29190,31
0.000793947, 0.0, 29190,29222,32
0.000756719, 0.0, 29222,29255,33
0.000503512, 0.0, 29255,29300,45
0.000670362, 0.0, 29300,29330,30
0.000501433, 0.0, 29330,29361,31
0.000556856, 0.0, 29361,29392,31
0.000693363, 0.0, 29392,29424,32
0.000813376, 0.0, 29424,29456,32
0.000764311, 0.0, 29456,29486,30
0.000918805, 0.0, 29486,29518,32
0.00546738, 0.0, 29518,29547,29
0.00750696, 0.0, 29547,29578,31
0.0018937, 0.0, 29578,29611,33
0.00159544, 0.0, 29611,29641,30
0.000894486, 0.0, 29641,29673,32
0.00112348, 0.0, 29673,29702,29
0.000822452, 0.0, 29702,29734,32
0.00069959, 0.0, 29734,29765,31
0.000529254, 0.0, 29765,29796,31
0.00102422, 0.0, 29796,29827,31
0.000895711, 0.0, 29827,29858,31
0.00069439, 0.0, 29858,29889,31
0.00115676, 0.0, 29889,29919,30
0.00164058, 0.0, 29919,29951,32
0.000783988, 0.0, 29951,29983,32
0.000635802, 0.0, 29983,30014,31
0.000752923, 0.0, 30014,30045,31
0.000781916, 0.0, 30045,30075,30
0.000611747, 0.0, 30075,30107,32
0.000706758, 0.0, 30107,30137,30
0.000701441, 0.0, 30137,30169,32
0.000531164, 0.0, 30169,30200,31
0.000687871, 0.0, 30200,30231,31
0.00207247, 0.0, 30231,30262,31
0.00219699, 0.0, 30262,30294,32
0.000553485, 0.0, 30294,30326,32
0.000647654, 0.0, 30326,30357,31
0.000696221, 0.0, 30357,30386,29
0.000725805, 0.0, 30386,30418,32
0.000872185, 0.0, 30418,30448,30
0.000604467, 0.0, 30448,30481,33
0.000486227, 0.0, 30481,30511,30
0.000600891, 0.0, 30511,30542,31
0.000589634, 0.0, 30542,30572,30
0.000598642, 0.0, 30572,30604,32
0.000798519, 0.0, 30604,30636,32
0.000833291, 0.0, 30636,30666,30
0.000581113, 0.0, 30666,30697,31
0.000653057, 0.0, 30697,30730,33
0.00287902, 0.0, 30730,30759,29
0.00565967, 0.0, 30759,30789,30
0.00295603, 0.0, 30789,30820,31
0.00258024, 0.0, 30820,30851,31
0.00278085, 0.0, 30851,30882,31
0.00120473, 0.0, 30882,30913,31
0.000552361, 0.0, 30913,30944,31
0.0010401, 0.0, 30944,30974,30
0.000842984, 0.0, 30974,31005,31
0.000730977, 0.0, 31005,31036,31
0.000791227, 0.0, 31036,31067,31
0.000709404, 0.0, 31067,31099,32
0.000734898, 0.0, 31099,31129,30
0.000722958, 0.0, 31129,31159,30
0.000582253, 0.0, 31159,31191,32
0.000956427, 0.0, 31191,31221,30
0.000817842, 0.0, 31221,31253,32
0.000887365, 0.0, 31253,31286,33
0.000513919, 0.0, 31286,31316,30
0.000976105, 0.0, 31316,31347,31
0.000818025, 0.0, 31347,31379,32
0.000851215, 0.0, 31379,31411,32
0.0049005, 0.0, 31411,31442,31
0.00625246, 0.0, 31442,31474,32
0.00822088, 0.0, 31474,31506,32
0.00815728, 0.0, 31506,31539,33
0.00648313, 0.0, 31539,31568,29
0.00505837, 0.0, 31568,31599,31
0.00554, 0.0, 31599,31631,32
0.00211826, 0.0, 31631,31662,31
0.00273865, 0.0, 31662,31693,31
0.00173551, 0.0, 31693,31723,30
0.00197241, 0.0, 31723,31753,30
0.0025348, 0.0, 31753,31785,32
0.00441054, 0.0, 31785,31815,30
0.00550131, 0.0, 31815,31846,31
0.00425769, 0.0, 31846,31877,31
0.0051743, 0.0, 31877,31908,31
0.00563143, 0.0, 31908,31940,32
0.00742572, 0.0, 31940,31972,32
0.00462806, 0.0, 31972,32004,32
0.00508877, 0.0, 32004,32035,31
0.00373271, 0.0, 32035,32067,32
0.00624836, 0.0, 32067,32099,32
0.00191772, 0.0, 32099,32132,33
0.00194249, 0.0, 32132,32164,32
0.00706584, 0.0, 32164,32195,31
0.00199139, 0.0, 32195,32225,30
0.0024967, 0.0, 32225,32258,33
0.00192441, 0.0, 32258,32289,31
0.00112579, 0.0, 32289,32319,30
0.000911874, 0.0, 32319,32352,33
0.00077707, 0.0, 32352,32382,30
0.000711567, 0.0, 32382,32412,30
0.000939276, 0.0, 32412,32443,31
0.00111027, 0.0, 32443,32475,32
0.000848912, 0.0, 32475,32507,32
0.00161395, 0.0, 32507,32538,31
0.00112705, 0.0, 32538,32578,40
0.000632899, 0.0, 32578,32617,39
0.000559082, 0.0, 32617,32661,44
0.000622705, 0.0, 32661,32692,31
0.000715712, 0.0, 32692,32723,31
0.000606655, 0.0, 32723,32754,31
0.000675793, 0.0, 32754,32785,31
0.00323539, 0.0, 32785,32815,30
0.00282049, 0.0, 32815,32845,30
0.00500247, 0.0, 32845,32875,30
0.00197391, 0.0, 32875,32906,31
0.00201132, 0.0, 32906,32937,31
0.00185341, 0.0, 32937,32968,31
0.000990408, 0.0, 32968,33000,32
0.000548787, 0.0, 33000,33031,31
0.000636673, 0.0, 33031,33063,32
0.000571152, 0.0, 33063,33103,40
0.000678741, 0.0, 33103,33142,39
0.000834231, 0.0, 33142,33173,31
0.000683482, 0.0, 33173,33203,30
0.000506121, 0.0, 33203,33234,31
0.000771151, 0.0, 33234,33266,32
0.000873253, 0.0, 33266,33297,31
0.000687676, 0.0, 33297,33328,31
0.000654687, 0.0, 33328,33360,32
0.000455775, 0.0, 33360,33392,32
0.000615475, 0.0, 33392,33423,31
0.000939579, 0.0, 33423,33454,31
0.000778582, 0.0, 33454,33484,30
0.000796757, 0.0, 33484,33515,31
0.000737847, 0.0, 33515,33545,30
0.000722922, 0.0, 33545,33577,32
0.000683236, 0.0, 33577,33608,31
0.000841075, 0.0, 33608,33638,30
0.000884026, 0.0, 33638,33668,30
0.000896641, 0.0, 33668,33699,31
0.000644601, 0.0, 33699,33730,31
0.000498491, 0.0, 33730,33762,32
0.000712302, 0.0, 33762,33792,30
0.000538173, 0.0, 33792,33822,30
0.000891513, 0.0, 33822,33853,31
0.000731476, 0.0, 33853,33885,32
0.00070045, 0.0, 33885,33916,31
0.000722935, 0.0, 33916,33947,31
0.000755977, 0.0, 33947,33977,30
0.000769297, 0.0, 33977,34009,32
0.000737889, 0.0, 34009,34039,30
0.000516503, 0.0, 34039,34070,31
0.000583171, 0.0, 34070,34102,32
0.000617424, 0.0, 34102,34135,33
0.000794711, 0.0, 34135,34165,30
0.000595513, 0.0, 34165,34196,31
0.000630996, 0.0, 34196,34228,32
0.000746562, 0.0, 34228,34259,31
0.000568687, 0.0, 34259,34290,31
0.000585543, 0.0, 34290,34322,32
0.000624318, 0.0, 34322,34351,29
0.000841527, 0.0, 34351,34381,30
0.000590307, 0.0, 34381,34411,30
0.000824504, 0.0, 34411,34442,31
0.000745387, 0.0, 34442,34471,29
