0.123151;
0.106962;
0.106922;
0.107989;
0.109863;
0.108602;
0.109319;
0.107908;
0.109786;
0.109755;
0.110991;
0.132682;
0.117829;
0.104911;
0.106806;
0.125727;
0.158159;
0.137709;
0.108935;
0.107965;
0.111266;
0.106542;
0.106941;
0.10992;
0.107905;
0.106916;
0.107134;
0.108445;
0.108208;
0.110454;
0.105847;
0.106797;
0.110375;
0.108741;
0.110195;
0.109017;
0.108637;
0.108048;
0.106902;
0.11072;
0.108689;
0.110936;
0.108734;
0.106882;
0.107863;
0.108838;
0.109166;
0.108417;
0.109652;
0.10902;
0.107255;
0.108343;
0.10995;
0.107755;
0.106567;
0.109186;
0.108591;
0.110087;
0.106963;
0.110544;
0.11146;
0.107817;
0.109276;
0.10931;
0.108386;
0.109375;
0.109335;
0.106528;
0.107816;
0.109916;
0.10891;
0.108961;
0.112249;
0.109585;
0.109031;
0.108268;
0.107894;
0.10984;
0.111268;
0.105281;
0.10911;
0.107605;
0.10804;
0.109039;
0.108208;
0.108995;
0.110767;
0.10775;
0.107445;
0.109305;
0.106911;
0.108084;
0.110004;
0.10798;
0.109335;
0.108783;
0.11015;
0.107066;
0.107867;
0.110052;
0.108005;
0.11089;
0.110304;
0.106093;
0.10797;
0.111453;
0.110356;
0.109721;
0.108339;
0.107754;
0.110706;
0.107955;
0.111364;
0.109609;
0.107997;
0.108939;
0.120628;
0.110034;
0.109614;
0.111524;
0.11128;
0.111755;
0.106857;
0.108814;
0.109784;
0.108744;
0.110283;
0.106516;
0.107821;
0.110661;
0.112037;
0.110342;
0.111314;
0.105112;
0.109662;
0.108645;
0.108628;
0.108;
0.111653;
0.108037;
0.109596;
0.108068;
0.108025;
0.111538;
0.110814;
0.109581;
0.109241;
0.108802;
0.1097;
0.107928;
0.110615;
0.107023;
0.108909;
0.107765;
0.106543;
0.108083;
0.107175;
0.111539;
0.107327;
0.109378;
0.110813;
0.108782;
0.110546;
0.121773;
0.106866;
0.106999;
0.109946;
0.111875;
0.106358;
0.10867;
0.105807;
0.106391;
0.107401;
0.107359;
0.108734;
0.108374;
0.109292;
0.108784;
0.107873;
0.109446;
0.110277;
0.108072;
0.108168;
0.110892;
0.109279;
0.106596;
0.108227;
0.10583;
0.109985;
0.107401;
0.106813;
0.111033;
0.11217;
0.109355;
0.10948;
0.121966;
0.110759;
0.107941;
0.113357;
0.104333;
0.108511;
0.109239;
0.110924;
0.109134;
0.105266;
0.108599;
0.107186;
0.109808;
0.107866;
0.107793;
0.110761;
0.110106;
0.106554;
0.109551;
0.109087;
0.108286;
0.109459;
0.10897;
0.108755;
0.110034;
0.109438;
0.10671;
0.106978;
0.107294;
0.108486;
0.108654;
0.106832;
0.107039;
0.106157;
0.109434;
0.105853;
0.106723;
0.10881;
0.107025;
0.107651;
0.109925;
0.109695;
0.108443;
0.108295;
0.108052;
0.107516;
0.106983;
0.10874;
0.106923;
0.107063;
0.111654;
0.108789;
0.104704;
0.106901;
0.105812;
0.107851;
0.108844;
0.107743;
0.109945;
0.10778;
0.107432;
0.108943;
0.10611;
0.104292;
0.108312;
0.108962;
0.107744;
0.106942;
0.107796;
0.10991;
0.109444;
0.110343;
0.106563;
0.109826;
0.106854;
0.110188;
0.107293;
0.10793;
0.109897;
0.107995;
0.108692;
0.109032;
0.106559;
0.109933;
0.108882;
0.107814;
0.107693;
0.107175;
0.108398;
0.107942;
0.10988;
0.109653;
0.111089;
0.10859;
0.106846;
0.107861;
0.109938;
0.110828;
0.111789;
0.110054;
0.107516;
0.110088;
0.109704;
0.121671;
0.105742;
0.107932;
0.110348;
0.109387;
0.108691;
0.109883;
0.107015;
0.10766;
0.106769;
0.108242;
0.109472;
0.107081;
0.109549;
0.109479;
0.107605;
0.104434;
