0.231837, 1;
0.015939, 1;
0.0150315, 1;
0.0149606, 1;
0.014999, 1;
0.0159724, 1;
0.0149963, 1;
0.0149837, 1;
0.0160113, 1;
0.0149921, 1;
0.0150386, 1;
0.0159651, 1;
0.0149392, 1;
0.016016, 1;
0.01497, 1;
0.0150109, 1;
0.0149946, 1;
0.01498, 1;
0.0159736, 1;
0.0160187, 1;
0.0149627, 1;
0.0150049, 1;
0.0159914, 1;
0.015996, 1;
0.0159831, 1;
0.0159755, 1;
0.0149923, 1;
0.0159892, 1;
0.0150221, 1;
0.0159546, 1;
0.0149944, 1;
0.0150038, 1;
0.0159711, 1;
0.0160303, 1;
0.0159521, 1;
0.0150074, 1;
0.0149777, 1;
0.015059, 1;
0.0160212, 1;
0.0148878, 1;
0.0160021, 1;
0.0160774, 1;
0.016062, 1;
0.0158556, 1;
0.0149447, 1;
0.0150176, 1;
0.0160011, 1;
0.0159839, 1;
0.0159638, 1;
0.0149908, 1;
0.0150223, 1;
0.0149722, 1;
0.0150222, 1;
0.0159379, 1;
0.0158145, 1;
0.0159939, 1;
0.0159938, 1;
0.0159847, 1;
0.0150181, 1;
0.0158521, 1;
0.0159852, 1;
0.0159751, 1;
0.0160007, 1;
0.015982, 1;
0.0149534, 1;
0.0150109, 1;
0.0161166, 1;
0.0159822, 1;
0.0159028, 1;
0.0159785, 1;
0.0160351, 1;
0.0159484, 1;
0.0151075, 1;
0.0148434, 1;
0.0161399, 1;
0.0145201, 1;
0.0149976, 1;
0.0541245, 1;
0.0132767, 1;
0.0136408, 1;
0.0155584, 1;
0.0137804, 1;
0.0158253, 1;
0.0158137, 1;
0.0168459, 1;
0.0160624, 1;
0.0163712, 1;
0.0135602, 1;
0.0155002, 1;
0.0145117, 1;
0.0149635, 1;
0.0149879, 1;
0.0150384, 1;
0.0147527, 1;
0.0149937, 1;
0.0150954, 1;
0.0148224, 1;
0.0151579, 1;
0.0159493, 1;
0.0160135, 1;
0.015904, 1;
0.0161272, 1;
0.0158214, 1;
0.0159039, 1;
0.0162024, 1;
0.0350045, 1;
0.0619776, 1;
0.0129991, 1;
0.0170397, 1;
0.0148972, 1;
0.0160072, 1;
0.0209438, 1;
0.0164853, 1;
0.0082276, 1;
0.0239182, 1;
0.0060503, 1;
0.0149997, 1;
0.0149926, 1;
0.0149968, 1;
0.0149501, 1;
0.0150691, 1;
0.0159668, 1;
0.0160203, 1;
0.0153157, 1;
0.0146872, 1;
0.0159228, 1;
0.016082, 1;
0.0159421, 1;
0.0159249, 1;
0.0161011, 1;
0.014859, 1;
0.0150386, 1;
0.0160969, 1;
0.0148587, 1;
0.0160115, 1;
0.0150127, 1;
0.0160906, 1;
0.0158805, 1;
0.0159797, 1;
0.0160212, 1;
0.0160393, 1;
0.0159403, 1;
0.0161142, 1;
0.0152281, 1;
0.0145661, 1;
0.0150067, 1;
0.0159931, 1;
0.0149874, 1;
0.0150021, 1;
0.0160055, 1;
0.0150593, 1;
0.0148923, 1;
0.0160045, 1;
0.0150581, 1;
0.0149024, 1;
0.0160965, 1;
0.0148927, 1;
0.0150282, 1;
0.0149227, 1;
0.0150448, 1;
0.0160149, 1;
0.015973, 1;
0.01595, 1;
0.0160103, 1;
0.0160016, 1;
0.0149283, 1;
0.01528, 1;
0.0157282, 1;
0.0150023, 1;
0.0149672, 1;
0.0160392, 1;
0.0164377, 1;
0.0144336, 1;
0.0158016, 1;
0.0152736, 1;
0.0149641, 1;
0.0152125, 1;
0.0156743, 1;
0.0151015, 1;
0.0147986, 1;
0.0153387, 1;
0.0156375, 1;
0.030001, 2;
0.031046, 2;
0.0314782, 2;
0.0310643, 2;
0.0311703, 2;
0.0300321, 2;
0.0309329, 2;
0.03084, 2;
0.0313257, 2;
0.0325144, 2;
0.031416, 2;
0.030582, 2;
0.0309492, 2;
0.0309316, 2;
0.0299615, 2;
0.0299831, 2;
0.0309412, 2;
0.0298845, 2;
0.0310526, 2;
0.0309044, 2;
0.0298575, 2;
0.0319379, 2;
0.0322114, 2;
0.0304574, 2;
0.031262, 2;
0.0320783, 2;
0.0300271, 2;
0.0317363, 2;
0.0320496, 2;
0.0316823, 2;
0.030852, 2;
0.0312135, 2;
0.0308036, 2;
0.0308926, 2;
0.0306928, 2;
0.0312781, 2;
0.0317481, 2;
0.0301722, 2;
0.0318643, 2;
0.0309483, 2;
0.0299557, 2;
0.0299445, 2;
0.0309217, 2;
0.0310237, 2;
0.0319515, 2;
0.031031, 2;
0.031868, 2;
0.0318826, 2;
0.0309524, 2;
0.0313833, 2;
0.0304469, 2;
0.0313715, 2;
0.0316316, 2;
0.0319277, 2;
0.0320124, 2;
0.0308911, 2;
0.0305155, 2;
0.0311143, 2;
0.0302138, 2;
0.0318139, 2;
0.030057, 2;
0.0299495, 2;
0.0310011, 2;
0.0325444, 2;
0.0480681, 2;
0.0421916, 2;
0.0319603, 2;
0.0308427, 2;
0.0309706, 2;
0.0312543, 2;
0.0319864, 2;
0.0299885, 2;
0.0312379, 2;
0.0312636, 2;
0.0306239, 2;
0.0319453, 2;
0.0317493, 2;
0.0311978, 2;
0.0306826, 2;
0.0315096, 2;
0.031302, 2;
0.0305885, 2;
0.0309444, 2;
0.0305367, 2;
0.0308018, 2;
0.0305646, 2;
0.0319532, 2;
0.0308998, 2;
0.0309714, 2;
0.0319453, 2;
0.0307144, 2;
0.0312021, 2;
0.0309896, 2;
0.0309782, 2;
0.0307955, 2;
0.029999, 2;
0.0309433, 2;
0.0310117, 2;
0.0295961, 2;
0.0312604, 2;
0.0310075, 2;
0.0308978, 2;
0.0319297, 2;
0.031054, 2;
0.0308679, 2;
0.0306344, 2;
0.0303777, 2;
0.0320143, 2;
0.0317431, 2;
0.0319355, 2;
0.0301699, 2;
0.0318723, 2;
0.0291005, 2;
0.031001, 2;
0.0319697, 2;
0.0321032, 2;
0.0309064, 2;
0.03177, 2;
0.0319001, 2;
0.0328113, 2;
0.0291694, 2;
0.0306333, 2;
0.0320457, 2;
0.0313482, 2;
0.0314817, 2;
0.0316319, 2;
0.0302913, 2;
0.0309014, 2;
0.0320696, 2;
0.0304918, 2;
0.0312996, 2;
0.0299164, 2;
0.0309796, 2;
0.0319734, 2;
0.0317211, 2;
0.0321067, 2;
0.0299842, 2;
0.0308124, 2;
0.0310938, 2;
0.0309875, 2;
0.0304885, 2;
0.031305, 2;
0.029247, 2;
0.0313637, 2;
0.0319929, 2;
0.0309539, 2;
0.0299567, 2;
0.0310066, 2;
0.0300115, 2;
0.0319364, 2;
0.0319656, 2;
0.0311502, 2;
0.0308471, 2;
0.0319859, 2;
0.0309261, 2;
0.0300177, 2;
0.0310279, 2;
0.0320275, 2;
0.0318796, 2;
0.031973, 2;
0.0319863, 2;
0.0320034, 2;
0.0319649, 2;
0.0309711, 2;
0.0310128, 2;
0.031984, 2;
0.0309334, 2;
0.030987, 2;
0.0310124, 2;
0.0299589, 2;
0.0310212, 2;
0.031331, 2;
0.0309155, 2;
0.0315866, 2;
0.0312749, 2;
0.0300201, 2;
0.0309544, 2;
0.0310334, 2;
0.0318739, 2;
0.0320035, 2;
0.0319816, 2;
0.0310919, 2;
0.0320286, 2;
0.0306277, 2;
0.0300519, 2;
0.0298767, 2;
0.0300465, 2;
0.0310087, 2;
0.0308172, 2;
0.0320902, 2;
0.0318294, 2;
0.0299555, 2;
0.0309456, 2;
0.0299763, 2;
0.0310322, 2;
0.0309443, 2;
0.0309941, 2;
0.0309466, 2;
0.0300059, 2;
0.0320712, 2;
0.0318615, 2;
0.0310618, 2;
0.0299298, 2;
0.031025, 2;
0.0310393, 2;
0.030894, 2;
0.0315022, 2;
0.0309864, 2;
0.0309509, 2;
0.0320363, 2;
0.0320497, 2;
0.0334435, 2;
0.0293469, 2;
0.0296624, 2;
0.0309721, 2;
0.0310411, 2;
0.0299423, 2;
0.0313368, 2;
0.0327629, 2;
0.0293112, 2;
0.0313769, 2;
0.0308981, 2;
0.0307654, 2;
0.0313005, 2;
0.0300575, 2;
0.0294737, 2;
0.0311785, 2;
0.0310782, 2;
0.0318707, 2;
0.0309818, 2;
0.0319078, 2;
0.0311685, 2;
0.0307305, 2;
0.0309457, 2;
0.0308507, 2;
0.0308959, 2;
0.0311693, 2;
0.0313789, 2;
0.0316099, 2;
0.0307989, 2;
0.031016, 2;
0.030858, 2;
0.0320578, 2;
0.031953, 2;
0.0308271, 2;
0.0309852, 2;
0.0310226, 2;
0.029942, 2;
0.0308899, 2;
0.0309688, 2;
0.0299517, 2;
0.031075, 2;
0.0314617, 2;
0.0313021, 2;
0.031249, 2;
0.0320896, 2;
0.0310672, 2;
0.0307163, 2;
0.0306433, 2;
0.0309836, 2;
0.0309478, 2;
0.0318857, 2;
0.0320127, 2;
0.030887, 2;
0.0348444, 2;
0.0495563, 2;
0.0416008, 2;
0.0298925, 2;
0.0309596, 2;
0.0295791, 2;
0.0312555, 4;
0.0305608, 4;
0.0312222, 4;
0.032092, 4;
0.0318308, 4;
0.0315795, 4;
0.0320363, 4;
0.0321137, 2;
0.0304099, 2;
0.031824, 2;
0.031772, 4;
0.0308703, 4;
0.0310835, 4;
0.0308169, 4;
0.0315338, 4;
0.0366091, 4;
0.0415852, 4;
0.0297582, 4;
0.0306679, 4;
0.0309721, 4;
0.0319867, 4;
0.031899, 4;
0.0313316, 4;
0.0317335, 4;
0.0297654, 4;
0.0315573, 4;
0.0304807, 4;
0.032373, 4;
0.0322112, 4;
0.0306523, 4;
0.0309968, 4;
0.0317496, 4;
0.0319811, 4;
0.0311362, 4;
0.0445316, 2;
0.0313027, 2;
0.0320039, 2;
0.030297, 2;
0.0311117, 2;
0.0300584, 2;
0.0309306, 2;
0.0301287, 2;
0.0308825, 2;
0.0310357, 2;
0.0297924, 2;
0.0313899, 2;
0.0319164, 2;
0.0319407, 2;
0.0299123, 2;
0.0319785, 2;
0.0318628, 2;
0.0320583, 2;
0.0320309, 2;
0.0314331, 2;
0.031914, 2;
0.0315285, 2;
0.0318088, 2;
0.0325323, 2;
0.0314086, 2;
0.0318991, 2;
0.0319468, 2;
0.0319259, 2;
0.0298712, 2;
0.0299977, 2;
0.0310794, 2;
0.0308514, 2;
0.0309537, 2;
0.0317435, 2;
0.0311543, 2;
0.0299907, 2;
0.0318183, 2;
0.0322542, 2;
0.0316933, 2;
0.0319728, 2;
0.030952, 2;
0.0297929, 2;
0.0311008, 2;
0.0320589, 2;
0.0311714, 2;
0.0314436, 2;
0.0306034, 2;
0.030508, 2;
0.0300112, 2;
0.030014, 2;
0.0310074, 2;
0.0314662, 2;
0.0306579, 2;
0.03211, 2;
0.0314176, 2;
0.0319194, 2;
0.0317248, 2;
0.0319833, 2;
0.0320508, 2;
0.0310242, 2;
0.0326627, 2;
0.0325177, 2;
0.0301457, 2;
0.0314255, 2;
0.0319526, 2;
0.0322546, 2;
0.031872, 2;
0.0436309, 2;
0.0303769, 2;
0.0299809, 2;
0.0315564, 2;
0.0316673, 2;
0.0313328, 2;
0.0298153, 2;
0.031982, 2;
0.0314508, 2;
0.0304892, 2;
0.0309858, 2;
0.0299338, 2;
0.0318306, 2;
0.031203, 2;
0.030682, 2;
0.031116, 2;
0.0319878, 2;
0.0318701, 2;
0.0316068, 2;
0.0319419, 2;
0.0304855, 2;
0.0307825, 2;
0.0309646, 2;
0.0318586, 2;
0.0318883, 2;
0.0309479, 2;
0.0307712, 2;
0.0307932, 2;
0.0310317, 2;
0.0303075, 2;
0.0319384, 2;
0.0309553, 2;
0.0299883, 2;
0.0310891, 2;
0.0318119, 2;
0.0319461, 2;
0.0318696, 2;
0.0315504, 2;
0.0314076, 2;
0.0318619, 2;
0.0319107, 2;
0.0318862, 2;
0.030294, 2;
0.0317546, 2;
0.0310684, 2;
0.0318374, 2;
0.0316318, 2;
0.0303279, 2;
0.0310484, 2;
0.03081, 2;
0.0316697, 2;
0.0308369, 2;
0.0308847, 2;
0.0321627, 2;
0.0309444, 2;
0.0297393, 2;
0.0314411, 2;
0.0308685, 2;
0.03202, 2;
0.0319577, 2;
0.0311695, 2;
0.0314628, 2;
0.0299741, 2;
0.0312032, 2;
0.0301349, 2;
0.0307868, 2;
0.0309356, 2;
0.0310334, 2;
0.0318213, 2;
0.0316105, 2;
0.0303785, 2;
0.0310161, 2;
0.0298584, 2;
0.0313438, 2;
0.0304907, 2;
0.0296462, 2;
0.0312423, 2;
0.0310963, 2;
0.0297539, 2;
0.0309949, 2;
0.0309635, 2;
0.0301765, 2;
0.0309964, 2;
0.0319019, 2;
0.0321058, 2;
0.0314985, 2;
0.0309656, 2;
0.0310743, 2;
0.0309636, 2;
0.0303029, 2;
0.0314674, 2;
0.0317515, 2;
0.0302752, 2;
0.0317642, 2;
0.0319839, 2;
0.0313445, 2;
0.0316306, 2;
0.0320062, 2;
0.0316632, 2;
0.0301979, 2;
0.0305491, 2;
0.0364016, 4;
0.0411499, 4;
0.0294566, 4;
0.0329792, 2;
0.0309352, 2;
0.0297282, 2;
0.0309972, 2;
0.0309947, 4;
0.0299529, 4;
0.030986, 4;
0.0309788, 4;
0.0299894, 4;
0.0309584, 4;
0.0299964, 4;
0.0309881, 2;
0.0319684, 2;
0.0320493, 2;
0.0319378, 4;
0.0320103, 4;
0.031979, 4;
0.0309265, 4;
0.0309646, 4;
0.0300758, 4;
0.0298981, 4;
0.0309829, 4;
0.0310008, 2;
0.0345273, 2;
0.0433845, 2;
0.0300146, 4;
0.0303665, 4;
0.029577, 4;
0.0299791, 4;
0.0304607, 4;
0.0309465, 4;
0.0299751, 4;
0.0314805, 4;
0.0311749, 4;
0.0297736, 4;
0.0316571, 4;
0.0306561, 4;
0.0300347, 4;
0.0298955, 4;
0.0329308, 4;
0.0297939, 4;
0.0316097, 4;
0.0316719, 4;
0.0307779, 4;
0.0302179, 4;
0.0318357, 4;
0.0299197, 4;
0.0317344, 4;
0.0309322, 4;
0.0321592, 4;
0.0297978, 4;
0.0319267, 4;
0.0310561, 4;
0.0309661, 4;
0.0308249, 4;
0.0300158, 4;
0.0313031, 4;
0.0323808, 4;
0.0306287, 4;
0.0314632, 4;
0.0319161, 4;
0.0316837, 4;
0.0311271, 4;
0.0310382, 4;
0.0299825, 4;
0.030955, 4;
0.0296206, 4;
0.0312799, 4;
0.0318891, 4;
0.0308462, 4;
0.0348885, 4;
0.0448557, 4;
0.0308708, 4;
0.0309655, 4;
0.0300263, 4;
0.0317465, 4;
0.0320248, 4;
0.0304968, 4;
0.0298107, 4;
0.0308281, 4;
0.0310628, 4;
0.0298744, 4;
0.0309547, 4;
0.0310742, 4;
0.0301428, 2;
0.0311863, 2;
0.0300072, 2;
0.0307502, 2;
0.0320481, 2;
0.031847, 2;
0.0300037, 2;
0.030931, 2;
0.0307893, 2;
0.030628, 2;
0.0309247, 2;
0.0310793, 2;
0.0299399, 2;
0.0316094, 2;
0.0319882, 2;
0.0313377, 2;
0.0322299, 2;
0.0308467, 2;
0.0310413, 2;
0.0320549, 2;
0.0320088, 2;
0.0318931, 2;
0.0314017, 2;
0.0309235, 2;
0.030314, 2;
0.0298525, 2;
0.0341348, 2;
0.0440728, 2;
0.0309684, 2;
0.0313014, 2;
0.0310406, 2;
0.0317171, 2;
0.0327545, 2;
0.0313495, 2;
0.0308041, 2;
0.0300968, 2;
0.0311051, 2;
0.0317779, 2;
0.03211, 2;
0.0306617, 2;
0.0339472, 2;
0.0442794, 2;
0.0307349, 2;
0.0299872, 2;
0.0316198, 2;
0.0303869, 2;
0.0309269, 2;
0.0303762, 2;
0.0310035, 2;
0.0313296, 2;
0.0319915, 2;
0.0309411, 2;
0.0321665, 2;
0.0317539, 2;
0.0306832, 2;
0.0312346, 2;
0.0319417, 2;
0.0314719, 2;
0.0452059, 2;
0.0298573, 2;
0.0300011, 2;
0.0310019, 2;
0.0299607, 2;
0.0317378, 2;
0.0309989, 2;
0.0310116, 2;
0.0300251, 2;
0.0310282, 2;
0.030857, 2;
0.032093, 2;
0.0316633, 2;
0.0300722, 2;
0.0302366, 2;
0.0312778, 2;
0.0315018, 2;
0.0308135, 2;
0.0299771, 2;
0.0313185, 2;
0.0315881, 2;
0.03191, 2;
0.0319174, 2;
0.0309302, 2;
0.0310097, 2;
0.0319265, 2;
0.0310921, 2;
0.0329889, 2;
0.0287586, 2;
0.0310384, 2;
0.0298279, 2;
0.0314827, 4;
0.0338089, 4;
0.0442839, 4;
0.0311557, 4;
0.0299476, 4;
0.0321928, 4;
0.0307782, 4;
0.0308748, 4;
0.0313395, 4;
0.0309418, 4;
0.0316408, 4;
0.0300032, 4;
0.0318428, 4;
0.0309534, 4;
0.0308086, 4;
0.0321152, 4;
0.0310428, 4;
0.0311312, 4;
0.0306756, 4;
0.0308799, 4;
0.03198, 4;
0.0317964, 4;
0.0310184, 4;
0.0313331, 4;
0.029636, 4;
0.031978, 4;
0.0319462, 4;
0.0310587, 4;
0.0298338, 4;
0.0309472, 4;
0.030688, 4;
0.0311882, 4;
0.0309905, 4;
0.0299246, 4;
0.0297032, 4;
0.0311654, 4;
0.0301245, 4;
0.0309917, 4;
0.0297534, 4;
0.031113, 4;
0.0317965, 4;
0.0319964, 4;
0.0308585, 4;
0.0306222, 4;
0.0303476, 4;
0.0308962, 4;
0.029983, 4;
0.0308953, 4;
0.0309405, 4;
0.030516, 4;
0.0305645, 4;
0.0311081, 4;
0.0298448, 4;
0.0300292, 4;
0.0306013, 4;
0.0310527, 4;
0.0319499, 4;
0.0309909, 4;
0.0309148, 4;
0.029898, 4;
0.0299958, 4;
0.0300746, 4;
0.0308371, 4;
0.0306317, 4;
0.0303147, 4;
0.0308952, 4;
0.030006, 4;
0.0312339, 4;
0.0315691, 4;
0.0312694, 4;
0.0302777, 4;
0.0302931, 4;
0.0310021, 4;
0.0299821, 4;
0.0308014, 4;
0.0319826, 4;
0.0299397, 4;
0.0314368, 4;
0.0315047, 4;
0.0318838, 4;
0.0319505, 4;
0.0309639, 4;
0.0318643, 4;
0.0300411, 4;
0.0320441, 2;
0.031423, 2;
0.029786, 2;
0.0315735, 2;
0.0309167, 2;
0.0303767, 2;
0.0313499, 2;
0.0303883, 2;
0.0316311, 2;
0.0302137, 2;
0.0297407, 2;
0.0309241, 2;
0.0309674, 2;
0.0309928, 2;
0.0313293, 2;
0.0295413, 2;
0.0309801, 2;
0.0310009, 2;
0.0308341, 2;
0.0310025, 2;
0.031133, 2;
0.0298418, 2;
0.0319049, 2;
0.0299665, 2;
0.0298407, 2;
0.0310178, 2;
0.0302616, 2;
0.0318338, 2;
0.0318796, 2;
0.0318733, 2;
0.0318758, 2;
0.0319602, 2;
0.0321714, 2;
0.0297071, 2;
0.030062, 2;
0.0299845, 2;
0.0298345, 2;
0.029871, 2;
0.0304647, 2;
0.0304838, 2;
0.0304276, 2;
0.0304425, 2;
0.0299825, 2;
0.0300829, 2;
0.0307457, 2;
0.0310835, 2;
0.0309112, 2;
0.0300532, 2;
0.030776, 2;
0.0309928, 2;
0.0319697, 2;
0.0308315, 2;
0.0311277, 2;
0.0317963, 2;
0.029984, 2;
0.0299099, 2;
0.0309138, 2;
0.0320004, 2;
0.0319209, 2;
0.030059, 2;
0.0319445, 2;
0.0309002, 2;
0.0299022, 2;
0.0309978, 2;
0.0309384, 2;
0.0299347, 2;
0.030956, 2;
0.030875, 2;
0.0318302, 2;
0.0308914, 2;
0.0299604, 2;
0.0299769, 2;
0.0311403, 2;
0.0300228, 2;
0.0298827, 2;
0.0298823, 2;
0.0295684, 2;
0.0304562, 2;
0.0309209, 2;
0.0319594, 2;
0.0319267, 2;
0.0311736, 2;
0.0308473, 2;
0.0298803, 2;
0.0310014, 2;
0.0320016, 2;
0.0299606, 2;
0.0308218, 2;
0.029988, 2;
0.0310038, 2;
0.0297573, 2;
0.0301554, 2;
0.0315432, 2;
0.0313082, 2;
0.0308976, 2;
0.0320197, 2;
0.0309609, 2;
0.0309688, 2;
0.0307634, 2;
0.031998, 2;
0.0317283, 2;
0.0302087, 2;
0.0306255, 2;
0.0312521, 2;
0.0334404, 2;
0.0452024, 2;
0.030209, 2;
0.030963, 2;
0.0310192, 2;
0.0316817, 2;
0.0320035, 2;
0.0299652, 2;
0.0310484, 2;
0.0299156, 2;
0.0310194, 2;
0.0320256, 2;
0.0309991, 2;
0.0315381, 2;
0.0293272, 2;
0.0320019, 2;
0.0311604, 2;
0.0305266, 2;
0.0309699, 2;
0.0307282, 2;
0.0311444, 2;
0.0300595, 2;
0.0319942, 2;
0.0317994, 2;
0.0310454, 2;
0.0300055, 2;
0.0309841, 2;
0.0319832, 2;
0.029866, 2;
0.0318618, 2;
0.0308093, 2;
0.0311447, 2;
0.0306549, 2;
0.0312816, 2;
0.0318502, 2;
0.0309247, 2;
0.0299145, 2;
0.0309179, 2;
0.0309848, 2;
0.0320978, 2;
0.0301676, 2;
0.0316491, 2;
0.0299616, 2;
0.0317813, 2;
0.0317999, 2;
0.0302438, 2;
0.0310779, 2;
0.031742, 2;
0.0302105, 2;
0.0297446, 2;
0.0309225, 2;
0.0309472, 2;
0.0310306, 2;
0.0307795, 2;
0.0310821, 2;
0.0298861, 2;
0.0308751, 2;
0.0310118, 2;
0.0309014, 2;
0.031574, 2;
0.0304286, 2;
0.0299142, 2;
0.0319478, 2;
0.0299855, 2;
0.0320408, 2;
0.0322715, 2;
0.0306391, 2;
0.0310271, 2;
0.0319003, 2;
0.0317061, 2;
0.0309615, 2;
0.0319713, 2;
0.0319625, 2;
0.0312748, 2;
0.0309581, 2;
0.0306918, 2;
0.0318796, 2;
0.0309489, 2;
0.0299725, 2;
0.0297761, 2;
0.0307078, 2;
0.0313723, 2;
0.0310209, 2;
0.0308652, 2;
0.0309922, 2;
0.0311122, 2;
0.0319325, 2;
0.0312916, 2;
0.0318267, 2;
0.0316022, 2;
0.031964, 2;
0.0318917, 2;
0.0319893, 2;
0.0320311, 2;
0.0318675, 2;
0.0299453, 2;
0.0323683, 2;
0.0315981, 2;
0.0297946, 2;
0.0325519, 2;
0.0304038, 2;
0.029891, 2;
0.030911, 2;
0.0319769, 2;
0.0320105, 2;
0.0307496, 2;
0.0369405, 2;
0.0423293, 2;
0.043868, 2;
0.0309017, 2;
0.031017, 2;
0.0306576, 2;
0.0302271, 2;
0.0308425, 2;
0.0298168, 2;
0.0300179, 2;
0.0309834, 2;
0.0309584, 2;
0.0309311, 2;
0.0314474, 2;
0.0315017, 2;
0.0319766, 2;
0.0389808, 2;
0.0398729, 2;
0.0310029, 2;
0.0300145, 2;
0.0306957, 2;
0.0319435, 2;
0.0309821, 2;
0.0309931, 2;
0.032005, 2;
0.0318906, 2;
0.0302152, 2;
0.0313405, 2;
0.030294, 2;
0.0309068, 2;
0.0300004, 2;
0.0319523, 2;
0.0299745, 2;
0.0300589, 2;
0.0308905, 2;
0.0308093, 2;
0.0308112, 2;
0.0315158, 2;
0.0306224, 2;
0.0302844, 2;
0.0304433, 2;
0.031964, 2;
0.0310444, 2;
0.0310997, 2;
0.0300262, 2;
0.0317393, 2;
0.0303035, 2;
0.0306994, 2;
0.0318552, 2;
0.0319397, 2;
0.0304214, 2;
0.0314936, 2;
0.0319179, 2;
0.0306475, 2;
0.0305445, 2;
0.0317811, 2;
0.0298804, 2;
0.0298509, 2;
0.0299367, 2;
0.0300308, 2;
0.0301351, 4;
0.0148236, 9;
0.0158506, 9;
0.0163662, 9;
0.0137474, 9;
0.0160348, 9;
0.0159253, 9;
0.0157904, 9;
0.015944, 9;
0.015166, 9;
0.0159161, 9;
0.015004, 9;
0.0159362, 9;
0.016045, 9;
0.0151978, 9;
0.0159617, 9;
0.0153761, 9;
0.0146058, 9;
0.0150158, 9;
0.0157968, 9;
0.01553, 9;
0.0154032, 9;
0.01461, 9;
0.0150165, 9;
0.0160782, 9;
0.0155497, 9;
0.0160738, 9;
0.0153454, 9;
0.0146056, 9;
0.0151902, 9;
0.0160792, 9;
0.0148743, 9;
0.0149163, 9;
0.0160828, 9;
0.0149415, 9;
0.0149759, 9;
0.0149571, 9;
0.0150391, 9;
0.0156783, 9;
0.0152512, 9;
0.0149618, 9;
0.0160106, 9;
0.0156554, 9;
0.0152913, 9;
0.0160021, 9;
0.0159366, 9;
0.0150102, 9;
0.0148359, 9;
0.0159829, 9;
0.0160871, 9;
0.0151785, 9;
0.0156747, 9;
0.0153777, 9;
0.0155846, 9;
0.0163188, 9;
0.0156022, 9;
0.015664, 9;
0.0146503, 9;
0.015268, 9;
0.015453, 9;
0.0153231, 9;
0.0154418, 9;
0.0150265, 9;
0.0155909, 9;
0.0149717, 9;
0.0156046, 9;
0.0172633, 9;
0.0141672, 9;
0.0160257, 9;
0.0149664, 9;
0.0150162, 9;
0.0150667, 9;
0.0148578, 9;
0.0152356, 9;
0.015515, 9;
0.0154017, 9;
0.014948, 9;
0.0159609, 9;
0.0154262, 9;
0.0146427, 9;
0.0148587, 9;
0.0159683, 9;
0.0158119, 9;
0.0141704, 9;
0.0164719, 9;
0.0144957, 9;
0.0159806, 9;
0.015992, 9;
0.016006, 9;
0.0159285, 9;
0.0158549, 9;
0.0160006, 9;
0.0159693, 9;
0.0158485, 9;
0.0153919, 9;
0.016023, 9;
0.0168399, 9;
0.0172815, 9;
0.0141945, 9;
0.0149988, 9;
0.0159885, 9;
0.0151102, 9;
0.0150345, 9;
0.0159405, 9;
0.0161543, 9;
0.0159153, 9;
0.0149351, 9;
0.0149626, 9;
0.0159925, 9;
0.0155581, 9;
0.0154861, 9;
0.0159847, 9;
0.0151703, 9;
0.014624, 9;
0.0150402, 9;
0.015992, 9;
0.014943, 9;
0.0150366, 9;
0.0158664, 9;
0.0161442, 9;
0.0158229, 9;
0.0162506, 9;
0.0155095, 9;
0.0153853, 9;
0.0149228, 9;
0.0148306, 9;
0.0149449, 9;
0.0149567, 9;
0.015078, 9;
0.0148714, 9;
0.0150487, 9;
0.0166119, 9;
0.0152699, 9;
0.0150932, 9;
0.0148691, 9;
0.0157348, 9;
0.0153546, 9;
0.015671, 9;
0.0151962, 9;
0.0160808, 9;
0.0157243, 9;
0.0152634, 9;
0.0158917, 9;
0.0147159, 9;
0.015099, 9;
0.0149408, 9;
0.0149853, 9;
0.0152359, 9;
0.0146381, 9;
0.0163827, 9;
0.0142854, 9;
0.0153025, 9;
0.0149544, 9;
0.0159418, 9;
0.0161645, 9;
0.0158567, 9;
0.0159726, 9;
0.0159551, 9;
0.0159233, 9;
0.0160079, 9;
0.0159183, 9;
0.0159909, 9;
0.0156361, 9;
0.0152969, 9;
0.0160748, 9;
0.0160568, 9;
0.0157902, 9;
0.0163481, 9;
0.0155457, 9;
0.0150378, 9;
0.0150428, 9;
0.0160048, 9;
0.0158681, 9;
0.0159333, 9;
0.0160885, 9;
0.0159531, 9;
0.0159859, 9;
0.0158985, 9;
0.016117, 9;
0.0150774, 9;
0.0147188, 9;
0.0165487, 9;
0.0153869, 9;
0.0140505, 9;
0.0159756, 9;
0.0159719, 9;
0.0150734, 9;
0.0158742, 9;
0.0158887, 9;
0.0160813, 9;
0.0149323, 9;
0.0149593, 9;
0.0154638, 9;
0.0157989, 9;
0.0165504, 9;
0.0151308, 9;
0.0148575, 9;
0.0150226, 9;
0.0170128, 9;
0.0148505, 9;
0.0160404, 9;
0.0159039, 9;
0.0159971, 9;
0.0150689, 9;
0.0149507, 9;
0.01534, 9;
0.0156742, 9;
0.0160057, 9;
0.0158077, 9;
0.0161371, 9;
0.0159659, 9;
0.0159361, 9;
0.0159184, 9;
0.0159466, 9;
0.0139346, 9;
0.0156832, 9;
0.0153498, 9;
0.0149643, 9;
0.0148512, 9;
0.0157239, 9;
0.015514, 9;
0.0158868, 9;
0.0160665, 9;
0.015827, 9;
0.0159922, 9;
0.0148645, 9;
0.015089, 9;
0.016005, 9;
0.0149757, 9;
0.0148958, 9;
0.0167805, 9;
0.014148, 9;
0.0150133, 9;
0.0159801, 9;
0.0150069, 9;
0.0148623, 9;
0.0160245, 9;
0.0159837, 9;
0.0159919, 9;
0.016, 9;
0.0160079, 9;
0.0159309, 9;
0.0159174, 9;
0.0159176, 9;
0.0160939, 9;
0.015459, 9;
0.015466, 9;
0.0149937, 9;
0.0159905, 9;
0.015525, 9;
0.0153283, 9;
0.0160475, 9;
0.0149586, 9;
0.0148788, 9;
0.0160965, 9;
0.0160182, 9;
0.0160592, 9;
0.0157525, 9;
0.0160364, 9;
0.0156012, 9;
0.0155138, 9;
0.0158736, 9;
0.0158989, 9;
0.0160018, 9;
0.0153661, 9;
0.0155445, 9;
0.0150048, 9;
0.0148654, 9;
0.0149857, 9;
0.0149479, 9;
0.0159873, 9;
0.0152508, 9;
0.0156543, 9;
0.016007, 9;
0.0161548, 9;
0.0160226, 9;
0.015855, 9;
0.0164769, 9;
0.0155679, 9;
0.0160094, 9;
0.0148733, 9;
0.014981, 9;
0.0160459, 9;
0.0158521, 9;
0.0149119, 9;
0.0159227, 9;
0.0149752, 9;
0.0150201, 9;
0.0159537, 9;
0.0149418, 9;
0.01506, 9;
0.0161222, 9;
0.0156362, 9;
0.0160739, 9;
0.0160827, 9;
0.0158198, 9;
0.0160595, 9;
0.0159875, 9;
0.0159977, 9;
0.016014, 9;
0.0148746, 9;
0.0150421, 9;
0.0149429, 9;
0.0149727, 9;
0.0161564, 9;
0.0157437, 9;
0.0160492, 9;
0.0159666, 9;
0.01522, 9;
0.014619, 9;
0.0150119, 9;
0.0159648, 9;
0.0159102, 9;
0.0150606, 9;
0.0160318, 9;
0.0162113, 9;
0.0158475, 9;
0.014806, 9;
0.0148675, 9;
0.0149165, 9;
0.0151066, 9;
0.0155584, 9;
0.0161932, 9;
0.0153139, 9;
0.0158472, 9;
0.0155767, 9;
0.0154037, 9;
0.0160128, 9;
0.0160009, 9;
0.0153411, 9;
0.015391, 9;
0.0160443, 9;
0.0159033, 9;
0.015921, 9;
0.015759, 9;
0.0153698, 9;
0.0148332, 9;
0.0150543, 9;
0.0151926, 9;
0.0167669, 9;
0.0151313, 9;
0.0147709, 9;
0.0150312, 9;
0.0150658, 9;
0.0158779, 9;
0.0149729, 9;
0.0150791, 9;
0.0158457, 9;
0.0150063, 9;
0.0152852, 9;
0.0160124, 9;
0.01543, 9;
0.0157315, 9;
0.0154632, 9;
0.0149216, 9;
0.015987, 9;
0.0158064, 9;
0.0153179, 9;
0.0158462, 9;
0.015329, 9;
0.015785, 9;
0.0158312, 9;
0.0146018, 9;
0.0152969, 9;
0.0159702, 9;
0.0149875, 9;
0.0159252, 9;
0.0149906, 9;
0.0149444, 9;
0.0159854, 9;
0.0151644, 9;
0.0157795, 9;
0.0149219, 9;
0.0150012, 9;
0.0154702, 9;
0.0155446, 9;
0.0150157, 9;
0.015181, 9;
0.0159042, 9;
0.0154474, 9;
0.0159655, 9;
0.0158248, 9;
0.0155685, 9;
0.0150656, 9;
0.0149267, 9;
0.0149503, 9;
0.0162632, 9;
0.015631, 9;
0.0149429, 9;
0.0147427, 9;
0.0157027, 9;
0.0154629, 9;
0.0149271, 9;
0.0157004, 9;
0.0151315, 9;
0.0153657, 9;
0.0158629, 9;
0.0159665, 9;
0.0158557, 9;
0.0160267, 9;
0.0158953, 9;
0.0161182, 9;
0.0152928, 9;
0.0157818, 9;
0.015885, 9;
0.0156221, 9;
0.0161459, 9;
0.0150927, 9;
0.0167819, 9;
0.0142027, 9;
0.016031, 9;
0.0147559, 9;
0.0156985, 9;
0.015346, 9;
0.0159754, 9;
0.014575, 9;
0.0152668, 9;
0.0154435, 9;
0.0149911, 9;
0.0151611, 9;
0.015783, 9;
0.0152996, 9;
0.0154023, 9;
0.0158175, 9;
0.0158601, 9;
0.0160421, 9;
0.0160739, 9;
0.0159479, 9;
0.0151151, 9;
0.015856, 9;
0.0148651, 9;
0.014981, 9;
0.015984, 9;
0.0159048, 9;
0.0160313, 9;
0.0155429, 9;
0.0144359, 9;
0.0150244, 9;
0.0159326, 9;
0.0149446, 9;
0.014995, 9;
0.0159175, 9;
0.0149776, 9;
0.0149695, 9;
0.0160455, 9;
0.0149072, 9;
0.0150195, 9;
0.0152738, 9;
0.0158031, 9;
0.0155537, 9;
0.0154413, 9;
0.0147969, 9;
0.0159594, 9;
0.0157682, 9;
0.0151449, 9;
0.0150137, 9;
0.0149164, 9;
0.0150459, 9;
0.0161674, 9;
0.0147177, 9;
0.0146103, 9;
0.0153828, 9;
0.0159444, 9;
0.0159494, 9;
0.0160864, 9;
0.0163754, 9;
0.015509, 9;
0.0160449, 9;
0.0152938, 9;
0.0159914, 9;
0.0157745, 9;
0.0154224, 9;
0.015388, 9;
0.0160582, 9;
0.0156691, 9;
0.0160159, 9;
0.0161097, 9;
0.0159205, 9;
0.0148361, 9;
0.0149257, 9;
0.015036, 9;
0.0159418, 9;
0.016024, 9;
0.016025, 9;
0.014938, 9;
0.0149593, 9;
0.0158123, 9;
0.0152813, 9;
0.0155707, 9;
0.0160915, 9;
0.0152948, 9;
0.015984, 9;
0.0159944, 9;
0.0158664, 9;
0.0159296, 9;
0.0159113, 9;
0.0159559, 9;
0.015007, 9;
0.0161583, 9;
0.015862, 9;
0.0165535, 9;
0.0154648, 9;
0.0149274, 9;
0.0156027, 9;
0.0155154, 9;
0.0147114, 9;
0.0150337, 9;
0.0160818, 9;
0.0158098, 9;
0.0161169, 9;
0.0160138, 9;
0.0152072, 9;
0.0155171, 9;
0.0150812, 9;
0.0153637, 9;
0.0156073, 9;
0.0149331, 9;
0.0149546, 9;
0.0155845, 9;
0.0153726, 9;
0.0161246, 9;
0.0160222, 9;
0.0158591, 9;
0.0149243, 9;
0.0149671, 9;
0.0149025, 9;
0.0150221, 9;
0.0161895, 9;
0.0171017, 9;
0.0146562, 9;
0.0149844, 9;
0.0160435, 9;
0.0148784, 9;
0.0149951, 9;
0.0160918, 9;
0.0149936, 9;
0.0159465, 9;
0.0157521, 9;
0.0158277, 9;
0.0154422, 9;
0.014734, 9;
0.0155339, 9;
0.0155346, 9;
0.0148496, 9;
0.0149665, 9;
0.0160282, 9;
0.0149701, 9;
0.0149202, 9;
0.0161693, 9;
0.0148201, 9;
0.0149461, 9;
0.0159721, 9;
0.0147894, 9;
0.0149445, 9;
0.0152022, 9;
0.0153063, 9;
0.0157536, 9;
0.0159072, 9;
0.0159223, 9;
0.016022, 9;
0.0160354, 9;
0.0160426, 9;
0.0157518, 9;
0.0160527, 9;
0.015921, 9;
0.0149839, 9;
0.0149871, 9;
0.0160549, 9;
0.0153543, 9;
0.01717, 9;
0.0146123, 9;
0.0152296, 9;
0.0153164, 9;
0.0164518, 9;
0.0145479, 9;
0.0149173, 9;
0.016059, 9;
0.0159732, 9;
0.0160231, 9;
0.0159874, 9;
0.0159228, 9;
0.0159023, 9;
0.0171823, 9;
0.0147999, 9;
0.0159089, 9;
0.0158281, 9;
0.0175061, 9;
0.0126061, 9;
0.016023, 9;
0.0159479, 9;
0.0160563, 9;
0.0161665, 9;
0.0159263, 9;
0.0158436, 9;
0.0151507, 9;
0.015867, 9;
0.0148558, 9;
0.0149574, 9;
0.0159209, 9;
0.0150897, 9;
0.015257, 9;
0.0155504, 9;
0.0150669, 9;
0.0148503, 9;
0.0156776, 9;
0.0149413, 9;
0.016002, 9;
0.0151354, 9;
0.0150615, 9;
0.0146181, 9;
0.0150718, 9;
0.0149333, 9;
0.0152263, 9;
0.0164442, 9;
0.0145165, 9;
0.0149543, 9;
0.016158, 9;
0.0147997, 9;
0.0150688, 9;
0.0160105, 9;
0.0148651, 9;
0.015039, 9;
0.0157421, 9;
0.0149146, 9;
0.0161668, 9;
0.0159122, 9;
0.0149524, 9;
0.0150512, 9;
0.0160184, 9;
0.0159358, 9;
0.0160567, 9;
0.0148727, 9;
0.014918, 9;
0.0160719, 9;
0.0160938, 9;
0.0159996, 9;
0.0182154, 9;
0.013574, 9;
0.0149143, 9;
0.0162313, 9;
0.014755, 9;
0.0149228, 9;
0.0160719, 9;
0.0150723, 9;
0.0148161, 9;
0.0160076, 9;
0.0149369, 9;
0.0149316, 9;
0.0159808, 9;
0.014986, 9;
0.0150039, 9;
0.0160452, 9;
0.014882, 9;
0.0150567, 9;
0.0167176, 9;
0.0142009, 9;
0.0160312, 9;
0.0160351, 9;
0.0160148, 9;
0.0159308, 9;
0.0159707, 9;
0.016071, 9;
0.0159501, 9;
0.0161994, 9;
0.0147883, 9;
0.0153872, 9;
0.0153474, 9;
0.01599, 9;
0.016315, 9;
0.0156187, 9;
0.016226, 9;
0.0143955, 9;
0.0152346, 9;
0.015944, 9;
0.0160476, 9;
0.016144, 9;
0.0142511, 9;
0.0157117, 9;
0.0155351, 9;
0.0159873, 9;
0.016024, 9;
0.015983, 9;
0.0161245, 9;
0.0159417, 9;
0.0160036, 9;
0.0157563, 9;
0.01593, 9;
0.0145089, 9;
0.0154363, 9;
0.0154167, 9;
0.0160517, 9;
0.0149845, 9;
0.0149341, 9;
0.0150699, 9;
0.0146308, 9;
0.0159388, 9;
0.0161851, 9;
0.0147803, 9;
0.0150516, 9;
0.0149657, 9;
0.0152046, 9;
0.015875, 9;
0.0158068, 9;
0.0159353, 9;
0.0159567, 9;
0.0160553, 9;
0.0159568, 9;
0.016099, 9;
0.0158729, 9;
0.0160234, 9;
0.0148563, 9;
0.015305, 9;
0.0159918, 9;
0.0159299, 9;
0.0217605, 9;
0.0116367, 9;
0.0167282, 9;
0.014924, 9;
0.0118217, 9;
0.0152315, 9;
0.015041, 9;
0.0157632, 9;
0.0161854, 9;
0.0152734, 9;
0.0149564, 9;
0.0157544, 9;
0.0154325, 9;
0.0156816, 9;
0.0148702, 9;
0.0146863, 9;
0.0151408, 9;
0.0154804, 9;
0.0158674, 9;
0.0152058, 9;
0.0147853, 9;
0.0159429, 9;
0.0161118, 9;
0.0158409, 9;
0.0160977, 9;
0.0157291, 9;
0.0150241, 9;
0.015094, 9;
0.0149085, 9;
0.0149489, 9;
0.0152028, 9;
0.0147804, 9;
0.0159638, 9;
0.0150958, 9;
0.0158983, 9;
0.0159023, 9;
0.0160656, 9;
0.0149417, 9;
0.0149569, 9;
0.015928, 9;
0.0160917, 9;
0.0159842, 9;
0.0159285, 9;
0.0152505, 9;
0.0152009, 9;
0.0154604, 9;
0.0160009, 9;
0.0150086, 9;
0.0149438, 9;
0.0149077, 9;
0.0149103, 9;
0.0150193, 9;
0.0149436, 9;
0.0150078, 9;
0.0160269, 9;
0.0161234, 9;
0.0158946, 9;
0.0157076, 9;
0.0151567, 9;
0.0170127, 9;
0.0148683, 9;
0.0150027, 9;
0.0149601, 9;
0.0149843, 9;
0.0159985, 9;
0.0150562, 9;
0.0151019, 9;
0.0158687, 9;
0.0161484, 9;
0.0156992, 9;
0.0159259, 9;
0.0157699, 9;
0.016101, 9;
0.0223817, 9;
0.0092437, 9;
0.0138358, 9;
0.0159732, 9;
0.0160826, 9;
0.0159885, 9;
0.0150154, 9;
0.0151064, 9;
0.0159236, 9;
0.0160819, 9;
0.0160196, 9;
0.0153887, 9;
0.0144001, 9;
0.0150321, 9;
0.0157586, 9;
0.0157244, 9;
0.0161477, 9;
0.0151687, 9;
0.015734, 9;
0.0159483, 9;
0.0160105, 9;
0.0159764, 9;
0.0152665, 9;
0.0159761, 9;
0.0149509, 9;
0.0149487, 9;
0.0155884, 9;
0.0149983, 9;
0.015289, 9;
0.0163468, 9;
0.0155466, 9;
0.0161485, 9;
0.0149093, 9;
0.0156899, 9;
0.0149205, 9;
0.0149878, 9;
0.0160065, 9;
0.0155137, 9;
0.0156303, 9;
0.0162213, 9;
0.0158417, 9;
0.0146985, 9;
0.015574, 9;
0.0159493, 9;
0.0156475, 9;
0.0162545, 9;
0.0157029, 9;
0.0162666, 9;
0.0149198, 9;
0.0147764, 9;
0.01597, 9;
0.0150127, 9;
0.0154647, 9;
0.0153506, 9;
0.0165171, 9;
0.0155444, 9;
0.0148922, 9;
0.0150666, 9;
0.0148957, 9;
0.0156869, 9;
0.0153029, 9;
0.0160681, 9;
0.0159337, 9;
0.0157617, 9;
0.0151154, 9;
0.0149312, 9;
0.015151, 9;
0.0155501, 9;
0.016023, 9;
0.0158786, 9;
0.0152882, 9;
0.0148491, 9;
0.0149784, 9;
0.0159465, 9;
0.0154191, 9;
0.0166331, 9;
0.0153105, 9;
0.0146298, 9;
0.0148443, 9;
0.0151859, 9;
0.014871, 9;
0.015094, 9;
0.0159944, 9;
0.0149296, 9;
0.0150374, 9;
0.0159267, 9;
0.0150055, 9;
0.0158969, 9;
0.0150042, 9;
0.0149606, 9;
0.0160648, 9;
0.0149406, 9;
0.0149403, 9;
0.0160149, 9;
0.0152756, 9;
0.0156763, 9;
0.01563, 9;
0.0146645, 9;
0.0158098, 9;
0.0152065, 9;
0.0149154, 9;
0.0150037, 9;
0.0150471, 9;
0.0150059, 9;
0.01498, 9;
0.0152685, 9;
0.0152933, 9;
0.0147957, 9;
0.0154096, 9;
0.0162682, 9;
0.0154223, 9;
0.0159001, 9;
0.0160039, 9;
0.0159653, 9;
0.0158786, 9;
0.0148843, 9;
0.0152274, 9;
0.0158756, 9;
0.0159665, 9;
0.016167, 9;
0.0157525, 9;
0.0160367, 9;
0.0160698, 9;
0.0149257, 9;
0.0158872, 9;
0.0149302, 9;
0.0150815, 9;
0.015091, 9;
0.0157783, 9;
0.0159826, 9;
0.0159721, 9;
0.0159855, 9;
0.0159593, 9;
0.0159778, 9;
0.0159958, 9;
0.0159942, 9;
0.015915, 9;
0.0160494, 9;
0.0148741, 9;
0.0149586, 9;
0.0162895, 9;
0.01578, 9;
0.0156041, 9;
0.0153363, 9;
0.0152734, 9;
0.0155934, 9;
0.0162321, 9;
0.0158375, 9;
0.0152087, 9;
0.0156092, 9;
0.0160021, 9;
0.0160946, 9;
0.0158377, 9;
0.0149369, 9;
0.0149632, 9;
0.0159815, 9;
0.0159598, 9;
0.0160456, 9;
0.0159743, 9;
0.0160183, 9;
0.0158905, 9;
0.0160567, 9;
0.0150519, 9;
0.0153756, 9;
0.0160971, 9;
0.0153522, 9;
0.0160345, 9;
0.0151897, 9;
0.0157147, 9;
0.0149106, 9;
0.0159508, 9;
0.015997, 9;
0.0159244, 9;
0.0160153, 9;
0.0149977, 9;
0.0152966, 9;
0.0156837, 9;
0.0148643, 9;
0.0150103, 9;
0.0159989, 9;
0.0167578, 9;
0.0151786, 9;
0.0154023, 9;
0.0153077, 9;
0.0149408, 9;
0.0151791, 9;
0.0160328, 9;
0.0149054, 9;
0.0146342, 9;
0.0155398, 9;
0.0159725, 9;
0.0158535, 9;
0.0149369, 9;
0.0150366, 9;
0.0148873, 9;
0.0151145, 9;
0.0159698, 9;
0.0159534, 9;
0.015943, 9;
0.0159885, 9;
0.0159026, 9;
0.0149961, 9;
0.0160791, 9;
0.0164155, 9;
0.0144121, 9;
0.0164131, 9;
0.0159381, 9;
0.0155379, 9;
0.0161645, 9;
0.0155599, 9;
0.0152231, 9;
0.0160406, 9;
0.015325, 9;
0.0155511, 9;
0.0158786, 9;
0.0160283, 9;
0.015927, 9;
0.0158946, 9;
0.0159137, 9;
0.0157234, 9;
0.0152863, 9;
0.0151375, 9;
0.0148452, 9;
0.0151236, 9;
0.015709, 9;
0.0162446, 9;
0.0149216, 9;
0.0149429, 9;
0.0160422, 9;
0.0159949, 9;
0.0159269, 9;
0.0161652, 9;
0.0157922, 9;
0.0160198, 9;
0.014918, 9;
0.0159108, 9;
0.0149412, 9;
0.0149828, 9;
0.0149712, 9;
0.0150145, 9;
0.0149755, 9;
0.0150254, 9;
0.0161219, 9;
0.0148176, 9;
0.0149268, 9;
0.0147846, 9;
0.0151278, 9;
0.0160181, 9;
0.0149086, 9;
0.0147966, 9;
0.016088, 9;
0.0155152, 9;
0.0155259, 9;
0.0159238, 9;
0.0149855, 9;
0.0150762, 9;
0.0157139, 9;
0.0160422, 9;
0.0153003, 9;
0.014844, 9;
0.014883, 9;
0.0160443, 9;
0.0149544, 9;
0.0146583, 9;
0.0153865, 9;
0.0159346, 9;
0.0148522, 9;
0.0160426, 9;
0.0149698, 9;
0.015497, 9;
0.0148729, 9;
0.0159239, 9;
0.0155594, 9;
0.0150047, 9;
0.0156955, 9;
0.0153607, 9;
0.0157243, 9;
0.0151929, 9;
0.0158342, 9;
0.0161155, 9;
0.0159779, 9;
0.014898, 9;
0.0150439, 9;
0.0158951, 9;
0.016103, 9;
0.0147743, 9;
0.0150718, 9;
0.0163797, 9;
0.0155666, 9;
0.016019, 9;
0.0160833, 9;
0.0158616, 9;
0.0158231, 9;
0.014858, 9;
0.0150641, 9;
0.0160179, 9;
0.0159729, 9;
0.0160976, 9;
0.0158946, 9;
0.0160901, 9;
0.0147261, 9;
0.0149899, 9;
0.015962, 9;
0.015962, 9;
0.0160227, 9;
0.0160472, 9;
0.0158555, 9;
0.0160175, 9;
0.0157561, 9;
0.0152711, 9;
0.0160329, 9;
0.0153141, 9;
0.0155273, 9;
0.0150337, 9;
0.0148803, 9;
0.0161215, 9;
0.0148144, 9;
0.0148937, 9;
0.0160835, 9;
0.0149327, 9;
0.0151061, 9;
0.0149291, 9;
0.0160879, 9;
0.0148662, 9;
0.0150386, 9;
0.0159659, 9;
0.0159628, 9;
0.0158112, 9;
0.0150999, 9;
0.0159154, 9;
0.014902, 9;
0.0150371, 9;
0.0160291, 9;
0.0149057, 9;
0.0149738, 9;
0.0150172, 9;
0.0157858, 9;
0.0148866, 9;
0.0152019, 9;
0.0149348, 9;
0.0150296, 9;
0.0160872, 9;
0.0149179, 9;
0.0149069, 9;
0.0160059, 9;
0.014962, 9;
0.0149175, 9;
0.0154456, 9;
0.0156395, 9;
0.0149463, 9;
0.0159358, 9;
0.0150001, 9;
0.0149226, 9;
0.0160263, 9;
0.015043, 9;
0.0155933, 9;
0.0153082, 9;
0.0149189, 9;
0.0149218, 9;
0.016033, 9;
0.0155228, 9;
0.0154056, 9;
0.0150522, 9;
0.0149861, 9;
0.016096, 9;
0.0157507, 9;
0.0149409, 9;
0.0152304, 9;
0.0159193, 9;
0.0160021, 9;
0.0158703, 9;
0.0160387, 9;
0.0158805, 9;
0.015122, 9;
0.0157876, 9;
0.0151868, 9;
0.0160292, 9;
0.0146909, 9;
0.0152309, 9;
0.0157395, 9;
0.0161258, 9;
0.0158479, 9;
0.0159553, 9;
0.0160945, 9;
0.0148365, 9;
0.0150668, 9;
0.0158051, 9;
0.0160173, 9;
0.0159511, 9;
0.0159532, 9;
0.0161246, 9;
0.0165567, 9;
0.0148713, 9;
0.0175678, 9;
0.0128621, 9;
0.016025, 9;
0.0159186, 9;
0.0158498, 9;
0.0152494, 9;
0.0158164, 9;
0.0160001, 9;
0.0151205, 9;
0.0144074, 9;
0.0153287, 9;
0.0162118, 9;
0.0151329, 9;
0.0156581, 9;
0.015951, 9;
0.0148757, 9;
0.014779, 9;
0.0152193, 9;
0.0160672, 9;
0.0159045, 9;
0.0160219, 9;
0.0159244, 9;
0.0159866, 9;
0.0160435, 9;
0.0158967, 9;
0.0161796, 9;
0.0150425, 9;
0.0155575, 9;
0.015049, 9;
0.0158939, 9;
0.0161411, 9;
0.0157423, 9;
0.0165271, 9;
0.0146496, 9;
0.0148367, 9;
0.0160945, 9;
0.0158378, 9;
0.0160675, 9;
0.0157198, 9;
0.0155716, 9;
0.0148887, 9;
0.0160095, 9;
0.0147471, 9;
0.0148848, 9;
0.0158062, 9;
0.0161462, 9;
0.0156122, 9;
0.0152, 9;
0.0152761, 9;
0.0152217, 9;
0.0155331, 9;
0.0157354, 9;
0.0152029, 9;
0.0162033, 9;
0.0160481, 9;
0.0156447, 9;
0.0149592, 9;
0.0150073, 9;
0.0149992, 9;
0.0158794, 9;
0.015526, 9;
0.0155988, 9;
0.0171289, 9;
0.0147314, 9;
0.0159182, 9;
0.0157546, 9;
0.0152332, 9;
0.0154211, 9;
0.0155818, 9;
0.0160062, 9;
0.015388, 9;
0.0160596, 9;
0.015896, 9;
0.0156718, 9;
0.0158165, 9;
0.0149634, 9;
0.0155989, 9;
0.0156937, 9;
0.0160049, 9;
0.015617, 9;
0.0159869, 9;
0.0160564, 9;
0.01565, 9;
0.0141405, 9;
0.015986, 9;
0.0159499, 9;
0.0157903, 9;
0.0152303, 9;
0.0159155, 9;
0.014856, 9;
0.0150624, 9;
0.0157195, 9;
0.014848, 9;
0.018173, 9;
0.0121865, 9;
0.0160091, 9;
0.016035, 9;
0.0158571, 9;
0.0158937, 9;
0.0168514, 9;
0.0152011, 9;
0.0149668, 9;
0.016038, 9;
0.0150092, 9;
0.015886, 9;
0.0158868, 9;
0.0155654, 9;
0.0210663, 9;
0.011963, 9;
0.0128708, 9;
0.0158745, 9;
0.0160189, 9;
0.0151051, 9;
0.0149395, 9;
0.0149256, 9;
0.015538, 9;
0.0162268, 9;
0.0156813, 9;
0.0159754, 9;
0.0151611, 9;
0.0157736, 9;
0.0389273, 9;
0.0109233, 9;
0.0186898, 9;
0.0082875, 9;
0.01596, 9;
0.0159056, 9;
0.0160486, 9;
0.0154569, 9;
0.0154675, 9;
0.0149481, 9;
0.0149452, 9;
0.0158167, 9;
0.0153307, 9;
0.0148841, 9;
0.0161057, 9;
0.0158265, 9;
0.0160014, 9;
0.0163326, 9;
0.0145374, 9;
0.0159763, 9;
0.0149804, 9;
0.014888, 9;
0.0160012, 9;
0.0149238, 9;
0.0156669, 9;
0.0154956, 9;
0.0148778, 9;
0.0150201, 9;
0.0152934, 9;
0.0156086, 9;
0.0150638, 9;
0.0159236, 9;
0.0150009, 9;
0.0148914, 9;
0.0160643, 9;
0.0148875, 9;
0.0150743, 9;
0.0149056, 9;
0.0162258, 9;
0.0156839, 9;
0.0147548, 9;
0.0157821, 9;
0.0159101, 9;
0.0159456, 9;
0.0154779, 9;
0.0161646, 9;
0.0157697, 9;
0.0160094, 9;
0.0160833, 9;
0.0159134, 9;
0.0159668, 9;
0.0154893, 9;
0.0156448, 9;
0.0159343, 9;
0.0175804, 9;
0.0141888, 9;
0.0149894, 9;
0.0150913, 9;
0.0158827, 9;
0.0163578, 9;
0.0156961, 9;
0.015978, 9;
0.0158303, 9;
0.0160257, 9;
0.0159246, 9;
0.0161924, 9;
0.014486, 9;
0.0149039, 9;
0.0151083, 9;
0.0149106, 9;
0.0151096, 9;
0.0151047, 9;
0.0153645, 9;
0.0156127, 9;
0.0157617, 9;
0.0151114, 9;
0.015012, 9;
0.0148091, 9;
0.0151487, 9;
0.015996, 9;
0.0161846, 9;
0.0159259, 9;
0.0157461, 9;
0.0149433, 9;
0.0150193, 9;
0.0160217, 9;
0.0149321, 9;
0.0152151, 9;
0.0146413, 9;
0.0160447, 9;
0.0150544, 9;
0.0160725, 9;
0.0153167, 9;
0.0155446, 9;
0.0153537, 9;
0.0151347, 9;
0.0153755, 9;
0.0158649, 9;
0.0161121, 9;
0.0159308, 9;
0.0146301, 9;
0.0155385, 9;
0.0154371, 9;
0.0154083, 9;
0.0153536, 9;
0.0163007, 9;
0.0151487, 9;
0.0149378, 9;
0.0164934, 9;
0.0155391, 9;
0.0148831, 9;
0.0149961, 9;
0.0149717, 9;
0.0159905, 9;
0.01501, 9;
0.0159872, 9;
0.0159464, 9;
0.0159101, 9;
0.0159729, 9;
0.016036, 9;
0.0159817, 9;
0.015536, 9;
0.014786, 9;
0.0151949, 9;
0.016215, 9;
0.0150631, 9;
0.0159442, 9;
0.0160394, 9;
0.0160144, 9;
0.0159727, 9;
0.0158403, 9;
0.0149909, 9;
0.0156825, 9;
0.0150291, 9;
0.0167818, 9;
0.0145058, 9;
0.0159999, 9;
0.0157468, 9;
0.0160566, 9;
0.0159425, 9;
0.0160178, 9;
0.0157015, 9;
0.0160063, 9;
0.0149974, 9;
0.0152039, 9;
0.0156792, 9;
0.0157818, 9;
0.0155197, 9;
0.0149515, 9;
0.0150742, 9;
0.0161088, 9;
0.0157522, 9;
0.0159615, 9;
0.0160484, 9;
0.015665, 9;
0.0160353, 9;
0.0161358, 9;
0.0159669, 9;
0.0157875, 9;
0.0155564, 9;
0.0149798, 9;
0.0150431, 9;
0.0153838, 9;
0.0156426, 9;
0.0153654, 9;
0.0153723, 9;
0.0154716, 9;
0.0151044, 9;
0.014961, 9;
0.015953, 9;
0.0150852, 9;
0.014785, 9;
0.0160643, 9;
0.0149785, 9;
0.0149027, 9;
0.0155947, 9;
0.0155039, 9;
0.0158689, 9;
0.0156626, 9;
0.0152227, 9;
0.0162081, 9;
0.0158224, 9;
0.0159802, 9;
0.0160198, 9;
0.015942, 9;
0.0152549, 9;
0.0158347, 9;
0.0147642, 9;
0.0147782, 9;
0.0161911, 9;
0.0152931, 9;
0.0145636, 9;
0.0152305, 9;
0.0157604, 9;
0.0158361, 9;
0.0161482, 9;
0.0159813, 9;
0.016157, 9;
0.0156406, 9;
0.0152149, 9;
0.0148115, 9;
0.0149871, 9;
0.0150088, 9;
0.0154615, 9;
0.0154959, 9;
0.014901, 9;
0.0147185, 9;
0.0152907, 9;
0.0159843, 9;
0.0149451, 9;
0.0149094, 9;
0.0164252, 9;
0.015557, 9;
0.0149746, 9;
0.0160278, 9;
0.0150091, 9;
0.0156893, 9;
0.0161216, 9;
0.0160376, 9;
0.0148792, 9;
0.0150947, 9;
0.0161631, 9;
0.0159903, 9;
0.0158183, 9;
0.015974, 9;
0.0151785, 9;
0.015747, 9;
0.0149039, 9;
0.015025, 9;
0.0159988, 9;
0.0148324, 9;
0.0150081, 9;
0.0159476, 9;
0.0151186, 9;
0.0148691, 9;
0.0165106, 9;
0.0144585, 9;
0.0149211, 9;
0.0160493, 9;
0.0152523, 9;
0.0149982, 9;
0.0150031, 9;
0.0157863, 9;
0.0149952, 9;
0.0160114, 9;
0.0149569, 9;
0.0149771, 9;
0.0153888, 9;
0.0157142, 9;
0.0155856, 9;
0.0158456, 9;
0.0159141, 9;
0.0161358, 9;
0.0158521, 9;
0.0148542, 9;
0.0149489, 9;
0.0152008, 9;
0.0154534, 9;
0.0159356, 9;
0.0151987, 9;
0.0164659, 9;
0.0155311, 9;
0.0153698, 9;
0.0147543, 9;
0.0149395, 9;
0.0160385, 9;
0.014938, 9;
0.0160286, 9;
0.0158355, 9;
0.0151314, 9;
0.0159311, 9;
0.0149323, 9;
0.0149986, 9;
0.0150621, 9;
0.0160663, 9;
0.0154993, 9;
0.0164896, 9;
0.0147931, 9;
0.0149432, 9;
0.0152838, 9;
0.0157241, 9;
0.016099, 9;
0.0147645, 9;
0.0150016, 9;
0.0159874, 9;
0.0159972, 9;
0.015954, 9;
0.0159231, 9;
0.016, 9;
0.0159781, 9;
0.0159572, 9;
0.0149271, 9;
0.0150382, 9;
0.0159039, 9;
0.0162392, 9;
0.0154839, 9;
0.0153366, 9;
0.0159435, 9;
0.0160327, 9;
0.015909, 9;
0.016105, 9;
0.0163017, 9;
0.0154496, 9;
0.016377, 9;
0.0156367, 9;
0.0163159, 9;
0.0155683, 9;
0.0148968, 9;
0.0175137, 9;
0.0134507, 9;
0.0151195, 9;
0.0156638, 9;
0.014136, 9;
0.0159052, 9;
0.0149878, 9;
0.0149934, 9;
0.0160067, 9;
0.0150968, 9;
0.0151761, 9;
0.0150626, 9;
0.015592, 9;
0.0150512, 9;
0.0169403, 9;
0.0149332, 9;
0.0149532, 9;
0.0160413, 9;
0.0148973, 9;
0.0159746, 9;
0.0160857, 9;
0.0158204, 9;
0.0160658, 9;
0.0150106, 9;
0.0160778, 9;
0.0148295, 9;
0.0159711, 9;
0.0160047, 9;
0.0159455, 9;
0.0159778, 9;
0.014965, 9;
0.015062, 9;
0.0158652, 9;
0.0160935, 9;
0.0158984, 9;
0.0159595, 9;
0.0161284, 9;
0.0158794, 9;
0.0160692, 9;
0.0173594, 9;
0.0144924, 9;
0.0161744, 9;
0.0186729, 9;
0.0130918, 9;
0.0150045, 9;
0.0154994, 9;
0.0152402, 9;
0.0160397, 9;
0.0159324, 9;
0.0154198, 9;
0.014726, 9;
0.0156818, 9;
0.0153423, 9;
0.0148031, 9;
0.0159277, 9;
0.0161177, 9;
0.015925, 9;
0.0152007, 9;
0.0146591, 9;
0.0150976, 9;
0.0158122, 9;
0.0149637, 9;
0.0149819, 9;
0.0160582, 9;
0.0148795, 9;
0.0182171, 9;
0.0127508, 9;
0.0151418, 9;
0.0159111, 9;
0.0160239, 9;
0.0158964, 9;
0.015996, 9;
0.0160717, 9;
0.0159765, 9;
0.014898, 9;
0.014904, 9;
0.0148902, 9;
0.0157137, 9;
0.0161216, 9;
0.0152243, 9;
0.0160303, 9;
0.0158457, 9;
0.0159399, 9;
0.0159729, 9;
0.0159442, 9;
0.0161015, 9;
0.0159033, 9;
0.0161109, 9;
0.0159048, 9;
0.0148652, 9;
0.0150565, 9;
0.015648, 9;
0.0153307, 9;
0.0148818, 9;
0.0157067, 9;
0.0152912, 9;
0.0156854, 9;
0.015298, 9;
0.0161271, 9;
0.0157821, 9;
0.0149782, 9;
0.0150987, 9;
0.0148615, 9;
0.0159267, 9;
0.016065, 9;
0.016143, 9;
0.0159343, 9;
0.0168229, 9;
0.0149499, 9;
0.0149319, 9;
0.0146458, 9;
0.0152684, 9;
0.0159221, 9;
0.0150167, 9;
0.0149796, 9;
0.0160929, 9;
0.0158864, 9;
0.0159059, 9;
0.016058, 9;
0.0160853, 9;
0.0159127, 9;
0.0160405, 9;
0.0159429, 9;
0.0147844, 9;
0.0149841, 9;
0.0150423, 9;
0.0149904, 9;
0.0148477, 9;
0.0150338, 9;
0.0150085, 9;
0.0149059, 9;
0.0150012, 9;
0.0150678, 9;
0.0147205, 9;
0.0151818, 9;
0.0156112, 9;
0.0154919, 9;
0.0148107, 9;
0.0149625, 9;
0.0150189, 9;
0.015929, 9;
0.0161976, 9;
0.0158159, 9;
0.0162902, 9;
0.0157027, 9;
0.0159502, 9;
0.0156944, 9;
0.0152963, 9;
0.0159419, 9;
0.0159065, 9;
0.0157785, 9;
0.0155795, 9;
0.0176706, 9;
0.0142757, 9;
0.0145138, 9;
0.0156183, 9;
0.0154544, 9;
0.016024, 9;
0.0158906, 9;
0.0157834, 9;
0.0151586, 9;
0.0160906, 9;
0.0158518, 9;
0.0156332, 9;
0.014257, 9;
0.0159969, 9;
0.015997, 9;
0.0159733, 9;
0.0156777, 9;
0.0153869, 9;
0.0148981, 9;
0.0149851, 9;
0.0161374, 9;
0.0156776, 9;
0.0161018, 9;
0.0159697, 9;
0.0159407, 9;
0.0148613, 9;
0.0150053, 9;
0.0159401, 9;
0.0160721, 9;
0.0159534, 9;
0.0160445, 9;
0.015857, 9;
0.0149622, 9;
0.0166533, 9;
0.0137185, 9;
0.015683, 9;
0.0159554, 9;
0.0159214, 9;
0.0160001, 9;
0.0159084, 9;
0.0161612, 9;
0.014745, 9;
0.0149541, 9;
0.0160078, 9;
0.016022, 9;
0.0160217, 9;
0.0160065, 9;
0.0160448, 9;
0.0190289, 9;
0.0127945, 9;
0.0165803, 9;
0.0153987, 9;
0.0158762, 9;
0.0150157, 9;
0.0149456, 9;
0.0149632, 9;
0.0149552, 9;
0.0150553, 9;
0.0149558, 9;
0.0150048, 9;
0.0151342, 9;
0.0158163, 9;
0.0151701, 9;
0.0148001, 9;
0.0149181, 9;
0.0160086, 9;
0.0149808, 9;
0.0150235, 9;
0.0175791, 9;
0.0133053, 9;
0.0159981, 9;
0.015997, 9;
0.0159123, 9;
0.0158951, 9;
0.0159419, 9;
0.0162825, 9;
0.0158873, 9;
0.0159332, 9;
0.0148649, 9;
0.0151278, 9;
0.0147776, 9;
0.0150194, 9;
0.0149383, 9;
0.0149789, 9;
0.0150137, 9;
0.0148808, 9;
0.0150268, 9;
0.0153301, 9;
0.0146676, 9;
0.0149648, 9;
0.0159758, 9;
0.0158791, 9;
0.016, 9;
0.0160213, 9;
0.0160267, 9;
0.0158959, 9;
0.016025, 9;
0.0158916, 9;
0.0160148, 9;
0.0149438, 9;
0.0149643, 9;
0.0162459, 9;
0.0148393, 9;
0.0148831, 9;
0.0161919, 9;
0.0157417, 9;
0.0161018, 9;
0.0158133, 9;
0.0156576, 9;
0.0153901, 9;
0.0149542, 9;
0.0149477, 9;
0.0149391, 9;
0.0149676, 9;
0.0159989, 9;
0.0160827, 9;
0.0159172, 9;
0.0149519, 9;
0.0155668, 9;
0.015323, 9;
0.016001, 9;
0.015989, 9;
0.0159631, 9;
0.0150065, 9;
0.0159152, 9;
0.0151726, 9;
0.0158716, 9;
0.0149509, 9;
0.0154458, 9;
0.0155202, 9;
0.0165205, 9;
0.0152954, 9;
0.0159507, 9;
0.0159563, 9;
0.0157892, 9;
0.015598, 9;
0.0155361, 9;
0.0150913, 9;
0.0159248, 9;
0.0159325, 9;
0.0160441, 9;
0.015416, 9;
0.0145372, 9;
0.0150623, 9;
0.0148304, 9;
0.0150607, 9;
0.0159558, 9;
0.0159864, 9;
0.0159104, 9;
0.0155138, 9;
0.016081, 9;
0.0155532, 9;
0.0157741, 9;
0.0158976, 9;
0.0150502, 9;
0.0156819, 9;
0.0152746, 9;
0.0161487, 9;
0.0159004, 9;
0.0149468, 9;
0.0159111, 9;
0.0149801, 9;
0.0148665, 9;
0.0149956, 9;
0.0148841, 9;
0.0150903, 9;
0.0160334, 9;
0.0148754, 9;
0.0151148, 9;
0.015972, 9;
0.0151937, 9;
0.0145948, 9;
0.0150653, 9;
0.0149418, 9;
0.0159972, 9;
0.0159324, 9;
0.0155507, 9;
0.0154237, 9;
0.0149717, 9;
0.0160671, 9;
0.0162038, 9;
0.0146382, 9;
0.0147605, 9;
0.0162279, 9;
0.0159548, 9;
0.0151993, 9;
0.0147542, 9;
0.0149008, 9;
0.0159588, 9;
0.0147693, 9;
0.0153465, 9;
0.0163603, 9;
0.0143945, 9;
0.015023, 9;
0.0160467, 9;
0.0156543, 9;
0.0153334, 9;
0.0159739, 9;
0.0147033, 9;
0.0151032, 9;
0.0149561, 9;
0.0154034, 9;
0.015932, 9;
0.0157088, 9;
0.0159679, 9;
0.016129, 9;
0.0161422, 9;
0.0155447, 9;
0.015038, 9;
0.0150856, 9;
0.0159156, 9;
0.0159449, 9;
0.0160081, 9;
0.015952, 9;
0.0148707, 9;
0.0155509, 9;
0.0154617, 9;
0.0159934, 9;
0.0159738, 9;
0.0158698, 9;
0.0158938, 9;
0.0149913, 9;
0.0152861, 9;
0.0157284, 9;
0.0159647, 9;
0.0159624, 9;
0.0159851, 9;
0.0162677, 9;
0.0157058, 9;
0.0159958, 9;
0.0159938, 9;
0.0159952, 9;
0.0158728, 9;
0.0154838, 9;
0.015956, 9;
0.0149439, 9;
0.0154793, 9;
0.0159623, 9;
0.0160657, 9;
0.0159994, 9;
0.0155407, 9;
0.0153203, 9;
0.0149365, 9;
0.0150184, 9;
0.0160137, 9;
0.015289, 9;
0.0146937, 9;
0.0156026, 9;
0.0145625, 9;
0.0155984, 9;
0.0160766, 9;
0.016639, 9;
0.0154634, 9;
0.0147486, 9;
0.015969, 9;
0.01494, 9;
0.0150078, 9;
0.0161433, 9;
0.0148056, 9;
0.0150341, 9;
0.0159393, 9;
0.0151099, 9;
0.0158569, 9;
0.0157946, 9;
0.0158943, 9;
0.0159968, 9;
0.0159843, 9;
0.01589, 9;
0.0152014, 9;
0.0149233, 9;
0.0160094, 9;
0.0150112, 9;
0.0149189, 9;
0.0159839, 9;
0.0159659, 9;
0.0157055, 9;
0.0153833, 9;
0.015981, 9;
0.0160381, 9;
0.014719, 9;
0.0150222, 9;
0.0160665, 9;
0.0156841, 9;
0.0152264, 9;
0.0166354, 9;
0.0142494, 9;
0.0149628, 9;
0.0149895, 9;
0.0150193, 9;
0.0157915, 9;
0.0141358, 9;
0.0150084, 9;
0.0155158, 9;
0.016198, 9;
0.0153993, 9;
0.0155836, 9;
0.0150963, 9;
0.0160169, 9;
0.0147225, 9;
0.0151956, 9;
0.016003, 9;
0.0160931, 9;
0.0155509, 9;
0.0152104, 9;
0.0149507, 9;
0.014989, 9;
0.0149562, 9;
0.0154768, 9;
0.015439, 9;
0.0161875, 9;
0.0159738, 9;
0.0158882, 9;
0.0148718, 9;
0.0150352, 9;
0.0158805, 9;
0.014761, 9;
0.0152821, 9;
0.0160244, 9;
0.0158454, 9;
0.0147806, 9;
0.0151774, 9;
0.0153898, 9;
0.0155793, 9;
0.014928, 9;
0.0158663, 9;
0.0163484, 9;
0.0157731, 9;
0.0160473, 9;
0.0160049, 9;
0.0155427, 9;
0.0153139, 9;
0.0154619, 9;
0.0154707, 9;
0.0149104, 9;
0.0149389, 9;
0.0149915, 9;
0.0183472, 9;
0.012841, 9;
0.0148039, 9;
0.0159393, 9;
0.0149997, 9;
0.0150245, 9;
0.0157501, 9;
0.0151411, 9;
0.0150197, 9;
0.0148554, 9;
0.0160881, 9;
0.0148824, 9;
0.0167527, 9;
0.0141958, 9;
0.0149668, 9;
0.0160242, 9;
0.0159848, 9;
0.0159056, 9;
0.0159633, 9;
0.0159716, 9;
0.0153151, 9;
0.0151782, 9;
0.0159111, 9;
0.0162326, 9;
0.0157481, 9;
0.0164358, 9;
0.0158559, 9;
0.0151293, 9;
0.0160743, 9;
0.0159569, 9;
0.015343, 9;
0.0156459, 9;
0.0160001, 9;
0.0159719, 9;
0.0155565, 9;
0.0152965, 9;
0.0161404, 9;
0.0148539, 9;
0.0148478, 9;
0.0161122, 9;
0.0159142, 9;
0.0159775, 9;
0.0159293, 9;
0.0151549, 9;
0.0148156, 9;
0.015322, 9;
0.0157146, 9;
0.0168935, 9;
0.0139488, 9;
0.0160784, 9;
0.0152362, 9;
0.0155952, 9;
0.0150188, 9;
0.0149402, 9;
0.0160269, 9;
0.0149188, 9;
0.0149975, 9;
0.0159783, 9;
0.0149246, 9;
0.0148534, 9;
0.0153462, 9;
0.0153382, 9;
0.0153385, 9;
0.0162464, 9;
0.0158326, 9;
0.0160442, 9;
0.0158857, 9;
0.0149114, 9;
0.0150581, 9;
0.0158875, 9;
0.0159895, 9;
0.0159248, 9;
0.0160976, 9;
0.0159702, 9;
0.0147737, 9;
0.0151666, 9;
0.0166434, 9;
0.0152939, 9;
0.0150217, 9;
0.0158609, 9;
0.0150368, 9;
0.0149337, 9;
0.0149204, 9;
0.016168, 9;
0.0158378, 9;
0.0159804, 9;
0.0159086, 9;
0.0160566, 9;
0.0152269, 9;
0.0159331, 9;
0.0147824, 9;
0.0148639, 9;
0.0149049, 9;
0.0149795, 9;
0.0161245, 9;
0.0149436, 9;
0.0149765, 9;
0.0149322, 9;
0.0149854, 9;
0.0149939, 9;
0.0151847, 9;
0.0160251, 9;
0.0146909, 9;
0.0150783, 9;
0.0166808, 9;
0.0142458, 9;
0.0149338, 9;
0.0160233, 9;
0.0149795, 9;
0.0150257, 9;
0.0159712, 9;
0.0149374, 9;
0.0149401, 9;
0.0147572, 9;
0.0165611, 9;
0.0147219, 9;
0.0151115, 9;
0.015974, 9;
0.0158796, 9;
0.0162709, 9;
0.0156595, 9;
0.0150169, 9;
0.0158147, 9;
0.0158237, 9;
0.0160793, 9;
0.0158336, 9;
0.0160345, 9;
0.0159167, 9;
0.0160396, 9;
0.0156298, 9;
0.0163654, 9;
0.0151783, 9;
0.0157665, 9;
0.0158087, 9;
0.0150094, 9;
0.0149713, 9;
0.0149859, 9;
0.0150602, 9;
0.014925, 9;
0.015926, 9;
0.0160179, 9;
0.0158396, 9;
0.0150495, 9;
0.0161145, 9;
0.0153221, 9;
0.0159088, 9;
0.0153522, 9;
0.01539, 9;
0.0159172, 9;
0.0148908, 9;
0.0149586, 9;
0.0150272, 9;
0.0149953, 9;
0.0148986, 9;
0.014987, 9;
0.0151023, 9;
0.0146431, 9;
0.0154776, 9;
0.0157687, 9;
0.0159788, 9;
0.0159625, 9;
0.0159572, 9;
0.0158848, 9;
0.0158668, 9;
0.0154894, 9;
0.0155316, 9;
0.0150195, 9;
0.0159729, 9;
0.0159513, 9;
0.016127, 9;
0.0158215, 9;
0.015191, 9;
0.0159296, 9;
0.0146172, 9;
0.0152032, 9;
0.0159276, 9;
0.0150457, 9;
0.0149244, 9;
0.0160766, 9;
0.014872, 9;
0.0150097, 9;
0.0148949, 9;
0.0150323, 9;
0.0152005, 9;
0.0153057, 9;
0.0160551, 9;
0.0161563, 9;
0.0151973, 9;
0.0158962, 9;
0.0159357, 9;
0.0162734, 9;
0.0157182, 9;
0.0159243, 9;
0.0160951, 9;
0.0158566, 9;
0.0160396, 9;
0.0159551, 9;
0.0156902, 9;
0.0154244, 9;
0.0164113, 9;
0.0147282, 9;
0.0146569, 9;
0.0155709, 9;
0.0153875, 9;
0.015962, 9;
0.0150236, 9;
0.0149649, 9;
0.0161014, 9;
0.0159687, 9;
0.0156605, 9;
0.0159623, 9;
0.0148508, 9;
0.0159977, 9;
0.0152869, 9;
0.0149901, 9;
0.0147836, 9;
0.014931, 9;
0.015502, 9;
0.015547, 9;
0.0158886, 9;
0.0149713, 9;
0.0146848, 9;
0.0152815, 9;
0.0159882, 9;
0.0160298, 9;
0.0160084, 9;
0.0159291, 9;
0.016088, 9;
0.0158279, 9;
0.016198, 9;
0.0158543, 9;
0.0148987, 9;
0.0147926, 9;
0.0152671, 9;
0.0155022, 9;
0.0149964, 9;
0.0152977, 9;
0.0149379, 9;
0.0151077, 9;
0.0155423, 9;
0.0153935, 9;
0.0150876, 9;
0.014796, 9;
0.0155807, 9;
0.0154347, 9;
0.0159533, 9;
0.0146154, 9;
0.0152303, 9;
0.0162264, 9;
0.0158733, 9;
0.0158146, 9;
0.0159511, 9;
0.0163234, 9;
0.0157548, 9;
0.0148553, 9;
0.015528, 9;
0.0153993, 9;
0.0157305, 9;
0.0154719, 9;
0.0147067, 9;
0.0151355, 9;
0.0158397, 9;
0.0149764, 9;
0.0160077, 9;
0.0160656, 9;
0.0155329, 9;
0.016558, 9;
0.0147299, 9;
0.0154685, 9;
0.0153573, 9;
0.0160153, 9;
0.0165328, 9;
0.0144537, 9;
0.0160853, 9;
0.0154544, 9;
0.0153105, 9;
0.0151419, 9;
0.015993, 9;
0.0159753, 9;
0.0153563, 9;
0.0155856, 9;
0.0152175, 9;
0.0159209, 9;
0.0157797, 9;
0.0150373, 9;
0.0148479, 9;
0.0149342, 9;
0.0180281, 9;
0.0141214, 9;
0.0157405, 9;
0.0153233, 9;
0.0166496, 9;
0.0171951, 9;
0.0123625, 9;
0.0166886, 9;
0.0153153, 9;
0.0149637, 9;
0.0149992, 9;
0.0161585, 9;
0.0163901, 9;
0.0154423, 9;
0.0159471, 9;
0.0159918, 9;
0.0160092, 9;
0.0159803, 9;
0.0150292, 9;
0.0149228, 9;
0.015008, 9;
0.0160095, 9;
0.016031, 9;
0.0159621, 9;
0.0159852, 9;
0.0150001, 9;
0.0159642, 9;
0.0149607, 9;
0.0150348, 9;
0.0159916, 9;
0.0149739, 9;
0.0151124, 9;
0.0159184, 9;
0.0153819, 9;
0.0156346, 9;
0.0149006, 9;
0.0149615, 9;
0.0149978, 9;
0.0161197, 9;
0.014866, 9;
0.0149568, 9;
0.0160422, 9;
0.0149658, 9;
0.0149634, 9;
0.0149927, 9;
0.0152731, 9;
0.0160188, 9;
0.0147504, 9;
0.0149499, 9;
0.0149997, 9;
0.014978, 9;
0.0149706, 9;
0.0150487, 9;
0.014924, 9;
0.014999, 9;
0.0149776, 9;
0.0150151, 9;
0.0150099, 9;
0.0150506, 9;
0.0149814, 9;
0.0149176, 9;
0.0150453, 9;
0.0149054, 9;
0.0150545, 9;
0.0182589, 9;
0.0132096, 9;
0.015662, 9;
0.0149413, 9;
0.0153351, 9;
0.015876, 9;
0.0168284, 9;
0.0170933, 9;
0.0157391, 9;
0.0139186, 9;
0.0154728, 9;
0.0150112, 9;
0.0149848, 9;
0.0151684, 9;
0.0156805, 9;
0.0159218, 9;
0.0159924, 9;
0.014549, 9;
0.0154971, 9;
0.0159403, 9;
0.0159286, 9;
0.0159416, 9;
0.0152235, 9;
0.0146806, 9;
0.0150113, 9;
0.0160594, 9;
0.0159366, 9;
0.0158851, 9;
0.0159834, 9;
0.0160431, 9;
0.0159964, 9;
0.0161447, 9;
0.0157357, 9;
0.0150609, 9;
0.0148855, 9;
0.0156087, 9;
0.0158886, 9;
0.0154383, 9;
0.0150347, 9;
0.0151026, 9;
0.0148076, 9;
0.0158917, 9;
0.0150663, 9;
0.0158229, 9;
0.0152452, 9;
0.0148767, 9;
0.0149001, 9;
0.0160417, 9;
0.015962, 9;
0.0159355, 9;
0.0156458, 9;
0.0166833, 9;
0.0156845, 9;
0.0154157, 9;
0.0149902, 9;
0.0149641, 9;
0.0152932, 9;
0.015934, 9;
0.0151704, 9;
0.0158738, 9;
0.0160811, 9;
0.0159084, 9;
0.0153961, 9;
0.015445, 9;
0.0163275, 9;
0.0147881, 9;
0.0149475, 9;
0.0160678, 9;
0.015783, 9;
0.0160154, 9;
0.0160479, 9;
0.0160064, 9;
0.0158743, 9;
0.0158868, 9;
0.0159825, 9;
0.0159643, 9;
0.0149768, 9;
0.0150269, 9;
0.015037, 9;
0.0160446, 9;
0.0159089, 9;
0.014933, 9;
0.0160299, 9;
0.0149012, 9;
0.0149877, 9;
0.0159346, 9;
0.0159769, 9;
0.0151688, 9;
0.016088, 9;
0.0156404, 9;
0.0160533, 9;
0.0163381, 9;
0.0158622, 9;
0.0157149, 9;
0.0152895, 9;
0.0153646, 9;
0.0151545, 9;
0.0160858, 9;
0.0149548, 9;
0.0148754, 9;
0.0160229, 9;
0.0149394, 9;
0.0149709, 9;
0.0159405, 9;
0.0152168, 9;
0.0158128, 9;
0.0148019, 9;
0.0151595, 9;
0.0146118, 9;
0.0152133, 9;
0.0160466, 9;
0.0158941, 9;
0.0149403, 9;
0.0150401, 9;
0.0159244, 9;
0.0160684, 9;
0.0159401, 9;
0.0159085, 9;
0.0160262, 9;
0.0161117, 9;
0.0154594, 9;
0.015957, 9;
0.0152652, 9;
0.015527, 9;
0.0154542, 9;
0.015973, 9;
0.0160917, 9;
0.0158687, 9;
0.0160648, 9;
0.0148747, 9;
0.0149948, 9;
0.0157888, 9;
0.0152742, 9;
0.0162436, 9;
0.0156393, 9;
0.0149593, 9;
0.0150077, 9;
0.0159894, 9;
0.0160461, 9;
0.0159071, 9;
0.0160257, 9;
0.0159875, 9;
0.015617, 9;
0.0151683, 9;
0.0164793, 9;
0.0157975, 9;
0.0145958, 9;
0.0155301, 9;
0.0174756, 9;
0.0145892, 9;
0.0153476, 9;
0.0156283, 9;
0.015346, 9;
0.0150646, 9;
0.016082, 9;
0.0157419, 9;
0.0157246, 9;
0.0155477, 9;
0.0157864, 9;
0.0159335, 9;
0.0160239, 9;
0.0158508, 9;
0.0159635, 9;
0.0160077, 9;
0.0149863, 9;
0.0149723, 9;
0.0149445, 9;
0.0159497, 9;
0.0149999, 9;
0.0150057, 9;
0.0160909, 9;
0.0148416, 9;
0.0148612, 9;
0.0159832, 9;
0.015977, 9;
0.0149691, 9;
0.0150377, 9;
0.0149873, 9;
0.0152088, 9;
0.0157487, 9;
0.0147453, 9;
0.0150368, 9;
0.0158582, 9;
0.0160961, 9;
0.0160175, 9;
0.015886, 9;
0.0160716, 9;
0.0158125, 9;
0.0152236, 9;
0.0157792, 9;
0.0158366, 9;
0.0160615, 9;
0.0159874, 9;
0.0159279, 9;
0.0162329, 9;
0.0156785, 9;
0.0150136, 9;
0.0155156, 9;
0.0155017, 9;
0.0159836, 9;
0.0160957, 9;
0.0158648, 9;
0.0160626, 9;
0.0159103, 9;
0.0159805, 9;
0.015378, 9;
0.0155038, 9;
0.0159555, 9;
0.0160205, 9;
0.0160061, 9;
0.0155, 9;
0.0154595, 9;
0.0148926, 9;
0.0149871, 9;
0.0160925, 9;
0.014879, 9;
0.0149413, 9;
0.0160096, 9;
0.0161319, 9;
0.0157607, 9;
0.0159827, 9;
0.0168637, 9;
0.0142913, 9;
0.0151542, 9;
0.0154096, 9;
0.0163048, 9;
0.0146836, 9;
0.0149908, 9;
0.0149116, 9;
0.0152119, 9;
0.015905, 9;
0.0150598, 9;
0.0159069, 9;
0.0161762, 9;
0.0159631, 9;
0.0158876, 9;
0.0159228, 9;
0.0160939, 9;
0.0172456, 9;
0.0158429, 9;
0.0138701, 9;
0.0148523, 9;
0.0150634, 9;
0.0150746, 9;
0.0160368, 9;
0.015008, 9;
0.0159591, 9;
0.0159816, 9;
0.0147478, 9;
0.0155971, 9;
0.0165703, 9;
0.0157037, 9;
0.0158973, 9;
0.0158044, 9;
0.0165394, 9;
0.0143268, 9;
0.0160299, 9;
0.0149317, 9;
0.0148681, 9;
0.0161212, 9;
0.0148998, 9;
0.0147614, 9;
0.0151757, 9;
0.0160897, 9;
0.015813, 9;
0.0153014, 9;
0.0161913, 9;
0.0158572, 9;
0.0148474, 9;
0.0146781, 9;
0.0155025, 9;
0.0159633, 9;
0.0159445, 9;
0.0158039, 9;
0.014333, 9;
0.0153655, 9;
0.0149022, 9;
0.0150672, 9;
0.0158152, 9;
0.0150109, 9;
0.0152399, 9;
0.0157877, 9;
0.0160399, 9;
0.0148218, 9;
0.01511, 9;
0.0158573, 9;
0.0149886, 9;
0.0153973, 9;
0.0159204, 9;
0.0160767, 9;
0.0155749, 9;
0.0154114, 9;
0.0155196, 9;
0.0159156, 9;
0.0153468, 9;
0.0147497, 9;
0.0149096, 9;
0.0161838, 9;
0.0157678, 9;
0.015819, 9;
0.0153435, 9;
0.0146393, 9;
0.0150081, 9;
0.0160053, 9;
0.0157962, 9;
0.0159747, 9;
0.0156219, 9;
0.0175287, 9;
0.0145175, 9;
0.0153468, 9;
0.0153465, 9;
0.0151257, 9;
0.0152217, 9;
0.0151993, 9;
0.0156119, 9;
0.0151671, 9;
0.0160464, 9;
0.0160763, 9;
0.0161058, 9;
0.0155361, 9;
0.0159428, 9;
0.0149087, 9;
0.015455, 9;
0.015354, 9;
0.0154665, 9;
0.0159764, 9;
0.0160037, 9;
0.0159417, 9;
0.0158007, 9;
0.0161052, 9;
0.0149535, 9;
0.0159892, 9;
0.0150465, 9;
0.0148924, 9;
0.014942, 9;
0.0150311, 9;
0.0161621, 9;
0.0156625, 9;
0.0156345, 9;
0.0158728, 9;
0.0155611, 9;
0.0159249, 9;
0.0150067, 9;
0.0159745, 9;
0.0151727, 9;
0.0159364, 9;
0.0148804, 9;
0.0154406, 9;
0.0155511, 9;
0.0158563, 9;
0.0175629, 9;
0.0144129, 9;
0.0149834, 9;
0.0149936, 9;
0.0153469, 9;
0.0160778, 9;
0.0152149, 9;
0.0153925, 9;
0.0156045, 9;
0.0162515, 9;
0.0146741, 9;
0.0161398, 9;
0.0148704, 9;
0.0159436, 9;
0.0160534, 9;
0.0139723, 9;
0.0158334, 9;
0.01465, 9;
0.0153968, 9;
0.0159787, 9;
0.0160103, 9;
0.0159954, 9;
0.016, 9;
0.0159737, 9;
0.0162594, 9;
0.0152798, 9;
0.0152564, 9;
0.0151616, 9;
0.0147455, 9;
0.0151337, 9;
0.0159123, 9;
0.0146081, 9;
0.015307, 9;
0.0161177, 9;
0.0160278, 9;
0.0154503, 9;
0.0154275, 9;
0.0155875, 9;
0.0152863, 9;
0.0159546, 9;
0.0160435, 9;
0.0152754, 9;
0.0156153, 9;
0.0161059, 9;
0.0158028, 9;
0.0159231, 9;
0.0160079, 9;
0.0159313, 9;
0.0160509, 9;
0.0161138, 9;
0.0158517, 9;
0.0158914, 9;
0.0160465, 9;
0.0142633, 9;
0.0158197, 9;
0.0158408, 9;
0.0159602, 9;
0.0158963, 9;
0.016011, 9;
0.0149653, 9;
0.0150676, 9;
0.0158655, 9;
0.0157207, 9;
0.0157926, 9;
0.0155192, 9;
0.0165795, 9;
0.014644, 9;
0.0155807, 9;
0.0150685, 9;
0.0158792, 9;
0.0160136, 9;
0.0159694, 9;
0.0159543, 9;
0.0160132, 9;
0.0159267, 9;
0.0149108, 9;
0.0149297, 9;
0.0159698, 9;
0.0160277, 9;
0.0161519, 9;
0.0160653, 9;
0.0146688, 9;
0.0150221, 9;
0.0157114, 9;
0.0157276, 9;
0.0153064, 9;
0.0151498, 9;
0.0154294, 9;
0.0154648, 9;
0.015666, 9;
0.0152756, 9;
0.0149239, 9;
0.0150138, 9;
0.0156488, 9;
0.0154443, 9;
0.0159639, 9;
0.0156856, 9;
0.0151715, 9;
0.0177723, 9;
0.0133152, 9;
0.0157941, 9;
0.0160802, 9;
0.0159446, 9;
0.0136892, 9;
0.016224, 9;
0.0146398, 9;
0.0149926, 9;
0.0160929, 9;
0.0159393, 9;
0.0160438, 9;
0.01602, 9;
0.0159105, 9;
0.0159365, 9;
0.0157815, 9;
0.0159271, 9;
0.0156013, 9;
0.0157071, 9;
0.0149384, 9;
0.0149262, 9;
0.0148508, 9;
0.0152641, 9;
0.0159811, 9;
0.0160417, 9;
0.0159871, 9;
0.0158356, 9;
0.0160262, 9;
0.0157671, 9;
0.016097, 9;
0.0160285, 9;
0.0153053, 9;
0.0157529, 9;
0.0159308, 9;
0.0160196, 9;
0.0160069, 9;
0.0158811, 9;
0.0157835, 9;
0.0151601, 9;
0.0159812, 9;
0.0148358, 9;
0.0149803, 9;
0.01499, 9;
0.0149528, 9;
0.0148789, 9;
0.0152118, 9;
0.0176357, 9;
0.0145844, 9;
0.0157268, 9;
0.0158288, 9;
0.0160565, 9;
0.0159096, 9;
0.0149019, 9;
0.0149913, 9;
0.0159784, 9;
0.0149348, 9;
0.0150007, 9;
0.0159906, 9;
0.0160414, 9;
0.01535, 9;
0.0154617, 9;
0.0153989, 9;
0.0148159, 9;
0.0157053, 9;
0.0152689, 9;
0.0156365, 9;
0.0161081, 9;
0.0159207, 9;
0.0158739, 9;
0.0159684, 9;
0.0160947, 9;
0.0159125, 9;
0.0159773, 9;
0.016048, 9;
0.0159092, 9;
0.0151539, 9;
0.0157312, 9;
0.0159662, 9;
0.0150714, 9;
0.0159677, 9;
0.0149017, 9;
0.0149581, 9;
0.0160719, 9;
0.014875, 9;
0.0149843, 9;
0.0152997, 9;
0.0157284, 9;
0.0150074, 9;
0.0159583, 9;
0.0149103, 9;
0.0149347, 9;
0.0160062, 9;
0.0152202, 9;
0.0161598, 9;
0.0154885, 9;
0.0159518, 9;
0.0159697, 9;
0.0159352, 9;
0.0154841, 9;
0.0155144, 9;
0.016063, 9;
0.0158917, 9;
0.014957, 9;
0.0149594, 9;
0.0149812, 9;
0.0160174, 9;
0.0149769, 9;
0.0148376, 9;
0.015728, 9;
0.0152786, 9;
0.0160057, 9;
0.0161327, 9;
0.0158043, 9;
0.0155777, 9;
0.0162332, 9;
0.0156224, 9;
0.0150576, 9;
0.0158748, 9;
0.0156435, 9;
0.0148082, 9;
0.0159706, 9;
0.0159306, 9;
0.0154822, 9;
0.0159408, 9;
0.0159062, 9;
0.0159639, 9;
0.0168955, 9;
0.0147146, 9;
0.0160248, 9;
0.0159353, 9;
0.0156244, 9;
0.0150724, 9;
0.0151101, 9;
0.0161073, 9;
0.0155987, 9;
0.0153075, 9;
0.0149351, 9;
0.014921, 9;
0.0149502, 9;
0.0158495, 9;
0.0153331, 9;
0.0160167, 9;
0.0149009, 9;
0.0150363, 9;
0.0162048, 9;
0.0155219, 9;
0.0160109, 9;
0.0149424, 9;
0.0149422, 9;
0.0160603, 9;
0.0164185, 9;
0.0154754, 9;
0.0149343, 9;
0.0155262, 9;
0.0154507, 9;
0.0165445, 9;
0.0153927, 9;
0.014915, 9;
0.0157425, 9;
0.0159154, 9;
0.0154416, 9;
0.0158117, 9;
0.0149658, 9;
0.015941, 9;
0.0158976, 9;
0.0161696, 9;
0.0159295, 9;
0.0158535, 9;
0.0160516, 9;
0.0160426, 9;
0.0158299, 9;
0.0157095, 9;
0.0153074, 9;
0.0169177, 9;
0.0148601, 9;
0.0149879, 9;
0.0150247, 9;
0.0161124, 9;
0.0148548, 9;
0.0150459, 9;
0.0155575, 9;
0.0153797, 9;
0.0149633, 9;
0.0149922, 9;
0.0158159, 9;
0.0152261, 9;
0.0162286, 9;
0.0156435, 9;
0.0149158, 9;
0.0149819, 9;
0.015961, 9;
0.0160483, 9;
0.0160098, 9;
0.0147452, 9;
0.0148336, 9;
0.0160669, 9;
0.0159884, 9;
0.0163544, 9;
0.0157794, 9;
0.0149122, 9;
0.0149746, 9;
0.014911, 9;
0.0160011, 9;
0.0158707, 9;
0.0159619, 9;
0.016056, 9;
0.0149337, 9;
0.0148789, 9;
0.0160586, 9;
0.0173645, 9;
0.0145982, 9;
0.0149562, 9;
0.0159686, 9;
0.0151013, 9;
0.0155714, 9;
0.0160686, 9;
0.0138784, 9;
0.0159635, 9;
0.0160064, 9;
0.0160107, 9;
0.0157591, 9;
0.0160596, 9;
0.0160124, 9;
0.0159585, 9;
0.016031, 9;
0.0160223, 9;
0.0148523, 9;
0.0150127, 9;
0.014884, 9;
0.015023, 9;
0.0158093, 9;
0.0173593, 9;
0.0174669, 9;
0.0122541, 9;
0.0160083, 9;
0.0160173, 9;
0.0138845, 9;
0.015001, 9;
0.0160117, 9;
0.0159387, 9;
0.0149068, 9;
0.0150182, 9;
0.0149828, 9;
0.0156657, 9;
0.0154783, 9;
0.0156846, 9;
0.0149687, 9;
0.0151277, 9;
0.0158931, 9;
0.0153381, 9;
0.0144935, 9;
0.0149926, 9;
0.0160498, 9;
0.014888, 9;
0.0150572, 9;
0.015212, 9;
0.0162737, 9;
0.0144268, 9;
0.0158679, 9;
0.0150024, 9;
0.0149622, 9;
0.0157431, 9;
0.0153664, 9;
0.0158588, 9;
0.0160346, 9;
0.0158463, 9;
0.0160956, 9;
0.0158552, 9;
0.0160857, 9;
0.0157852, 9;
0.0161749, 9;
0.0160311, 9;
0.0156628, 9;
0.0160677, 9;
0.0159682, 9;
0.0160149, 9;
0.0147301, 9;
0.0151923, 9;
0.015861, 9;
0.016019, 9;
0.0161813, 9;
0.0158748, 9;
0.0158718, 9;
0.01462, 9;
0.0159513, 9;
0.0153287, 9;
0.0159507, 9;
0.0149154, 9;
0.0149986, 9;
0.0152751, 9;
0.0162244, 9;
0.0162129, 9;
0.0141961, 9;
0.0144843, 9;
0.0149337, 9;
0.0160055, 9;
0.0150076, 9;
0.0149548, 9;
0.0153819, 9;
0.0159132, 9;
0.0160345, 9;
0.016047, 9;
0.0158535, 9;
0.0159031, 9;
0.0156496, 9;
0.0170734, 9;
0.0149906, 9;
0.0148581, 9;
0.0149901, 9;
0.0150955, 9;
0.0151288, 9;
0.0150656, 9;
0.0149374, 9;
0.0161013, 9;
0.0150255, 9;
0.0158501, 9;
0.0160674, 9;
0.0152857, 9;
0.0158663, 9;
0.0147651, 9;
0.0149324, 9;
0.0149253, 9;
0.015033, 9;
0.015004, 9;
0.014988, 9;
0.014953, 9;
0.0159483, 9;
0.0154529, 9;
0.0154652, 9;
0.0159335, 9;
0.0160066, 9;
0.0159992, 9;
0.0149416, 9;
0.0160555, 9;
0.015939, 9;
0.0159186, 9;
0.0159647, 9;
0.0159923, 9;
0.0161458, 9;
0.0147972, 9;
0.0149339, 9;
0.0159833, 9;
0.0160652, 9;
0.0159368, 9;
0.0151987, 9;
0.0150284, 9;
0.0154567, 9;
0.0160735, 9;
0.0151379, 9;
0.0158897, 9;
0.0150235, 9;
0.014832, 9;
0.0161476, 9;
0.0149214, 9;
0.0149414, 9;
0.0159231, 9;
0.0149935, 9;
0.015021, 9;
0.0167354, 9;
0.0142389, 9;
0.0165004, 9;
0.0144725, 9;
0.0149053, 9;
0.015937, 9;
0.0159433, 9;
0.0159699, 9;
0.0160839, 9;
0.0149184, 9;
0.0149213, 9;
0.0161313, 9;
0.0159327, 9;
0.0162992, 9;
0.0155014, 9;
0.0160643, 9;
0.0163125, 9;
0.0155015, 9;
0.0154884, 9;
0.0155088, 9;
0.0150156, 9;
0.014957, 9;
0.0149385, 9;
0.0150356, 9;
0.0149538, 9;
0.0150114, 9;
0.015982, 9;
0.0175705, 9;
0.0138794, 9;
0.0162544, 9;
0.0158069, 9;
0.015912, 9;
0.0159549, 9;
0.0159713, 9;
0.0161183, 9;
0.0159783, 9;
0.0152295, 9;
0.0160189, 9;
0.0160949, 9;
0.015739, 9;
0.0160719, 9;
0.0151742, 9;
0.0160841, 9;
0.0145939, 9;
0.0149507, 9;
0.0162237, 9;
0.0147995, 9;
0.0158738, 9;
0.0150073, 9;
0.0160608, 9;
0.0152439, 9;
0.0148508, 9;
0.0147791, 9;
0.0154586, 9;
0.0154475, 9;
0.0158116, 9;
0.0151617, 9;
0.0160485, 9;
0.0150141, 9;
0.0149097, 9;
0.0160276, 9;
0.0148467, 9;
0.0149369, 9;
0.0162594, 9;
0.0146997, 9;
0.0149838, 9;
0.0160396, 9;
0.0149804, 9;
0.0148761, 9;
0.0161213, 9;
0.0150186, 9;
0.0147075, 9;
0.015011, 9;
0.0153469, 9;
0.015581, 9;
0.0160051, 9;
0.0153139, 9;
0.0156257, 9;
0.0150077, 9;
0.0146731, 9;
0.0151459, 9;
0.015766, 9;
0.0155886, 9;
0.0157018, 9;
0.0157102, 9;
0.0141237, 9;
0.0154294, 9;
0.0156055, 9;
0.0161074, 9;
0.0157774, 9;
0.0160113, 9;
0.015937, 9;
0.0160153, 9;
0.0148947, 9;
0.0149891, 9;
0.0154619, 9;
0.0154272, 9;
0.01501, 9;
0.01493, 9;
0.0158591, 9;
0.0152442, 9;
0.0148445, 9;
0.0149783, 9;
0.0159924, 9;
0.0148691, 9;
0.0151338, 9;
0.0151556, 9;
0.0157298, 9;
0.0159795, 9;
0.0155583, 9;
0.0153635, 9;
0.0149329, 9;
0.0148535, 9;
0.0161147, 9;
0.0148795, 9;
0.0150695, 9;
0.0159828, 9;
0.0150207, 9;
0.0150599, 9;
0.0158326, 9;
0.0148631, 9;
0.0149093, 9;
0.0154434, 9;
0.015631, 9;
0.0161772, 9;
0.015766, 9;
0.0149295, 9;
0.0159803, 9;
0.0149552, 9;
0.0149729, 9;
0.0158714, 9;
0.0161459, 9;
0.0160237, 9;
0.0159221, 9;
0.0159698, 9;
0.0149778, 9;
0.0149462, 9;
0.0161416, 9;
0.0148735, 9;
0.0150272, 9;
0.0163671, 9;
0.0146387, 9;
0.0161168, 9;
0.0146842, 9;
0.0148868, 9;
0.0159954, 9;
0.0155925, 9;
0.015413, 9;
0.014893, 9;
0.0154698, 9;
0.0155177, 9;
0.0149528, 9;
0.0149531, 9;
0.0159557, 9;
0.0149414, 9;
0.0150111, 9;
0.0159455, 9;
0.0149769, 9;
0.0149572, 9;
0.0159644, 9;
0.0149394, 9;
0.0149684, 9;
0.0149835, 9;
0.0149787, 9;
0.0150894, 9;
0.0159597, 9;
0.0149303, 9;
0.0149285, 9;
0.0160641, 9;
0.0149459, 9;
0.0150565, 9;
0.0158729, 9;
0.0160206, 9;
0.0159975, 9;
0.0158415, 9;
0.0160174, 9;
0.0154705, 9;
0.014479, 9;
0.0155833, 9;
0.0154297, 9;
0.0149923, 9;
0.0158011, 9;
0.0161183, 9;
0.0160306, 9;
0.0159675, 9;
0.0159385, 9;
0.0158266, 9;
0.016043, 9;
0.0159592, 9;
0.0159258, 9;
0.0149693, 9;
0.0149837, 9;
0.0150205, 9;
0.0155485, 9;
0.0154126, 9;
0.0155103, 9;
0.0153921, 9;
0.015096, 9;
0.0157902, 9;
0.0150328, 9;
0.0150607, 9;
0.0148513, 9;
0.0149623, 9;
0.0150192, 9;
0.015852, 9;
0.0163023, 9;
0.0149682, 9;
0.0157185, 9;
0.0156776, 9;
0.0153732, 9;
0.0159633, 9;
0.0149719, 9;
0.0150204, 9;
0.0159935, 9;
0.0157676, 9;
0.0160701, 9;
0.0159314, 9;
0.0150968, 9;
0.0149745, 9;
0.0149762, 9;
0.0159863, 9;
0.0149747, 9;
0.015346, 9;
0.0152272, 9;
0.0152835, 9;
0.0158979, 9;
0.0160378, 9;
0.0152075, 9;
0.0157031, 9;
0.0150056, 9;
0.0151039, 9;
0.0159066, 9;
0.0151647, 9;
0.015661, 9;
0.015488, 9;
0.0144891, 9;
0.015035, 9;
0.0149893, 9;
0.0149884, 9;
0.0150299, 9;
0.0161106, 9;
0.015626, 9;
0.0159557, 9;
0.0162011, 9;
0.01635, 9;
0.015611, 9;
0.0161024, 9;
0.0147724, 9;
0.0160884, 9;
0.0139217, 9;
0.0152709, 9;
0.0156445, 9;
0.0156503, 9;
0.0150895, 9;
0.0153772, 9;
0.0161178, 9;
0.0153679, 9;
0.0160438, 9;
0.0155796, 9;
0.0163943, 9;
0.0150132, 9;
0.0149438, 9;
0.0149936, 9;
0.0158566, 9;
0.0155667, 9;
0.0155014, 9;
0.0149048, 9;
0.015029, 9;
0.0159316, 9;
0.0149557, 9;
0.015184, 9;
0.0163419, 9;
0.0146348, 9;
0.0160896, 9;
0.0153409, 9;
0.0150239, 9;
0.0147612, 9;
0.0151181, 9;
0.015232, 9;
0.0159931, 9;
0.0150139, 9;
0.0155482, 9;
0.016092, 9;
0.0159421, 9;
0.0157356, 9;
0.015258, 9;
0.0160366, 9;
0.0152276, 9;
0.0156212, 9;
0.0180601, 9;
0.0130419, 9;
0.0150398, 9;
0.0145856, 9;
0.0153888, 9;
0.0160565, 9;
0.015932, 9;
0.0160454, 9;
0.0160204, 9;
0.0163565, 9;
0.0145077, 9;
0.0157834, 9;
0.0150881, 9;
0.0164013, 9;
0.0146317, 9;
0.0148893, 9;
0.0154238, 9;
0.0146003, 9;
0.0149497, 9;
0.0149626, 9;
0.014944, 9;
0.0149741, 9;
0.0150349, 9;
0.0165884, 9;
0.0143926, 9;
0.0161554, 9;
0.0157419, 9;
0.0151154, 9;
0.0150551, 9;
0.0157478, 9;
0.0162174, 9;
0.0156993, 9;
0.0159865, 9;
0.0160349, 9;
0.0158713, 9;
0.0150472, 9;
0.0148837, 9;
0.0160945, 9;
0.0157591, 9;
0.0162712, 9;
0.0156528, 9;
0.0150415, 9;
0.0148943, 9;
0.0150673, 9;
0.0159243, 9;
0.0160238, 9;
0.0159674, 9;
0.0149766, 9;
0.015094, 9;
0.0162848, 9;
0.0165432, 9;
0.0140574, 9;
0.0165396, 9;
0.0143925, 9;
0.0149427, 9;
0.0151372, 9;
0.0149196, 9;
0.0149752, 9;
0.0159791, 9;
0.0150943, 9;
0.0157413, 9;
0.0159259, 9;
0.0161591, 9;
0.0160781, 9;
0.0159402, 9;
0.0160441, 9;
0.0145258, 9;
0.0150154, 9;
0.0156796, 9;
0.0154504, 9;
0.0148846, 9;
0.0148846, 9;
0.0153197, 9;
0.0158193, 9;
0.0148912, 9;
0.0150409, 9;
0.0159943, 9;
0.0155214, 9;
0.0155255, 9;
0.0158777, 9;
0.0158414, 9;
0.0160303, 9;
0.0159406, 9;
0.0150353, 9;
0.0149306, 9;
0.0156153, 9;
0.0157818, 9;
0.015661, 9;
0.015704, 9;
0.0151499, 9;
0.0151017, 9;
0.0158014, 9;
0.0164898, 9;
0.0154651, 9;
0.0149588, 9;
0.0149459, 9;
0.0159205, 9;
0.0160322, 9;
0.0150598, 9;
0.0148847, 9;
0.0155418, 9;
0.0159529, 9;
0.0165714, 9;
0.0147938, 9;
0.0152135, 9;
0.0148763, 9;
0.0150256, 9;
0.0154634, 9;
0.0159997, 9;
0.0160449, 9;
0.0159411, 9;
0.0161036, 9;
0.0151972, 9;
0.0147284, 9;
0.0149779, 9;
0.0151086, 9;
0.015863, 9;
0.0160117, 9;
0.0191044, 9;
0.0130297, 9;
0.015489, 9;
0.0152757, 9;
0.015981, 9;
0.0159793, 9;
0.0161104, 9;
0.0158601, 9;
0.016136, 9;
0.0148455, 9;
0.0149317, 9;
0.0160432, 9;
0.0160158, 9;
0.016099, 9;
0.0160349, 9;
0.0159868, 9;
0.0157657, 9;
0.0159376, 9;
0.0158824, 9;
0.0160077, 9;
0.0160615, 9;
0.0159774, 9;
0.0150496, 9;
0.0158133, 9;
0.0150531, 9;
0.0149173, 9;
0.0158464, 9;
0.0151323, 9;
0.0189242, 9;
0.0130728, 9;
0.015923, 9;
0.0160282, 9;
0.0159586, 9;
0.0149445, 9;
0.0149295, 9;
0.0163387, 9;
0.0145715, 9;
0.0149138, 9;
0.015985, 9;
0.0159723, 9;
0.0153879, 9;
0.0161993, 9;
0.0154667, 9;
0.0148577, 9;
0.0150803, 9;
0.0151241, 9;
0.0158945, 9;
0.0153333, 9;
0.0154274, 9;
0.0163085, 9;
0.0144486, 9;
0.0151605, 9;
0.0160468, 9;
0.0149068, 9;
0.0159019, 9;
0.0150525, 9;
0.0150839, 9;
0.0148702, 9;
0.0147371, 9;
0.0152293, 9;
0.0157172, 9;
0.0152713, 9;
0.0149133, 9;
0.0149353, 9;
0.0149904, 9;
0.0146797, 9;
0.0159246, 9;
0.0160792, 9;
0.0161566, 9;
0.0160864, 9;
0.0160184, 9;
0.0158843, 9;
0.014907, 9;
0.0159749, 9;
0.0147643, 9;
0.0151928, 9;
0.0160376, 9;
0.0150683, 9;
0.0148498, 9;
0.0160686, 9;
0.0149312, 9;
0.014921, 9;
0.01535, 9;
0.0157582, 9;
0.0160416, 9;
0.0148535, 9;
0.0155197, 9;
0.0152038, 9;
0.016038, 9;
0.0159415, 9;
0.0157638, 9;
0.015245, 9;
0.0160095, 9;
0.0148813, 9;
0.0149289, 9;
0.0154242, 9;
0.0155737, 9;
0.0150045, 9;
0.014906, 9;
0.0147767, 9;
0.0156832, 9;
0.0162764, 9;
0.0151607, 9;
0.0160222, 9;
0.0159884, 9;
0.0156529, 9;
0.0152152, 9;
0.0160136, 9;
0.0160964, 9;
0.015566, 9;
0.0153238, 9;
0.0161714, 9;
0.0147689, 9;
0.0148796, 9;
0.0149585, 9;
0.0149496, 9;
0.0161798, 9;
0.0155058, 9;
0.0149866, 9;
0.0154581, 9;
0.0146662, 9;
0.0150577, 9;
0.0150272, 9;
0.0161746, 9;
0.0147141, 9;
0.0175043, 9;
0.0135916, 9;
0.0149493, 9;
0.0164907, 9;
0.0158756, 9;
0.0155085, 9;
0.0159708, 9;
0.0160066, 9;
0.0158371, 9;
0.0160077, 9;
0.0159575, 9;
0.0161197, 9;
0.0146108, 9;
0.0150016, 9;
0.0162439, 9;
0.0161427, 9;
0.014717, 9;
0.0153826, 9;
0.015585, 9;
0.0146149, 9;
0.0152767, 9;
0.0159624, 9;
0.0161008, 9;
0.0148825, 9;
0.0149891, 9;
0.0155294, 9;
0.0164913, 9;
0.0157964, 9;
0.0158291, 9;
0.0152946, 9;
0.0148367, 9;
0.015084, 9;
0.0159113, 9;
0.0156678, 9;
0.015246, 9;
0.0160636, 9;
0.0160176, 9;
0.0148753, 9;
0.0148946, 9;
0.0160896, 9;
0.0160448, 9;
0.0158884, 9;
0.014948, 9;
0.0149795, 9;
0.0149462, 9;
0.0149066, 9;
0.0148784, 9;
0.0152596, 9;
0.0159829, 9;
0.0147861, 9;
0.0160018, 9;
0.0159802, 9;
0.0156161, 9;
0.0152893, 9;
0.0149833, 9;
0.0150406, 9;
0.0161266, 9;
0.0147335, 9;
0.014964, 9;
0.0161871, 9;
0.0148159, 9;
0.0159951, 9;
0.01612, 9;
0.0146981, 9;
0.0160667, 9;
0.0159035, 9;
0.0161182, 9;
0.015813, 9;
0.0159494, 9;
0.0160245, 9;
0.0159439, 9;
0.0160253, 9;
0.0149621, 9;
0.0150208, 9;
0.0159458, 9;
0.0159854, 9;
0.0158611, 9;
0.0157963, 9;
0.0158084, 9;
0.0154854, 9;
0.0180169, 9;
0.0139287, 9;
0.0169013, 9;
0.0140314, 9;
0.0159854, 9;
0.0150536, 9;
0.0149804, 9;
0.0160182, 9;
0.0149328, 9;
0.0149755, 9;
0.0160047, 9;
0.0149895, 9;
0.0156072, 9;
0.0153112, 9;
0.0162995, 9;
0.0144146, 9;
0.0156379, 9;
0.0148495, 9;
0.0150229, 9;
0.0160699, 9;
0.0148978, 9;
0.0160557, 9;
0.0158912, 9;
0.0160671, 9;
0.0160353, 9;
0.0160311, 9;
0.0158721, 9;
0.0151219, 9;
0.0213829, 9;
0.0105937, 9;
0.0140342, 9;
0.0244223, 9;
0.0075434, 9;
0.0137905, 9;
0.0150343, 9;
0.0160443, 9;
0.0148344, 9;
0.0150218, 9;
0.0159307, 9;
0.0150168, 9;
0.0163512, 9;
0.0148986, 9;
0.0153075, 9;
0.0151771, 9;
0.0155465, 9;
0.0159247, 9;
0.0164877, 9;
0.0155093, 9;
0.0160213, 9;
0.0159497, 9;
0.015969, 9;
0.0159897, 9;
0.0159686, 9;
0.0159865, 9;
0.014964, 9;
0.0152061, 9;
0.0153492, 9;
0.0156055, 9;
0.015316, 9;
0.0156748, 9;
0.0153571, 9;
0.0150095, 9;
0.0149682, 9;
0.0160472, 9;
0.0154041, 9;
0.0158963, 9;
0.0155437, 9;
0.0151715, 9;
0.0147178, 9;
0.0150294, 9;
0.0157749, 9;
0.0152802, 9;
0.0149101, 9;
0.0159483, 9;
0.0160613, 9;
0.0158559, 9;
0.0161734, 9;
0.0158716, 9;
0.0160961, 9;
0.0158472, 9;
0.0161044, 9;
0.0157949, 9;
0.0147875, 9;
0.0148869, 9;
0.0149809, 9;
0.0161953, 9;
0.0148506, 9;
0.0149707, 9;
0.0160879, 9;
0.0149019, 9;
0.015203, 9;
0.0159463, 9;
0.0147267, 9;
0.015755, 9;
0.0152551, 9;
0.0149442, 9;
0.0150927, 9;
0.0159462, 9;
0.0151105, 9;
0.0157802, 9;
0.015595, 9;
0.0143866, 9;
0.0165445, 9;
0.0154344, 9;
0.0160201, 9;
0.0164653, 9;
0.0153934, 9;
0.014976, 9;
0.0150448, 9;
0.0156532, 9;
0.0160517, 9;
0.0150403, 9;
0.015882, 9;
0.0151497, 9;
0.0159471, 9;
0.0150558, 9;
0.0150243, 9;
0.0148581, 9;
0.0159428, 9;
0.0149986, 9;
0.0154452, 9;
0.0145995, 9;
0.0158716, 9;
0.0160286, 9;
0.0150233, 9;
0.0149029, 9;
0.0160283, 9;
0.0153911, 9;
0.015204, 9;
0.0160683, 9;
0.0150709, 9;
0.0160071, 9;
0.0159948, 9;
0.015988, 9;
0.0159285, 9;
0.0159867, 9;
0.0160257, 9;
0.0148567, 9;
0.0160859, 9;
0.0148931, 9;
0.0150065, 9;
0.0162759, 9;
0.0146582, 9;
0.0160148, 9;
0.0159756, 9;
0.0163333, 9;
0.0156077, 9;
0.0169274, 9;
0.0151287, 9;
0.0157623, 9;
0.0159187, 9;
0.0160059, 9;
0.0160649, 9;
0.0159559, 9;
0.0159134, 9;
0.0160092, 9;
0.0160265, 9;
0.0159281, 9;
0.0160281, 9;
0.015929, 9;
0.0159806, 9;
0.0160173, 9;
0.0150399, 9;
0.0148778, 9;
0.0159065, 9;
0.016317, 9;
0.0163292, 9;
0.0142874, 9;
0.0150094, 9;
0.0146996, 9;
0.0149778, 9;
0.0150457, 9;
0.0152237, 9;
0.0158, 9;
0.0153638, 9;
0.0158967, 9;
0.0159592, 9;
0.0156657, 9;
0.0151086, 9;
0.015925, 9;
0.0148933, 9;
