0.109977;
0.107906;
0.107947;
0.109903;
0.109921;
0.105978;
0.109966;
0.108861;
0.107937;
0.108991;
0.128944;
0.120412;
0.104822;
0.110542;
0.115812;
0.10922;
0.115571;
0.106938;
0.106998;
0.107923;
0.106899;
0.108309;
0.107571;
0.107911;
0.10986;
0.110929;
0.106592;
0.10687;
0.107742;
0.107839;
0.108902;
0.110854;
0.108849;
0.10767;
0.106027;
0.105796;
0.107637;
0.107963;
0.109891;
0.107714;
0.109851;
0.109774;
0.111173;
0.111319;
0.104884;
0.107717;
0.111051;
0.12262;
0.110377;
0.109256;
0.107241;
0.111459;
0.109724;
0.110827;
0.1068;
0.108949;
0.106709;
0.108927;
0.110754;
0.109622;
0.108964;
0.107927;
0.109243;
0.108663;
0.107134;
0.108201;
0.107665;
0.110874;
0.10782;
0.110015;
0.10661;
0.108906;
0.106625;
0.107548;
0.109265;
0.109711;
0.107834;
0.109489;
0.107089;
0.10985;
0.106854;
0.107878;
0.109683;
0.107862;
0.108904;
0.108691;
0.106718;
0.107979;
0.105806;
0.108262;
0.10901;
0.10781;
0.109203;
0.109673;
0.109911;
0.107799;
0.10879;
0.110874;
0.106809;
0.110798;
0.106125;
0.111513;
0.110947;
0.10971;
0.120085;
0.112466;
0.111875;
0.106734;
0.106943;
0.106747;
0.107807;
0.107984;
0.108683;
0.10684;
0.109499;
0.111144;
0.108166;
0.111445;
0.106314;
0.108287;
0.107661;
0.110583;
0.11249;
0.107606;
0.106785;
0.106775;
0.105838;
0.107927;
0.111264;
0.108835;
0.111274;
0.107746;
0.10894;
0.108686;
0.106856;
0.110786;
0.109965;
0.10865;
0.106953;
0.107218;
0.109303;
0.10986;
0.107886;
0.106649;
0.11115;
0.109576;
0.111849;
0.107733;
0.108952;
0.106791;
0.111099;
0.109473;
0.107;
0.108637;
0.109677;
0.108502;
0.108839;
0.10987;
0.108179;
0.105713;
0.110015;
0.107785;
0.108519;
0.111929;
0.108843;
0.107707;
0.112167;
0.107607;
0.10887;
0.109762;
0.106821;
0.109997;
0.108741;
0.10857;
0.106101;
0.110677;
0.106662;
0.107831;
0.110085;
0.107439;
0.109099;
0.106607;
0.107976;
0.111848;
0.109771;
0.108757;
0.106957;
0.109721;
0.111578;
0.110152;
0.109351;
0.109123;
0.107838;
0.11097;
0.109704;
0.106335;
0.110732;
0.109304;
0.10841;
0.110209;
0.110903;
0.106725;
0.106858;
0.106791;
0.107785;
0.106876;
0.109336;
0.106247;
0.107907;
0.10579;
0.107803;
0.109937;
0.107754;
0.109793;
0.1098;
0.107815;
0.107774;
0.10713;
0.109464;
0.106845;
0.107768;
0.107507;
0.111181;
0.109085;
0.109515;
0.106817;
0.110005;
0.10867;
0.111858;
0.109789;
0.106837;
0.107834;
0.111839;
0.107793;
0.107805;
0.109662;
0.106921;
0.110593;
0.107837;
0.108092;
0.107749;
0.107897;
0.109736;
0.109323;
0.111393;
0.109804;
0.108788;
0.111964;
0.107759;
0.106385;
0.109103;
0.106827;
0.107894;
0.10783;
0.108767;
0.106476;
0.11017;
0.109866;
0.108851;
0.106742;
0.107821;
0.111819;
0.108831;
0.111088;
0.108487;
0.108651;
0.107014;
0.107949;
0.110692;
0.108725;
0.110865;
0.110864;
0.109845;
0.105618;
0.107819;
0.109885;
0.107814;
0.108076;
0.10669;
0.109817;
0.109698;
0.108676;
0.106914;
0.109037;
0.108686;
0.10776;
0.107827;
0.107915;
0.111733;
0.109034;
0.1085;
0.109029;
0.109083;
0.108363;
0.108713;
0.106887;
0.1078;
0.110942;
0.110188;
0.111451;
0.110395;
0.108292;
0.106807;
0.107632;
0.109341;
0.107328;
0.10778;
0.108911;
0.107771;
0.106896;
0.107781;
0.109865;
0.108804;
0.108764;
0.109849;
0.111704;
0.110851;
0.107764;
0.106861;
0.11937;
0.103036;
0.107302;
0.110347;
0.110056;
0.112045;
0.109749;
0.111703;
0.107731;
0.107817;
0.10648;
0.111279;
0.109716;
0.108742;
0.108841;
0.106801;
0.108767;
0.109962;
0.111677;
0.111083;
0.106619;
0.110808;
0.107871;
0.107798;
0.109359;
0.11029;
0.109875;
0.108701;
0.106694;
0.105881;
0.108816;
0.108407;
0.111161;
0.111261;
0.108508;
0.109976;
0.109715;
0.110503;
0.107402;
0.110719;
0.110674;
0.106756;
0.108713;
0.111806;
0.110347;
0.111309;
0.106871;
0.107878;
0.107717;
0.109917;
0.108095;
0.107459;
0.107093;
0.110583;
0.109806;
0.105753;
0.109087;
0.109618;
0.10886;
0.110001;
0.109;
0.106367;
0.108004;
0.107695;
0.107844;
0.10709;
0.106426;
0.110653;
0.107968;
0.109929;
0.107782;
0.109933;
0.109744;
0.113494;
0.10723;
0.106633;
0.107772;
0.108616;
0.108168;
0.10684;
0.111754;
0.106458;
0.107109;
0.107823;
0.104915;
0.107703;
0.106823;
0.10985;
0.109768;
0.109875;
0.109881;
0.10939;
0.108479;
0.107423;
0.107962;
0.107629;
0.108897;
0.10884;
0.108805;
0.105848;
0.108909;
0.110056;
0.112729;
0.103676;
0.109817;
0.109717;
0.108949;
0.111651;
0.11183;
0.110797;
0.108696;
0.109896;
0.107377;
0.107229;
0.107929;
0.109688;
0.110979;
0.108844;
0.111792;
0.107834;
0.109758;
0.107759;
0.106712;
0.109959;
0.107765;
0.110828;
0.106633;
0.11017;
0.105545;
0.107844;
0.109895;
0.106923;
0.109635;
0.110675;
0.108043;
0.107843;
0.109569;
0.108892;
0.108601;
0.11003;
0.107879;
0.11002;
0.111627;
0.107704;
0.109231;
0.108492;
0.110632;
0.110976;
0.107932;
0.108668;
0.106883;
0.10776;
0.108918;
0.106679;
0.107991;
0.109798;
0.108891;
0.10768;
0.108763;
0.10982;
0.107878;
0.107827;
0.109026;
0.109567;
0.108938;
0.111616;
0.106488;
0.111284;
0.108777;
0.109789;
0.110879;
0.109145;
0.110689;
0.111568;
0.107702;
0.108132;
0.109565;
0.108645;
0.108166;
0.110771;
0.107776;
0.108725;
0.108921;
0.109815;
0.108741;
0.108691;
0.108961;
0.109355;
0.108136;
0.109975;
0.11084;
0.106618;
0.109022;
0.108476;
0.107232;
0.107736;
0.108816;
0.109819;
0.105728;
0.108808;
0.109917;
0.108886;
0.110117;
0.107051;
0.108214;
0.108554;
0.108993;
0.107547;
0.107096;
0.106914;
0.106768;
0.111806;
0.109847;
0.111842;
0.107726;
0.106782;
0.108343;
0.11029;
0.111308;
0.108375;
0.109794;
0.106789;
0.109868;
0.108846;
0.11069;
0.108221;
0.112587;
0.107677;
0.106889;
0.109287;
0.108759;
0.108163;
0.10906;
0.109804;
0.107849;
0.109673;
0.109851;
0.108384;
0.109382;
0.10765;
0.111692;
0.109982;
0.107059;
0.110109;
0.109211;
0.109903;
0.109201;
0.109384;
0.109847;
0.107858;
0.10885;
0.108995;
0.105582;
0.106788;
0.110744;
0.11031;
0.109277;
0.106541;
0.11025;
0.109906;
0.110195;
0.111298;
0.108975;
0.106912;
0.108758;
0.108458;
0.107934;
0.111843;
0.110435;
0.106218;
0.110824;
0.110494;
0.111011;
0.10588;
0.111947;
0.108694;
0.109826;
0.106847;
0.108744;
0.107804;
0.107147;
0.106509;
0.105869;
0.107749;
0.108854;
0.108552;
0.106084;
0.108842;
0.111907;
0.109568;
0.10891;
0.108008;
0.106961;
0.108482;
0.107827;
0.106602;
0.110705;
0.111086;
0.107839;
0.107823;
0.11312;
0.108356;
0.111044;
0.105999;
0.108618;
0.108671;
0.108916;
0.106751;
0.108104;
0.110458;
0.109948;
0.10757;
0.10897;
0.108741;
0.109918;
0.110806;
0.108442;
0.108213;
0.10976;
0.10968;
0.107287;
0.10935;
0.108712;
0.109027;
0.108779;
0.107952;
0.107709;
0.108655;
0.106822;
0.109851;
0.107895;
0.10675;
0.110803;
0.109784;
0.107938;
0.107739;
0.107849;
0.108942;
0.105672;
0.108918;
0.106694;
0.10691;
0.108811;
0.109716;
0.10961;
0.111063;
0.106391;
0.111308;
0.107695;
0.109823;
0.10789;
0.10881;
0.107775;
0.111869;
0.109161;
0.107438;
0.106042;
0.108579;
0.109828;
0.106771;
0.107804;
0.110653;
0.122865;
0.108329;
0.106492;
0.107737;
0.110937;
0.110876;
0.10871;
0.109802;
0.109692;
0.111344;
0.108337;
0.108272;
0.107372;
0.108596;
0.109555;
0.10911;
0.108065;
0.107217;
0.107283;
0.10996;
0.110629;
0.110718;
0.107021;
0.110874;
0.110849;
0.107629;
0.10799;
0.108757;
0.107717;
0.11111;
0.107537;
0.108696;
0.110087;
0.110632;
0.10892;
0.111217;
0.109496;
0.105707;
0.10977;
0.107822;
0.107394;
0.111272;
0.108772;
0.111972;
0.105732;
0.107777;
0.108175;
0.108383;
0.106911;
0.109747;
0.10594;
0.110826;
0.108716;
0.112042;
0.10908;
0.107762;
0.107443;
0.109009;
0.110638;
0.107731;
0.106897;
0.106912;
0.108058;
0.112424;
0.10674;
0.108843;
0.105831;
0.107943;
0.111756;
0.109806;
0.111022;
0.11045;
0.108921;
0.108277;
0.109363;
0.108961;
0.108609;
0.107096;
0.106577;
0.109856;
0.109743;
0.107901;
0.106888;
0.106552;
0.11095;
0.111164;
0.111499;
0.108734;
0.111764;
0.106118;
0.107595;
0.111705;
0.107966;
0.108902;
0.107231;
0.106708;
0.109328;
0.111691;
0.108944;
0.108287;
0.108787;
0.108215;
0.107914;
0.107925;
0.108731;
0.105381;
0.108118;
0.108023;
0.10972;
0.109755;
0.106892;
0.107039;
0.108936;
0.112028;
0.117233;
0.106856;
0.107995;
0.109578;
0.105666;
0.107042;
0.106803;
0.110933;
0.107738;
0.10794;
0.105837;
0.106642;
0.10915;
0.110672;
0.109811;
0.112528;
0.106635;
0.107307;
0.10634;
0.109695;
0.110244;
0.109046;
0.111542;
0.106596;
0.111315;
0.111653;
0.110295;
0.109299;
0.107508;
0.106342;
0.108522;
0.105906;
0.109726;
0.110882;
0.108694;
0.108027;
0.107631;
0.109937;
0.109795;
0.110519;
0.110275;
0.106592;
0.106942;
0.108189;
0.111284;
0.109991;
0.108664;
0.11104;
0.11069;
0.110734;
0.107842;
0.108012;
0.110634;
0.107785;
0.106865;
0.109156;
0.108324;
0.110082;
0.106758;
0.109808;
0.111269;
0.109293;
0.107781;
0.110922;
0.108079;
0.109666;
0.110677;
0.110302;
0.107406;
0.106793;
0.108808;
0.111537;
0.108975;
0.10882;
0.106852;
0.109879;
0.110675;
0.10965;
0.106091;
0.110789;
0.109838;
0.10683;
0.107792;
0.108424;
0.107208;
0.110565;
0.109695;
0.109165;
0.10638;
0.108354;
0.110895;
0.108624;
0.106568;
0.110111;
0.111839;
0.106786;
0.108694;
0.107455;
0.108135;
0.110878;
0.10789;
0.108918;
0.109123;
0.108448;
0.110968;
0.108123;
0.10838;
0.106838;
0.10886;
0.111759;
0.106965;
0.109601;
0.108841;
0.108935;
0.107642;
0.10555;
0.109159;
0.109226;
0.108508;
0.108835;
0.108699;
0.108788;
0.108881;
0.107756;
0.106828;
0.109659;
0.109646;
0.109117;
0.110923;
0.110439;
0.110127;
0.108976;
0.111058;
0.106824;
0.109534;
0.106677;
0.107736;
0.108703;
0.108986;
0.110737;
0.109987;
0.10769;
0.109374;
0.108159;
0.107988;
0.109828;
0.107623;
0.111911;
0.107501;
0.109178;
0.110872;
0.107779;
0.11113;
0.106438;
0.108902;
0.108735;
0.106924;
0.109742;
0.109727;
0.110629;
0.109243;
0.106611;
0.108947;
0.10877;
0.106842;
0.109262;
0.109341;
0.111679;
0.109933;
0.112407;
0.110168;
0.107465;
0.110392;
0.107638;
0.113038;
0.108509;
0.109961;
0.106725;
0.109948;
0.106909;
0.110426;
0.108021;
0.107884;
0.107718;
0.110886;
0.110699;
0.109141;
0.109488;
0.107675;
0.110014;
0.109942;
0.107727;
0.109909;
0.110904;
0.109593;
0.109139;
0.105526;
0.106797;
0.10896;
0.10862;
0.107973;
0.110858;
0.108736;
0.109996;
0.108462;
0.10681;
0.106816;
0.112018;
0.10782;
0.108637;
0.109914;
0.111795;
0.111137;
0.107429;
0.106712;
0.10705;
0.106721;
0.10681;
0.111678;
0.108717;
0.107872;
0.108046;
0.109715;
0.104952;
0.109873;
0.107739;
0.109085;
0.106507;
0.108889;
0.107449;
0.107721;
0.109753;
0.110891;
0.108257;
0.107326;
0.107761;
0.109552;
0.106589;
0.105901;
0.107761;
0.11;
0.10862;
0.10893;
0.110781;
0.106775;
0.107779;
0.113849;
0.104803;
0.110092;
0.10947;
0.107023;
0.107697;
0.109967;
0.109682;
0.110833;
0.111792;
0.108035;
0.108557;
0.10994;
0.109437;
0.107093;
0.109892;
0.107936;
0.109769;
0.109348;
0.109192;
0.108624;
0.10911;
0.108622;
0.107924;
0.109696;
0.108888;
0.107785;
0.109846;
0.10882;
0.10846;
0.111211;
0.111362;
0.110247;
0.108894;
0.10874;
0.106759;
0.110969;
0.107704;
0.106797;
0.107007;
0.120564;
0.113622;
0.109169;
0.109776;
0.152703;
0.107731;
0.109093;
0.110877;
0.107256;
0.106445;
0.107512;
0.106814;
0.107212;
0.111494;
0.109914;
0.109826;
0.115589;
0.104822;
0.10991;
0.107968;
0.108294;
0.107235;
0.1049;
0.111621;
0.10848;
0.110246;
0.105723;
0.10779;
0.109877;
0.111782;
0.109401;
0.110372;
0.10864;
0.106722;
0.108802;
0.108472;
0.109335;
0.106772;
0.106902;
0.110867;
0.10684;
0.108752;
0.109875;
0.107773;
0.10571;
0.109008;
0.107771;
0.107811;
0.109756;
0.108714;
0.106841;
0.108666;
0.109079;
0.107684;
0.110035;
0.110164;
0.107208;
0.110857;
0.10984;
0.107727;
0.110913;
0.111821;
0.109896;
0.109771;
0.110751;
0.109932;
0.110713;
0.106011;
0.108814;
0.109572;
0.10998;
0.110751;
0.108873;
0.104733;
0.107885;
0.106753;
0.110993;
0.106711;
0.110877;
0.108793;
0.109827;
0.1097;
0.108525;
0.109027;
0.109506;
0.110174;
0.10903;
0.108689;
0.1108;
0.107728;
0.109876;
0.106734;
0.106918;
0.106773;
0.109025;
0.107865;
0.10668;
0.11091;
0.110005;
0.111077;
0.108232;
0.111891;
0.107954;
0.107625;
0.108769;
0.106608;
0.107971;
0.109918;
0.109689;
0.107999;
0.107832;
0.110604;
0.107818;
0.109885;
0.108039;
0.108543;
0.108871;
0.105798;
0.107931;
0.109772;
0.108141;
0.111407;
0.111006;
0.111369;
0.109938;
0.110001;
0.106746;
0.108543;
0.110199;
0.110962;
0.108808;
0.109699;
0.108948;
0.108698;
0.109989;
0.106647;
0.109143;
0.110507;
0.107016;
0.110532;
0.109784;
0.110251;
0.10838;
0.108902;
0.108694;
0.107025;
0.107633;
0.106601;
0.111187;
0.109311;
0.109536;
0.10961;
0.110619;
0.110605;
0.109005;
0.10706;
0.108111;
0.107452;
0.1088;
0.106836;
0.108772;
0.105938;
0.107717;
0.106517;
0.111129;
0.109791;
0.106693;
0.109301;
0.109517;
0.107776;
0.109821;
0.109782;
0.109817;
0.109831;
0.109847;
0.106727;
0.110732;
0.107945;
0.108523;
0.107922;
0.11204;
0.107788;
0.109926;
0.108785;
0.108764;
0.109796;
0.109757;
0.106931;
0.107418;
0.111203;
0.111786;
0.106759;
0.109375;
0.110305;
0.108556;
0.10912;
0.107856;
0.108798;
0.10972;
0.107794;
0.108942;
0.107381;
0.110227;
0.110281;
0.107273;
0.108958;
0.107864;
0.109723;
0.110578;
0.107915;
0.111977;
0.10985;
0.109975;
0.108493;
0.11088;
0.109207;
0.107733;
0.108579;
0.107816;
0.106772;
0.10996;
0.111358;
0.111344;
0.106292;
0.107244;
0.108712;
0.107873;
0.108801;
0.110874;
0.109717;
0.108041;
0.109628;
0.109682;
0.108003;
0.10869;
0.110855;
0.108468;
0.106601;
0.109322;
0.10548;
0.10722;
0.109843;
0.110951;
0.111879;
0.106496;
0.106438;
0.109271;
0.105757;
0.111812;
0.11005;
0.106496;
0.108943;
0.108869;
0.108292;
0.10627;
0.106889;
0.108752;
0.106837;
0.110781;
0.10889;
0.109727;
0.10687;
0.106758;
0.110191;
0.107445;
0.109917;
0.10974;
0.105822;
0.10672;
0.10692;
0.106899;
0.109733;
0.110679;
0.109957;
0.107803;
0.108863;
0.107885;
0.108808;
0.111055;
0.10712;
0.107429;
0.109668;
0.107692;
0.109851;
0.109996;
0.107705;
0.107771;
0.107191;
0.109389;
0.110337;
0.106377;
0.107933;
0.106886;
0.108716;
0.111699;
0.106857;
0.108927;
0.108754;
0.107779;
0.109807;
0.109878;
0.110699;
0.10788;
0.107781;
0.107809;
0.110253;
0.108631;
0.109206;
0.109179;
0.109009;
0.108585;
0.113874;
0.107794;
0.108967;
0.109985;
0.108722;
0.106609;
0.10687;
0.108895;
0.11342;
0.106521;
0.110407;
0.109727;
0.107827;
0.109838;
0.110323;
0.109452;
0.111786;
0.106858;
0.108697;
0.111025;
0.107561;
0.107593;
0.108222;
0.108441;
0.107935;
0.10899;
0.10985;
0.109995;
0.111541;
0.110611;
0.105005;
0.108886;
0.109727;
0.109864;
0.109811;
0.107712;
0.107966;
0.112379;
0.109167;
0.109881;
0.104767;
0.108545;
0.111152;
0.111827;
0.10808;
0.109515;
0.108737;
0.110435;
0.110313;
0.10926;
0.108299;
0.105802;
0.10979;
0.109877;
0.109707;
0.109832;
0.109784;
0.107682;
0.111063;
0.109907;
0.107643;
0.1069;
0.109736;
0.107759;
0.107914;
0.106413;
0.111116;
0.106906;
0.110776;
0.108428;
0.108197;
0.111853;
0.10677;
0.109835;
0.106833;
0.109949;
0.109678;
0.107886;
0.109682;
0.10917;
0.11045;
0.109687;
0.110295;
0.110279;
0.108557;
0.109787;
0.109007;
0.108043;
0.111275;
0.111312;
0.108501;
0.107121;
0.110648;
0.110146;
0.10876;
0.10693;
0.11017;
0.107331;
0.106844;
0.106742;
0.106788;
0.105854;
0.108054;
0.10861;
0.1078;
0.104838;
0.108841;
0.110831;
0.108922;
0.111347;
0.107067;
0.106856;
0.110104;
0.11047;
0.110799;
0.11001;
0.105772;
0.104743;
0.10487;
0.106989;
0.10764;
0.105822;
0.111288;
0.106455;
0.106905;
0.106431;
0.107986;
0.10872;
0.110213;
0.109402;
0.112138;
0.109512;
0.111395;
0.107331;
0.10762;
0.111063;
0.108936;
0.110603;
0.112029;
0.107154;
0.107362;
0.106798;
0.105847;
0.109645;
0.108904;
0.108877;
0.108965;
0.106652;
0.108815;
0.111135;
0.105587;
0.105649;
0.107858;
0.109785;
0.106846;
0.106398;
0.110245;
0.109882;
0.10872;
0.10762;
0.107924;
0.108618;
0.11021;
0.10731;
0.111284;
0.109738;
0.106847;
0.111871;
0.107724;
0.107934;
0.106705;
0.107742;
0.108747;
0.106804;
0.110324;
0.109527;
0.108825;
0.111756;
0.107909;
0.10683;
0.107559;
0.106982;
0.10836;
0.107241;
0.109013;
0.111792;
0.106782;
0.107918;
0.107723;
0.110718;
0.111403;
0.109321;
0.11164;
0.106924;
0.106913;
0.109723;
0.110924;
0.109729;
0.106776;
0.106803;
0.109119;
0.110566;
0.108844;
0.111709;
0.110952;
0.106728;
0.10779;
0.111854;
0.110698;
0.110952;
0.108784;
0.107824;
0.109892;
0.106654;
0.109868;
0.108691;
0.108572;
0.109697;
0.108751;
0.10955;
0.108553;
0.108833;
0.109389;
0.1073;
0.108877;
0.108602;
0.110625;
0.1062;
0.107731;
0.109076;
0.10859;
0.10727;
0.10946;
0.110747;
0.108999;
0.10563;
0.107847;
0.108716;
0.11145;
0.106136;
0.10999;
0.106873;
0.1077;
0.106811;
0.110912;
0.108718;
0.107675;
0.106928;
0.107814;
0.107827;
0.108914;
0.105835;
0.106727;
0.108774;
0.110037;
0.105965;
0.109684;
0.108956;
0.108388;
0.111848;
0.111441;
0.108386;
0.10739;
0.106093;
0.107037;
0.108639;
0.108838;
0.109782;
0.108708;
0.108996;
0.107807;
0.1095;
0.107026;
0.105747;
0.108867;
0.106675;
0.108914;
0.10794;
0.107673;
0.109985;
0.109651;
0.107868;
0.108841;
0.107872;
0.106699;
0.110942;
0.108692;
0.109921;
0.111691;
0.10855;
0.10822;
0.107286;
0.107255;
0.107905;
0.109854;
0.107698;
0.11076;
0.108552;
0.108159;
0.108649;
0.106917;
0.109267;
0.106879;
0.109301;
0.106871;
0.109753;
0.107953;
0.107673;
0.108517;
0.10993;
0.106835;
0.10699;
0.10784;
0.108813;
0.106657;
0.107129;
0.106808;
0.107701;
0.106105;
0.111705;
0.107713;
0.108738;
0.107871;
0.111028;
0.105557;
0.111858;
0.110396;
0.109341;
0.109431;
0.107062;
0.110224;
0.11036;
0.10979;
0.108891;
0.105742;
0.108508;
0.110162;
0.109239;
0.108361;
0.108465;
0.109117;
0.109563;
0.109027;
0.107025;
0.110721;
0.10875;
0.111784;
0.10813;
0.108499;
0.110875;
0.110808;
0.10887;
0.106628;
0.108067;
0.108242;
0.111291;
0.109813;
0.111266;
0.108817;
0.107066;
0.109224;
0.111718;
0.107561;
0.110055;
0.10887;
0.108281;
0.111359;
0.106687;
0.110833;
0.105802;
0.106824;
0.10992;
0.108634;
0.10985;
0.107784;
0.106963;
0.108649;
0.107882;
0.106381;
0.11042;
0.105603;
0.10958;
0.111066;
0.106691;
0.10693;
0.108568;
0.110156;
0.107802;
0.110735;
0.110293;
0.107629;
0.109064;
0.109532;
0.107653;
0.107718;
0.108926;
0.107564;
0.107863;
0.109924;
0.10881;
0.10964;
0.107964;
0.107457;
0.107196;
0.106927;
0.108714;
0.10673;
0.109889;
0.10669;
0.10877;
0.104831;
0.110618;
0.109748;
0.108139;
0.107998;
0.106643;
0.108413;
0.108319;
0.111172;
0.106301;
0.108856;
0.10811;
0.107002;
0.10933;
0.111121;
0.109454;
0.10928;
0.108117;
0.109049;
0.108929;
0.109769;
0.107126;
0.107483;
0.108918;
0.107753;
0.109033;
0.109193;
0.108294;
0.10826;
0.11038;
0.108946;
0.109659;
0.107766;
0.110223;
0.111384;
0.109486;
0.106202;
0.107775;
0.10772;
0.109279;
0.108427;
0.108892;
0.109773;
0.108711;
0.108952;
0.110872;
0.108773;
0.11167;
0.109812;
0.106855;
0.106866;
0.10788;
0.109724;
0.106803;
0.105819;
0.110895;
0.112355;
0.105226;
0.107853;
0.109887;
0.108725;
0.109793;
0.107452;
0.10966;
0.111195;
0.105926;
0.110286;
0.107273;
0.110951;
0.108758;
0.109822;
0.106779;
0.112702;
0.108969;
0.106632;
0.10708;
0.108224;
0.108506;
0.106619;
0.106851;
0.110875;
0.108764;
0.109711;
0.111331;
0.107346;
0.111026;
0.109039;
0.109386;
0.109773;
0.110943;
0.111909;
0.10659;
0.107901;
0.105736;
0.110793;
0.107885;
0.107773;
0.108808;
0.10988;
0.110769;
0.108662;
0.109963;
0.109811;
0.107803;
0.109848;
0.109824;
0.107681;
0.110992;
0.111447;
0.107059;
0.10982;
0.109866;
0.108766;
0.107612;
0.110012;
0.110327;
0.109076;
0.108002;
0.107617;
0.10897;
0.108913;
0.10656;
0.10913;
0.108042;
0.10754;
0.1118;
0.10941;
0.110245;
0.10872;
0.106788;
0.108271;
0.109105;
0.108121;
0.106979;
0.107037;
0.111966;
0.107477;
0.111762;
0.107998;
0.110034;
0.107076;
0.110075;
0.111271;
0.109349;
0.111027;
0.107238;
0.111063;
0.111057;
0.110664;
0.108749;
0.10589;
0.107725;
0.106811;
0.109865;
0.110834;
0.109867;
0.10693;
0.107928;
0.110469;
0.106952;
0.110824;
0.109556;
0.107952;
0.109804;
0.10894;
0.108963;
0.110416;
0.109917;
0.111902;
0.109874;
0.105611;
0.107944;
0.106807;
0.107848;
0.107892;
0.109723;
0.106996;
0.111633;
0.11229;
0.119751;
0.108325;
0.110912;
0.110203;
0.107532;
0.108332;
0.109207;
0.107782;
0.10777;
0.105905;
0.106739;
0.112105;
0.109033;
0.111074;
0.10606;
0.106847;
0.109707;
0.111471;
0.108111;
0.107951;
0.109738;
0.109867;
0.109884;
0.109765;
0.106841;
0.10786;
0.108779;
0.108847;
0.106748;
0.110886;
0.11197;
0.108619;
0.109437;
0.110548;
0.109581;
0.108213;
0.111437;
0.108779;
0.107703;
0.10583;
0.105777;
0.107874;
0.108823;
0.108852;
0.110417;
0.111261;
0.107794;
0.106703;
0.10783;
0.109954;
0.108751;
0.107427;
0.108143;
0.10565;
0.110983;
