0.108547;
0.111254;
0.110076;
0.108651;
0.108117;
0.111821;
0.107971;
0.111147;
0.104617;
0.104932;
0.106933;
0.118816;
0.114872;
0.108277;
0.109338;
0.116025;
0.118964;
0.106011;
0.108923;
0.107965;
0.11003;
0.112225;
0.107546;
0.106936;
0.108932;
0.108038;
0.10776;
0.110781;
0.111755;
0.1078;
0.111836;
0.111658;
0.109882;
0.109797;
0.109639;
0.107045;
0.109679;
0.10789;
0.105737;
0.107474;
0.108014;
0.108902;
0.109837;
0.109638;
0.110971;
0.10856;
0.110324;
0.111379;
0.110036;
0.109427;
0.109322;
0.109738;
0.109359;
0.10581;
0.107707;
0.108804;
0.108859;
0.106718;
0.111765;
0.109178;
0.109393;
0.10763;
0.108934;
0.109574;
0.108931;
0.111838;
0.105559;
0.108948;
0.111883;
0.105918;
0.105619;
0.109182;
0.11037;
0.125713;
0.105792;
0.109937;
0.109748;
0.10886;
0.111806;
0.108648;
0.10586;
0.107286;
0.110056;
0.1079;
0.108881;
0.108711;
0.108827;
0.108749;
0.108817;
0.110136;
0.109788;
0.106397;
0.111655;
0.109995;
0.107803;
0.107125;
0.107339;
0.105859;
0.106798;
0.109816;
0.10781;
0.106757;
0.107188;
0.108378;
0.106805;
0.106682;
0.109731;
0.108938;
0.108799;
0.106745;
0.110781;
0.107555;
0.111059;
0.11046;
0.110113;
0.108116;
0.109356;
0.11258;
0.109992;
0.110824;
0.110736;
0.109865;
0.107741;
0.107777;
0.106809;
0.106748;
0.107758;
0.108896;
0.109814;
0.107825;
0.10674;
0.107775;
0.107729;
0.110719;
0.11189;
0.109546;
0.107157;
0.110743;
0.107062;
0.110587;
0.109619;
0.110857;
0.110734;
0.110762;
0.109871;
0.109727;
0.106943;
0.108222;
0.107184;
0.10781;
0.107381;
0.110859;
0.109288;
0.110672;
0.108064;
0.108947;
0.110311;
0.110807;
0.106835;
0.10777;
0.108501;
0.106902;
0.110898;
0.110847;
0.105674;
0.108779;
0.111282;
0.108479;
0.108652;
0.108127;
0.107902;
0.10755;
0.11049;
0.108762;
0.108931;
0.107716;
0.107756;
0.111894;
0.109756;
0.109826;
0.108041;
0.107322;
0.110794;
0.111798;
0.107919;
0.107525;
0.108679;
0.110926;
0.105546;
0.108456;
0.108361;
0.105895;
0.107734;
0.111868;
0.109655;
0.10979;
0.107676;
0.106895;
0.109044;
0.107423;
0.10937;
0.111129;
0.106982;
0.110068;
0.109354;
0.107726;
0.110825;
0.107555;
0.10996;
0.106004;
0.109489;
0.108969;
0.109474;
0.109715;
0.107089;
0.109397;
0.106871;
0.109338;
0.11043;
0.106793;
0.110965;
0.109596;
0.107738;
0.110792;
0.107543;
0.110072;
0.107336;
0.108968;
0.108615;
0.109199;
0.108813;
0.111718;
0.10584;
0.10571;
0.107346;
0.108172;
0.107894;
0.109741;
0.111265;
0.107256;
0.109892;
0.109762;
0.109162;
0.10976;
0.111514;
0.105605;
0.108816;
0.107773;
0.106765;
0.110341;
0.106298;
0.108581;
0.105779;
0.11188;
0.107672;
0.109812;
0.106868;
0.10891;
0.110961;
0.106912;
0.108034;
0.107069;
0.110677;
0.107871;
0.109929;
0.110632;
0.107702;
0.107796;
0.110461;
0.111085;
0.107809;
0.110731;
0.107815;
0.104758;
0.107706;
0.10674;
0.107514;
0.110755;
0.107772;
0.109233;
0.108774;
0.108404;
0.111031;
0.109805;
0.113592;
0.102843;
0.11164;
0.109961;
0.106872;
0.107635;
0.108909;
0.108717;
0.1099;
0.107621;
0.108014;
0.108198;
0.108212;
0.110785;
0.106922;
0.108582;
0.109199;
0.111308;
0.108731;
0.107974;
0.11074;
0.108772;
0.108179;
0.108836;
0.108198;
0.106756;
0.106545;
0.110243;
0.110997;
0.109612;
0.105685;
0.108062;
0.106377;
0.109932;
0.109671;
0.109711;
0.10745;
0.109212;
0.111768;
0.10874;
0.11075;
0.107564;
0.107024;
0.107651;
0.107829;
0.109779;
0.110831;
0.108412;
0.109993;
