0.11316;
0.105507;
0.10597;
0.106931;
0.110037;
0.107824;
0.105909;
0.109936;
0.111554;
0.110612;
0.124269;
0.120362;
0.105883;
0.114875;
0.137292;
0.11144;
0.109932;
0.107914;
0.106961;
0.10821;
0.106508;
0.10781;
0.109977;
0.109959;
0.108888;
0.108021;
0.107902;
0.109996;
0.109908;
0.115328;
0.117833;
0.107865;
0.109077;
0.105696;
0.107634;
0.108278;
0.107629;
0.107438;
0.109458;
0.108027;
0.106857;
0.108027;
0.107754;
0.109505;
0.107283;
0.108673;
0.106914;
0.110612;
0.105618;
0.108309;
0.107334;
0.107735;
0.109494;
0.109242;
0.108629;
0.111363;
0.108785;
0.109325;
0.109544;
0.108936;
0.108763;
0.10768;
0.108601;
0.108341;
0.107412;
0.108234;
0.108083;
0.107472;
0.109826;
0.108827;
0.108476;
0.111282;
0.107472;
0.108221;
0.109747;
0.114284;
0.120222;
0.107552;
0.110564;
0.106292;
0.110688;
0.107074;
0.109564;
0.120114;
0.111784;
0.141527;
0.108886;
0.106591;
0.107994;
0.109918;
0.106894;
0.107192;
0.109193;
0.106613;
0.109919;
0.107013;
0.108856;
0.112089;
0.107698;
0.110019;
0.111142;
0.109907;
0.108922;
0.10672;
0.109888;
0.107963;
0.109961;
0.10993;
0.10731;
0.125299;
0.261315;
0.200985;
0.189185;
0.117788;
0.114669;
0.167329;
0.108354;
0.111444;
0.107072;
0.121276;
0.134606;
0.164963;
0.185494;
0.213822;
0.205652;
0.233077;
0.142625;
0.139175;
0.130922;
0.133696;
0.10389;
0.109154;
0.160397;
0.160388;
0.129032;
0.148007;
0.226338;
0.165874;
0.128175;
0.155455;
0.241429;
0.257752;
0.192654;
0.154679;
0.149158;
0.129314;
0.162408;
0.130789;
0.123344;
0.115267;
0.106209;
0.10858;
0.109513;
0.111019;
0.131525;
0.234926;
0.124408;
0.113255;
0.152281;
0.107171;
0.10537;
0.109427;
0.110031;
0.108335;
0.108429;
0.112709;
0.125085;
0.187892;
0.143371;
0.107059;
0.109956;
0.111631;
0.108271;
0.117646;
0.177675;
0.167728;
0.10758;
0.108188;
0.107825;
0.106829;
0.119288;
0.160921;
0.145567;
0.148546;
0.179519;
0.139412;
0.11332;
0.138366;
0.133963;
0.12418;
0.150666;
0.172182;
0.14106;
0.137451;
0.14319;
0.161118;
0.154738;
0.175715;
0.156803;
0.143258;
0.153443;
0.148122;
0.129275;
0.1625;
0.160425;
0.149526;
0.131191;
0.111357;
0.126388;
0.125449;
0.120492;
0.105172;
0.108681;
0.10793;
0.107719;
0.110145;
0.109749;
0.106843;
0.108932;
0.107045;
0.108361;
0.108521;
0.108007;
0.108743;
0.108671;
0.1072;
0.109578;
0.106326;
0.110063;
0.109838;
0.111183;
0.112319;
0.106328;
0.10809;
0.107759;
0.109018;
0.110067;
0.12564;
0.107025;
0.111132;
0.103774;
0.106888;
0.116949;
0.124705;
0.120917;
0.102122;
0.128406;
0.107394;
0.108268;
0.105632;
0.108956;
0.115006;
0.103337;
0.109329;
0.109065;
0.119204;
0.111321;
0.105873;
0.107951;
0.120661;
0.112232;
0.10891;
0.115099;
0.133568;
0.106324;
0.11013;
0.109388;
0.116344;
0.102606;
0.123083;
0.168549;
0.128329;
0.114467;
0.143;
0.124509;
0.154878;
0.107384;
0.109236;
0.107981;
0.108795;
0.106155;
0.10778;
0.108195;
0.109518;
0.10874;
0.105953;
0.123571;
0.108315;
0.11194;
0.106916;
0.123071;
0.139249;
0.113362;
0.107332;
0.118754;
0.110654;
0.107098;
0.110747;
0.220591;
0.196963;
0.147959;
0.106437;
0.11001;
0.107777;
0.108963;
0.106613;
0.109022;
0.10904;
0.109005;
0.108824;
0.106884;
0.107146;
0.108884;
0.106673;
0.106155;
0.106936;
0.108247;
0.108263;
0.107637;
0.107181;
0.110073;
0.107367;
0.109365;
0.109463;
0.108701;
0.108765;
0.107454;
0.110263;
0.109086;
0.115932;
0.117712;
0.105111;
0.116347;
0.114168;
0.105913;
0.109805;
0.10821;
0.109411;
0.107801;
0.108834;
0.108698;
0.107797;
0.111028;
0.107321;
0.133412;
0.115193;
0.139878;
0.121601;
0.106898;
0.107086;
0.107736;
0.111066;
0.106898;
0.10691;
0.107848;
0.108095;
0.106805;
0.108056;
0.110127;
0.105709;
0.109045;
0.107824;
0.106881;
0.108051;
0.106868;
0.110203;
0.107705;
0.108895;
0.111901;
0.109589;
0.107868;
0.110182;
0.106518;
0.107053;
0.10833;
0.109613;
0.107104;
0.107742;
0.10828;
0.107103;
0.108265;
0.109776;
0.10901;
0.107716;
0.109116;
0.106977;
0.110089;
0.108007;
0.106797;
0.108134;
0.110085;
0.107627;
0.109322;
0.108983;
0.109034;
0.10942;
0.109989;
0.1083;
0.110707;
0.107976;
0.108611;
0.107562;
0.107401;
0.109728;
0.107735;
0.108419;
0.106284;
0.107219;
0.108336;
0.109069;
0.106062;
0.109407;
0.108669;
0.107767;
0.107645;
0.111095;
0.109356;
0.108468;
0.109925;
0.109554;
0.108068;
0.107123;
0.106936;
0.11068;
0.108037;
0.107175;
0.106358;
0.110275;
0.109606;
0.110427;
0.108278;
0.10817;
0.108823;
0.109143;
0.109324;
0.109565;
0.109875;
0.104898;
0.109223;
0.109635;
0.109774;
0.109654;
0.10879;
0.108825;
0.108721;
0.112164;
0.108419;
0.107695;
0.107015;
0.109509;
0.10879;
0.106732;
0.10854;
0.107938;
0.110161;
0.108401;
0.106732;
0.109788;
0.108845;
0.10515;
0.11778;
0.147409;
0.107524;
0.106781;
0.110504;
0.109894;
0.130822;
0.136613;
0.109883;
0.10789;
0.108664;
0.107784;
0.107816;
0.107694;
0.108812;
0.108893;
0.109655;
0.104895;
0.110877;
0.108374;
0.107778;
0.107097;
0.10964;
0.109571;
0.106792;
0.1107;
0.109817;
0.106684;
0.108866;
0.105602;
0.110968;
0.109547;
0.107824;
0.109789;
0.107761;
0.106712;
0.108795;
0.106842;
0.111608;
0.111852;
0.105711;
0.11077;
0.108753;
0.108775;
0.108134;
0.109496;
0.107048;
0.108882;
0.110299;
0.107812;
0.108772;
0.107779;
0.107664;
0.109624;
0.105929;
0.107381;
0.108422;
0.108606;
0.105842;
0.106649;
0.110713;
0.111074;
0.108092;
0.110268;
0.110667;
0.10836;
0.109143;
0.11026;
0.111298;
0.109756;
0.112709;
0.109779;
0.108665;
0.111401;
0.108964;
0.109454;
0.107016;
0.109868;
0.110003;
0.106921;
0.108912;
0.106986;
0.106942;
0.108819;
0.107929;
0.107848;
0.11064;
0.109789;
0.10788;
0.10767;
0.107196;
0.109472;
0.112046;
0.109817;
0.109961;
0.106889;
0.107943;
0.11004;
0.10989;
0.105875;
0.10594;
0.107027;
0.110822;
0.11204;
0.109901;
0.107409;
0.108828;
0.109729;
0.109778;
0.111654;
0.108811;
0.109719;
0.109875;
0.108717;
0.105741;
0.108411;
0.107998;
0.109002;
0.10868;
0.110786;
0.109662;
0.106769;
0.108727;
0.110097;
0.110762;
0.109733;
0.106249;
0.108431;
0.107664;
0.109479;
0.108746;
0.105825;
0.10782;
0.107034;
0.108686;
0.106556;
0.106721;
0.107218;
0.110479;
0.108066;
0.111841;
0.109853;
0.108935;
0.109616;
0.107134;
0.108895;
0.104442;
0.107827;
0.106848;
0.107777;
0.106788;
0.106855;
0.109695;
0.108804;
0.10775;
0.108725;
0.108771;
0.108827;
0.107685;
0.1079;
0.108108;
0.111377;
0.111751;
0.108869;
0.1106;
0.108747;
0.105948;
0.110576;
0.107805;
0.106713;
0.109968;
0.111322;
0.109299;
0.11162;
0.108327;
0.10717;
0.108833;
0.109665;
0.108938;
0.107664;
0.110839;
0.110653;
0.108808;
0.111624;
0.107818;
0.107691;
0.109915;
0.10797;
0.106666;
0.106817;
0.111775;
0.109274;
0.107981;
0.108928;
0.107642;
0.111041;
0.108522;
0.108815;
0.106608;
0.107952;
0.106885;
0.107663;
0.107954;
0.105675;
0.109747;
0.107832;
0.110532;
0.108661;
0.107018;
0.110684;
0.107901;
0.108577;
0.112034;
0.107456;
0.10694;
0.110749;
0.10786;
0.109663;
0.109168;
0.110417;
0.107752;
0.111591;
0.109778;
0.107822;
0.108866;
0.107848;
0.10957;
0.107748;
0.109891;
0.108365;
0.11198;
0.110287;
0.109428;
0.108823;
0.108564;
0.107825;
0.105931;
0.107586;
0.106722;
0.107494;
0.108865;
0.106964;
0.109849;
0.112222;
0.109297;
0.110685;
0.108709;
0.107779;
0.109507;
0.108071;
0.111385;
0.105998;
0.110175;
0.108487;
0.10981;
0.107698;
0.107513;
0.106959;
0.108959;
0.10879;
0.109661;
0.107742;
0.107883;
0.110661;
0.108695;
0.111034;
0.109625;
0.111668;
0.107837;
0.111719;
0.108385;
0.107236;
0.109667;
0.106803;
0.108805;
0.109861;
0.105558;
0.109803;
0.106966;
0.106581;
0.106852;
0.106163;
0.107344;
0.109214;
0.109839;
0.107022;
0.10905;
0.106411;
0.111003;
0.109905;
0.110566;
0.107884;
0.107707;
0.109757;
0.110365;
0.10917;
0.108793;
0.106777;
0.105753;
0.109748;
0.110644;
0.107924;
0.107327;
0.107204;
0.109615;
0.107887;
0.108851;
0.107591;
0.110785;
0.108791;
0.108903;
0.109542;
0.111163;
0.10935;
0.107468;
0.106279;
0.109726;
0.107687;
0.110816;
0.109774;
0.109087;
0.109402;
0.108883;
0.109721;
0.108891;
0.106569;
0.109495;
0.107224;
0.111972;
0.110553;
0.107566;
0.111835;
0.1068;
0.107554;
0.110939;
0.10777;
0.107791;
0.10777;
0.105641;
0.10885;
0.10776;
0.108659;
0.110997;
0.10798;
0.109496;
0.106779;
0.109806;
0.107707;
0.109809;
0.106679;
0.110821;
0.106741;
0.106859;
0.108659;
0.108754;
0.109144;
0.110597;
0.108579;
0.107792;
0.109761;
0.10922;
0.109418;
0.10765;
0.108216;
0.108921;
0.107335;
0.11114;
0.1093;
0.111143;
0.106392;
0.109713;
0.108903;
0.109602;
0.106757;
0.107411;
0.111097;
0.109793;
0.108847;
0.107722;
