0.113603,0,1100,31,0
0.0547875,0,0,68,0
0.00827733,0,0,109,0
0.00721001,0,0,142,0
0.00428554,0,0,172,0
0.0017586,0,0,202,0
0.000707416,0,0,233,0
0.00092259,0,0,265,0
0.000936349,0,0,295,0
0.000699477,0,0,325,0
0.000711879,0,0,357,0
0.000743378,0,0,389,0
0.000755513,0,0,420,0
0.000640969,0,0,451,0
0.00100261,0,0,483,0
0.000546711,0,0,515,0
0.000713181,0,0,545,0
0.000942642,0,0,576,0
0.000633437,0,0,607,0
0.000734899,0,0,637,0
0.000775319,0,0,669,0
0.000756209,0,0,700,0
0.000986201,0,0,731,0
0.000813331,0,0,761,0
0.000802088,0,0,792,0
0.000593016,0,0,822,0
0.000727537,0,0,853,0
0.000724062,0,0,885,0
0.00107458,0,0,914,0
0.000796694,0,0,946,0
0.000706652,0,0,977,0
0.000653359,0,0,1009,0
0.000632648,0,0,1039,0
0.00115963,0,0,1070,0
0.000719964,0.000499067,0,1101,0.0300544
0.000772419,0.000566769,0.0300544,1132,0.0327299
0.00064674,0.000499103,0.0627843,1163,0.027785
0.00115505,0.00114179,0.0905694,1193,0.0517784
0.000871907,0.000621235,0.142348,1225,0.0378408
0.000883423,0.000511698,0.180189,1256,0.0353174
0.00098446,0.000671047,0.215506,1286,0.0395995
0.000615229,0.000499392,0.255105,1318,0.0276776
0.000547507,0.00036958,0.282783,1350,0.0234335
0.000601562,0.000410006,0.306217,1382,0.0258101
0.000835692,0.000654207,0.332027,1412,0.0348839
0.000705925,0.000408854,0.366911,1444,0.0291313
0.000847199,0.000513595,0.396042,1476,0.0353279
0.000959493,0.000579469,0.43137,1507,0.038726
0.00082672,0.000518698,0.470096,1537,0.0325821
0.000767711,0.000604293,0.502678,1569,0.0342355
0.000771206,0.000490981,0.536913,1600,0.0315176
0.000826666,0.000620999,0.568431,1631,0.0352521
0.000893984,0.00058563,0.603683,1662,0.0367908
0.00118323,0.000778968,0.640474,1692,0.0471814
0.00151911,0.000887439,0.687655,1724,0.0628105
0.0010617,0.000819677,0.750466,1753,0.0426745
0.000904405,0.000649266,0.79314,1785,0.0393292
0.000783184,0.000630011,0.832469,1815,0.0329457
0.000875564,0.000808897,0.865415,1847,0.0409604
0.000480109,0.000404327,0.906375,1878,0.0211504
0.000714324,0.000559482,0.927526,1909,0.030816
0.00085913,0.000500541,0.958342,1941,0.0355008
0.000935994,0.000625628,0.993843,1973,0.0399619
0.000681782,0.000541668,1.0338,2005,0.0304837
0.000854659,0.00065543,1.06429,2037,0.037836
0.000873843,0.000730159,1.10212,2067,0.0371677
0.000666068,0.000472322,1.13929,2099,0.0288713
0.000538032,0.000392263,1.16816,2131,0.0234932
0.000805794,0.000567007,1.19166,2162,0.0337682
0.000755213,0.000488482,1.22542,2193,0.0309831
0.000970001,0.000836018,1.25641,2225,0.0444163
0.000759974,0.000556169,1.30082,2258,0.0342559
0.000677513,0.000564542,1.33508,2288,0.0287935
0.000696603,0.0006358,1.36387,2319,0.0314496
0.000512565,0.000351604,1.39532,2350,0.0213394
0.000564617,0.000446644,1.41666,2380,0.0236382
0.000951527,0.000585203,1.4403,2411,0.038568
0.000940293,0.000592073,1.47887,2443,0.0395625
0.000933234,0.000558997,1.51843,2473,0.036382
0.000632744,0.000445687,1.55481,2505,0.0273788
0.00062957,0.000541191,1.58219,2535,0.027005
0.000801871,0.000579529,1.6092,2567,0.0349323
0.000692963,0.00051778,1.64413,2598,0.0295075
0.000941667,0.000580778,1.67364,2629,0.0381937
0.000682255,0.000539148,1.71183,2661,0.0304585
0.00091116,0.000668607,1.74229,2693,0.0398548
0.000960945,0.000783938,1.78214,2724,0.0419403
0.00073807,0.000536795,1.82408,2754,0.030194
0.000444572,0.000348494,1.85428,2784,0.0185646
0.000920128,0.000553485,1.87284,2814,0.0359061
0.000988976,0.000717094,1.90875,2844,0.0404257
0.00102257,0.000717954,1.94917,2875,0.042828
0.00081088,0.000554845,1.992,2906,0.0337374
0.000651059,0.000472668,2.02574,2936,0.0266218
0.000784113,0.000584334,2.05236,2967,0.0333647
0.000960886,0.000645762,2.08573,2998,0.0397968
0.00115155,0.000738048,2.12552,3029,0.0471378
0.000782884, 0.0, 3029,3061,32
0.000814951, 0.0, 3061,3092,31
0.00068971, 0.0, 3092,3124,32
0.000693512, 0.0, 3124,3155,31
0.000956268, 0.0, 3155,3186,31
0.000965349, 0.0, 3186,3220,34
0.000589183, 0.0, 3220,3250,30
0.000737645, 0.0, 3250,3281,31
0.000495238, 0.0, 3281,3313,32
0.000845267, 0.0, 3313,3345,32
0.00112163, 0.0, 3345,3376,31
0.00150672, 0.0, 3376,3406,30
0.000840225, 0.0, 3406,3438,32
0.00102301, 0.0, 3438,3469,31
0.00080542, 0.0, 3469,3500,31
0.000907537, 0.0, 3500,3532,32
0.000862504, 0.0, 3532,3563,31
0.000784248, 0.0, 3563,3593,30
0.000824837, 0.0, 3593,3625,32
0.000702554, 0.0, 3625,3657,32
0.00114244, 0.0, 3657,3689,32
0.00106091, 0.0, 3689,3720,31
0.000751394, 0.0, 3720,3753,33
0.000816294, 0.0, 3753,3783,30
0.000867261, 0.0, 3783,3816,33
0.000554384, 0.0, 3816,3847,31
0.000816781, 0.0, 3847,3880,33
0.00070646, 0.0, 3880,3911,31
0.000462464, 0.0, 3911,3941,30
0.000656924, 0.0, 3941,3974,33
0.000542963, 0.0, 3974,4004,30
0.000800753, 0.0, 4004,4034,30
0.000781962, 0.0, 4034,4066,32
0.00090214, 0.0, 4066,4098,32
0.00114439, 0.0, 4098,4130,32
0.000689929, 0.0, 4130,4162,32
0.000775942, 0.0, 4162,4194,32
0.00112749, 0.0, 4194,4225,31
0.000806537, 0.0, 4225,4254,29
0.00101997, 0.0, 4254,4285,31
0.000972995, 0.0, 4285,4317,32
0.000879794, 0.0, 4317,4349,32
0.000585067, 0.0, 4349,4379,30
0.000604379, 0.0, 4379,4409,30
0.00077892, 0.0, 4409,4439,30
0.000744302, 0.0, 4439,4470,31
0.000924543, 0.0, 4470,4500,30
0.000842837, 0.0, 4500,4532,32
0.00151262, 0.0, 4532,4563,31
0.00100891, 0.0, 4563,4594,31
0.000733457, 0.0, 4594,4630,36
0.000732827, 0.0, 4630,4671,41
0.000920001, 0.0, 4671,4702,31
0.000551279, 0.0, 4702,4734,32
0.000680839, 0.0, 4734,4765,31
0.000934425, 0.0, 4765,4798,33
0.000862463, 0.0, 4798,4829,31
0.000905054, 0.0, 4829,4859,30
0.00114889, 0.0, 4859,4889,30
0.000755699, 0.0, 4889,4922,33
0.000925711, 0.0, 4922,4953,31
0.000634457, 0.0, 4953,4985,32
0.000765227, 0.0, 4985,5016,31
0.000794072, 0.0, 5016,5048,32
0.000683085, 0.0, 5048,5080,32
0.00115549, 0.0, 5080,5111,31
0.000802747, 0.0, 5111,5141,30
0.00112976, 0.0, 5141,5171,30
0.00109699, 0.0, 5171,5203,32
0.000469834, 0.0, 5203,5234,31
0.00075622, 0.0, 5234,5263,29
0.000617634, 0.0, 5263,5295,32
0.00080162, 0.0, 5295,5327,32
0.000795642, 0.0, 5327,5357,30
0.00103742, 0.0, 5357,5389,32
0.000820326, 0.0, 5389,5422,33
0.000637256, 0.0, 5422,5453,31
0.000792904, 0.0, 5453,5485,32
0.000540882, 0.0, 5485,5517,32
0.000779114, 0.0, 5517,5548,31
0.000946326, 0.0, 5548,5580,32
0.000668171, 0.0, 5580,5611,31
0.000968057, 0.0, 5611,5642,31
0.00103734, 0.0, 5642,5673,31
0.000672367, 0.0, 5673,5703,30
0.00070116, 0.0, 5703,5734,31
0.000509485, 0.0, 5734,5764,30
0.000761507, 0.0, 5764,5796,32
0.0009128, 0.0, 5796,5826,30
0.00092485, 0.0, 5826,5858,32
0.000856185, 0.0, 5858,5889,31
0.000580017, 0.0, 5889,5919,30
0.000644973, 0.0, 5919,5950,31
0.000803283, 0.0, 5950,5981,31
0.000931151, 0.0, 5981,6013,32
0.000778451, 0.0, 6013,6046,33
0.000904302, 0.0, 6046,6075,29
0.00108498, 0.0, 6075,6106,31
0.00113527, 0.0, 6106,6136,30
0.000635298, 0.0, 6136,6168,32
0.000837945, 0.0, 6168,6199,31
0.000941488, 0.0, 6199,6229,30
0.000881783, 0.0, 6229,6261,32
0.000671934, 0.0, 6261,6291,30
0.000899922, 0.0, 6291,6321,30
0.000825991, 0.0, 6321,6351,30
0.000918465, 0.0, 6351,6382,31
0.000771783, 0.0, 6382,6415,33
0.000666997, 0.0, 6415,6444,29
0.000640778, 0.0, 6444,6474,30
0.00058853, 0.0, 6474,6505,31
0.000608609, 0.0, 6505,6535,30
0.000787711, 0.0, 6535,6567,32
0.00109796, 0.0, 6567,6599,32
0.000735153, 0.0, 6599,6629,30
0.00094406, 0.0, 6629,6660,31
0.000955517, 0.0, 6660,6690,30
0.000936163, 0.0, 6690,6721,31
0.000637846, 0.0, 6721,6751,30
0.000938775, 0.0, 6751,6782,31
0.000575934, 0.0, 6782,6813,31
0.000657007, 0.0, 6813,6844,31
0.00051336, 0.0, 6844,6874,30
0.000759888, 0.0, 6874,6905,31
0.00105534, 0.0, 6905,6936,31
0.000663501, 0.0, 6936,6967,31
0.000670482, 0.0, 6967,6998,31
0.000579822, 0.0, 6998,7031,33
0.000917316, 0.0, 7031,7061,30
0.000842433, 0.0, 7061,7092,31
0.000669742, 0.0, 7092,7123,31
0.000988158, 0.0, 7123,7154,31
0.000654614, 0.0, 7154,7187,33
0.000842514, 0.0, 7187,7219,32
0.00054895, 0.0, 7219,7251,32
0.000740427, 0.0, 7251,7281,30
0.000891527, 0.0, 7281,7313,32
0.000652833, 0.0, 7313,7345,32
0.000817072, 0.0, 7345,7377,32
0.0008054, 0.0, 7377,7407,30
0.000786979, 0.0, 7407,7438,31
0.000651909, 0.0, 7438,7470,32
0.00103936, 0.0, 7470,7501,31
0.000821954, 0.0, 7501,7533,32
0.000724073, 0.0, 7533,7565,32
0.00078354, 0.0, 7565,7596,31
0.000976799, 0.0, 7596,7627,31
0.00108233, 0.0, 7627,7658,31
0.0011407, 0.0, 7658,7688,30
0.0010695, 0.0, 7688,7718,30
0.00101148, 0.0, 7718,7749,31
0.00096042, 0.0, 7749,7780,31
0.000650638, 0.0, 7780,7811,31
0.000835684, 0.0, 7811,7842,31
0.00103978, 0.0, 7842,7872,30
0.000778617, 0.0, 7872,7902,30
0.000617738, 0.0, 7902,7933,31
0.000904261, 0.0, 7933,7964,31
0.000913765, 0.0, 7964,7994,30
0.000657407, 0.0, 7994,8025,31
0.00093971, 0.0, 8025,8055,30
0.000747898, 0.0, 8055,8086,31
0.000706766, 0.0, 8086,8118,32
0.000760189, 0.0, 8118,8147,29
0.000752396, 0.0, 8147,8178,31
0.000646284, 0.0, 8178,8209,31
0.000533267, 0.0, 8209,8240,31
0.00107241, 0.0, 8240,8271,31
0.00105785, 0.0, 8271,8301,30
0.000668961, 0.0, 8301,8331,30
0.000553137, 0.0, 8331,8362,31
0.000594148, 0.0, 8362,8393,31
0.000676943, 0.0, 8393,8425,32
0.000937645, 0.0, 8425,8469,44
0.000758784, 0.0, 8469,8501,32
0.000810334, 0.0, 8501,8532,31
0.000898531, 0.0, 8532,8565,33
0.000881358, 0.0, 8565,8594,29
0.000480259, 0.0, 8594,8626,32
0.000822479, 0.0, 8626,8658,32
0.000781139, 0.0, 8658,8688,30
0.000711418, 0.0, 8688,8720,32
0.000872413, 0.0, 8720,8752,32
0.000730336, 0.0, 8752,8782,30
0.00067946, 0.0, 8782,8813,31
0.000797234, 0.0, 8813,8844,31
0.00113941, 0.0, 8844,8875,31
0.000580251, 0.0, 8875,8906,31
0.00106464, 0.0, 8906,8937,31
0.000509421, 0.0, 8937,8968,31
0.00070153, 0.0, 8968,8999,31
0.000943772, 0.0, 8999,9030,31
0.000749609, 0.0, 9030,9064,34
0.000746186, 0.0, 9064,9093,29
0.000674396, 0.0, 9093,9123,30
0.000529958, 0.0, 9123,9155,32
0.00101512, 0.0, 9155,9185,30
0.000681022, 0.0, 9185,9217,32
0.000530185, 0.0, 9217,9249,32
0.000894443, 0.0, 9249,9293,44
0.000942937, 0.0, 9293,9324,31
0.000740599, 0.0, 9324,9354,30
0.00100454, 0.0, 9354,9385,31
0.000747757, 0.0, 9385,9418,33
0.000674615, 0.0, 9418,9448,30
0.000704332, 0.0, 9448,9481,33
0.000784946, 0.0, 9481,9513,32
0.000598126, 0.0, 9513,9544,31
0.000610889, 0.0, 9544,9576,32
0.000776839, 0.0, 9576,9608,32
0.000842568, 0.0, 9608,9640,32
0.00124944, 0.0, 9640,9671,31
0.000903581, 0.0, 9671,9704,33
0.000832635, 0.0, 9704,9733,29
0.000811923, 0.0, 9733,9766,33
0.000999816, 0.0, 9766,9797,31
0.000632924, 0.0, 9797,9829,32
0.000600505, 0.0, 9829,9861,32
0.0010112, 0.0, 9861,9892,31
0.000952976, 0.0, 9892,9922,30
0.000660908, 0.0, 9922,9954,32
0.000834421, 0.0, 9954,9986,32
0.0010416, 0.0, 9986,10015,29
0.000510363, 0.0, 10015,10045,30
0.00060352, 0.0, 10045,10076,31
0.000716326, 0.0, 10076,10107,31
0.000672846, 0.0, 10107,10140,33
0.000721956, 0.0, 10140,10170,30
0.0007169, 0.0, 10170,10203,33
0.000852755, 0.0, 10203,10233,30
0.000682447, 0.0, 10233,10265,32
0.000786785, 0.0, 10265,10296,31
0.00076451, 0.0, 10296,10325,29
0.000479153, 0.0, 10325,10356,31
0.000762205, 0.0, 10356,10388,32
0.000918142, 0.0, 10388,10417,29
0.00083131, 0.0, 10417,10447,30
0.000672385, 0.0, 10447,10479,32
0.000740733, 0.0, 10479,10512,33
0.000709281, 0.0, 10512,10543,31
0.000943439, 0.0, 10543,10576,33
0.00101133, 0.0, 10576,10607,31
0.000866541, 0.0, 10607,10639,32
0.000555445, 0.0, 10639,10670,31
0.000834212, 0.0, 10670,10704,34
0.000860253, 0.0, 10704,10732,28
0.000616127, 0.0, 10732,10765,33
0.000825188, 0.0, 10765,10796,31
0.000708932, 0.0, 10796,10828,32
0.00117357, 0.0, 10828,10860,32
0.00048963, 0.0, 10860,10890,30
0.00108718, 0.0, 10890,10923,33
0.000935134, 0.0, 10923,10955,32
0.000696806, 0.0, 10955,10985,30
0.000626199, 0.0, 10985,11017,32
0.000857961, 0.0, 11017,11061,44
0.000763467, 0.0, 11061,11091,30
0.000911361, 0.0, 11091,11123,32
0.000797076, 0.0, 11123,11153,30
0.000795947, 0.0, 11153,11185,32
0.000623674, 0.0, 11185,11215,30
0.000926217, 0.0, 11215,11248,33
0.000543578, 0.0, 11248,11279,31
0.00064578, 0.0, 11279,11310,31
0.000488998, 0.0, 11310,11341,31
0.00099094, 0.0, 11341,11372,31
0.00067159, 0.0, 11372,11405,33
0.00109774, 0.0, 11405,11434,29
0.000782484, 0.0, 11434,11466,32
0.00077886, 0.0, 11466,11496,30
0.000686672, 0.0, 11496,11529,33
0.000648581, 0.0, 11529,11560,31
0.000694201, 0.0, 11560,11591,31
0.000610255, 0.0, 11591,11623,32
0.00126024, 0.0, 11623,11656,33
0.000858084, 0.0, 11656,11688,32
0.000971961, 0.0, 11688,11720,32
0.000960861, 0.0, 11720,11750,30
0.000808774, 0.0, 11750,11780,30
0.000594393, 0.0, 11780,11812,32
0.000765362, 0.0, 11812,11843,31
0.000977229, 0.0, 11843,11875,32
0.00117638, 0.0, 11875,11907,32
0.00104233, 0.0, 11907,11939,32
0.000811421, 0.0, 11939,11971,32
0.000762185, 0.0, 11971,12001,30
0.000782562, 0.0, 12001,12032,31
0.000792457, 0.0, 12032,12063,31
0.00082905, 0.0, 12063,12093,30
0.0011587, 0.0, 12093,12125,32
0.000901414, 0.0, 12125,12157,32
0.000824351, 0.0, 12157,12186,29
0.000845382, 0.0, 12186,12217,31
0.00103451, 0.0, 12217,12250,33
0.000654017, 0.0, 12250,12281,31
0.000851293, 0.0, 12281,12311,30
0.000781892, 0.0, 12311,12343,32
0.000885754, 0.0, 12343,12374,31
0.000916851, 0.0, 12374,12404,30
0.000494661, 0.0, 12404,12435,31
0.000426145, 0.0, 12435,12465,30
0.000706008, 0.0, 12465,12496,31
0.000953977, 0.0, 12496,12527,31
0.000676618, 0.0, 12527,12558,31
0.000748498, 0.0, 12558,12588,30
0.000864396, 0.0, 12588,12620,32
0.00078319, 0.0, 12620,12651,31
0.000573282, 0.0, 12651,12683,32
0.000914618, 0.0, 12683,12715,32
0.000596742, 0.0, 12715,12747,32
0.000735627, 0.0, 12747,12779,32
0.000880949, 0.0, 12779,12809,30
0.00101162, 0.0, 12809,12842,33
0.000888591, 0.0, 12842,12872,30
0.000823367, 0.0, 12872,12902,30
0.000877512, 0.0, 12902,12933,31
0.000996238, 0.0, 12933,12964,31
0.000693433, 0.0, 12964,12995,31
0.000850427, 0.0, 12995,13027,32
0.000845178, 0.0, 13027,13057,30
0.000512461, 0.0, 13057,13088,31
0.000999072, 0.0, 13088,13118,30
0.000756197, 0.0, 13118,13150,32
0.000779223, 0.0, 13150,13182,32
0.000943531, 0.0, 13182,13214,32
0.000753334, 0.0, 13214,13245,31
0.000710469, 0.0, 13245,13276,31
0.00070978, 0.0, 13276,13309,33
0.000841702, 0.0, 13309,13339,30
0.000848998, 0.0, 13339,13371,32
0.000691035, 0.0, 13371,13402,31
0.000568096, 0.0, 13402,13434,32
0.000594667, 0.0, 13434,13465,31
0.000739116, 0.0, 13465,13496,31
0.000845108, 0.0, 13496,13525,29
0.000733825, 0.0, 13525,13556,31
0.000932747, 0.0, 13556,13586,30
0.00105272, 0.0, 13586,13617,31
0.000603775, 0.0, 13617,13649,32
0.000820642, 0.0, 13649,13678,29
0.00118629, 0.0, 13678,13709,31
0.000716608, 0.0, 13709,13741,32
0.000765764, 0.0, 13741,13771,30
0.000937911, 0.0, 13771,13801,30
0.000932897, 0.0, 13801,13832,31
0.00101098, 0.0, 13832,13862,30
0.000681915, 0.0, 13862,13894,32
0.000992683, 0.0, 13894,13924,30
0.000775589, 0.0, 13924,13954,30
0.000683833, 0.0, 13954,13986,32
0.000668307, 0.0, 13986,14017,31
0.000812631, 0.0, 14017,14047,30
0.000704617, 0.0, 14047,14078,31
0.00066301, 0.0, 14078,14108,30
0.000797851, 0.0, 14108,14138,30
0.000772501, 0.0, 14138,14169,31
0.000743013, 0.0, 14169,14201,32
0.000679068, 0.0, 14201,14234,33
0.000621001, 0.0, 14234,14266,32
0.000878222, 0.0, 14266,14295,29
0.000717097, 0.0, 14295,14327,32
0.00061178, 0.0, 14327,14356,29
0.000835051, 0.0, 14356,14388,32
0.000429899, 0.0, 14388,14420,32
0.000574728, 0.0, 14420,14452,32
0.000697947, 0.0, 14452,14482,30
0.000893022, 0.0, 14482,14515,33
0.000872494, 0.0, 14515,14546,31
0.000738513, 0.0, 14546,14576,30
0.000740278, 0.0, 14576,14608,32
0.000923658, 0.0, 14608,14637,29
0.000895278, 0.0, 14637,14668,31
0.000891218, 0.0, 14668,14700,32
0.00082954, 0.0, 14700,14732,32
0.000697619, 0.0, 14732,14764,32
0.000763435, 0.0, 14764,14795,31
0.000734265, 0.0, 14795,14825,30
0.000660857, 0.0, 14825,14856,31
0.000934883, 0.0, 14856,14887,31
0.000972198, 0.0, 14887,14917,30
0.00102352, 0.0, 14917,14948,31
0.00120329, 0.0, 14948,14980,32
0.00116837, 0.0, 14980,15012,32
0.000823581, 0.0, 15012,15045,33
0.000694995, 0.0, 15045,15076,31
0.000836643, 0.0, 15076,15108,32
0.000766683, 0.0, 15108,15139,31
0.00070364, 0.0, 15139,15171,32
0.000658874, 0.0, 15171,15201,30
0.000580724, 0.0, 15201,15231,30
0.000896715, 0.0, 15231,15262,31
0.000742576, 0.0, 15262,15293,31
0.00075355, 0.0, 15293,15323,30
0.000599464, 0.0, 15323,15357,34
0.000523085, 0.0, 15357,15386,29
0.000663832, 0.0, 15386,15418,32
0.000672113, 0.0, 15418,15450,32
0.000650553, 0.0, 15450,15480,30
0.000933919, 0.0, 15480,15511,31
0.000869246, 0.0, 15511,15542,31
0.00129974, 0.0, 15542,15572,30
0.00099001, 0.0, 15572,15604,32
0.000663479, 0.0, 15604,15636,32
0.000747595, 0.0, 15636,15667,31
0.000741578, 0.0, 15667,15698,31
0.00082841, 0.0, 15698,15730,32
0.000800993, 0.0, 15730,15761,31
0.000546397, 0.0, 15761,15793,32
0.000737355, 0.0, 15793,15824,31
0.000823862, 0.0, 15824,15856,32
0.00091888, 0.0, 15856,15887,31
0.000712269, 0.0, 15887,15918,31
0.000555165, 0.0, 15918,15949,31
0.000527923, 0.0, 15949,15981,32
0.000887269, 0.0, 15981,16012,31
0.000935213, 0.0, 16012,16045,33
0.000762946, 0.0, 16045,16076,31
0.000709643, 0.0, 16076,16107,31
0.000649565, 0.0, 16107,16138,31
0.000658525, 0.0, 16138,16170,32
0.000673299, 0.0, 16170,16202,32
0.000655743, 0.0, 16202,16233,31
0.000896381, 0.0, 16233,16264,31
0.000666178, 0.0, 16264,16295,31
0.00078948, 0.0, 16295,16326,31
0.000825568, 0.0, 16326,16358,32
0.00111064, 0.0, 16358,16388,30
0.000661147, 0.0, 16388,16419,31
0.000954014, 0.0, 16419,16451,32
0.000766042, 0.0, 16451,16483,32
0.000845175, 0.0, 16483,16512,29
0.000682942, 0.0, 16512,16543,31
0.000797688, 0.0, 16543,16574,31
0.000839966, 0.0, 16574,16606,32
0.000922977, 0.0, 16606,16637,31
0.000705277, 0.0, 16637,16667,30
0.000728355, 0.0, 16667,16699,32
0.000915738, 0.0, 16699,16730,31
0.000956024, 0.0, 16730,16763,33
0.000774946, 0.0, 16763,16808,45
0.000639393, 0.0, 16808,16839,31
0.000876584, 0.0, 16839,16870,31
0.000872452, 0.0, 16870,16901,31
0.000830281, 0.0, 16901,16932,31
0.000609915, 0.0, 16932,16967,35
0.000882633, 0.0, 16967,16996,29
0.000805468, 0.0, 16996,17028,32
0.00060419, 0.0, 17028,17060,32
0.000815671, 0.0, 17060,17091,31
0.00089439, 0.0, 17091,17122,31
0.000764309, 0.0, 17122,17154,32
0.000699675, 0.0, 17154,17187,33
0.00107357, 0.0, 17187,17217,30
0.00089721, 0.0, 17217,17248,31
0.00067355, 0.0, 17248,17280,32
0.000701812, 0.0, 17280,17311,31
0.000619709, 0.0, 17311,17342,31
0.000632962, 0.0, 17342,17374,32
0.000677364, 0.0, 17374,17406,32
0.000908607, 0.0, 17406,17435,29
0.000988248, 0.0, 17435,17466,31
0.000681097, 0.0, 17466,17499,33
0.0012037, 0.0, 17499,17529,30
0.000456102, 0.0, 17529,17560,31
0.000654578, 0.0, 17560,17591,31
0.000745058, 0.0, 17591,17622,31
0.000638231, 0.0, 17622,17652,30
0.000975054, 0.0, 17652,17682,30
0.00074435, 0.0, 17682,17713,31
0.000783183, 0.0, 17713,17743,30
0.000913765, 0.0, 17743,17774,31
0.000699391, 0.0, 17774,17805,31
0.000625651, 0.0, 17805,17837,32
0.000566116, 0.0, 17837,17867,30
0.000737503, 0.0, 17867,17896,29
0.00083808, 0.0, 17896,17928,32
0.000546412, 0.0, 17928,17958,30
0.000825963, 0.0, 17958,17988,30
0.00077919, 0.0, 17988,18020,32
0.00104076, 0.0, 18020,18052,32
0.00067177, 0.0, 18052,18083,31
0.000745687, 0.0, 18083,18124,41
0.000885824, 0.0, 18124,18159,35
0.000819271, 0.0, 18159,18190,31
0.000837706, 0.0, 18190,18220,30
0.000837142, 0.0, 18220,18251,31
0.000919425, 0.0, 18251,18282,31
0.000912252, 0.0, 18282,18313,31
0.000841058, 0.0, 18313,18345,32
0.000970764, 0.0, 18345,18377,32
0.000902212, 0.0, 18377,18409,32
0.000895177, 0.0, 18409,18442,33
0.000719073, 0.0, 18442,18474,32
0.000896464, 0.0, 18474,18505,31
0.000589735, 0.0, 18505,18536,31
0.00109052, 0.0, 18536,18567,31
0.000943458, 0.0, 18567,18599,32
0.000622912, 0.0, 18599,18630,31
0.00110801, 0.0, 18630,18665,35
0.000570655, 0.0, 18665,18694,29
0.0009007, 0.0, 18694,18725,31
0.0010718, 0.0, 18725,18755,30
0.00092091, 0.0, 18755,18787,32
0.000613461, 0.0, 18787,18819,32
0.000805437, 0.0, 18819,18850,31
0.000780724, 0.0, 18850,18880,30
0.000716403, 0.0, 18880,18911,31
0.000899673, 0.0, 18911,18943,32
0.000757196, 0.0, 18943,18973,30
0.000592819, 0.0, 18973,19005,32
0.000880156, 0.0, 19005,19037,32
0.000621515, 0.0, 19037,19069,32
0.000737265, 0.0, 19069,19099,30
0.000763192, 0.0, 19099,19130,31
0.000670812, 0.0, 19130,19160,30
0.000838457, 0.0, 19160,19191,31
0.000896114, 0.0, 19191,19222,31
0.000972314, 0.0, 19222,19255,33
0.000895558, 0.0, 19255,19286,31
0.00102272, 0.0, 19286,19317,31
0.00101741, 0.0, 19317,19348,31
0.000599464, 0.0, 19348,19379,31
0.000985209, 0.0, 19379,19410,31
0.000621119, 0.0, 19410,19442,32
0.000793375, 0.0, 19442,19476,34
0.00079973, 0.0, 19476,19504,28
0.000811372, 0.0, 19504,19536,32
0.000871648, 0.0, 19536,19567,31
0.000634475, 0.0, 19567,19598,31
0.000789443, 0.0, 19598,19628,30
0.00113399, 0.0, 19628,19660,32
0.000955147, 0.0, 19660,19693,33
0.00107141, 0.0, 19693,19723,30
0.000813495, 0.0, 19723,19755,32
0.000629874, 0.0, 19755,19785,30
0.00089211, 0.0, 19785,19816,31
0.00125551, 0.0, 19816,19846,30
0.00124106, 0.0, 19846,19876,30
0.00150387, 0.0, 19876,19908,32
0.00116232, 0.0, 19908,19939,31
0.00103952, 0.0, 19939,19969,30
0.000838134, 0.0, 19969,20000,31
0.000989541, 0.0, 20000,20030,30
0.00112554, 0.0, 20030,20060,30
0.000695515, 0.0, 20060,20090,30
0.000850553, 0.0, 20090,20122,32
0.00109198, 0.0, 20122,20155,33
0.00135422, 0.0, 20155,20186,31
0.000790438, 0.0, 20186,20218,32
0.00100975, 0.0, 20218,20249,31
0.000701446, 0.0, 20249,20279,30
0.000678263, 0.0, 20279,20310,31
0.000498725, 0.0, 20310,20342,32
0.00095748, 0.0, 20342,20375,33
0.000831153, 0.0, 20375,20405,30
0.000740708, 0.0, 20405,20435,30
0.000909485, 0.0, 20435,20466,31
0.000656454, 0.0, 20466,20497,31
0.00057507, 0.0, 20497,20528,31
0.000753987, 0.0, 20528,20560,32
0.000627085, 0.0, 20560,20590,30
0.000824095, 0.0, 20590,20623,33
0.000690295, 0.0, 20623,20654,31
0.000659233, 0.0, 20654,20686,32
0.000601408, 0.0, 20686,20717,31
0.000787621, 0.0, 20717,20749,32
0.00103314, 0.0, 20749,20779,30
0.00143912, 0.0, 20779,20811,32
0.000914367, 0.0, 20811,20842,31
0.000996968, 0.0, 20842,20876,34
0.000865311, 0.0, 20876,20906,30
0.000778607, 0.0, 20906,20937,31
0.00070498, 0.0, 20937,20968,31
0.000813855, 0.0, 20968,21000,32
0.000648752, 0.0, 21000,21032,32
0.000528656, 0.0, 21032,21064,32
0.000879356, 0.0, 21064,21096,32
0.000698073, 0.0, 21096,21127,31
0.00100713, 0.0, 21127,21160,33
0.000719198, 0.0, 21160,21205,45
0.000887583, 0.0, 21205,21236,31
0.000925818, 0.0, 21236,21269,33
0.000771987, 0.0, 21269,21300,31
0.000648372, 0.0, 21300,21332,32
0.000934797, 0.0, 21332,21363,31
0.000859911, 0.0, 21363,21394,31
0.000941571, 0.0, 21394,21426,32
0.000650622, 0.0, 21426,21457,31
0.000698693, 0.0, 21457,21487,30
0.000906205, 0.0, 21487,21518,31
0.000697136, 0.0, 21518,21548,30
0.000642114, 0.0, 21548,21580,32
0.000725099, 0.0, 21580,21612,32
0.000888927, 0.0, 21612,21644,32
0.000755751, 0.0, 21644,21688,44
0.000675202, 0.0, 21688,21719,31
0.000917197, 0.0, 21719,21750,31
0.000759493, 0.0, 21750,21781,31
0.00104033, 0.0, 21781,21812,31
0.000866109, 0.0, 21812,21843,31
0.000813361, 0.0, 21843,21874,31
0.000475304, 0.0, 21874,21907,33
0.00099451, 0.0, 21907,21937,30
0.00068644, 0.0, 21937,21968,31
0.00108328, 0.0, 21968,22000,32
0.00100145, 0.0, 22000,22031,31
0.000652278, 0.0, 22031,22060,29
0.000836612, 0.0, 22060,22090,30
0.000694988, 0.0, 22090,22120,30
0.000807256, 0.0, 22120,22152,32
0.000790429, 0.0, 22152,22184,32
0.000729498, 0.0, 22184,22215,31
0.000875099, 0.0, 22215,22246,31
0.000714438, 0.0, 22246,22277,31
0.000657214, 0.0, 22277,22308,31
0.000987936, 0.0, 22308,22337,29
0.000532101, 0.0, 22337,22368,31
0.000897378, 0.0, 22368,22399,31
0.00125196, 0.0, 22399,22430,31
0.00126036, 0.0, 22430,22462,32
0.000761018, 0.0, 22462,22492,30
0.00109334, 0.0, 22492,22522,30
0.000651421, 0.0, 22522,22552,30
0.000714811, 0.0, 22552,22582,30
0.00074516, 0.0, 22582,22612,30
0.000892338, 0.0, 22612,22645,33
0.000961086, 0.0, 22645,22674,29
0.00100195, 0.0, 22674,22704,30
0.00080446, 0.0, 22704,22735,31
0.000727941, 0.0, 22735,22765,30
0.000855189, 0.0, 22765,22797,32
0.000828747, 0.0, 22797,22829,32
0.00099807, 0.0, 22829,22861,32
0.000560325, 0.0, 22861,22891,30
0.000777964, 0.0, 22891,22923,32
0.000569426, 0.0, 22923,22955,32
0.00131961, 0.0, 22955,22986,31
0.000651747, 0.0, 22986,23017,31
0.0005424, 0.0, 23017,23049,32
0.000623821, 0.0, 23049,23078,29
0.000784056, 0.0, 23078,23111,33
0.000646312, 0.0, 23111,23156,45
0.000809738, 0.0, 23156,23186,30
0.000601225, 0.0, 23186,23216,30
0.000907669, 0.0, 23216,23247,31
0.000742614, 0.0, 23247,23278,31
0.000853955, 0.0, 23278,23309,31
0.000748614, 0.0, 23309,23341,32
0.000646273, 0.0, 23341,23374,33
0.00109299, 0.0, 23374,23405,31
0.000865672, 0.0, 23405,23437,32
0.000542435, 0.0, 23437,23468,31
0.000945587, 0.0, 23468,23500,32
0.000603367, 0.0, 23500,23531,31
0.000669352, 0.0, 23531,23563,32
0.000938973, 0.0, 23563,23595,32
0.000892429, 0.0, 23595,23625,30
0.0008183, 0.0, 23625,23655,30
0.000854175, 0.0, 23655,23686,31
0.000659331, 0.0, 23686,23719,33
0.00084381, 0.0, 23719,23749,30
0.000802172, 0.0, 23749,23780,31
0.000720899, 0.0, 23780,23812,32
0.00108503, 0.0, 23812,23841,29
0.00109042, 0.0, 23841,23874,33
0.00103798, 0.0, 23874,23905,31
0.00116017, 0.0, 23905,23936,31
0.000805246, 0.0, 23936,23969,33
0.00103562, 0.0, 23969,24000,31
0.000819241, 0.0, 24000,24031,31
0.00070501, 0.0, 24031,24063,32
0.000891023, 0.0, 24063,24094,31
0.000696392, 0.0, 24094,24126,32
0.00088286, 0.0, 24126,24156,30
0.00126035, 0.0, 24156,24186,30
0.000751879, 0.0, 24186,24217,31
0.000609299, 0.0, 24217,24249,32
0.000971329, 0.0, 24249,24281,32
0.000677821, 0.0, 24281,24311,30
0.000604308, 0.0, 24311,24343,32
0.000840004, 0.0, 24343,24372,29
0.0010094, 0.0, 24372,24402,30
0.00102458, 0.0, 24402,24432,30
0.000967998, 0.0, 24432,24463,31
0.000740615, 0.0, 24463,24493,30
0.00102325, 0.0, 24493,24528,35
0.00058843, 0.0, 24528,24556,28
0.00103607, 0.0, 24556,24589,33
0.000894324, 0.0, 24589,24620,31
0.000958096, 0.0, 24620,24652,32
0.000959329, 0.0, 24652,24684,32
0.00099112, 0.0, 24684,24715,31
0.000779814, 0.0, 24715,24747,32
0.00125399, 0.0, 24747,24777,30
0.000887937, 0.0, 24777,24807,30
0.000762129, 0.0, 24807,24838,31
0.000531778, 0.0, 24838,24868,30
0.000914701, 0.0, 24868,24899,31
0.00130605, 0.0, 24899,24930,31
0.000717611, 0.0, 24930,24960,30
0.00063329, 0.0, 24960,24991,31
0.000874804, 0.0, 24991,25022,31
0.000727657, 0.0, 25022,25052,30
0.000981075, 0.0, 25052,25084,32
0.000877214, 0.0, 25084,25117,33
0.000795351, 0.0, 25117,25148,31
0.000780206, 0.0, 25148,25179,31
0.000837983, 0.0, 25179,25210,31
0.000869471, 0.0, 25210,25240,30
0.000846048, 0.0, 25240,25271,31
0.000763769, 0.0, 25271,25303,32
0.000683054, 0.0, 25303,25334,31
0.000828428, 0.0, 25334,25366,32
0.000908506, 0.0, 25366,25396,30
0.000598733, 0.0, 25396,25426,30
0.000955851, 0.0, 25426,25457,31
0.000908306, 0.0, 25457,25487,30
0.000876482, 0.0, 25487,25519,32
0.000814846, 0.0, 25519,25552,33
0.00072499, 0.0, 25552,25583,31
0.000788097, 0.0, 25583,25623,40
0.000882421, 0.0, 25623,25661,38
0.000846016, 0.0, 25661,25692,31
0.000695293, 0.0, 25692,25723,31
0.000685951, 0.0, 25723,25755,32
0.000871867, 0.0, 25755,25787,32
0.000606214, 0.0, 25787,25818,31
0.000763045, 0.0, 25818,25849,31
0.000789669, 0.0, 25849,25880,31
0.000737921, 0.0, 25880,25911,31
0.00100813, 0.0, 25911,25942,31
0.00106809, 0.0, 25942,25974,32
0.00097983, 0.0, 25974,26007,33
0.000801389, 0.0, 26007,26039,32
0.000510218, 0.0, 26039,26070,31
0.000741525, 0.0, 26070,26102,32
0.000681954, 0.0, 26102,26132,30
0.000799094, 0.0, 26132,26163,31
0.000729174, 0.0, 26163,26195,32
0.000589699, 0.0, 26195,26225,30
0.000702646, 0.0, 26225,26255,30
0.000755982, 0.0, 26255,26285,30
0.00101356, 0.0, 26285,26315,30
0.00109776, 0.0, 26315,26346,31
0.00114695, 0.0, 26346,26378,32
0.000897617, 0.0, 26378,26410,32
0.000913938, 0.0, 26410,26441,31
0.000864988, 0.0, 26441,26471,30
0.000677814, 0.0, 26471,26502,31
0.000726199, 0.0, 26502,26534,32
0.000654724, 0.0, 26534,26566,32
0.000763444, 0.0, 26566,26598,32
0.000628909, 0.0, 26598,26630,32
0.000768312, 0.0, 26630,26660,30
0.000557136, 0.0, 26660,26690,30
0.000564237, 0.0, 26690,26722,32
0.000769764, 0.0, 26722,26754,32
0.000664041, 0.0, 26754,26786,32
0.00104453, 0.0, 26786,26818,32
0.00078554, 0.0, 26818,26849,31
0.00103634, 0.0, 26849,26880,31
0.000773514, 0.0, 26880,26912,32
0.00056315, 0.0, 26912,26941,29
0.000745771, 0.0, 26941,26973,32
0.000762949, 0.0, 26973,27005,32
0.000761185, 0.0, 27005,27035,30
0.0014059, 0.0, 27035,27066,31
0.000714869, 0.0, 27066,27098,32
0.000549096, 0.0, 27098,27128,30
0.000684078, 0.0, 27128,27160,32
0.000838064, 0.0, 27160,27192,32
0.000862945, 0.0, 27192,27224,32
0.00125108, 0.0, 27224,27255,31
0.00108101, 0.0, 27255,27286,31
0.000763494, 0.0, 27286,27318,32
0.000905709, 0.0, 27318,27347,29
0.000635474, 0.0, 27347,27378,31
0.000728259, 0.0, 27378,27408,30
0.00101705, 0.0, 27408,27440,32
0.000615806, 0.0, 27440,27472,32
0.000707182, 0.0, 27472,27504,32
0.000583959, 0.0, 27504,27534,30
0.000636624, 0.0, 27534,27564,30
0.000547882, 0.0, 27564,27595,31
0.000772055, 0.0, 27595,27627,32
0.000570589, 0.0, 27627,27657,30
0.000773049, 0.0, 27657,27689,32
0.00092684, 0.0, 27689,27722,33
0.000629845, 0.0, 27722,27754,32
0.000820627, 0.0, 27754,27784,30
0.00103616, 0.0, 27784,27816,32
0.000735326, 0.0, 27816,27848,32
0.000992418, 0.0, 27848,27880,32
0.000979094, 0.0, 27880,27911,31
0.000769045, 0.0, 27911,27942,31
0.000705691, 0.0, 27942,27972,30
0.000634083, 0.0, 27972,28004,32
0.000625792, 0.0, 28004,28037,33
0.000751102, 0.0, 28037,28068,31
0.000707754, 0.0, 28068,28099,31
0.000715266, 0.0, 28099,28129,30
0.000864824, 0.0, 28129,28160,31
0.000741188, 0.0, 28160,28191,31
0.000971221, 0.0, 28191,28222,31
0.000928599, 0.0, 28222,28253,31
0.000925797, 0.0, 28253,28284,31
0.000596496, 0.0, 28284,28314,30
0.000541263, 0.0, 28314,28346,32
0.000666028, 0.0, 28346,28378,32
0.000865871, 0.0, 28378,28410,32
0.000810709, 0.0, 28410,28440,30
0.000728457, 0.0, 28440,28472,32
0.000774291, 0.0, 28472,28503,31
0.000796407, 0.0, 28503,28534,31
0.000652958, 0.0, 28534,28565,31
0.000793505, 0.0, 28565,28595,30
0.000924442, 0.0, 28595,28626,31
0.000863779, 0.0, 28626,28656,30
0.000755619, 0.0, 28656,28688,32
0.00102602, 0.0, 28688,28720,32
0.000975475, 0.0, 28720,28750,30
0.00098863, 0.0, 28750,28780,30
0.00107579, 0.0, 28780,28810,30
0.000702762, 0.0, 28810,28840,30
0.000985467, 0.0, 28840,28871,31
0.000870855, 0.0, 28871,28901,30
0.000898775, 0.0, 28901,28934,33
0.00111307, 0.0, 28934,28964,30
0.00110112, 0.0, 28964,28995,31
0.000997687, 0.0, 28995,29027,32
0.000958186, 0.0, 29027,29057,30
0.000940473, 0.0, 29057,29088,31
0.000781528, 0.0, 29088,29118,30
0.000729423, 0.0, 29118,29149,31
0.00104817, 0.0, 29149,29183,34
0.00103799, 0.0, 29183,29213,30
0.000731904, 0.0, 29213,29245,32
0.000966607, 0.0, 29245,29277,32
0.000915692, 0.0, 29277,29308,31
0.000898187, 0.0, 29308,29339,31
0.000749307, 0.0, 29339,29370,31
0.000756915, 0.0, 29370,29402,32
0.000736843, 0.0, 29402,29433,31
0.000865262, 0.0, 29433,29465,32
0.000620364, 0.0, 29465,29495,30
0.00126142, 0.0, 29495,29526,31
0.000887434, 0.0, 29526,29556,30
0.00083621, 0.0, 29556,29587,31
0.000963996, 0.0, 29587,29617,30
0.00107629, 0.0, 29617,29649,32
0.000890256, 0.0, 29649,29681,32
0.00093337, 0.0, 29681,29712,31
0.000757725, 0.0, 29712,29742,30
0.000647912, 0.0, 29742,29775,33
0.000978317, 0.0, 29775,29804,29
0.000978568, 0.0, 29804,29836,32
0.00105862, 0.0, 29836,29867,31
0.000526877, 0.0, 29867,29899,32
0.000750376, 0.0, 29899,29930,31
0.00089609, 0.0, 29930,29960,30
0.000851739, 0.0, 29960,29991,31
0.000844923, 0.0, 29991,30023,32
0.00101861, 0.0, 30023,30068,45
0.000489665, 0.0, 30068,30100,32
0.000534475, 0.0, 30100,30132,32
0.000614802, 0.0, 30132,30164,32
0.000763652, 0.0, 30164,30195,31
0.000805122, 0.0, 30195,30225,30
0.000878945, 0.0, 30225,30256,31
0.000990646, 0.0, 30256,30286,30
0.000693471, 0.0, 30286,30316,30
0.000521698, 0.0, 30316,30347,31
0.000961652, 0.0, 30347,30378,31
0.000898203, 0.0, 30378,30409,31
0.000553255, 0.0, 30409,30441,32
0.000682362, 0.0, 30441,30471,30
0.000759867, 0.0, 30471,30501,30
0.000906065, 0.0, 30501,30533,32
0.000766053, 0.0, 30533,30565,32
0.00120603, 0.0, 30565,30595,30
0.00103412, 0.0, 30595,30627,32
0.000876946, 0.0, 30627,30659,32
0.00065662, 0.0, 30659,30689,30
0.00079344, 0.0, 30689,30721,32
0.00120511, 0.0, 30721,30752,31
0.000938163, 0.0, 30752,30784,32
0.000823147, 0.0, 30784,30817,33
0.000761601, 0.0, 30817,30848,31
0.000716235, 0.0, 30848,30879,31
0.00080391, 0.0, 30879,30909,30
0.000908952, 0.0, 30909,30940,31
0.00098103, 0.0, 30940,30971,31
0.000809507, 0.0, 30971,31002,31
0.000957976, 0.0, 31002,31033,31
0.000812626, 0.0, 31033,31065,32
0.000911785, 0.0, 31065,31096,31
0.00111024, 0.0, 31096,31127,31
0.00080442, 0.0, 31127,31157,30
0.000969502, 0.0, 31157,31190,33
0.000987074, 0.0, 31190,31221,31
0.000537647, 0.0, 31221,31252,31
0.00123966, 0.0, 31252,31283,31
0.00136774, 0.0, 31283,31314,31
0.000655586, 0.0, 31314,31346,32
0.00124672, 0.0, 31346,31378,32
0.000708261, 0.0, 31378,31409,31
0.000615348, 0.0, 31409,31440,31
0.000805525, 0.0, 31440,31470,30
0.00069092, 0.0, 31470,31501,31
0.000847967, 0.0, 31501,31532,31
0.00116961, 0.0, 31532,31563,31
0.000477343, 0.0, 31563,31594,31
0.000644025, 0.0, 31594,31625,31
0.000844253, 0.0, 31625,31657,32
0.00102316, 0.0, 31657,31687,30
0.000664755, 0.0, 31687,31718,31
0.000771551, 0.0, 31718,31748,30
0.000857026, 0.0, 31748,31780,32
0.000702579, 0.0, 31780,31811,31
0.000790079, 0.0, 31811,31844,33
0.0010054, 0.0, 31844,31875,31
0.000795013, 0.0, 31875,31906,31
0.000779293, 0.0, 31906,31937,31
0.000789823, 0.0, 31937,31969,32
0.00106077, 0.0, 31969,32001,32
0.000811839, 0.0, 32001,32030,29
0.000903945, 0.0, 32030,32062,32
0.000964477, 0.0, 32062,32094,32
0.000902514, 0.0, 32094,32129,35
0.00113134, 0.0, 32129,32156,27
0.00110939, 0.0, 32156,32186,30
0.000684599, 0.0, 32186,32218,32
0.000878443, 0.0, 32218,32248,30
0.0010714, 0.0, 32248,32281,33
0.00123942, 0.0, 32281,32312,31
0.000784044, 0.0, 32312,32343,31
0.000763393, 0.0, 32343,32381,38
0.000774301, 0.0, 32381,32438,57
0.00068809, 0.0, 32438,32469,31
0.000954358, 0.0, 32469,32501,32
0.00062978, 0.0, 32501,32533,32
0.000804979, 0.0, 32533,32563,30
0.000646632, 0.0, 32563,32593,30
0.000935679, 0.0, 32593,32624,31
0.000921824, 0.0, 32624,32654,30
0.000594072, 0.0, 32654,32684,30
0.000719577, 0.0, 32684,32714,30
0.000841805, 0.0, 32714,32746,32
0.000908756, 0.0, 32746,32777,31
0.000745737, 0.0, 32777,32809,32
0.000954195, 0.0, 32809,32841,32
0.00110191, 0.0, 32841,32873,32
0.000967654, 0.0, 32873,32905,32
0.000976528, 0.0, 32905,32936,31
0.000634583, 0.0, 32936,32967,31
0.000846321, 0.0, 32967,32998,31
0.00106121, 0.0, 32998,33029,31
0.000983354, 0.0, 33029,33060,31
0.00121266, 0.0, 33060,33092,32
0.000549915, 0.0, 33092,33123,31
0.000706917, 0.0, 33123,33154,31
0.000691586, 0.0, 33154,33185,31
0.000688428, 0.0, 33185,33215,30
