0.105883;
0.106746;
0.109902;
0.11002;
0.105838;
0.105976;
0.109944;
0.106903;
0.109051;
0.106923;
0.110968;
0.154947;
0.157949;
0.107429;
0.107869;
0.110222;
0.108166;
0.108342;
0.10491;
0.104955;
0.104925;
0.104937;
0.111061;
0.109886;
0.109887;
0.106859;
0.111085;
0.111369;
0.108661;
0.107824;
0.106044;
0.111509;
0.108122;
0.107533;
0.109357;
0.108213;
0.110745;
0.106424;
0.1092;
0.109725;
0.109823;
0.10877;
0.111843;
0.107393;
0.110257;
0.111702;
0.108758;
0.110437;
0.107823;
0.110052;
0.107884;
0.107877;
0.107756;
0.105897;
0.109766;
0.109894;
0.110668;
0.106368;
0.106212;
0.110978;
0.109815;
0.110776;
0.109732;
0.110831;
0.109821;
0.107773;
0.109774;
0.104752;
0.105777;
0.10911;
0.108829;
0.110561;
0.109822;
0.110662;
0.105966;
0.110705;
0.108813;
0.1098;
0.107981;
0.108691;
0.108645;
0.105879;
0.106917;
0.107793;
0.106789;
0.109865;
0.109177;
0.106363;
0.107732;
0.109918;
0.106773;
0.108413;
0.107075;
0.109835;
0.107746;
0.106895;
0.110745;
0.109001;
0.108655;
0.1078;
0.109784;
0.10781;
0.108857;
0.111015;
0.107142;
0.108213;
0.107841;
0.110953;
0.10516;
0.106964;
0.108617;
0.107992;
0.108641;
0.107805;
0.109874;
0.107726;
0.109902;
0.107642;
0.107862;
0.109844;
0.109956;
0.106629;
0.110693;
0.109917;
0.108222;
0.111151;
0.108857;
0.109097;
0.111604;
0.109802;
0.11185;
0.109723;
0.10971;
0.109952;
0.111866;
0.10359;
0.10998;
0.10877;
0.107099;
0.108392;
0.109825;
0.106956;
0.10684;
0.110129;
0.108372;
0.108784;
0.107764;
0.108864;
0.107666;
0.1102;
0.110376;
0.108764;
0.110079;
0.108508;
0.109821;
0.107004;
0.109384;
0.109183;
0.108167;
0.11041;
0.111772;
0.108942;
0.111769;
0.11079;
0.108643;
0.10865;
0.111976;
0.110666;
0.107923;
0.109984;
0.111728;
0.109545;
0.107;
0.109787;
0.109717;
0.110509;
0.107076;
0.107843;
0.111231;
0.107635;
0.107015;
0.123363;
0.107755;
0.109918;
0.10966;
0.106788;
0.106848;
0.109783;
0.109814;
0.105779;
0.107851;
0.108789;
0.11077;
0.109403;
0.11083;
0.108962;
0.110562;
0.110229;
0.109849;
0.105735;
0.107003;
0.107619;
0.108814;
0.104869;
0.109881;
0.106731;
0.10916;
0.108395;
0.107945;
0.106705;
0.109734;
0.106596;
0.111098;
0.108492;
0.107905;
0.109285;
0.109502;
0.108903;
0.109524;
0.108878;
0.110887;
0.108272;
0.111412;
0.10674;
0.112494;
0.106015;
0.110922;
0.107824;
0.109776;
0.109785;
0.107759;
0.108753;
0.109841;
0.109782;
0.109137;
0.121642;
0.106759;
0.111809;
0.111316;
0.108117;
0.108804;
0.109577;
0.106882;
0.108948;
0.10851;
0.111137;
0.109822;
0.108966;
0.110677;
0.10473;
0.110724;
0.10686;
0.109923;
0.108638;
0.105285;
0.107423;
0.108898;
0.11213;
0.109368;
0.111452;
0.11208;
0.10835;
0.110535;
0.108806;
0.110933;
0.107318;
0.106813;
0.107884;
0.108891;
0.109729;
0.110869;
0.10891;
0.107043;
0.111446;
0.107758;
0.109749;
0.107721;
0.109838;
0.107973;
0.110587;
0.110117;
0.112008;
0.108231;
0.108957;
0.11074;
0.106789;
0.107958;
0.109059;
0.106969;
0.107409;
0.107578;
0.109846;
0.109828;
0.107946;
0.110677;
0.107821;
0.109801;
0.108232;
0.10731;
0.1094;
0.107183;
0.107107;
0.111455;
0.111168;
0.109501;
0.108952;
0.107635;
0.108944;
0.106756;
0.107707;
0.109969;
0.111159;
0.107309;
0.107014;
0.107501;
0.107606;
0.106206;
0.110191;
0.107326;
0.108236;
0.109345;
0.106847;
0.111864;
0.106762;
0.105814;
0.109242;
0.109011;
0.108248;
0.109635;
0.112057;
0.109651;
0.108759;
0.11129;
0.105222;
0.108586;
0.10909;
0.105688;
0.106949;
0.10794;
0.111811;
0.1098;
0.107301;
0.108704;
0.107403;
0.105834;
0.105675;
0.107811;
0.106891;
0.10877;
0.106588;
0.108933;
0.108772;
0.107853;
0.104784;
0.110026;
0.110908;
0.109727;
0.11074;
0.110615;
0.109735;
0.110927;
0.10985;
0.110627;
0.110481;
0.109124;
0.122784;
0.112608;
0.109965;
0.110002;
0.108123;
0.106355;
0.108687;
0.105921;
0.110886;
0.107757;
0.106604;
0.107958;
0.10684;
0.106783;
0.108867;
0.110728;
0.110923;
0.110217;
0.105276;
0.110702;
0.108896;
0.108817;
0.108733;
0.107731;
0.112024;
0.109001;
0.110654;
0.107316;
0.110641;
0.106947;
0.109781;
0.110229;
0.110378;
0.11049;
0.109239;
0.108391;
0.108242;
0.108143;
0.110292;
0.107834;
0.108764;
0.106614;
0.107044;
0.110893;
0.110858;
0.108701;
0.10976;
0.109044;
0.108545;
0.109937;
0.107929;
0.110507;
0.107269;
0.110452;
0.111758;
0.106835;
0.107711;
0.109809;
0.109157;
0.11106;
0.107137;
0.108297;
0.109298;
0.109984;
0.110759;
0.108756;
0.108915;
0.106643;
0.108768;
0.111696;
0.10578;
0.110753;
0.109431;
0.111482;
0.108827;
0.111487;
0.107063;
0.109641;
0.109897;
0.110871;
0.110294;
0.108205;
0.106797;
0.111282;
0.113371;
0.132534;
0.11003;
0.109839;
0.109086;
0.108437;
0.111976;
0.110671;
0.105756;
0.10969;
0.108906;
0.107934;
0.10567;
0.106642;
0.107961;
0.108063;
0.1087;
0.108916;
0.109771;
0.11658;
0.104932;
0.111706;
0.110912;
0.108861;
0.106588;
0.111936;
0.108832;
0.108673;
0.110784;
0.110854;
0.109847;
0.107693;
0.10805;
0.1096;
0.10575;
0.109882;
0.110075;
0.109519;
0.110035;
0.108031;
0.106488;
0.107582;
0.109998;
0.107739;
0.110214;
0.107757;
0.109338;
0.111947;
0.107797;
0.111623;
0.107797;
0.106915;
0.106776;
0.108833;
0.108719;
0.111802;
0.106346;
0.109261;
0.108961;
0.108656;
0.108896;
0.108686;
0.109811;
0.107889;
0.10787;
0.109327;
0.108085;
0.108844;
0.108047;
0.107592;
0.111901;
0.10892;
0.106613;
0.108977;
0.110666;
0.108135;
0.10741;
0.108796;
0.109862;
0.10679;
0.1107;
0.107182;
0.107505;
0.106754;
0.105828;
0.111312;
0.103327;
0.109272;
0.110339;
0.1091;
0.109877;
0.110459;
0.108306;
0.111223;
0.107939;
0.106869;
0.107811;
0.108676;
0.1097;
0.107914;
0.106741;
0.107689;
0.106986;
0.107241;
0.108257;
0.109915;
0.107726;
0.106828;
0.108815;
0.107868;
0.109978;
0.109195;
0.110304;
0.107679;
0.110767;
0.106802;
0.107702;
0.106883;
0.110789;
0.108858;
0.108754;
0.110902;
0.107553;
0.111285;
0.109782;
0.109424;
0.110838;
0.105834;
0.109821;
0.109113;
0.109334;
0.107947;
0.106722;
0.109591;
0.111059;
0.110895;
0.106682;
0.109283;
0.107268;
0.106832;
0.108847;
0.107862;
0.106712;
0.108633;
0.107004;
0.109595;
0.107956;
0.109544;
0.10769;
0.109803;
0.108226;
0.111322;
0.108789;
0.106262;
0.110745;
0.111902;
0.10851;
0.108958;
0.111523;
0.107192;
0.108853;
0.108786;
0.109877;
0.106213;
0.10826;
0.109815;
0.106853;
0.111445;
0.11009;
0.108508;
0.108081;
0.109405;
0.111365;
0.106778;
0.106793;
0.106519;
0.109009;
0.109865;
0.107762;
0.109718;
0.110015;
0.111134;
0.111386;
0.110773;
0.104774;
0.10771;
0.108927;
0.106738;
0.1099;
0.109732;
0.10892;
0.109822;
0.108285;
0.107052;
0.110974;
0.108841;
0.109718;
0.108844;
0.109805;
0.108595;
0.110052;
0.107658;
0.106903;
0.109713;
0.106863;
0.108851;
0.110376;
0.105527;
0.108483;
0.111809;
0.110758;
0.110825;
0.110111;
0.108502;
0.110931;
0.110474;
0.107983;
0.109774;
0.106724;
0.107715;
0.109038;
0.108801;
0.109547;
0.108918;
0.108742;
0.109956;
0.107711;
0.109816;
0.108797;
0.107868;
0.110512;
0.108914;
0.107915;
0.108876;
0.106998;
0.10815;
0.109286;
0.111017;
0.108635;
0.113045;
0.10644;
0.109746;
0.106895;
0.109421;
0.109197;
0.109068;
0.109637;
0.106758;
0.109729;
0.108343;
0.109124;
0.109075;
0.107694;
0.106028;
0.109626;
0.106719;
0.109586;
0.10838;
0.106808;
0.10862;
0.109095;
0.111333;
0.111114;
0.110464;
0.11097;
0.106654;
0.108016;
0.109644;
0.108761;
0.105792;
0.106923;
0.108715;
0.110099;
0.105477;
0.109934;
0.107528;
0.108125;
0.110119;
0.108285;
0.10784;
0.106827;
0.106802;
0.107811;
0.110782;
0.10683;
0.108801;
0.107466;
0.108459;
0.109652;
0.107744;
0.109596;
0.110984;
0.108406;
0.106604;
0.105282;
0.10785;
0.108029;
0.108198;
0.109197;
0.1069;
0.109704;
0.10585;
0.106737;
0.11155;
0.10904;
0.109439;
0.108435;
0.110133;
0.107213;
0.109018;
0.111666;
0.107931;
0.106605;
0.109882;
0.110804;
0.108343;
0.106199;
0.108629;
0.109954;
0.112405;
0.108233;
0.109787;
0.109133;
0.107431;
0.109814;
0.108851;
0.108279;
0.111247;
0.109895;
0.110798;
0.111843;
0.10921;
0.10927;
0.110673;
0.111335;
0.10739;
0.107858;
0.106721;
0.108884;
0.108243;
0.110063;
0.110161;
0.110099;
0.109186;
0.106532;
0.10672;
0.106927;
0.108205;
0.108761;
0.109821;
0.110872;
0.10875;
0.108087;
0.107649;
0.106143;
0.111457;
0.111733;
0.109817;
0.109808;
0.108808;
0.109822;
0.110801;
0.109632;
0.1082;
0.107055;
0.108299;
0.107778;
0.107709;
0.111211;
0.109497;
0.108381;
0.109908;
0.107114;
0.110851;
0.110532;
0.110753;
0.110851;
0.106831;
0.106714;
0.108726;
0.109933;
0.108669;
0.109312;
0.107386;
0.107768;
0.107875;
0.109531;
0.109751;
0.111164;
0.107142;
0.107411;
0.11074;
0.106797;
0.109827;
0.106885;
0.106841;
0.10955;
0.112026;
0.109406;
0.10813;
0.111789;
0.107013;
0.10764;
0.109765;
0.110989;
0.110702;
0.104809;
0.110826;
0.110295;
0.107229;
0.10878;
0.107904;
0.109831;
0.112113;
0.110648;
0.109777;
0.108698;
0.10866;
0.107953;
0.106684;
0.106875;
0.108846;
0.108902;
0.10868;
0.110179;
0.108447;
0.109964;
0.107945;
0.111651;
0.107464;
0.107655;
0.110266;
0.107713;
0.111971;
0.110114;
0.109398;
0.106744;
0.110767;
0.108889;
0.108788;
0.109872;
0.109662;
0.111042;
0.108685;
0.106841;
0.105819;
0.106348;
0.110325;
0.109759;
0.110767;
0.109975;
0.109652;
0.109802;
0.108024;
0.109639;
0.109377;
0.107296;
0.107274;
0.10838;
0.110814;
0.109899;
0.108815;
0.108377;
0.108201;
0.109716;
0.111008;
0.108728;
0.108827;
0.109973;
0.10776;
0.107774;
0.108862;
0.109355;
0.109206;
0.107527;
0.109425;
0.107566;
0.108785;
0.110998;
0.106891;
0.109702;
0.106994;
0.106833;
0.111741;
0.105576;
0.107126;
0.106805;
0.108618;
0.107754;
0.108898;
0.107953;
0.106641;
0.107829;
0.109775;
0.108773;
0.110036;
0.105728;
0.109895;
0.105763;
0.109168;
0.111544;
0.107886;
0.1116;
0.108868;
0.110905;
0.110815;
0.108683;
0.111072;
0.107109;
0.109121;
0.108263;
0.108705;
0.106724;
0.10886;
0.109954;
0.10867;
0.107756;
0.10994;
0.110807;
0.108779;
0.106836;
0.109025;
0.106374;
0.109033;
0.111889;
0.109799;
0.109757;
0.108911;
0.107789;
0.110826;
0.108238;
0.108362;
0.107168;
0.107519;
0.107434;
0.106947;
0.110161;
0.109737;
0.110836;
0.107624;
0.106967;
0.110894;
0.105743;
0.110831;
0.11026;
0.107425;
0.111896;
0.107691;
0.107846;
0.108888;
0.109743;
0.106804;
0.11113;
0.108906;
0.108409;
0.110809;
0.108737;
0.110012;
0.107482;
0.106685;
0.111388;
0.110655;
0.107703;
0.108993;
0.105617;
0.10884;
0.121678;
0.107991;
0.109699;
0.111867;
0.105843;
0.107732;
0.104818;
0.108512;
0.107229;
0.107834;
0.11065;
0.10886;
0.108916;
0.10779;
0.109852;
0.109599;
0.109213;
0.108626;
0.108539;
0.108846;
0.109026;
0.110038;
0.11055;
0.111665;
0.108859;
0.11088;
0.111685;
0.109869;
0.111006;
0.109733;
0.106858;
0.106573;
0.108166;
0.108563;
0.109704;
0.108919;
0.110755;
0.10985;
0.10884;
0.107878;
0.106666;
0.109006;
0.107545;
0.108452;
0.110287;
0.110246;
0.109315;
0.109236;
0.108435;
0.109807;
0.106663;
0.107125;
0.109461;
0.107578;
0.112059;
0.104744;
0.109695;
0.107758;
0.10787;
0.107431;
0.113287;
0.108653;
0.110487;
0.106124;
0.107777;
0.107781;
0.108813;
0.109847;
0.110269;
0.107381;
0.109809;
0.109746;
0.108859;
0.107747;
0.108592;
0.110113;
0.108705;
0.110903;
0.110674;
0.110886;
0.10586;
0.111783;
0.107728;
0.108776;
0.110964;
0.106778;
0.107799;
0.109903;
0.106676;
0.108928;
0.110579;
0.108968;
0.108698;
0.108912;
0.109881;
0.107967;
0.107512;
0.107796;
0.108891;
0.107937;
0.107593;
0.107672;
0.108994;
0.108806;
0.111929;
0.10986;
0.108627;
0.109693;
0.107949;
0.10784;
0.108699;
0.106859;
0.111387;
0.109193;
0.106845;
0.109773;
0.108849;
0.107777;
0.106766;
0.107331;
0.108371;
0.106768;
0.108784;
0.105898;
0.108238;
0.110295;
0.109614;
0.111119;
0.109106;
0.111375;
0.106823;
0.110867;
0.110723;
0.110856;
0.109316;
0.110471;
0.107591;
0.109003;
0.106716;
0.109776;
0.109769;
0.11299;
0.108465;
0.109256;
0.111521;
0.108694;
0.109777;
0.110934;
0.107996;
0.114348;
0.107147;
0.107911;
0.106818;
0.109695;
0.109717;
0.108881;
0.110903;
0.107676;
0.108919;
0.106763;
0.108748;
0.109875;
0.107825;
0.107718;
0.106771;
0.110069;
0.111783;
0.107862;
0.110497;
0.106835;
0.108832;
0.105846;
0.109434;
0.108132;
0.108033;
0.106749;
0.109036;
0.110424;
0.11589;
0.102741;
0.108849;
0.108886;
0.107889;
0.111585;
0.106211;
0.109493;
0.107791;
0.109868;
0.106744;
0.108813;
0.107716;
0.107867;
0.109856;
0.10681;
0.107732;
0.108885;
0.106753;
0.108797;
0.110782;
0.109199;
0.108531;
0.111318;
0.106162;
0.107626;
0.107018;
0.107117;
0.108515;
0.110808;
0.109867;
0.10893;
0.107694;
0.106845;
0.109698;
0.105986;
0.109649;
0.108779;
0.110896;
0.109641;
0.106899;
0.109165;
0.106428;
0.112456;
0.108796;
0.107184;
0.110851;
0.109969;
0.109069;
0.108492;
0.108743;
0.108778;
0.111813;
0.108668;
0.106904;
0.11201;
0.111596;
0.107214;
0.111512;
0.10871;
0.114733;
0.106132;
0.110547;
0.105772;
0.109979;
0.110386;
0.107184;
0.107757;
0.106684;
0.108823;
0.10988;
0.107817;
0.108191;
0.108353;
0.107465;
0.108149;
0.107936;
0.109425;
0.108121;
0.107352;
0.109349;
0.107914;
0.108683;
0.108814;
0.108853;
0.109298;
0.10935;
0.107555;
0.106803;
0.111248;
0.106414;
0.109162;
0.10853;
0.110742;
0.109862;
0.108926;
0.109217;
0.108144;
0.11009;
0.108565;
0.108492;
0.108242;
0.11153;
0.106933;
0.112147;
0.108613;
0.110834;
0.108786;
0.108812;
0.108105;
0.109462;
0.107883;
0.109653;
0.111927;
0.10686;
0.107707;
0.110971;
0.110587;
0.106485;
0.111168;
0.110846;
0.106834;
0.108841;
0.109751;
0.110144;
0.10998;
0.108263;
0.10958;
0.108044;
0.107407;
0.107219;
0.111983;
0.107646;
0.107827;
0.107767;
0.106917;
0.107709;
0.107986;
0.110588;
0.107893;
0.106818;
0.106868;
0.109809;
0.108056;
0.107438;
0.110915;
0.107399;
0.107907;
0.110521;
0.104556;
0.107681;
0.106838;
0.108964;
0.109532;
0.108808;
0.111833;
0.109678;
0.10902;
0.108734;
0.111929;
0.110716;
0.110808;
0.108821;
0.107791;
0.109802;
0.106731;
0.108811;
0.107829;
0.107746;
0.104937;
0.109199;
0.110024;
0.109621;
0.110023;
0.109328;
0.110663;
0.109907;
0.109697;
0.107731;
0.110815;
0.110884;
0.108761;
0.111764;
0.108948;
0.106653;
0.105744;
0.10795;
0.110751;
0.107073;
0.108486;
0.109675;
0.108381;
0.109729;
0.107492;
0.110934;
0.10667;
0.10978;
0.10889;
0.107832;
0.110301;
0.106515;
0.109391;
0.107191;
0.111396;
0.10642;
0.109199;
0.109835;
0.121099;
0.108814;
0.108727;
0.1078;
0.108147;
0.11036;
0.107102;
0.10755;
0.107908;
0.109806;
0.109353;
0.108763;
0.109282;
0.106704;
0.111073;
0.105604;
0.106817;
0.110838;
0.107846;
0.108858;
0.108695;
0.109773;
0.111965;
0.1099;
0.108607;
0.106866;
0.108726;
0.109828;
0.109867;
0.107806;
0.108744;
0.110846;
0.109184;
0.105799;
0.109502;
0.110053;
0.110418;
0.110971;
0.107281;
0.110026;
0.108577;
0.108399;
0.109731;
0.105728;
0.106942;
0.108791;
0.111797;
0.108065;
0.109511;
0.1108;
0.108776;
0.108853;
0.108787;
0.10893;
0.108731;
0.106885;
0.110759;
0.108916;
0.108626;
0.107843;
0.10779;
0.108379;
0.109234;
0.107923;
0.108246;
0.110388;
0.108694;
0.110925;
0.109824;
0.1058;
0.107732;
0.107754;
0.109895;
0.108849;
0.109756;
0.108878;
0.106182;
0.110554;
0.108679;
0.110919;
0.110703;
0.110753;
0.106845;
0.108713;
0.107831;
0.108873;
0.109768;
0.106859;
0.10885;
0.111491;
0.109448;
0.110111;
0.109103;
0.109144;
0.10614;
0.108238;
0.108403;
0.108406;
0.110694;
0.109693;
0.105363;
0.110316;
0.109718;
0.108906;
0.111835;
0.106969;
0.107867;
0.109566;
0.109972;
0.111512;
0.110087;
0.105552;
0.104928;
0.106722;
0.107943;
0.106616;
0.107956;
0.108697;
0.106851;
0.106765;
0.110018;
0.10668;
0.110724;
0.105877;
0.109953;
0.109552;
0.110883;
0.111842;
0.109787;
0.106548;
0.106053;
0.106631;
0.109044;
0.111723;
0.107857;
0.108836;
0.109679;
0.106917;
0.109277;
0.108411;
0.108783;
0.109252;
0.106284;
0.10833;
0.111365;
0.109535;
0.110005;
0.109537;
0.10902;
0.11124;
0.106388;
0.110035;
0.106668;
0.108814;
0.105843;
0.106591;
0.108924;
0.107881;
0.104882;
0.112129;
0.110554;
0.105412;
0.109115;
0.108807;
0.107333;
0.111063;
0.106985;
0.109017;
0.110603;
0.107776;
0.11036;
0.106331;
0.107743;
0.106798;
0.107883;
0.106707;
0.108914;
0.108748;
0.107787;
0.10847;
0.105174;
0.108847;
0.106602;
0.108068;
0.110327;
0.106195;
0.108366;
0.111273;
0.108954;
0.108672;
0.107018;
0.10756;
0.106814;
0.106675;
0.110789;
0.110963;
0.106249;
0.111506;
0.109786;
0.10966;
0.111771;
0.109606;
0.109966;
0.111728;
0.108708;
0.111157;
0.107605;
0.108892;
0.108651;
0.108589;
0.106886;
0.108965;
0.112058;
0.107454;
0.105794;
0.109052;
0.111597;
0.108879;
0.109637;
0.10997;
0.107794;
0.108438;
0.106816;
0.110173;
0.10865;
0.108905;
0.128289;
0.107004;
0.11004;
0.108934;
0.110678;
0.108007;
0.110432;
0.110889;
0.109896;
0.111827;
0.109705;
0.109909;
0.106871;
0.108875;
0.107611;
0.110034;
0.110039;
0.112004;
0.109283;
0.109548;
0.109835;
0.108197;
0.110632;
0.110035;
0.109578;
0.109789;
0.107704;
0.109973;
0.107755;
0.106786;
0.109601;
0.109842;
0.109264;
0.108734;
0.110494;
0.110671;
0.10948;
0.109409;
0.10979;
0.109885;
0.107408;
0.110107;
0.109892;
0.107986;
0.10948;
0.107042;
0.111399;
0.110065;
0.105526;
0.107889;
0.107841;
0.108073;
0.109605;
0.107847;
0.107836;
0.108867;
0.110737;
0.10983;
0.110809;
0.106914;
0.106589;
0.109889;
0.107814;
0.109807;
0.106733;
0.110086;
0.108497;
0.109803;
0.106911;
0.107947;
0.109639;
0.108791;
0.109784;
0.108244;
0.110374;
0.111968;
0.107617;
0.110824;
0.106837;
0.108898;
0.109711;
0.108787;
0.110656;
0.107985;
0.110759;
0.106884;
0.108701;
0.106879;
0.111744;
0.109917;
0.110135;
0.108324;
0.109897;
0.104774;
0.107944;
0.109753;
0.107809;
0.108744;
0.109608;
0.109701;
0.10812;
0.109902;
0.110315;
0.107158;
0.108772;
0.106886;
0.109583;
0.107018;
0.106807;
0.106846;
0.109793;
0.10992;
0.107857;
0.111116;
0.107278;
0.104771;
0.108786;
0.109515;
0.11017;
0.112062;
0.109593;
0.105241;
0.107365;
0.109904;
0.109832;
0.106743;
0.110829;
0.10679;
0.108786;
0.107777;
0.107927;
0.108339;
0.10928;
0.109637;
0.107835;
0.110461;
0.1062;
0.106776;
0.110324;
0.110345;
0.109019;
0.108591;
0.107219;
0.108452;
0.109239;
0.109292;
0.108823;
0.106758;
0.108811;
0.106848;
0.107508;
0.107022;
0.106856;
0.107826;
0.111876;
0.107721;
0.107929;
0.110834;
0.108979;
0.106489;
0.109772;
0.109955;
0.109737;
0.110804;
0.108076;
0.111385;
0.107886;
0.111983;
0.106631;
0.107046;
0.107546;
0.110074;
0.107052;
0.111366;
0.106761;
0.110908;
0.105674;
0.106903;
0.105749;
0.106527;
0.111147;
0.108851;
0.109563;
0.111976;
0.106905;
0.108729;
0.109255;
0.10834;
0.108331;
0.108473;
0.109699;
0.109721;
0.110192;
0.108975;
0.10626;
0.107814;
0.107793;
0.107786;
0.107028;
0.108351;
0.108459;
0.109754;
0.10995;
0.109965;
0.108552;
0.110876;
0.110945;
0.10727;
0.108679;
0.108056;
0.10868;
0.106866;
0.108692;
0.106925;
0.109964;
0.108528;
0.109932;
0.107735;
0.108727;
0.107994;
0.108617;
0.107711;
0.109232;
0.107478;
0.107766;
0.112224;
0.108553;
0.107775;
0.106783;
0.112634;
0.106102;
0.108719;
0.106791;
0.109416;
0.106145;
0.106805;
0.109774;
0.108952;
0.109827;
0.108775;
0.106655;
0.106948;
0.109723;
0.106929;
0.109754;
0.106765;
0.108191;
0.109396;
0.106189;
0.105417;
0.10661;
0.109293;
0.109599;
0.108774;
0.108811;
0.109855;
0.107844;
0.110898;
0.107692;
0.108734;
0.108087;
0.107507;
0.109891;
0.109879;
0.108764;
0.11034;
0.108139;
0.10888;
0.109917;
0.109696;
0.109864;
0.106981;
0.109654;
0.109684;
0.107731;
0.110443;
0.106311;
0.108048;
0.110651;
0.109744;
0.106931;
0.107778;
0.109776;
0.106771;
0.107826;
0.109022;
0.106603;
0.109392;
0.111397;
0.110496;
0.106898;
0.109171;
0.110656;
0.108237;
0.111387;
0.108699;
0.109964;
0.109919;
0.10509;
0.107407;
0.110658;
0.108829;
0.110058;
0.111077;
0.107473;
0.106737;
0.108421;
0.108111;
0.108881;
0.110314;
0.109365;
0.109682;
0.108826;
0.109648;
0.108916;
0.111937;
0.109134;
0.110567;
0.107563;
0.107408;
0.111358;
0.106353;
0.109205;
0.108357;
0.110849;
0.106515;
0.107544;
0.108094;
0.109602;
0.107487;
0.11104;
0.109821;
0.107848;
0.10725;
0.107485;
0.110867;
0.110694;
0.107703;
0.107951;
0.110056;
0.108258;
0.110899;
0.107782;
0.111506;
0.108801;
0.108138;
0.111923;
0.108669;
0.109684;
0.108511;
0.107357;
0.10691;
0.108721;
0.107746;
0.109755;
0.108979;
0.109751;
0.106804;
0.109658;
0.107919;
0.107787;
0.108644;
0.109723;
0.10709;
0.107849;
0.107925;
0.107601;
0.110263;
0.105409;
0.106833;
0.108806;
0.110973;
0.11082;
0.106798;
0.108643;
0.107989;
0.105648;
0.10891;
0.106674;
0.108285;
0.107387;
0.106757;
0.110815;
0.106889;
0.108739;
0.110584;
0.108005;
0.109384;
0.109245;
0.107887;
0.107683;
0.107924;
0.106856;
0.109934;
0.106596;
0.106793;
0.105006;
0.10659;
0.108864;
0.111305;
0.123462;
0.109157;
0.109298;
0.110824;
0.105802;
0.109779;
0.110783;
0.108812;
0.111378;
0.12021;
0.108875;
0.108695;
0.107786;
0.109022;
0.112369;
0.10907;
0.109939;
0.106638;
0.109013;
0.1049;
0.107609;
0.110767;
0.107511;
0.111129;
0.107944;
0.105814;
0.107875;
0.111705;
0.108709;
0.110899;
0.107844;
0.108725;
0.10879;
0.109875;
0.111017;
0.108551;
0.106232;
0.10837;
0.106718;
0.107859;
0.105931;
0.109794;
0.106661;
0.10725;
0.108488;
0.106134;
0.108508;
0.111888;
0.109721;
0.10993;
0.106396;
0.111132;
0.106856;
0.110281;
0.108211;
0.1078;
0.106674;
0.107225;
0.107744;
0.108924;
0.111687;
0.106508;
0.111075;
0.107765;
0.109827;
0.111007;
0.106605;
0.107805;
0.110003;
0.107694;
0.11138;
0.108422;
0.108534;
0.107048;
0.109002;
0.110422;
0.107817;
0.106109;
0.111606;
0.109737;
0.109317;
0.111277;
0.108819;
0.107922;
0.110703;
0.106968;
0.108708;
0.106787;
0.106804;
0.106784;
0.106763;
0.107428;
0.110226;
0.109824;
0.108191;
0.1085;
0.107853;
0.106694;
0.107934;
0.110851;
0.107804;
0.109769;
0.108539;
0.10704;
0.10679;
0.106832;
0.109835;
0.104754;
0.107934;
0.107593;
0.110021;
0.10685;
0.107621;
0.108348;
0.10936;
0.107851;
0.107837;
0.108884;
0.106776;
0.10981;
0.110854;
0.109953;
0.106511;
0.107796;
0.108858;
0.110168;
0.11231;
0.108176;
0.109247;
0.109066;
0.111608;
0.108119;
0.108739;
0.108798;
0.108803;
0.110169;
0.110798;
0.105494;
0.107945;
0.110788;
0.109019;
0.103963;
0.108436;
0.110767;
0.109899;
0.110726;
0.110247;
0.108526;
0.106872;
0.107781;
0.107651;
0.106977;
0.131985;
0.103457;
0.106916;
0.109508;
0.108396;
0.108389;
0.109181;
0.10956;
0.108377;
0.107677;
0.108922;
0.110258;
0.110042;
0.108549;
0.107583;
0.109769;
0.109768;
0.107072;
0.108795;
0.111818;
0.109906;
0.109495;
0.109138;
0.106713;
0.109962;
0.109729;
0.109752;
0.107814;
0.110884;
0.110725;
0.109814;
0.107974;
0.111702;
0.108418;
0.109374;
0.108133;
0.11076;
0.110748;
0.106972;
0.107257;
0.110915;
0.109696;
0.109759;
0.106837;
0.108906;
0.10785;
0.108242;
0.110871;
0.108164;
0.106759;
0.107033;
0.106653;
0.107831;
0.10992;
0.107821;
0.109873;
0.109148;
0.110198;
0.108946;
0.106938;
0.109603;
0.111064;
0.106615;
0.109962;
0.109721;
0.109859;
0.109465;
0.11125;
0.111301;
0.10712;
0.108976;
0.106713;
0.110706;
0.106925;
0.110127;
0.10932;
0.111925;
0.107808;
0.111869;
0.106765;
0.10796;
0.105633;
0.109041;
0.10862;
0.10787;
0.108591;
0.109435;
0.107239;
0.109986;
0.107807;
0.108904;
0.110102;
0.106456;
0.109887;
0.106969;
0.107581;
0.106751;
0.107958;
0.106898;
0.111089;
0.106233;
0.110565;
0.111253;
0.108975;
0.109761;
0.106708;
0.106737;
0.106853;
0.108829;
0.108813;
0.107682;
0.110625;
0.107838;
0.113256;
0.106506;
0.111239;
0.109617;
0.108616;
0.106813;
0.107779;
0.106812;
0.109938;
0.107706;
0.108911;
0.106758;
0.106758;
0.107625;
0.107558;
0.107379;
0.109663;
0.10696;
0.109718;
0.111394;
0.107292;
0.108723;
0.107917;
0.110325;
0.11121;
0.107551;
0.109909;
0.107867;
0.110958;
0.11005;
0.10757;
0.108923;
0.105681;
0.107749;
0.107842;
0.107458;
0.108161;
0.110949;
0.110952;
0.10768;
0.107662;
0.108873;
0.108532;
0.107132;
0.107937;
0.106648;
0.10683;
0.10832;
0.107321;
0.108202;
0.109532;
0.106734;
0.111383;
0.111337;
0.108623;
0.108972;
0.108633;
0.110118;
0.110541;
0.107986;
0.106925;
0.109545;
0.108756;
0.107977;
0.108753;
0.110815;
0.106757;
0.104533;
0.10934;
0.10908;
0.109339;
0.109721;
0.110976;
0.108345;
0.109994;
0.106522;
0.108235;
0.107804;
0.108974;
0.107886;
0.108649;
0.110891;
0.108671;
0.108555;
0.108227;
0.107588;
0.104864;
0.108935;
0.109349;
0.10829;
0.109659;
0.108614;
0.108152;
0.107877;
0.1087;
0.108848;
0.110024;
0.10975;
0.108521;
0.106939;
0.10779;
0.109855;
0.107925;
0.108993;
0.107578;
0.111177;
0.109302;
0.107007;
0.111464;
0.109747;
0.109914;
0.111831;
0.107712;
0.108799;
0.106794;
0.109636;
0.11004;
0.10999;
0.110682;
0.107737;
0.106873;
0.108768;
0.110859;
0.108678;
0.107887;
0.109833;
0.106733;
0.107811;
0.112121;
0.108684;
0.110689;
0.10978;
0.106909;
0.107723;
0.106948;
0.110792;
0.106135;
0.108614;
0.109653;
0.110808;
0.109786;
0.105786;
0.108811;
0.110268;
0.107402;
0.109409;
0.111368;
0.106733;
0.108777;
0.10703;
0.109669;
0.109719;
0.10666;
0.111073;
0.108642;
0.11094;
0.106703;
0.11032;
0.110316;
0.106849;
0.106753;
0.10685;
0.109408;
0.111268;
0.109896;
0.108637;
0.109896;
0.110829;
0.111841;
0.109033;
0.106475;
0.108418;
0.110295;
0.108616;
0.106929;
0.108287;
0.110394;
0.112909;
0.105648;
0.110829;
0.109783;
0.10982;
0.105812;
0.105824;
0.107798;
0.109723;
0.10812;
0.109651;
0.109732;
0.109083;
0.108572;
0.106967;
0.106912;
0.108502;
0.110019;
0.11163;
0.107746;
0.106873;
0.109891;
0.106702;
0.108034;
0.108736;
0.107675;
0.109958;
0.112436;
0.106077;
0.114284;
0.106759;
0.109425;
0.108164;
0.108383;
0.110915;
0.10945;
0.107541;
0.110119;
0.107056;
0.108752;
0.108019;
0.107633;
0.112111;
0.106269;
0.1087;
0.111287;
0.107903;
0.107694;
0.108858;
0.110867;
0.107711;
0.109814;
0.107813;
0.109965;
0.110496;
0.111244;
0.107478;
0.109197;
0.109534;
0.109142;
0.111514;
0.109852;
0.110311;
0.109361;
0.108822;
0.106882;
0.107706;
0.109719;
0.104702;
0.110082;
0.107714;
