nan, 0.1035582, -0.0368714, -0.2057054, 249.0000000
nan, 0.1035132, -0.0363565, -0.2057812, 249.0000000
nan, 0.1036632, -0.0366926, -0.2058401, 249.0000000
nan, 0.1041711, -0.0382654, -0.2059286, 249.0000000
nan, 0.1040040, -0.0374193, -0.2059890, 250.0000000
nan, 0.1038040, -0.0363069, -0.2060872, 249.0000000
nan, 0.1039476, -0.0366015, -0.2061610, 249.0000000
nan, 0.1045504, -0.0384649, -0.2062495, 249.0000000
nan, 0.1041719, -0.0366676, -0.2063616, 249.0000000
nan, 0.1042025, -0.0364931, -0.2064430, 249.0000000
nan, 0.1046497, -0.0378221, -0.2065393, 249.0000000
nan, 0.1046809, -0.0376943, -0.2066080, 250.0000000
nan, 0.1044095, -0.0362887, -0.2067030, 249.0000000
nan, 0.1045423, -0.0365261, -0.2067769, 249.0000000
nan, 0.1051172, -0.0383258, -0.2068644, 249.0000000
nan, 0.1047471, -0.0365500, -0.2069692, 249.0000000
nan, 0.1047559, -0.0362778, -0.2070508, 250.0000000
nan, 0.1051838, -0.0375470, -0.2071417, 249.0000000
nan, 0.1050305, -0.0363588, -0.2073046, 249.0000000
nan, 0.1051246, -0.0364479, -0.2073772, 249.0000000
nan, 0.1056900, -0.0382212, -0.2074669, 249.0000000
nan, 0.1053459, -0.0367150, -0.2075314, 249.0000000
nan, 0.1052621, -0.0360262, -0.2076309, 250.0000000
nan, 0.1053739, -0.0362170, -0.2076988, 249.0000000
nan, 0.1060183, -0.0382429, -0.2078020, 249.0000000
nan, 0.1055960, -0.0363920, -0.2078690, 249.0000000
nan, 0.1056461, -0.0362404, -0.2079638, 249.0000000
nan, 0.1058513, -0.0367760, -0.2080242, 249.0000000
nan, 0.1061581, -0.0376065, -0.2081150, 250.0000000
nan, 0.1058198, -0.0359495, -0.2082175, 249.0000000
nan, 0.1059563, -0.0361958, -0.2082956, 249.0000000
nan, 0.1065831, -0.0381606, -0.2083903, 249.0000000
nan, 0.1061606, -0.0362993, -0.2084657, 249.0000000
nan, 0.1062223, -0.0361777, -0.2085591, 249.0000000
nan, 0.1064328, -0.0367696, -0.2086256, 249.0000000
nan, 0.1066912, -0.0374222, -0.2087187, 249.0000000
nan, 0.1063772, -0.0358625, -0.2088157, 249.0000000
nan, 0.1065044, -0.0360742, -0.2088972, 249.0000000
nan, 0.1071397, -0.0380531, -0.2089924, 249.0000000
nan, 0.1067136, -0.0362054, -0.2090563, 249.0000000
nan, 0.1067705, -0.0360667, -0.2091509, 249.0000000
nan, 0.1069709, -0.0366251, -0.2092155, 249.0000000
nan, 0.1072649, -0.0373983, -0.2092961, 249.0000000
nan, 0.1069429, -0.0357816, -0.2094039, 250.0000000
nan, 0.1070606, -0.0360121, -0.2094744, 249.0000000
nan, 0.1076951, -0.0379988, -0.2095672, 250.0000000
nan, 0.1072684, -0.0361225, -0.2096409, 249.0000000
nan, 0.1073120, -0.0359500, -0.2097322, 249.0000000
nan, 0.1075018, -0.0364757, -0.2097945, 249.0000000
nan, 0.1078293, -0.0373727, -0.2098814, 250.0000000
nan, 0.1075807, -0.0361423, -0.2099543, 249.0000000
nan, 0.1076249, -0.0360434, -0.2100388, 250.0000000
nan, 0.1080619, -0.0373677, -0.2101141, 249.0000000
nan, 0.1078328, -0.0362701, -0.2101979, 249.0000000
nan, 0.1077839, -0.0356560, -0.2102983, 249.0000000
nan, 0.1080787, -0.0364838, -0.2103765, 250.0000000
nan, 0.1083128, -0.0370279, -0.2104679, 249.0000000
nan, 0.1081387, -0.0360552, -0.2105429, 250.0000000
nan, 0.1081672, -0.0359022, -0.2106194, 249.0000000
nan, 0.1086688, -0.0374992, -0.2106897, 249.0000000
nan, 0.1083470, -0.0360292, -0.2107757, 249.0000000
nan, 0.1082946, -0.0355511, -0.2108417, 249.0000000
nan, 0.1084053, -0.0356778, -0.2109237, 249.0000000
nan, 0.1090420, -0.0377502, -0.2109989, 249.0000000
nan, 0.1086342, -0.0359102, -0.2110878, 249.0000000
nan, 0.1087130, -0.0358752, -0.2111830, 249.0000000
nan, 0.1091420, -0.0372223, -0.2112556, 249.0000000
nan, 0.1088884, -0.0359771, -0.2113441, 249.0000000
nan, 0.1089025, -0.0356059, -0.2114425, 249.0000000
nan, 0.1091608, -0.0363359, -0.2115051, 249.0000000
nan, 0.1093791, -0.0368385, -0.2115966, 250.0000000
nan, 0.1092143, -0.0359050, -0.2116609, 249.0000000
nan, 0.1092498, -0.0357673, -0.2117471, 249.0000000
nan, 0.1097110, -0.0372268, -0.2118131, 249.0000000
nan, 0.1094243, -0.0359253, -0.2118934, 249.0000000
nan, 0.1093932, -0.0354115, -0.2119898, 249.0000000
nan, 0.1096660, -0.0361885, -0.2120588, 249.0000000
nan, 0.1099583, -0.0369565, -0.2121450, 249.0000000
nan, 0.1097328, -0.0358086, -0.2122192, 249.0000000
nan, 0.1097679, -0.0356763, -0.2122982, 249.0000000
nan, 0.1102110, -0.0370729, -0.2123600, 249.0000000
nan, 0.1099631, -0.0358716, -0.2124427, 249.0000000
nan, 0.1099132, -0.0353036, -0.2125415, 249.0000000
nan, 0.1101417, -0.0358998, -0.2126031, 249.0000000
nan, 0.1104597, -0.0367758, -0.2126905, 249.0000000
nan, 0.1102607, -0.0357258, -0.2127685, 250.0000000
nan, 0.1102888, -0.0355806, -0.2128512, 249.0000000
nan, 0.1107554, -0.0370786, -0.2129115, 249.0000000
nan, 0.1104642, -0.0357358, -0.2129930, 250.0000000
nan, 0.1104048, -0.0352144, -0.2130612, 250.0000000
nan, 0.1105065, -0.0353393, -0.2131386, 249.0000000
nan, 0.1111440, -0.0374140, -0.2132094, 249.0000000
nan, 0.1107324, -0.0355748, -0.2132893, 250.0000000
nan, 0.1108096, -0.0355367, -0.2133862, 249.0000000
nan, 0.1112565, -0.0369290, -0.2134558, 249.0000000
nan, 0.1109730, -0.0356042, -0.2135410, 249.0000000
nan, 0.1109207, -0.0351265, -0.2136059, 249.0000000
nan, 0.1110237, -0.0352940, -0.2136806, 249.0000000
nan, 0.1116563, -0.0373498, -0.2137478, 249.0000000
nan, 0.1112476, -0.0355062, -0.2138261, 249.0000000
nan, 0.1113156, -0.0354575, -0.2139148, 249.0000000
nan, 0.1117984, -0.0369549, -0.2139899, 249.0000000
nan, 0.1114903, -0.0355579, -0.2140722, 249.0000000
nan, 0.1114301, -0.0350473, -0.2141374, 249.0000000
nan, 0.1115267, -0.0351788, -0.2142159, 250.0000000
nan, 0.1120353, -0.0367101, -0.2143074, 250.0000000
nan, 0.1117952, -0.0354826, -0.2143744, 249.0000000
nan, 0.1118162, -0.0353217, -0.2144545, 249.0000000
nan, 0.1123296, -0.0369531, -0.2145209, 249.0000000
nan, 0.1119851, -0.0354361, -0.2145911, 249.0000000
nan, 0.1119403, -0.0349642, -0.2146589, 249.0000000
nan, 0.1120462, -0.0351596, -0.2147306, 249.0000000
nan, 0.1126678, -0.0371914, -0.2147960, 249.0000000
nan, 0.1122510, -0.0353481, -0.2148752, 249.0000000
nan, 0.1122302, -0.0350193, -0.2149395, 249.0000000
nan, 0.1125960, -0.0361340, -0.2150178, 249.0000000
nan, 0.1128269, -0.0367931, -0.2150822, 249.0000000
nan, 0.1125253, -0.0353324, -0.2151543, 249.0000000
nan, 0.1125646, -0.0352581, -0.2152217, 249.0000000
nan, 0.1131563, -0.0371041, -0.2153191, 249.0000000
nan, 0.1127255, -0.0352499, -0.2153939, 250.0000000
nan, 0.1128078, -0.0352084, -0.2154754, 249.0000000
nan, 0.1131608, -0.0362566, -0.2155518, 249.0000000
nan, 0.1130466, -0.0356052, -0.2156326, 249.0000000
nan, 0.1129468, -0.0349569, -0.2156949, 249.0000000
nan, 0.1130334, -0.0350630, -0.2157670, 249.0000000
nan, 0.1136395, -0.0369328, -0.2158500, 249.0000000
nan, 0.1132439, -0.0352143, -0.2159186, 249.0000000
nan, 0.1133031, -0.0351464, -0.2159985, 249.0000000
nan, 0.1136624, -0.0362606, -0.2160635, 249.0000000
nan, 0.1135489, -0.0355958, -0.2161364, 250.0000000
nan, 0.1134187, -0.0348228, -0.2162065, 249.0000000
nan, 0.1135277, -0.0349750, -0.2162795, 249.0000000
nan, 0.1141218, -0.0369173, -0.2163400, 250.0000000
nan, 0.1137106, -0.0351025, -0.2164118, 249.0000000
nan, 0.1136599, -0.0346823, -0.2164778, 249.0000000
nan, 0.1139379, -0.0354639, -0.2165505, 249.0000000
nan, 0.1143356, -0.0366968, -0.2166125, 249.0000000
nan, 0.1140001, -0.0351410, -0.2166904, 250.0000000
nan, 0.1140250, -0.0350224, -0.2167507, 249.0000000
nan, 0.1145064, -0.0365036, -0.2168246, 250.0000000
nan, 0.1143452, -0.0357354, -0.2168917, 249.0000000
nan, 0.1141325, -0.0346456, -0.2169662, 249.0000000
nan, 0.1142625, -0.0349184, -0.2170259, 249.0000000
nan, 0.1148735, -0.0368553, -0.2170972, 250.0000000
nan, 0.1144222, -0.0349932, -0.2171608, 249.0000000
nan, 0.1144176, -0.0346237, -0.2172319, 249.0000000
nan, 0.1145927, -0.0351041, -0.2172877, 250.0000000
nan, 0.1150303, -0.0364400, -0.2173695, 249.0000000
nan, 0.1147140, -0.0350010, -0.2174204, 250.0000000
nan, 0.1147674, -0.0349249, -0.2174973, 249.0000000
nan, 0.1151101, -0.0360092, -0.2175487, 249.0000000
nan, 0.1150096, -0.0354069, -0.2176286, 250.0000000
nan, 0.1148664, -0.0345035, -0.2177145, 250.0000000
nan, 0.1149999, -0.0348097, -0.2177756, 249.0000000
nan, 0.1155161, -0.0364198, -0.2178506, 249.0000000
nan, 0.1151970, -0.0349471, -0.2179153, 249.0000000
nan, 0.1152372, -0.0348608, -0.2179890, 249.0000000
nan, 0.1154633, -0.0352411, -0.2181142, 249.0000000
nan, 0.1153417, -0.0345091, -0.2181780, 249.0000000
nan, 0.1154306, -0.0346215, -0.2182442, 249.0000000
nan, 0.1156233, -0.0348202, -0.2183740, 249.0000000
nan, 0.1155721, -0.0344037, -0.2184353, 249.0000000
nan, 0.1158147, -0.0350977, -0.2184949, 249.0000000
nan, 0.1162875, -0.0366222, -0.2185564, 249.0000000
nan, 0.1159021, -0.0348231, -0.2186406, 249.0000000
nan, 0.1159270, -0.0347405, -0.2187012, 250.0000000
nan, 0.1165191, -0.0365926, -0.2187741, 249.0000000
nan, 0.1161381, -0.0348263, -0.2188671, 249.0000000
nan, 0.1161499, -0.0346400, -0.2189453, 249.0000000
nan, 0.1166820, -0.0362527, -0.2190348, 249.0000000
nan, 0.1162593, -0.0343466, -0.2191290, 249.0000000
nan, 0.1166640, -0.0354969, -0.2192193, 249.0000000
nan, 0.1165509, -0.0347674, -0.2193071, 249.0000000
nan, 0.1166263, -0.0346338, -0.2194056, 249.0000000
nan, 0.1172078, -0.0364722, -0.2194883, 249.0000000
nan, 0.1168399, -0.0347348, -0.2195785, 249.0000000
nan, 0.1168256, -0.0344496, -0.2196674, 250.0000000
nan, 0.1172562, -0.0356977, -0.2197633, 250.0000000
nan, 0.1169748, -0.0342281, -0.2198604, 249.0000000
nan, 0.1175716, -0.0361239, -0.2199525, 249.0000000
nan, 0.1172641, -0.0346270, -0.2200393, 249.0000000
nan, 0.1173032, -0.0344763, -0.2201345, 250.0000000
nan, 0.1177677, -0.0358462, -0.2202298, 249.0000000
nan, 0.1174095, -0.0341459, -0.2203247, 249.0000000
nan, 0.1180064, -0.0359925, -0.2204144, 249.0000000
nan, 0.1177180, -0.0345500, -0.2205092, 249.0000000
nan, 0.1177626, -0.0344167, -0.2206018, 249.0000000
nan, 0.1182388, -0.0358349, -0.2206901, 249.0000000
nan, 0.1178648, -0.0340813, -0.2207811, 250.0000000
nan, 0.1184321, -0.0358698, -0.2208612, 249.0000000
nan, 0.1181641, -0.0344876, -0.2209532, 249.0000000
nan, 0.1182111, -0.0343646, -0.2210447, 249.0000000
nan, 0.1187058, -0.0358291, -0.2211341, 250.0000000
nan, 0.1188199, -0.0355909, -0.2213165, 249.0000000
nan, 0.1186936, -0.0349133, -0.2213835, 249.0000000
nan, 0.1185235, -0.0339838, -0.2214671, 249.0000000
nan, 0.1187824, -0.0343928, -0.2216134, 249.0000000
nan, 0.1188627, -0.0343368, -0.2216971, 250.0000000
nan, 0.1194366, -0.0361766, -0.2217778, 249.0000000
nan, 0.1190582, -0.0344153, -0.2218608, 249.0000000
nan, 0.1190544, -0.0341801, -0.2219395, 249.0000000
nan, 0.1195105, -0.0355419, -0.2220298, 249.0000000
nan, 0.1191754, -0.0339100, -0.2221128, 249.0000000
nan, 0.1196812, -0.0355156, -0.2221984, 250.0000000
nan, 0.1194410, -0.0342808, -0.2222772, 249.0000000
nan, 0.1195083, -0.0342297, -0.2223585, 249.0000000
nan, 0.1200621, -0.0359596, -0.2224510, 249.0000000
nan, 0.1195930, -0.0338750, -0.2225329, 249.0000000
nan, 0.1199915, -0.0350118, -0.2226150, 249.0000000
nan, 0.1198653, -0.0342468, -0.2226993, 249.0000000
nan, 0.1199432, -0.0342015, -0.2227858, 249.0000000
nan, 0.1205328, -0.0360657, -0.2228717, 249.0000000
nan, 0.1200573, -0.0339552, -0.2229579, 249.0000000
nan, 0.1203132, -0.0346165, -0.2230407, 249.0000000
nan, 0.1202852, -0.0342401, -0.2231298, 249.0000000
nan, 0.1203510, -0.0341022, -0.2232155, 249.0000000
nan, 0.1209342, -0.0359662, -0.2232974, 249.0000000
nan, 0.1205513, -0.0341710, -0.2233852, 250.0000000
nan, 0.1205754, -0.0340192, -0.2234552, 249.0000000
nan, 0.1209005, -0.0349147, -0.2235473, 249.0000000
nan, 0.1206733, -0.0337046, -0.2236298, 249.0000000
nan, 0.1212484, -0.0355317, -0.2237053, 249.0000000
nan, 0.1209232, -0.0340621, -0.2237890, 249.0000000
nan, 0.1209828, -0.0340008, -0.2238722, 249.0000000
nan, 0.1215475, -0.0357775, -0.2239538, 249.0000000
nan, 0.1210547, -0.0336575, -0.2240409, 249.0000000
nan, 0.1214235, -0.0347425, -0.2241253, 249.0000000
nan, 0.1213132, -0.0340331, -0.2242054, 250.0000000
nan, 0.1213921, -0.0339703, -0.2242938, 249.0000000
nan, 0.1219680, -0.0358319, -0.2243746, 249.0000000
nan, 0.1215777, -0.0340181, -0.2244579, 249.0000000
nan, 0.1216077, -0.0338782, -0.2245366, 250.0000000
nan, 0.1218846, -0.0346058, -0.2246209, 249.0000000
nan, 0.1217436, -0.0337074, -0.2246998, 249.0000000
nan, 0.1219816, -0.0339692, -0.2248551, 249.0000000
nan, 0.1220268, -0.0339019, -0.2249178, 249.0000000
nan, 0.1225667, -0.0356940, -0.2249897, 249.0000000
nan, 0.1222041, -0.0338110, -0.2251378, 249.0000000
nan, 0.1227780, -0.0356207, -0.2252174, 250.0000000
nan, 0.1222853, -0.0334950, -0.2253045, 249.0000000
nan, 0.1226154, -0.0344135, -0.2253764, 249.0000000
nan, 0.1225515, -0.0339305, -0.2254508, 249.0000000
nan, 0.1225933, -0.0337549, -0.2255285, 249.0000000
nan, 0.1231755, -0.0356221, -0.2256028, 249.0000000
nan, 0.1227900, -0.0338757, -0.2256833, 249.0000000
nan, 0.1227852, -0.0336263, -0.2257562, 249.0000000
nan, 0.1232217, -0.0349312, -0.2258344, 250.0000000
nan, 0.1228917, -0.0333678, -0.2259160, 249.0000000
nan, 0.1234121, -0.0350547, -0.2259940, 249.0000000
nan, 0.1231527, -0.0337636, -0.2260770, 249.0000000
nan, 0.1232100, -0.0336785, -0.2261512, 249.0000000
nan, 0.1237608, -0.0354033, -0.2262334, 249.0000000
nan, 0.1232847, -0.0333337, -0.2263166, 249.0000000
nan, 0.1236432, -0.0344134, -0.2263936, 249.0000000
nan, 0.1235331, -0.0337398, -0.2264611, 250.0000000
nan, 0.1236025, -0.0336849, -0.2265354, 249.0000000
nan, 0.1241877, -0.0355529, -0.2266134, 249.0000000
nan, 0.1237564, -0.0336363, -0.2266896, 250.0000000
nan, 0.1238339, -0.0337191, -0.2267653, 249.0000000
nan, 0.1240348, -0.0341814, -0.2268382, 249.0000000
nan, 0.1239436, -0.0334793, -0.2269233, 249.0000000
nan, 0.1245247, -0.0353452, -0.2269931, 250.0000000
nan, 0.1241496, -0.0336568, -0.2270735, 249.0000000
nan, 0.1241692, -0.0334810, -0.2271420, 249.0000000
nan, 0.1246707, -0.0350518, -0.2272180, 249.0000000
nan, 0.1242503, -0.0331677, -0.2272973, 249.0000000
nan, 0.1247263, -0.0346630, -0.2273708, 249.0000000
nan, 0.1245086, -0.0335482, -0.2274518, 249.0000000
nan, 0.1245649, -0.0334898, -0.2275215, 249.0000000
nan, 0.1251303, -0.0353181, -0.2276011, 249.0000000
nan, 0.1246285, -0.0331669, -0.2276721, 249.0000000
nan, 0.1249693, -0.0341641, -0.2277465, 249.0000000
nan, 0.1248713, -0.0335228, -0.2278206, 249.0000000
nan, 0.1249475, -0.0334748, -0.2278997, 249.0000000
nan, 0.1255191, -0.0353421, -0.2279766, 249.0000000
nan, 0.1250706, -0.0333413, -0.2280506, 249.0000000
nan, 0.1251941, -0.0336148, -0.2281166, 249.0000000
nan, 0.1253355, -0.0338736, -0.2281960, 249.0000000
nan, 0.1252821, -0.0333155, -0.2282657, 249.0000000
nan, 0.1258851, -0.0352359, -0.2283369, 249.0000000
nan, 0.1255162, -0.0333258, -0.2284824, 249.0000000
nan, 0.1260285, -0.0349988, -0.2285437, 248.0000000
nan, 0.1256238, -0.0332050, -0.2286093, 249.0000000
nan, 0.1256930, -0.0332694, -0.2286676, 249.0000000
nan, 0.1260140, -0.0341880, -0.2287368, 249.0000000
nan, 0.1257602, -0.0329479, -0.2288073, 249.0000000
nan, 0.1262871, -0.0346529, -0.2288747, 250.0000000
nan, 0.1259938, -0.0333340, -0.2289382, 249.0000000
nan, 0.1260626, -0.0333144, -0.2290100, 249.0000000
nan, 0.1266426, -0.0351854, -0.2290866, 249.0000000
nan, 0.1261596, -0.0330838, -0.2291572, 249.0000000
nan, 0.1263997, -0.0337450, -0.2292238, 249.0000000
nan, 0.1263907, -0.0334577, -0.2292854, 249.0000000
nan, 0.1264098, -0.0332111, -0.2293590, 250.0000000
nan, 0.1269829, -0.0350702, -0.2294271, 249.0000000
nan, 0.1265891, -0.0333269, -0.2294945, 250.0000000
nan, 0.1265589, -0.0330175, -0.2295579, 249.0000000
nan, 0.1269467, -0.0342120, -0.2296322, 249.0000000
nan, 0.1266536, -0.0328226, -0.2296993, 249.0000000
nan, 0.1272690, -0.0348372, -0.2297683, 249.0000000
nan, 0.1269241, -0.0332635, -0.2298387, 249.0000000
nan, 0.1269398, -0.0331155, -0.2299094, 250.0000000
nan, 0.1274308, -0.0346526, -0.2299854, 249.0000000
nan, 0.1270152, -0.0327909, -0.2300593, 250.0000000
nan, 0.1274907, -0.0342998, -0.2301257, 249.0000000
nan, 0.1272598, -0.0331724, -0.2301987, 249.0000000
nan, 0.1273198, -0.0331495, -0.2302672, 249.0000000
nan, 0.1278838, -0.0349446, -0.2303398, 249.0000000
nan, 0.1273835, -0.0327989, -0.2304073, 250.0000000
nan, 0.1276879, -0.0336882, -0.2304727, 249.0000000
nan, 0.1276307, -0.0332364, -0.2305345, 249.0000000
nan, 0.1276672, -0.0330740, -0.2306012, 249.0000000
nan, 0.1282437, -0.0349325, -0.2306695, 250.0000000
nan, 0.1278446, -0.0331783, -0.2307401, 249.0000000
nan, 0.1277988, -0.0328550, -0.2307991, 249.0000000
nan, 0.1279176, -0.0326867, -0.2309449, 249.0000000
nan, 0.1285077, -0.0346340, -0.2310137, 249.0000000
nan, 0.1281587, -0.0330810, -0.2310775, 249.0000000
nan, 0.1281935, -0.0329988, -0.2311358, 249.0000000
nan, 0.1287371, -0.0347425, -0.2312040, 250.0000000
nan, 0.1282494, -0.0326573, -0.2312743, 250.0000000
nan, 0.1286287, -0.0338530, -0.2313335, 250.0000000
nan, 0.1284610, -0.0330040, -0.2313987, 249.0000000
nan, 0.1285326, -0.0329893, -0.2314628, 249.0000000
nan, 0.1290998, -0.0348581, -0.2315289, 249.0000000
nan, 0.1286427, -0.0328426, -0.2315979, 249.0000000
nan, 0.1288413, -0.0333283, -0.2316570, 249.0000000
nan, 0.1288691, -0.0332102, -0.2317259, 249.0000000
nan, 0.1288399, -0.0328004, -0.2317973, 249.0000000
nan, 0.1294181, -0.0347161, -0.2318631, 249.0000000
nan, 0.1290286, -0.0330048, -0.2319297, 250.0000000
nan, 0.1290185, -0.0327877, -0.2319916, 248.0000000
nan, 0.1294624, -0.0341456, -0.2320581, 249.0000000
nan, 0.1290973, -0.0325076, -0.2321251, 249.0000000
nan, 0.1296821, -0.0344228, -0.2321908, 249.0000000
nan, 0.1293638, -0.0329287, -0.2322533, 249.0000000
nan, 0.1293811, -0.0327834, -0.2323223, 249.0000000
nan, 0.1298238, -0.0341582, -0.2323946, 249.0000000
nan, 0.1294489, -0.0324496, -0.2324578, 249.0000000
nan, 0.1299791, -0.0341666, -0.2325251, 249.0000000
nan, 0.1296925, -0.0328488, -0.2325811, 249.0000000
nan, 0.1297348, -0.0327783, -0.2326435, 250.0000000
nan, 0.1302728, -0.0344912, -0.2327030, 249.0000000
nan, 0.1297914, -0.0324266, -0.2327702, 249.0000000
nan, 0.1302298, -0.0338031, -0.2328259, 249.0000000
nan, 0.1300218, -0.0327978, -0.2328833, 249.0000000
nan, 0.1300940, -0.0327830, -0.2329513, 249.0000000
nan, 0.1306717, -0.0346522, -0.2330144, 249.0000000
nan, 0.1301863, -0.0326023, -0.2330848, 250.0000000
nan, 0.1303530, -0.0330111, -0.2331442, 249.0000000
nan, 0.1304495, -0.0331088, -0.2332104, 249.0000000
nan, 0.1303920, -0.0326146, -0.2332749, 249.0000000
nan, 0.1309731, -0.0345585, -0.2333428, 249.0000000
nan, 0.1305859, -0.0328272, -0.2334035, 249.0000000
nan, 0.1305413, -0.0324984, -0.2334580, 249.0000000
nan, 0.1309025, -0.0336015, -0.2335242, 249.0000000
nan, 0.1306318, -0.0323144, -0.2335884, 249.0000000
nan, 0.1312218, -0.0342690, -0.2336544, 249.0000000
nan, 0.1308703, -0.0327397, -0.2337169, 249.0000000
nan, 0.1308940, -0.0326076, -0.2337765, 249.0000000
nan, 0.1313825, -0.0341928, -0.2338405, 249.0000000
nan, 0.1315057, -0.0324966, -0.2343800, 249.0000000
nan, 0.1319781, -0.0333378, -0.2346215, 249.0000000
nan, 0.1334755, -0.0340767, -0.2358514, 249.0000000
nan, 0.1332441, -0.0327916, -0.2359542, 250.0000000
nan, 0.1332574, -0.0324648, -0.2360453, 249.0000000
nan, 0.1336702, -0.0337295, -0.2361164, 249.0000000
nan, 0.1334149, -0.0324802, -0.2361780, 250.0000000
nan, 0.1334023, -0.0322626, -0.2362260, 249.0000000
nan, 0.1337648, -0.0333652, -0.2362961, 249.0000000
nan, 0.1334802, -0.0320403, -0.2363532, 249.0000000
nan, 0.1340447, -0.0339336, -0.2364142, 249.0000000
nan, 0.1336994, -0.0324380, -0.2364692, 249.0000000
nan, 0.1337389, -0.0323654, -0.2365315, 249.0000000
nan, 0.1341974, -0.0338538, -0.2365888, 250.0000000
nan, 0.1337802, -0.0320335, -0.2366537, 250.0000000
nan, 0.1342890, -0.0337233, -0.2367107, 249.0000000
nan, 0.1340040, -0.0324060, -0.2367720, 249.0000000
nan, 0.1345111, -0.0338488, -0.2368776, 249.0000000
nan, 0.1341900, -0.0324205, -0.2369264, 249.0000000
nan, 0.1341771, -0.0322958, -0.2369691, 249.0000000
nan, 0.1346841, -0.0339592, -0.2370149, 249.0000000
nan, 0.1342271, -0.0320141, -0.2370685, 249.0000000
nan, 0.1345185, -0.0329333, -0.2371170, 249.0000000
nan, 0.1344692, -0.0325584, -0.2371610, 249.0000000
nan, 0.1344598, -0.0322490, -0.2372183, 249.0000000
nan, 0.1350014, -0.0340652, -0.2372727, 250.0000000
nan, 0.1346238, -0.0324124, -0.2373243, 250.0000000
nan, 0.1345979, -0.0321922, -0.2373777, 249.0000000
nan, 0.1349952, -0.0334768, -0.2374285, 249.0000000
nan, 0.1346452, -0.0319294, -0.2374837, 249.0000000
nan, 0.1351965, -0.0337392, -0.2375373, 249.0000000
nan, 0.1348723, -0.0323133, -0.2375919, 249.0000000
nan, 0.1349122, -0.0322545, -0.2376422, 249.0000000
nan, 0.1354121, -0.0338896, -0.2376958, 249.0000000
nan, 0.1349472, -0.0319246, -0.2377526, 249.0000000
nan, 0.1353209, -0.0331394, -0.2377999, 249.0000000
nan, 0.1351419, -0.0322804, -0.2378565, 249.0000000
nan, 0.1352180, -0.0322840, -0.2379152, 249.0000000
nan, 0.1357625, -0.0340995, -0.2379696, 249.0000000
nan, 0.1353486, -0.0323390, -0.2380205, 250.0000000
nan, 0.1353025, -0.0320535, -0.2380673, 249.0000000
nan, 0.1357273, -0.0333911, -0.2381246, 249.0000000
nan, 0.1353831, -0.0318668, -0.2381789, 249.0000000
nan, 0.1358480, -0.0333896, -0.2382270, 249.0000000
nan, 0.1355850, -0.0322357, -0.2382776, 250.0000000
nan, 0.1356444, -0.0322332, -0.2383285, 249.0000000
nan, 0.1361934, -0.0340340, -0.2383826, 249.0000000
nan, 0.1356812, -0.0319172, -0.2384440, 249.0000000
nan, 0.1359592, -0.0327739, -0.2384893, 249.0000000
nan, 0.1358903, -0.0323623, -0.2385346, 250.0000000
nan, 0.1358883, -0.0320812, -0.2385880, 249.0000000
nan, 0.1364191, -0.0338770, -0.2386388, 249.0000000
nan, 0.1360409, -0.0322363, -0.2386956, 249.0000000
nan, 0.1360428, -0.0320995, -0.2387404, 249.0000000
nan, 0.1365227, -0.0337089, -0.2387889, 249.0000000
nan, 0.1360750, -0.0317848, -0.2388429, 249.0000000
nan, 0.1364938, -0.0331860, -0.2388976, 249.0000000
nan, 0.1362646, -0.0321374, -0.2389527, 249.0000000
nan, 0.1363246, -0.0321374, -0.2390025, 249.0000000
nan, 0.1368701, -0.0339410, -0.2390522, 249.0000000
nan, 0.1363379, -0.0317758, -0.2391000, 249.0000000
nan, 0.1366739, -0.0328344, -0.2391483, 249.0000000
nan, 0.1365388, -0.0321390, -0.2392083, 249.0000000
nan, 0.1365987, -0.0321189, -0.2392655, 249.0000000
nan, 0.1371412, -0.0339611, -0.2393096, 249.0000000
nan, 0.1367120, -0.0321782, -0.2393587, 249.0000000
nan, 0.1366676, -0.0318878, -0.2394070, 249.0000000
nan, 0.1370411, -0.0330750, -0.2394605, 249.0000000
nan, 0.1367391, -0.0317017, -0.2395134, 249.0000000
nan, 0.1372836, -0.0335470, -0.2395540, 249.0000000
nan, 0.1369456, -0.0320904, -0.2396115, 249.0000000
nan, 0.1369898, -0.0320412, -0.2396564, 249.0000000
nan, 0.1374700, -0.0336301, -0.2397076, 249.0000000
nan, 0.1370113, -0.0316939, -0.2397600, 249.0000000
nan, 0.1374695, -0.0331708, -0.2398083, 249.0000000
nan, 0.1372596, -0.0320182, -0.2398973, 249.0000000
nan, 0.1377521, -0.0336316, -0.2399512, 249.0000000
nan, 0.1372799, -0.0316590, -0.2400065, 249.0000000
nan, 0.1376774, -0.0329776, -0.2400507, 249.0000000
nan, 0.1374650, -0.0319965, -0.2400964, 249.0000000
nan, 0.1375213, -0.0320137, -0.2401429, 249.0000000
nan, 0.1380732, -0.0338487, -0.2401863, 249.0000000
nan, 0.1376290, -0.0319959, -0.2402298, 249.0000000
nan, 0.1376650, -0.0320048, -0.2402689, 250.0000000
nan, 0.1379136, -0.0327096, -0.2403163, 249.0000000
nan, 0.1376795, -0.0315982, -0.2403692, 249.0000000
nan, 0.1382457, -0.0335161, -0.2404125, 249.0000000
nan, 0.1378882, -0.0319725, -0.2404569, 249.0000000
nan, 0.1379108, -0.0318867, -0.2405053, 249.0000000
nan, 0.1383827, -0.0334303, -0.2405521, 249.0000000
nan, 0.1379442, -0.0315558, -0.2406076, 249.0000000
nan, 0.1383900, -0.0330122, -0.2406490, 250.0000000
nan, 0.1381424, -0.0319146, -0.2406992, 249.0000000
nan, 0.1381886, -0.0319247, -0.2407448, 249.0000000
nan, 0.1387211, -0.0337247, -0.2407929, 249.0000000
nan, 0.1382005, -0.0315696, -0.2408429, 249.0000000
nan, 0.1385469, -0.0326904, -0.2408808, 249.0000000
nan, 0.1383665, -0.0319182, -0.2409249, 250.0000000
nan, 0.1384437, -0.0319107, -0.2409760, 249.0000000
nan, 0.1389868, -0.0337451, -0.2410229, 249.0000000
nan, 0.1385306, -0.0318106, -0.2410730, 249.0000000
nan, 0.1386677, -0.0321786, -0.2411113, 249.0000000
nan, 0.1387192, -0.0321643, -0.2411546, 249.0000000
nan, 0.1387012, -0.0318320, -0.2412071, 249.0000000
nan, 0.1392452, -0.0336764, -0.2412543, 249.0000000
nan, 0.1388322, -0.0319413, -0.2413039, 250.0000000
nan, 0.1388016, -0.0316970, -0.2413431, 249.0000000
nan, 0.1391918, -0.0329723, -0.2413899, 249.0000000
nan, 0.1388434, -0.0314523, -0.2414395, 249.0000000
nan, 0.1393948, -0.0332944, -0.2414948, 249.0000000
nan, 0.1390405, -0.0318213, -0.2415359, 249.0000000
nan, 0.1390704, -0.0317923, -0.2415858, 249.0000000
nan, 0.1395754, -0.0334561, -0.2416293, 249.0000000
nan, 0.1390783, -0.0314322, -0.2416784, 249.0000000
nan, 0.1394640, -0.0326698, -0.2417202, 250.0000000
nan, 0.1392729, -0.0318073, -0.2417704, 250.0000000
nan, 0.1393327, -0.0318058, -0.2418189, 249.0000000
nan, 0.1398784, -0.0336319, -0.2418631, 249.0000000
nan, 0.1393643, -0.0315003, -0.2419082, 249.0000000
nan, 0.1396235, -0.0323106, -0.2419606, 249.0000000
nan, 0.1395417, -0.0318019, -0.2420034, 249.0000000
nan, 0.1395885, -0.0317570, -0.2420449, 249.0000000
nan, 0.1401269, -0.0335932, -0.2420875, 250.0000000
nan, 0.1396951, -0.0317506, -0.2421345, 249.0000000
nan, 0.1397779, -0.0319366, -0.2421754, 249.0000000
nan, 0.1398357, -0.0319943, -0.2422215, 249.0000000
nan, 0.1398269, -0.0317019, -0.2422688, 249.0000000
nan, 0.1403831, -0.0335747, -0.2423183, 249.0000000
nan, 0.1399267, -0.0316509, -0.2423645, 249.0000000
nan, 0.1400465, -0.0319907, -0.2424119, 249.0000000
nan, 0.1400368, -0.0317807, -0.2424524, 249.0000000
nan, 0.1400767, -0.0317005, -0.2425029, 249.0000000
nan, 0.1406217, -0.0335519, -0.2425444, 249.0000000
nan, 0.1401063, -0.0314292, -0.2425972, 249.0000000
nan, 0.1403999, -0.0323538, -0.2426427, 250.0000000
nan, 0.1402580, -0.0317022, -0.2426852, 249.0000000
nan, 0.1403138, -0.0316966, -0.2427319, 249.0000000
nan, 0.1408478, -0.0334716, -0.2427730, 249.0000000
nan, 0.1403200, -0.0313101, -0.2428183, 249.0000000
nan, 0.1406570, -0.0324063, -0.2428565, 249.0000000
nan, 0.1404890, -0.0316460, -0.2429057, 249.0000000
nan, 0.1405439, -0.0316506, -0.2429502, 249.0000000
nan, 0.1410794, -0.0334622, -0.2429863, 249.0000000
nan, 0.1405474, -0.0312897, -0.2430308, 249.0000000
nan, 0.1408684, -0.0323418, -0.2430771, 249.0000000
nan, 0.1407297, -0.0316489, -0.2431211, 249.0000000
nan, 0.1407865, -0.0316448, -0.2431636, 249.0000000
nan, 0.1413251, -0.0334902, -0.2432024, 249.0000000
nan, 0.1408431, -0.0315027, -0.2432483, 250.0000000
nan, 0.1409597, -0.0318305, -0.2432820, 249.0000000
nan, 0.1410476, -0.0319997, -0.2433161, 249.0000000
nan, 0.1409607, -0.0314690, -0.2433672, 249.0000000
nan, 0.1415130, -0.0333577, -0.2434129, 250.0000000
nan, 0.1411099, -0.0316790, -0.2434576, 249.0000000
nan, 0.1411004, -0.0315259, -0.2434845, 249.0000000
nan, 0.1413301, -0.0322280, -0.2435315, 249.0000000
nan, 0.1412328, -0.0315742, -0.2435833, 249.0000000
nan, 0.1417792, -0.0334397, -0.2436214, 249.0000000
nan, 0.1413571, -0.0316707, -0.2436655, 249.0000000
nan, 0.1413825, -0.0316884, -0.2437053, 250.0000000
nan, 0.1415390, -0.0321055, -0.2437486, 249.0000000
nan, 0.1414310, -0.0314697, -0.2437935, 250.0000000
nan, 0.1419809, -0.0333497, -0.2438309, 249.0000000
nan, 0.1415849, -0.0316765, -0.2438728, 249.0000000
nan, 0.1415386, -0.0314057, -0.2439090, 249.0000000
nan, 0.1419179, -0.0326221, -0.2439485, 249.0000000
nan, 0.1416938, -0.0315157, -0.2440043, 249.0000000
nan, 0.1422454, -0.0334372, -0.2440429, 249.0000000
nan, 0.1417806, -0.0315203, -0.2440847, 249.0000000
nan, 0.1419050, -0.0318532, -0.2441219, 249.0000000
nan, 0.1419177, -0.0317324, -0.2441640, 249.0000000
nan, 0.1419322, -0.0315310, -0.2442113, 249.0000000
nan, 0.1424721, -0.0333710, -0.2442555, 250.0000000
nan, 0.1420234, -0.0315102, -0.2442940, 249.0000000
nan, 0.1420669, -0.0316039, -0.2443187, 249.0000000
nan, 0.1422365, -0.0320722, -0.2443577, 250.0000000
nan, 0.1420906, -0.0313094, -0.2443965, 249.0000000
nan, 0.1426512, -0.0332254, -0.2444341, 249.0000000
nan, 0.1422501, -0.0315510, -0.2444660, 249.0000000
nan, 0.1422473, -0.0314264, -0.2445018, 249.0000000
nan, 0.1427016, -0.0329395, -0.2445436, 249.0000000
nan, 0.1422624, -0.0310957, -0.2445832, 249.0000000
nan, 0.1426981, -0.0325735, -0.2446243, 249.0000000
nan, 0.1424408, -0.0314593, -0.2446600, 249.0000000
nan, 0.1424851, -0.0314697, -0.2447055, 249.0000000
nan, 0.1430333, -0.0333333, -0.2447419, 250.0000000
nan, 0.1425842, -0.0314358, -0.2447839, 250.0000000
nan, 0.1426731, -0.0316977, -0.2448193, 249.0000000
nan, 0.1427437, -0.0318052, -0.2448612, 249.0000000
nan, 0.1426703, -0.0313260, -0.2449019, 249.0000000
nan, 0.1432249, -0.0332297, -0.2449406, 250.0000000
nan, 0.1428198, -0.0315189, -0.2449832, 249.0000000
nan, 0.1427530, -0.0312068, -0.2450089, 250.0000000
nan, 0.1430984, -0.0322990, -0.2450444, 250.0000000
nan, 0.1428338, -0.0311030, -0.2450888, 249.0000000
nan, 0.1433904, -0.0330185, -0.2451190, 249.0000000
nan, 0.1430361, -0.0314798, -0.2451595, 249.0000000
nan, 0.1430169, -0.0313355, -0.2451942, 249.0000000
nan, 0.1434180, -0.0326420, -0.2452304, 249.0000000
nan, 0.1430256, -0.0310235, -0.2452769, 249.0000000
nan, 0.1435470, -0.0327428, -0.2453126, 249.0000000
nan, 0.1432184, -0.0313951, -0.2453466, 249.0000000
nan, 0.1432378, -0.0313696, -0.2453837, 249.0000000
nan, 0.1437534, -0.0331145, -0.2454265, 249.0000000
nan, 0.1432505, -0.0310478, -0.2454659, 249.0000000
nan, 0.1435092, -0.0318785, -0.2454958, 249.0000000
nan, 0.1434464, -0.0315255, -0.2455377, 250.0000000
nan, 0.1434612, -0.0313482, -0.2455860, 249.0000000
nan, 0.1439842, -0.0331585, -0.2456128, 250.0000000
nan, 0.1435672, -0.0314431, -0.2456594, 249.0000000
nan, 0.1435236, -0.0311891, -0.2456939, 249.0000000
nan, 0.1439101, -0.0324282, -0.2457299, 249.0000000
nan, 0.1435720, -0.0309753, -0.2457711, 249.0000000
nan, 0.1440760, -0.0326876, -0.2458124, 249.0000000
nan, 0.1437969, -0.0314244, -0.2458557, 249.0000000
nan, 0.1437309, -0.0311338, -0.2458862, 250.0000000
nan, 0.1440275, -0.0320364, -0.2459312, 249.0000000
nan, 0.1438363, -0.0311208, -0.2459759, 249.0000000
nan, 0.1444077, -0.0330922, -0.2460130, 249.0000000
nan, 0.1440016, -0.0314048, -0.2460484, 249.0000000
nan, 0.1439407, -0.0311335, -0.2460808, 249.0000000
nan, 0.1443122, -0.0323446, -0.2461168, 249.0000000
nan, 0.1439869, -0.0309215, -0.2461513, 249.0000000
nan, 0.1444913, -0.0326610, -0.2461835, 249.0000000
nan, 0.1441605, -0.0313025, -0.2462177, 249.0000000
nan, 0.1441919, -0.0313009, -0.2462550, 249.0000000
nan, 0.1447244, -0.0331021, -0.2462925, 249.0000000
nan, 0.1441983, -0.0309628, -0.2463317, 250.0000000
nan, 0.1445069, -0.0319851, -0.2463607, 250.0000000
nan, 0.1443635, -0.0313477, -0.2463940, 249.0000000
nan, 0.1444058, -0.0312995, -0.2464358, 249.0000000
nan, 0.1449246, -0.0331340, -0.2464697, 249.0000000
nan, 0.1445036, -0.0313679, -0.2465017, 250.0000000
nan, 0.1444547, -0.0311319, -0.2465359, 249.0000000
nan, 0.1446957, -0.0318497, -0.2465713, 249.0000000
nan, 0.1445567, -0.0311249, -0.2466126, 249.0000000
nan, 0.1451118, -0.0330406, -0.2466410, 249.0000000
nan, 0.1446919, -0.0313584, -0.2466751, 249.0000000
nan, 0.1446565, -0.0311195, -0.2467016, 249.0000000
nan, 0.1449859, -0.0322092, -0.2467420, 249.0000000
nan, 0.1446903, -0.0308877, -0.2467803, 249.0000000
nan, 0.1452262, -0.0326925, -0.2468163, 249.0000000
nan, 0.1448749, -0.0312703, -0.2468503, 249.0000000
nan, 0.1448946, -0.0312226, -0.2468864, 249.0000000
nan, 0.1454155, -0.0329734, -0.2469211, 249.0000000
nan, 0.1448924, -0.0309024, -0.2469624, 249.0000000
nan, 0.1452302, -0.0320152, -0.2469909, 249.0000000
nan, 0.1451186, -0.0312554, -0.2470622, 249.0000000
nan, 0.1456426, -0.0330736, -0.2470885, 249.0000000
nan, 0.1452160, -0.0313083, -0.2471208, 249.0000000
nan, 0.1451429, -0.0309937, -0.2471523, 249.0000000
nan, 0.1454500, -0.0319794, -0.2471893, 249.0000000
nan, 0.1451987, -0.0308440, -0.2472248, 249.0000000
nan, 0.1457887, -0.0328922, -0.2472536, 249.0000000
nan, 0.1453875, -0.0312456, -0.2472918, 249.0000000
nan, 0.1453737, -0.0311282, -0.2473259, 249.0000000
nan, 0.1456128, -0.0318875, -0.2473646, 249.0000000
nan, 0.1454692, -0.0311093, -0.2474049, 249.0000000
nan, 0.1460103, -0.0329885, -0.2474397, 249.0000000
nan, 0.1455921, -0.0312635, -0.2474743, 249.0000000
nan, 0.1455971, -0.0311732, -0.2474996, 249.0000000
nan, 0.1457394, -0.0315980, -0.2475338, 249.0000000
nan, 0.1456408, -0.0309683, -0.2475764, 249.0000000
nan, 0.1461957, -0.0329288, -0.2476101, 249.0000000
nan, 0.1457986, -0.0312483, -0.2476451, 249.0000000
nan, 0.1457328, -0.0309616, -0.2476790, 249.0000000
nan, 0.1460488, -0.0319680, -0.2477088, 249.0000000
nan, 0.1457925, -0.0308303, -0.2477499, 250.0000000
nan, 0.1463711, -0.0328651, -0.2477854, 249.0000000
nan, 0.1459698, -0.0312099, -0.2478236, 249.0000000
nan, 0.1459337, -0.0309924, -0.2478529, 249.0000000
nan, 0.1462836, -0.0321377, -0.2478896, 249.0000000
nan, 0.1459528, -0.0307354, -0.2479263, 249.0000000
nan, 0.1464585, -0.0324885, -0.2479538, 249.0000000
nan, 0.1461670, -0.0312016, -0.2479901, 249.0000000
nan, 0.1461589, -0.0311013, -0.2480197, 249.0000000
nan, 0.1462854, -0.0314209, -0.2480561, 249.0000000
nan, 0.1462534, -0.0310701, -0.2480937, 249.0000000
nan, 0.1467791, -0.0329292, -0.2481272, 249.0000000
nan, 0.1463487, -0.0311735, -0.2481628, 249.0000000
nan, 0.1463163, -0.0310367, -0.2481852, 249.0000000
nan, 0.1465519, -0.0317744, -0.2482153, 249.0000000
nan, 0.1463377, -0.0307933, -0.2482489, 249.0000000
nan, 0.1469177, -0.0327909, -0.2482826, 249.0000000
nan, 0.1465087, -0.0311577, -0.2483088, 249.0000000
nan, 0.1464995, -0.0310593, -0.2483372, 250.0000000
nan, 0.1469730, -0.0326843, -0.2483693, 249.0000000
nan, 0.1464879, -0.0307474, -0.2484009, 249.0000000
nan, 0.1468925, -0.0321089, -0.2484342, 249.0000000
nan, 0.1466413, -0.0310996, -0.2484637, 249.0000000
nan, 0.1466970, -0.0311161, -0.2484907, 249.0000000
nan, 0.1472201, -0.0329491, -0.2485255, 249.0000000
nan, 0.1468492, -0.0313302, -0.2485834, 249.0000000
nan, 0.1472162, -0.0325831, -0.2486044, 249.0000000
nan, 0.1468050, -0.0309436, -0.2486299, 249.0000000
nan, 0.1467907, -0.0308534, -0.2486496, 249.0000000
nan, 0.1471631, -0.0320661, -0.2486786, 250.0000000
nan, 0.1468365, -0.0306765, -0.2487083, 248.0000000
nan, 0.1472734, -0.0321867, -0.2487349, 249.0000000
nan, 0.1469975, -0.0310448, -0.2487630, 249.0000000
nan, 0.1470478, -0.0310706, -0.2487983, 249.0000000
nan, 0.1475756, -0.0329227, -0.2488304, 249.0000000
nan, 0.1471248, -0.0310895, -0.2488595, 250.0000000
nan, 0.1471167, -0.0310287, -0.2488827, 249.0000000
nan, 0.1473311, -0.0316632, -0.2489146, 249.0000000
nan, 0.1471442, -0.0307754, -0.2489463, 249.0000000
nan, 0.1477268, -0.0328080, -0.2489775, 250.0000000
nan, 0.1473068, -0.0311050, -0.2490097, 249.0000000
nan, 0.1472643, -0.0308774, -0.2490382, 249.0000000
nan, 0.1476069, -0.0319965, -0.2490649, 249.0000000
nan, 0.1472829, -0.0306297, -0.2490933, 249.0000000
nan, 0.1477918, -0.0324054, -0.2491222, 249.0000000
nan, 0.1474746, -0.0310242, -0.2491550, 249.0000000
nan, 0.1474802, -0.0309555, -0.2491887, 249.0000000
nan, 0.1478473, -0.0321795, -0.2492325, 249.0000000
nan, 0.1474659, -0.0306161, -0.2492683, 249.0000000
nan, 0.1480566, -0.0326858, -0.2492986, 249.0000000
nan, 0.1476553, -0.0310477, -0.2493221, 249.0000000
nan, 0.1476183, -0.0308684, -0.2493497, 249.0000000
nan, 0.1479824, -0.0320749, -0.2493854, 249.0000000
nan, 0.1476332, -0.0305827, -0.2494146, 249.0000000
nan, 0.1481049, -0.0322502, -0.2494386, 250.0000000
nan, 0.1477958, -0.0309695, -0.2494691, 249.0000000
nan, 0.1478148, -0.0309359, -0.2494951, 249.0000000
nan, 0.1483385, -0.0327698, -0.2495150, 249.0000000
nan, 0.1478025, -0.0306312, -0.2495495, 249.0000000
nan, 0.1480894, -0.0316125, -0.2495760, 249.0000000
nan, 0.1479626, -0.0309765, -0.2496033, 249.0000000
nan, 0.1479978, -0.0309536, -0.2496339, 250.0000000
nan, 0.1485269, -0.0328180, -0.2496554, 249.0000000
nan, 0.1480637, -0.0309735, -0.2496856, 249.0000000
nan, 0.1481090, -0.0310748, -0.2497077, 249.0000000
nan, 0.1481822, -0.0312332, -0.2497371, 250.0000000
nan, 0.1481273, -0.0308136, -0.2497764, 249.0000000
nan, 0.1486698, -0.0327431, -0.2498068, 249.0000000
nan, 0.1482510, -0.0309978, -0.2498320, 249.0000000
nan, 0.1481763, -0.0307124, -0.2498599, 249.0000000
nan, 0.1485432, -0.0319277, -0.2498900, 249.0000000
nan, 0.1482160, -0.0305247, -0.2499224, 249.0000000
nan, 0.1487323, -0.0323629, -0.2499509, 249.0000000
nan, 0.1483881, -0.0309196, -0.2499717, 250.0000000
nan, 0.1484077, -0.0308928, -0.2500025, 249.0000000
nan, 0.1489217, -0.0326854, -0.2500347, 249.0000000
nan, 0.1483813, -0.0305543, -0.2500608, 249.0000000
nan, 0.1486602, -0.0315191, -0.2500801, 249.0000000
nan, 0.1485400, -0.0309492, -0.2501065, 249.0000000
nan, 0.1485705, -0.0309242, -0.2501350, 250.0000000
nan, 0.1491102, -0.0328120, -0.2501675, 250.0000000
nan, 0.1485982, -0.0307552, -0.2502010, 249.0000000
nan, 0.1487737, -0.0313246, -0.2502246, 249.0000000
nan, 0.1487432, -0.0311197, -0.2502521, 249.0000000
nan, 0.1487215, -0.0308411, -0.2502780, 249.0000000
nan, 0.1492635, -0.0327283, -0.2503071, 250.0000000
nan, 0.1488272, -0.0309714, -0.2503352, 249.0000000
nan, 0.1487816, -0.0307506, -0.2503590, 249.0000000
nan, 0.1491742, -0.0320880, -0.2503899, 249.0000000
nan, 0.1487945, -0.0305034, -0.2504282, 249.0000000
nan, 0.1492217, -0.0320009, -0.2504485, 250.0000000
nan, 0.1489604, -0.0309056, -0.2504756, 249.0000000
nan, 0.1489675, -0.0308151, -0.2505045, 249.0000000
nan, 0.1492710, -0.0318429, -0.2505300, 249.0000000
nan, 0.1489650, -0.0305483, -0.2505610, 249.0000000
nan, 0.1495554, -0.0326275, -0.2505944, 249.0000000
nan, 0.1491542, -0.0309587, -0.2506201, 249.0000000
nan, 0.1491175, -0.0307862, -0.2506442, 250.0000000
nan, 0.1494840, -0.0320415, -0.2506738, 250.0000000
nan, 0.1491126, -0.0304980, -0.2507055, 249.0000000
nan, 0.1496502, -0.0323646, -0.2507344, 250.0000000
nan, 0.1492836, -0.0309253, -0.2507556, 250.0000000
nan, 0.1493025, -0.0308851, -0.2507827, 249.0000000
nan, 0.1498067, -0.0326667, -0.2508101, 249.0000000
nan, 0.1492851, -0.0306013, -0.2508434, 250.0000000
nan, 0.1495190, -0.0313611, -0.2508661, 249.0000000
nan, 0.1494997, -0.0311999, -0.2508905, 249.0000000
nan, 0.1494213, -0.0307224, -0.2509269, 249.0000000
nan, 0.1499736, -0.0326602, -0.2509510, 249.0000000
nan, 0.1495543, -0.0309612, -0.2509808, 249.0000000
nan, 0.1495202, -0.0307845, -0.2509991, 249.0000000
nan, 0.1498889, -0.0320342, -0.2510339, 249.0000000
nan, 0.1495177, -0.0304848, -0.2510577, 249.0000000
nan, 0.1499900, -0.0321488, -0.2510879, 249.0000000
nan, 0.1496880, -0.0308900, -0.2511141, 249.0000000
nan, 0.1496916, -0.0308324, -0.2511420, 249.0000000
nan, 0.1501531, -0.0324444, -0.2511700, 249.0000000
nan, 0.1496777, -0.0304963, -0.2511954, 249.0000000
nan, 0.1500726, -0.0318512, -0.2512203, 249.0000000
nan, 0.1498373, -0.0308614, -0.2512470, 249.0000000
nan, 0.1498773, -0.0308656, -0.2512773, 249.0000000
nan, 0.1503927, -0.0326583, -0.2513005, 249.0000000
nan, 0.1498512, -0.0305001, -0.2513318, 249.0000000
nan, 0.1501601, -0.0315598, -0.2513537, 249.0000000
nan, 0.1500037, -0.0308718, -0.2513867, 249.0000000
nan, 0.1500339, -0.0308570, -0.2514198, 249.0000000
nan, 0.1505600, -0.0327011, -0.2514454, 249.0000000
nan, 0.1500084, -0.0305111, -0.2514836, 249.0000000
nan, 0.1502900, -0.0314857, -0.2515147, 249.0000000
nan, 0.1501644, -0.0309018, -0.2515330, 249.0000000
nan, 0.1501992, -0.0308475, -0.2515681, 249.0000000
nan, 0.1507324, -0.0327219, -0.2515941, 250.0000000
nan, 0.1502427, -0.0307632, -0.2516203, 250.0000000
nan, 0.1503001, -0.0309695, -0.2516349, 249.0000000
nan, 0.1504115, -0.0312719, -0.2516679, 249.0000000
nan, 0.1502882, -0.0306381, -0.2517046, 249.0000000
nan, 0.1508419, -0.0325824, -0.2517260, 250.0000000
nan, 0.1504219, -0.0308892, -0.2517480, 249.0000000
nan, 0.1503475, -0.0306002, -0.2517669, 250.0000000
nan, 0.1505369, -0.0311731, -0.2517966, 249.0000000
nan, 0.1504760, -0.0307573, -0.2518214, 249.0000000
nan, 0.1510138, -0.0326753, -0.2518413, 249.0000000
nan, 0.1505733, -0.0309261, -0.2518644, 249.0000000
nan, 0.1507850, -0.0315592, -0.2519101, 249.0000000
nan, 0.1505430, -0.0304826, -0.2519417, 250.0000000
nan, 0.1511136, -0.0324884, -0.2519621, 249.0000000
nan, 0.1506991, -0.0308490, -0.2519938, 249.0000000
nan, 0.1506801, -0.0307222, -0.2520129, 249.0000000
nan, 0.1510734, -0.0320652, -0.2520407, 249.0000000
nan, 0.1506659, -0.0304224, -0.2520666, 249.0000000
nan, 0.1511995, -0.0323129, -0.2520892, 249.0000000
nan, 0.1508437, -0.0308495, -0.2521155, 249.0000000
nan, 0.1508157, -0.0306897, -0.2521401, 249.0000000
nan, 0.1511354, -0.0317879, -0.2521697, 249.0000000
nan, 0.1507990, -0.0304111, -0.2521940, 249.0000000
nan, 0.1513874, -0.0324675, -0.2522251, 249.0000000
nan, 0.1509794, -0.0308265, -0.2522458, 249.0000000
nan, 0.1509379, -0.0306349, -0.2522609, 249.0000000
nan, 0.1512866, -0.0318233, -0.2522895, 249.0000000
nan, 0.1509442, -0.0303940, -0.2523200, 250.0000000
nan, 0.1515238, -0.0324445, -0.2523439, 249.0000000
nan, 0.1511216, -0.0308265, -0.2523760, 249.0000000
nan, 0.1510882, -0.0306644, -0.2524046, 249.0000000
nan, 0.1514498, -0.0318791, -0.2524259, 249.0000000
nan, 0.1510835, -0.0303769, -0.2524607, 249.0000000
nan, 0.1516540, -0.0323798, -0.2524849, 250.0000000
nan, 0.1512620, -0.0308180, -0.2525119, 249.0000000
nan, 0.1512156, -0.0306051, -0.2525367, 249.0000000
nan, 0.1516079, -0.0319293, -0.2525578, 249.0000000
nan, 0.1512303, -0.0303685, -0.2525871, 249.0000000
nan, 0.1517983, -0.0323503, -0.2526090, 250.0000000
nan, 0.1514002, -0.0307935, -0.2526304, 249.0000000
nan, 0.1513922, -0.0306568, -0.2526531, 249.0000000
nan, 0.1517682, -0.0319750, -0.2526663, 249.0000000
nan, 0.1513748, -0.0303494, -0.2526912, 249.0000000
nan, 0.1519256, -0.0322816, -0.2527178, 249.0000000
nan, 0.1515536, -0.0307905, -0.2527414, 249.0000000
nan, 0.1515129, -0.0306056, -0.2527667, 249.0000000
nan, 0.1518710, -0.0318698, -0.2527852, 249.0000000
nan, 0.1514998, -0.0303295, -0.2528135, 249.0000000
nan, 0.1520750, -0.0323781, -0.2528370, 249.0000000
nan, 0.1516724, -0.0307861, -0.2528624, 249.0000000
nan, 0.1516505, -0.0306212, -0.2528838, 249.0000000
nan, 0.1520239, -0.0319317, -0.2529085, 249.0000000
nan, 0.1516357, -0.0303321, -0.2529327, 249.0000000
nan, 0.1522264, -0.0324122, -0.2529495, 249.0000000
nan, 0.1518109, -0.0307694, -0.2529676, 249.0000000
nan, 0.1517853, -0.0306280, -0.2529863, 249.0000000
nan, 0.1521814, -0.0319950, -0.2530084, 249.0000000
nan, 0.1517733, -0.0303336, -0.2530310, 249.0000000
nan, 0.1523229, -0.0322800, -0.2530632, 249.0000000
nan, 0.1519465, -0.0307865, -0.2530821, 249.0000000
nan, 0.1519275, -0.0306458, -0.2531068, 249.0000000
nan, 0.1523343, -0.0320574, -0.2531264, 249.0000000
nan, 0.1519047, -0.0303193, -0.2531554, 249.0000000
nan, 0.1524767, -0.0323394, -0.2531763, 249.0000000
nan, 0.1520820, -0.0307791, -0.2531982, 249.0000000
nan, 0.1520581, -0.0306165, -0.2532232, 250.0000000
nan, 0.1524531, -0.0319562, -0.2532436, 249.0000000
nan, 0.1520467, -0.0303268, -0.2532686, 249.0000000
nan, 0.1526026, -0.0323117, -0.2532932, 249.0000000
nan, 0.1522246, -0.0307820, -0.2533111, 249.0000000
nan, 0.1521872, -0.0305974, -0.2533338, 249.0000000
nan, 0.1525562, -0.0318541, -0.2533582, 249.0000000
nan, 0.1521771, -0.0303121, -0.2533724, 249.0000000
nan, 0.1527174, -0.0322156, -0.2533936, 249.0000000
nan, 0.1523557, -0.0307484, -0.2534108, 249.0000000
nan, 0.1523374, -0.0306067, -0.2534349, 249.0000000
nan, 0.1527496, -0.0320490, -0.2534513, 250.0000000
nan, 0.1523144, -0.0302942, -0.2534781, 249.0000000
nan, 0.1528427, -0.0321684, -0.2534938, 250.0000000
nan, 0.1524992, -0.0307547, -0.2535200, 250.0000000
nan, 0.1524683, -0.0305943, -0.2535347, 249.0000000
nan, 0.1528643, -0.0319479, -0.2535608, 249.0000000
nan, 0.1524580, -0.0302930, -0.2535906, 249.0000000
nan, 0.1530063, -0.0322409, -0.2536080, 249.0000000
nan, 0.1526456, -0.0307505, -0.2536306, 249.0000000
nan, 0.1525888, -0.0305137, -0.2536443, 249.0000000
nan, 0.1529226, -0.0316987, -0.2536714, 249.0000000
nan, 0.1525931, -0.0303213, -0.2536967, 249.0000000
nan, 0.1531898, -0.0324447, -0.2537113, 250.0000000
nan, 0.1527668, -0.0307722, -0.2537319, 249.0000000
nan, 0.1527115, -0.0305400, -0.2537523, 249.0000000
nan, 0.1530707, -0.0317634, -0.2537765, 250.0000000
nan, 0.1527288, -0.0303447, -0.2537986, 249.0000000
nan, 0.1533175, -0.0324467, -0.2538221, 249.0000000
nan, 0.1528927, -0.0307559, -0.2538491, 249.0000000
nan, 0.1528265, -0.0304925, -0.2538669, 250.0000000
nan, 0.1531655, -0.0316462, -0.2538905, 249.0000000
nan, 0.1528478, -0.0303071, -0.2539134, 249.0000000
nan, 0.1534381, -0.0324361, -0.2539358, 249.0000000
nan, 0.1530093, -0.0307405, -0.2539567, 249.0000000
nan, 0.1529772, -0.0305676, -0.2539684, 249.0000000
nan, 0.1533924, -0.0319882, -0.2539947, 249.0000000
nan, 0.1529567, -0.0302354, -0.2540184, 249.0000000
nan, 0.1534928, -0.0321201, -0.2540363, 249.0000000
nan, 0.1531274, -0.0306844, -0.2540636, 249.0000000
nan, 0.1531113, -0.0305419, -0.2540815, 249.0000000
nan, 0.1535678, -0.0321644, -0.2541035, 249.0000000
nan, 0.1530981, -0.0302587, -0.2541313, 249.0000000
nan, 0.1535212, -0.0317744, -0.2541556, 249.0000000
nan, 0.1532547, -0.0306858, -0.2541810, 250.0000000
nan, 0.1532590, -0.0306139, -0.2542008, 249.0000000
nan, 0.1537979, -0.0324937, -0.2542191, 250.0000000
nan, 0.1532372, -0.0302982, -0.2542406, 249.0000000
nan, 0.1534449, -0.0310315, -0.2542651, 249.0000000
nan, 0.1534341, -0.0308934, -0.2542771, 249.0000000
nan, 0.1533821, -0.0305535, -0.2543020, 249.0000000
nan, 0.1534828, -0.0307635, -0.2543395, 249.0000000
nan, 0.1534306, -0.0305181, -0.2543495, 249.0000000
nan, 0.1537522, -0.0316251, -0.2543679, 250.0000000
nan, 0.1534278, -0.0302717, -0.2543910, 249.0000000
nan, 0.1539048, -0.0319828, -0.2544103, 249.0000000
nan, 0.1535953, -0.0307333, -0.2544299, 249.0000000
nan, 0.1536023, -0.0306723, -0.2544452, 249.0000000
nan, 0.1541399, -0.0325789, -0.2544632, 250.0000000
nan, 0.1535672, -0.0303486, -0.2544890, 250.0000000
nan, 0.1541161, -0.0323064, -0.2545089, 249.0000000
nan, 0.1537430, -0.0308454, -0.2545259, 249.0000000
nan, 0.1537215, -0.0307039, -0.2545472, 250.0000000
nan, 0.1541785, -0.0323148, -0.2545635, 249.0000000
nan, 0.1537056, -0.0304387, -0.2545815, 249.0000000
nan, 0.1541042, -0.0318729, -0.2546068, 249.0000000
nan, 0.1538606, -0.0308730, -0.2546247, 250.0000000
nan, 0.1538829, -0.0308398, -0.2546462, 249.0000000
nan, 0.1543471, -0.0324942, -0.2546642, 249.0000000
nan, 0.1538358, -0.0304565, -0.2546845, 249.0000000
nan, 0.1543496, -0.0322732, -0.2547114, 249.0000000
nan, 0.1540067, -0.0309004, -0.2547355, 249.0000000
nan, 0.1539907, -0.0307639, -0.2547583, 249.0000000
nan, 0.1544265, -0.0323078, -0.2547775, 249.0000000
nan, 0.1539616, -0.0304382, -0.2548061, 249.0000000
nan, 0.1544619, -0.0321866, -0.2548130, 249.0000000
nan, 0.1541332, -0.0308634, -0.2548399, 249.0000000
nan, 0.1541069, -0.0307265, -0.2548554, 249.0000000
nan, 0.1545850, -0.0324048, -0.2548764, 249.0000000
nan, 0.1540747, -0.0304056, -0.2548943, 249.0000000
nan, 0.1543836, -0.0314876, -0.2549157, 249.0000000
nan, 0.1542307, -0.0307935, -0.2549258, 249.0000000
nan, 0.1542179, -0.0306789, -0.2549486, 249.0000000
nan, 0.1546791, -0.0322894, -0.2549666, 249.0000000
nan, 0.1541886, -0.0303365, -0.2549934, 249.0000000
nan, 0.1546478, -0.0319610, -0.2550105, 249.0000000
nan, 0.1543443, -0.0307140, -0.2550367, 250.0000000
nan, 0.1543386, -0.0305966, -0.2550556, 249.0000000
nan, 0.1548436, -0.0324142, -0.2550702, 249.0000000
nan, 0.1542817, -0.0302228, -0.2550935, 249.0000000
nan, 0.1545591, -0.0312170, -0.2551031, 249.0000000
nan, 0.1544336, -0.0306784, -0.2551243, 250.0000000
nan, 0.1544278, -0.0305049, -0.2551403, 249.0000000
nan, 0.1548662, -0.0320725, -0.2551607, 250.0000000
nan, 0.1543705, -0.0301225, -0.2551772, 250.0000000
nan, 0.1548495, -0.0318284, -0.2551942, 249.0000000
nan, 0.1545329, -0.0305608, -0.2552165, 249.0000000
nan, 0.1545190, -0.0304418, -0.2552318, 249.0000000
nan, 0.1550090, -0.0321595, -0.2552456, 249.0000000
nan, 0.1544937, -0.0300980, -0.2552704, 249.0000000
nan, 0.1548611, -0.0314539, -0.2552825, 249.0000000
nan, 0.1546365, -0.0305375, -0.2553019, 249.0000000
nan, 0.1546638, -0.0304720, -0.2553264, 249.0000000
nan, 0.1552061, -0.0324282, -0.2553432, 250.0000000
nan, 0.1546803, -0.0303562, -0.2553539, 249.0000000
nan, 0.1547299, -0.0305292, -0.2553722, 249.0000000
nan, 0.1549018, -0.0310926, -0.2553868, 250.0000000
nan, 0.1547015, -0.0301903, -0.2554106, 249.0000000
nan, 0.1552590, -0.0321932, -0.2554265, 249.0000000
nan, 0.1548349, -0.0305243, -0.2554398, 249.0000000
nan, 0.1548103, -0.0303902, -0.2554592, 249.0000000
nan, 0.1552672, -0.0320220, -0.2554740, 249.0000000
nan, 0.1547719, -0.0300767, -0.2554914, 250.0000000
nan, 0.1552057, -0.0316068, -0.2555211, 249.0000000
nan, 0.1549338, -0.0305050, -0.2555359, 249.0000000
nan, 0.1549416, -0.0304401, -0.2555626, 249.0000000
nan, 0.1554437, -0.0322562, -0.2555816, 249.0000000
nan, 0.1548920, -0.0300949, -0.2555990, 249.0000000
nan, 0.1551739, -0.0310868, -0.2556135, 249.0000000
nan, 0.1550613, -0.0306196, -0.2556286, 249.0000000
nan, 0.1550372, -0.0303987, -0.2556578, 249.0000000
nan, 0.1555762, -0.0323353, -0.2556725, 249.0000000
nan, 0.1551255, -0.0305603, -0.2556925, 249.0000000
nan, 0.1550638, -0.0303164, -0.2557060, 250.0000000
nan, 0.1554235, -0.0315669, -0.2557254, 249.0000000
nan, 0.1550512, -0.0300556, -0.2557411, 250.0000000
nan, 0.1556053, -0.0320243, -0.2557572, 250.0000000
nan, 0.1552141, -0.0305016, -0.2557763, 249.0000000
nan, 0.1551714, -0.0303346, -0.2557899, 249.0000000
nan, 0.1555708, -0.0317374, -0.2558148, 249.0000000
nan, 0.1551406, -0.0300124, -0.2558255, 249.0000000
nan, 0.1555864, -0.0316202, -0.2558374, 249.0000000
nan, 0.1552833, -0.0304172, -0.2558561, 249.0000000
nan, 0.1552930, -0.0303686, -0.2558768, 249.0000000
nan, 0.1558358, -0.0323132, -0.2558940, 249.0000000
nan, 0.1553210, -0.0302993, -0.2559023, 250.0000000
nan, 0.1553504, -0.0304083, -0.2559110, 249.0000000
nan, 0.1555384, -0.0310182, -0.2559266, 249.0000000
nan, 0.1553462, -0.0301325, -0.2559452, 249.0000000
nan, 0.1559071, -0.0321735, -0.2559692, 249.0000000
nan, 0.1554743, -0.0304708, -0.2559885, 250.0000000
nan, 0.1554382, -0.0303106, -0.2560068, 249.0000000
nan, 0.1558995, -0.0319619, -0.2560216, 250.0000000
nan, 0.1554238, -0.0300359, -0.2560286, 249.0000000
nan, 0.1558008, -0.0314044, -0.2560430, 250.0000000
nan, 0.1555596, -0.0304395, -0.2560633, 249.0000000
nan, 0.1555812, -0.0304197, -0.2560734, 249.0000000
nan, 0.1561152, -0.0323264, -0.2560840, 249.0000000
nan, 0.1555630, -0.0301909, -0.2561043, 249.0000000
nan, 0.1557589, -0.0308900, -0.2561133, 249.0000000
nan, 0.1556849, -0.0305844, -0.2561276, 249.0000000
nan, 0.1556603, -0.0303906, -0.2561562, 249.0000000
nan, 0.1560891, -0.0319341, -0.2561772, 249.0000000
nan, 0.1555942, -0.0300182, -0.2561916, 249.0000000
nan, 0.1560299, -0.0315572, -0.2562066, 249.0000000
nan, 0.1557419, -0.0304228, -0.2562265, 249.0000000
nan, 0.1557669, -0.0304024, -0.2562431, 249.0000000
nan, 0.1562900, -0.0322966, -0.2562528, 250.0000000
nan, 0.1557573, -0.0302562, -0.2562757, 249.0000000
nan, 0.1558706, -0.0306329, -0.2562860, 249.0000000
nan, 0.1559292, -0.0307754, -0.2563002, 250.0000000
nan, 0.1558184, -0.0302371, -0.2563176, 249.0000000
nan, 0.1563647, -0.0321984, -0.2563288, 249.0000000
nan, 0.1559213, -0.0304542, -0.2563471, 249.0000000
nan, 0.1558778, -0.0302902, -0.2563610, 249.0000000
nan, 0.1562999, -0.0317724, -0.2563852, 249.0000000
nan, 0.1558511, -0.0299757, -0.2564018, 249.0000000
nan, 0.1563280, -0.0316473, -0.2564168, 249.0000000
nan, 0.1559949, -0.0303653, -0.2564292, 249.0000000
nan, 0.1560239, -0.0303600, -0.2564466, 250.0000000
nan, 0.1559794, -0.0300095, -0.2564813, 249.0000000
nan, 0.1562472, -0.0309771, -0.2564988, 250.0000000
nan, 0.1561160, -0.0304154, -0.2565094, 249.0000000
nan, 0.1561282, -0.0303472, -0.2565313, 249.0000000
nan, 0.1566227, -0.0321365, -0.2565456, 249.0000000
nan, 0.1560705, -0.0299616, -0.2565643, 249.0000000
nan, 0.1565100, -0.0315169, -0.2565751, 249.0000000
nan, 0.1562107, -0.0303409, -0.2565906, 249.0000000
nan, 0.1562242, -0.0303213, -0.2566119, 249.0000000
nan, 0.1567338, -0.0321233, -0.2566251, 249.0000000
nan, 0.1561829, -0.0299692, -0.2566446, 249.0000000
nan, 0.1564662, -0.0310092, -0.2566585, 249.0000000
nan, 0.1563102, -0.0303894, -0.2566701, 249.0000000
nan, 0.1563339, -0.0303615, -0.2566846, 250.0000000
nan, 0.1568708, -0.0322624, -0.2567046, 249.0000000
nan, 0.1562849, -0.0299693, -0.2567129, 249.0000000
nan, 0.1567601, -0.0316804, -0.2567320, 249.0000000
nan, 0.1564204, -0.0303567, -0.2567460, 249.0000000
nan, 0.1564167, -0.0302912, -0.2567603, 249.0000000
nan, 0.1568537, -0.0318141, -0.2567741, 249.0000000
nan, 0.1563807, -0.0299522, -0.2567912, 249.0000000
nan, 0.1568445, -0.0316067, -0.2568024, 249.0000000
nan, 0.1565240, -0.0303432, -0.2568171, 249.0000000
nan, 0.1565245, -0.0303115, -0.2568341, 250.0000000
nan, 0.1570178, -0.0320610, -0.2568446, 249.0000000
nan, 0.1564783, -0.0299662, -0.2568638, 250.0000000
nan, 0.1568559, -0.0313110, -0.2568797, 249.0000000
nan, 0.1566167, -0.0303285, -0.2568912, 249.0000000
nan, 0.1566504, -0.0303349, -0.2569123, 249.0000000
nan, 0.1571646, -0.0321969, -0.2569290, 249.0000000
nan, 0.1566170, -0.0300804, -0.2569502, 249.0000000
nan, 0.1568141, -0.0307780, -0.2569605, 249.0000000
nan, 0.1567265, -0.0303895, -0.2569743, 249.0000000
nan, 0.1567444, -0.0303166, -0.2569963, 249.0000000
nan, 0.1571688, -0.0318195, -0.2570113, 249.0000000
nan, 0.1566957, -0.0299493, -0.2570192, 249.0000000
nan, 0.1571600, -0.0315936, -0.2570385, 249.0000000
nan, 0.1568418, -0.0303380, -0.2570548, 250.0000000
nan, 0.1568381, -0.0302892, -0.2570673, 249.0000000
nan, 0.1572815, -0.0318459, -0.2570842, 249.0000000
nan, 0.1568023, -0.0299427, -0.2571034, 249.0000000
nan, 0.1572119, -0.0313995, -0.2571242, 250.0000000
nan, 0.1569645, -0.0303280, -0.2571533, 249.0000000
nan, 0.1574531, -0.0320778, -0.2571760, 249.0000000
nan, 0.1569120, -0.0299777, -0.2571867, 249.0000000
nan, 0.1572238, -0.0310997, -0.2571940, 249.0000000
nan, 0.1570361, -0.0303551, -0.2572083, 249.0000000
nan, 0.1570645, -0.0303445, -0.2572287, 249.0000000
nan, 0.1575850, -0.0322150, -0.2572470, 249.0000000
nan, 0.1570614, -0.0301528, -0.2572585, 249.0000000
nan, 0.1573919, -0.0313168, -0.2572715, 249.0000000
nan, 0.1571422, -0.0303349, -0.2572872, 250.0000000
nan, 0.1571457, -0.0302952, -0.2573063, 249.0000000
nan, 0.1575914, -0.0318690, -0.2573142, 249.0000000
nan, 0.1571040, -0.0299462, -0.2573347, 248.0000000
nan, 0.1575363, -0.0315129, -0.2573475, 249.0000000
nan, 0.1572298, -0.0303126, -0.2573597, 249.0000000
nan, 0.1572345, -0.0302749, -0.2573743, 250.0000000
nan, 0.1577079, -0.0319751, -0.2573813, 249.0000000
nan, 0.1571839, -0.0299397, -0.2574040, 250.0000000
nan, 0.1575851, -0.0313285, -0.2574100, 249.0000000
nan, 0.1573165, -0.0303090, -0.2574239, 249.0000000
nan, 0.1573364, -0.0303067, -0.2574420, 249.0000000
nan, 0.1578137, -0.0320190, -0.2574575, 249.0000000
nan, 0.1572799, -0.0299426, -0.2574745, 249.0000000
nan, 0.1576108, -0.0311561, -0.2574838, 249.0000000
nan, 0.1573993, -0.0303059, -0.2574926, 250.0000000
nan, 0.1574325, -0.0303264, -0.2575090, 250.0000000
nan, 0.1579471, -0.0321853, -0.2575250, 250.0000000
nan, 0.1574308, -0.0301754, -0.2575419, 249.0000000
nan, 0.1577338, -0.0312092, -0.2575598, 250.0000000
nan, 0.1575089, -0.0302914, -0.2575772, 249.0000000
nan, 0.1575128, -0.0302600, -0.2575923, 249.0000000
nan, 0.1579746, -0.0318865, -0.2576031, 249.0000000
nan, 0.1574764, -0.0299223, -0.2576233, 249.0000000
nan, 0.1578558, -0.0312946, -0.2576272, 249.0000000
nan, 0.1575994, -0.0302792, -0.2576413, 249.0000000
nan, 0.1576247, -0.0302931, -0.2576534, 249.0000000
nan, 0.1581178, -0.0320760, -0.2576708, 249.0000000
nan, 0.1575609, -0.0299362, -0.2576805, 249.0000000
nan, 0.1578474, -0.0309535, -0.2576923, 249.0000000
nan, 0.1576915, -0.0303277, -0.2577011, 249.0000000
nan, 0.1577056, -0.0302922, -0.2577207, 249.0000000
nan, 0.1582281, -0.0321679, -0.2577381, 249.0000000
nan, 0.1576355, -0.0299163, -0.2577539, 249.0000000
nan, 0.1580627, -0.0314404, -0.2577704, 249.0000000
nan, 0.1577594, -0.0302772, -0.2577802, 249.0000000
nan, 0.1577747, -0.0302392, -0.2577939, 249.0000000
nan, 0.1582249, -0.0318559, -0.2578106, 249.0000000
nan, 0.1577238, -0.0298855, -0.2578274, 249.0000000
nan, 0.1581387, -0.0313759, -0.2578328, 250.0000000
nan, 0.1578655, -0.0302729, -0.2578491, 249.0000000
nan, 0.1578775, -0.0302533, -0.2578638, 249.0000000
nan, 0.1583586, -0.0320084, -0.2578834, 249.0000000
nan, 0.1578201, -0.0299097, -0.2579013, 249.0000000
nan, 0.1581505, -0.0310676, -0.2579091, 249.0000000
nan, 0.1579456, -0.0302665, -0.2579248, 249.0000000
nan, 0.1579692, -0.0302708, -0.2579396, 250.0000000
nan, 0.1584801, -0.0320916, -0.2579535, 250.0000000
nan, 0.1579141, -0.0299024, -0.2579724, 249.0000000
nan, 0.1582246, -0.0310095, -0.2579804, 249.0000000
nan, 0.1580288, -0.0302637, -0.2579913, 249.0000000
nan, 0.1580695, -0.0302717, -0.2580033, 249.0000000
nan, 0.1585728, -0.0321089, -0.2580208, 249.0000000
nan, 0.1580070, -0.0299052, -0.2580359, 249.0000000
nan, 0.1582558, -0.0307806, -0.2580414, 249.0000000
nan, 0.1581520, -0.0303412, -0.2580560, 249.0000000
nan, 0.1581593, -0.0302430, -0.2580715, 249.0000000
nan, 0.1586732, -0.0320901, -0.2580834, 249.0000000
nan, 0.1581926, -0.0302234, -0.2580929, 249.0000000
nan, 0.1582059, -0.0302721, -0.2580986, 249.0000000
nan, 0.1583257, -0.0306367, -0.2581068, 249.0000000
nan, 0.1582065, -0.0300941, -0.2581311, 249.0000000
nan, 0.1587450, -0.0320288, -0.2581364, 249.0000000
nan, 0.1583027, -0.0302986, -0.2581503, 249.0000000
nan, 0.1582579, -0.0301221, -0.2581587, 249.0000000
nan, 0.1586318, -0.0314604, -0.2581804, 249.0000000
nan, 0.1582333, -0.0298479, -0.2581927, 249.0000000
nan, 0.1586429, -0.0313346, -0.2582002, 249.0000000
nan, 0.1583625, -0.0302251, -0.2582097, 249.0000000
nan, 0.1583790, -0.0302342, -0.2582189, 249.0000000
nan, 0.1588967, -0.0320968, -0.2582344, 249.0000000
nan, 0.1583487, -0.0299935, -0.2582515, 249.0000000
nan, 0.1585570, -0.0307481, -0.2582634, 249.0000000
nan, 0.1584551, -0.0302964, -0.2582706, 249.0000000
nan, 0.1584690, -0.0302249, -0.2582881, 249.0000000
nan, 0.1589832, -0.0320799, -0.2582955, 249.0000000
nan, 0.1585246, -0.0303106, -0.2583111, 249.0000000
nan, 0.1584558, -0.0300624, -0.2583194, 249.0000000
nan, 0.1587652, -0.0311501, -0.2583301, 249.0000000
nan, 0.1584413, -0.0298370, -0.2583499, 249.0000000
nan, 0.1589392, -0.0316216, -0.2583571, 249.0000000
nan, 0.1585755, -0.0302304, -0.2583623, 249.0000000
nan, 0.1585923, -0.0302315, -0.2583722, 249.0000000
nan, 0.1591001, -0.0320523, -0.2583842, 249.0000000
nan, 0.1585449, -0.0299070, -0.2583931, 249.0000000
nan, 0.1587787, -0.0307379, -0.2584058, 249.0000000
nan, 0.1586616, -0.0302756, -0.2584153, 249.0000000
nan, 0.1586783, -0.0302339, -0.2584288, 250.0000000
nan, 0.1591891, -0.0320992, -0.2584426, 250.0000000
nan, 0.1586573, -0.0300073, -0.2584576, 249.0000000
nan, 0.1588311, -0.0306675, -0.2584681, 249.0000000
nan, 0.1587474, -0.0303003, -0.2584813, 249.0000000
nan, 0.1587507, -0.0302184, -0.2584997, 249.0000000
nan, 0.1592612, -0.0320887, -0.2585109, 249.0000000
nan, 0.1588242, -0.0303134, -0.2585200, 249.0000000
nan, 0.1587372, -0.0300275, -0.2585254, 250.0000000
nan, 0.1590728, -0.0311873, -0.2585363, 249.0000000
nan, 0.1587240, -0.0298275, -0.2585495, 249.0000000
nan, 0.1591733, -0.0314064, -0.2585644, 249.0000000
nan, 0.1588568, -0.0302152, -0.2585737, 249.0000000
nan, 0.1588527, -0.0301929, -0.2585818, 249.0000000
nan, 0.1593552, -0.0319683, -0.2585995, 249.0000000
nan, 0.1588148, -0.0298616, -0.2586100, 249.0000000
nan, 0.1591258, -0.0309937, -0.2586212, 249.0000000
nan, 0.1589295, -0.0302458, -0.2586299, 250.0000000
nan, 0.1589557, -0.0302296, -0.2586438, 250.0000000
nan, 0.1594653, -0.0320875, -0.2586558, 250.0000000
nan, 0.1589139, -0.0299168, -0.2586653, 250.0000000
nan, 0.1591556, -0.0307623, -0.2586786, 250.0000000
nan, 0.1590327, -0.0302979, -0.2586898, 249.0000000
nan, 0.1590322, -0.0301782, -0.2587066, 249.0000000
nan, 0.1595534, -0.0320579, -0.2587205, 249.0000000
nan, 0.1590939, -0.0302841, -0.2587304, 249.0000000
nan, 0.1591658, -0.0305545, -0.2587395, 249.0000000
nan, 0.1591070, -0.0302757, -0.2587521, 250.0000000
nan, 0.1591216, -0.0302153, -0.2587601, 249.0000000
nan, 0.1596318, -0.0320847, -0.2587708, 249.0000000
nan, 0.1590935, -0.0299990, -0.2587867, 249.0000000
nan, 0.1592851, -0.0306400, -0.2587952, 249.0000000
nan, 0.1592128, -0.0303524, -0.2588067, 249.0000000
nan, 0.1591895, -0.0301436, -0.2588193, 249.0000000
nan, 0.1597028, -0.0320416, -0.2588319, 249.0000000
nan, 0.1592549, -0.0302779, -0.2588404, 249.0000000
nan, 0.1591932, -0.0300995, -0.2588507, 249.0000000
nan, 0.1594149, -0.0308664, -0.2588604, 249.0000000
nan, 0.1592081, -0.0299805, -0.2588764, 250.0000000
nan, 0.1597447, -0.0319449, -0.2588846, 249.0000000
nan, 0.1592960, -0.0302355, -0.2588948, 249.0000000
nan, 0.1592611, -0.0300854, -0.2589023, 249.0000000
nan, 0.1596587, -0.0315075, -0.2589171, 249.0000000
nan, 0.1592236, -0.0297902, -0.2589313, 249.0000000
nan, 0.1596183, -0.0311893, -0.2589334, 250.0000000
nan, 0.1593543, -0.0301809, -0.2589438, 249.0000000
nan, 0.1593894, -0.0302002, -0.2589647, 249.0000000
nan, 0.1599078, -0.0320605, -0.2589740, 249.0000000
nan, 0.1593703, -0.0300101, -0.2589848, 249.0000000
nan, 0.1595247, -0.0305880, -0.2589889, 249.0000000
nan, 0.1594449, -0.0302710, -0.2590050, 249.0000000
nan, 0.1594550, -0.0301488, -0.2590188, 249.0000000
nan, 0.1599672, -0.0320053, -0.2590354, 250.0000000
nan, 0.1595104, -0.0302278, -0.2590499, 250.0000000
nan, 0.1594393, -0.0300032, -0.2590489, 249.0000000
nan, 0.1596459, -0.0307118, -0.2590584, 249.0000000
nan, 0.1594643, -0.0299258, -0.2590753, 249.0000000
nan, 0.1600391, -0.0319601, -0.2590908, 249.0000000
nan, 0.1595965, -0.0302296, -0.2590998, 250.0000000
nan, 0.1595410, -0.0300403, -0.2591048, 249.0000000
nan, 0.1599240, -0.0313857, -0.2591111, 250.0000000
nan, 0.1595191, -0.0297629, -0.2591273, 249.0000000
nan, 0.1599398, -0.0312579, -0.2591356, 249.0000000
nan, 0.1596499, -0.0301357, -0.2591518, 249.0000000
nan, 0.1596749, -0.0301331, -0.2591654, 249.0000000
nan, 0.1601513, -0.0318827, -0.2591790, 249.0000000
nan, 0.1596077, -0.0297880, -0.2591877, 249.0000000
nan, 0.1598969, -0.0308142, -0.2591975, 249.0000000
nan, 0.1597412, -0.0302010, -0.2592051, 250.0000000
nan, 0.1597503, -0.0301289, -0.2592168, 249.0000000
nan, 0.1602581, -0.0319823, -0.2592256, 249.0000000
nan, 0.1598064, -0.0302161, -0.2592318, 249.0000000
nan, 0.1597199, -0.0299175, -0.2592343, 249.0000000
nan, 0.1600381, -0.0310398, -0.2592511, 250.0000000
nan, 0.1597214, -0.0297396, -0.2592613, 249.0000000
nan, 0.1603419, -0.0319565, -0.2592758, 249.0000000
nan, 0.1598818, -0.0301712, -0.2592869, 249.0000000
nan, 0.1598705, -0.0301580, -0.2592954, 250.0000000
nan, 0.1600129, -0.0306306, -0.2593078, 249.0000000
nan, 0.1598397, -0.0298702, -0.2593241, 249.0000000
nan, 0.1604215, -0.0319811, -0.2593274, 249.0000000
nan, 0.1598494, -0.0297740, -0.2593362, 249.0000000
nan, 0.1601180, -0.0307527, -0.2593431, 249.0000000
nan, 0.1599587, -0.0301211, -0.2593557, 250.0000000
nan, 0.1599805, -0.0301082, -0.2593706, 249.0000000
nan, 0.1604842, -0.0319689, -0.2593781, 250.0000000
nan, 0.1600130, -0.0301338, -0.2593875, 249.0000000
nan, 0.1600281, -0.0301956, -0.2593971, 249.0000000
nan, 0.1601894, -0.0307504, -0.2594068, 249.0000000
nan, 0.1599686, -0.0298032, -0.2594239, 249.0000000
nan, 0.1605631, -0.0319677, -0.2594286, 249.0000000
nan, 0.1599939, -0.0298394, -0.2594350, 250.0000000
nan, 0.1602716, -0.0307925, -0.2594385, 249.0000000
nan, 0.1601129, -0.0301580, -0.2594419, 249.0000000
nan, 0.1601342, -0.0301208, -0.2594568, 249.0000000
nan, 0.1606499, -0.0319784, -0.2594604, 249.0000000
nan, 0.1601437, -0.0300077, -0.2594673, 249.0000000
nan, 0.1602130, -0.0302728, -0.2594784, 249.0000000
nan, 0.1602514, -0.0303782, -0.2594853, 249.0000000
nan, 0.1602085, -0.0300632, -0.2595059, 249.0000000
nan, 0.1607175, -0.0319297, -0.2595178, 249.0000000
nan, 0.1602670, -0.0301796, -0.2595278, 249.0000000
nan, 0.1601770, -0.0298866, -0.2595257, 249.0000000
nan, 0.1605078, -0.0310442, -0.2595325, 249.0000000
nan, 0.1601744, -0.0296938, -0.2595553, 249.0000000
nan, 0.1607010, -0.0315937, -0.2595652, 249.0000000
nan, 0.1603147, -0.0301012, -0.2595740, 249.0000000
nan, 0.1603080, -0.0300329, -0.2595780, 250.0000000
nan, 0.1607544, -0.0316540, -0.2595910, 249.0000000
nan, 0.1602513, -0.0297102, -0.2596026, 249.0000000
nan, 0.1606542, -0.0311223, -0.2596086, 249.0000000
nan, 0.1603781, -0.0300779, -0.2596138, 249.0000000
nan, 0.1603909, -0.0300960, -0.2596205, 249.0000000
nan, 0.1609080, -0.0319613, -0.2596283, 250.0000000
nan, 0.1604037, -0.0300107, -0.2596414, 249.0000000
nan, 0.1605000, -0.0303570, -0.2596436, 250.0000000
nan, 0.1604876, -0.0302538, -0.2596523, 249.0000000
nan, 0.1604568, -0.0300596, -0.2596650, 249.0000000
nan, 0.1609846, -0.0319583, -0.2596762, 249.0000000
nan, 0.1604937, -0.0300609, -0.2596933, 249.0000000
nan, 0.1604899, -0.0300895, -0.2596975, 250.0000000
nan, 0.1606398, -0.0306085, -0.2597022, 249.0000000
nan, 0.1604589, -0.0298410, -0.2597199, 249.0000000
nan, 0.1610099, -0.0318161, -0.2597324, 250.0000000
nan, 0.1605763, -0.0301374, -0.2597444, 249.0000000
nan, 0.1605924, -0.0302216, -0.2597563, 249.0000000
nan, 0.1606318, -0.0303357, -0.2597646, 250.0000000
nan, 0.1605724, -0.0299702, -0.2597773, 250.0000000
nan, 0.1611035, -0.0319024, -0.2597869, 249.0000000
nan, 0.1606439, -0.0301413, -0.2598019, 249.0000000
nan, 0.1605464, -0.0298366, -0.2598075, 249.0000000
nan, 0.1608438, -0.0308622, -0.2598180, 250.0000000
nan, 0.1606517, -0.0300345, -0.2598338, 249.0000000
nan, 0.1611702, -0.0319288, -0.2598457, 249.0000000
nan, 0.1606529, -0.0299251, -0.2598536, 249.0000000
nan, 0.1607903, -0.0304228, -0.2598652, 249.0000000
nan, 0.1607346, -0.0301819, -0.2598820, 249.0000000
nan, 0.1607223, -0.0300488, -0.2598854, 249.0000000
nan, 0.1612413, -0.0319355, -0.2598891, 250.0000000
nan, 0.1607254, -0.0299729, -0.2598994, 249.0000000
nan, 0.1608312, -0.0303335, -0.2599094, 250.0000000
nan, 0.1607656, -0.0299549, -0.2599185, 249.0000000
nan, 0.1612857, -0.0318528, -0.2599324, 249.0000000
nan, 0.1608347, -0.0301092, -0.2599348, 249.0000000
nan, 0.1607652, -0.0298874, -0.2599361, 249.0000000
nan, 0.1609117, -0.0303972, -0.2599506, 249.0000000
nan, 0.1608480, -0.0300481, -0.2599702, 249.0000000
nan, 0.1613671, -0.0319436, -0.2599737, 250.0000000
nan, 0.1608503, -0.0299346, -0.2599873, 249.0000000
nan, 0.1609318, -0.0302318, -0.2599911, 249.0000000
nan, 0.1609404, -0.0302874, -0.2600003, 249.0000000
nan, 0.1608839, -0.0299527, -0.2600098, 249.0000000
nan, 0.1614023, -0.0318388, -0.2600179, 249.0000000
nan, 0.1609554, -0.0300983, -0.2600286, 249.0000000
nan, 0.1608597, -0.0297592, -0.2600377, 249.0000000
nan, 0.1611566, -0.0308073, -0.2600522, 249.0000000
nan, 0.1608778, -0.0296660, -0.2600652, 249.0000000
nan, 0.1614924, -0.0318921, -0.2600774, 249.0000000
nan, 0.1609341, -0.0297642, -0.2600842, 249.0000000
nan, 0.1611475, -0.0305661, -0.2600860, 249.0000000
nan, 0.1610386, -0.0301396, -0.2600924, 249.0000000
nan, 0.1610320, -0.0300192, -0.2601072, 249.0000000
nan, 0.1615473, -0.0318702, -0.2601135, 249.0000000
nan, 0.1610796, -0.0300931, -0.2601219, 249.0000000
nan, 0.1609909, -0.0297980, -0.2601262, 249.0000000
nan, 0.1612726, -0.0307643, -0.2601406, 249.0000000
nan, 0.1611059, -0.0300194, -0.2601514, 249.0000000
nan, 0.1616303, -0.0319214, -0.2601586, 249.0000000
nan, 0.1610907, -0.0298599, -0.2601679, 249.0000000
nan, 0.1612133, -0.0302903, -0.2601645, 249.0000000
nan, 0.1612271, -0.0303380, -0.2601749, 249.0000000
nan, 0.1611526, -0.0299084, -0.2601890, 249.0000000
nan, 0.1616775, -0.0318038, -0.2601978, 249.0000000
nan, 0.1612211, -0.0300572, -0.2602025, 250.0000000
nan, 0.1611785, -0.0299082, -0.2602105, 249.0000000
nan, 0.1615736, -0.0313301, -0.2602211, 249.0000000
nan, 0.1611367, -0.0296217, -0.2602307, 249.0000000
nan, 0.1615610, -0.0311786, -0.2602423, 249.0000000
nan, 0.1612523, -0.0300066, -0.2602514, 249.0000000
nan, 0.1612696, -0.0300210, -0.2602646, 249.0000000
nan, 0.1617868, -0.0318854, -0.2602701, 249.0000000
nan, 0.1612473, -0.0298265, -0.2602772, 249.0000000
nan, 0.1613661, -0.0302854, -0.2602720, 249.0000000
nan, 0.1613772, -0.0303119, -0.2602881, 249.0000000
nan, 0.1618221, -0.0318174, -0.2603075, 249.0000000
nan, 0.1613763, -0.0300846, -0.2603170, 249.0000000
nan, 0.1613063, -0.0298854, -0.2603163, 249.0000000
nan, 0.1615489, -0.0306987, -0.2603278, 249.0000000
nan, 0.1613008, -0.0296934, -0.2603445, 249.0000000
nan, 0.1618655, -0.0317110, -0.2603483, 249.0000000
nan, 0.1614140, -0.0300283, -0.2603587, 249.0000000
nan, 0.1613946, -0.0299575, -0.2603678, 249.0000000
nan, 0.1618412, -0.0315905, -0.2603798, 249.0000000
nan, 0.1613410, -0.0296229, -0.2603896, 250.0000000
nan, 0.1617177, -0.0310055, -0.2604027, 250.0000000
nan, 0.1614647, -0.0300057, -0.2604101, 250.0000000
nan, 0.1614726, -0.0300082, -0.2604262, 249.0000000
nan, 0.1619744, -0.0318111, -0.2604387, 249.0000000
nan, 0.1614168, -0.0296700, -0.2604406, 250.0000000
nan, 0.1616651, -0.0305506, -0.2604512, 249.0000000
nan, 0.1615440, -0.0301143, -0.2604524, 249.0000000
nan, 0.1615460, -0.0299980, -0.2604639, 249.0000000
nan, 0.1620459, -0.0318360, -0.2604661, 249.0000000
nan, 0.1615904, -0.0300566, -0.2604800, 249.0000000
nan, 0.1615269, -0.0298454, -0.2604856, 249.0000000
nan, 0.1619148, -0.0311857, -0.2604888, 250.0000000
nan, 0.1615165, -0.0296056, -0.2605017, 249.0000000
nan, 0.1619679, -0.0312725, -0.2605045, 249.0000000
nan, 0.1616437, -0.0300050, -0.2605202, 249.0000000
nan, 0.1616366, -0.0299749, -0.2605280, 249.0000000
nan, 0.1620927, -0.0316159, -0.2605335, 250.0000000
nan, 0.1615817, -0.0296315, -0.2605394, 249.0000000
nan, 0.1619129, -0.0308280, -0.2605521, 249.0000000
nan, 0.1616923, -0.0300113, -0.2605631, 249.0000000
nan, 0.1617067, -0.0300198, -0.2605768, 249.0000000
nan, 0.1622200, -0.0318773, -0.2605850, 249.0000000
nan, 0.1617372, -0.0300086, -0.2606026, 249.0000000
nan, 0.1617368, -0.0300515, -0.2606016, 249.0000000
nan, 0.1618849, -0.0305809, -0.2606088, 249.0000000
nan, 0.1617265, -0.0298680, -0.2606193, 249.0000000
nan, 0.1622686, -0.0318282, -0.2606305, 250.0000000
nan, 0.1618334, -0.0300918, -0.2606436, 249.0000000
nan, 0.1617308, -0.0297985, -0.2606441, 249.0000000
nan, 0.1619707, -0.0306280, -0.2606512, 249.0000000
nan, 0.1617877, -0.0298231, -0.2606655, 249.0000000
nan, 0.1623148, -0.0317657, -0.2606660, 250.0000000
nan, 0.1618732, -0.0300543, -0.2606754, 249.0000000
nan, 0.1618259, -0.0299280, -0.2606842, 249.0000000
nan, 0.1622516, -0.0314403, -0.2606910, 250.0000000
nan, 0.1617814, -0.0296127, -0.2606981, 249.0000000
nan, 0.1621432, -0.0309286, -0.2607081, 249.0000000
nan, 0.1618986, -0.0299918, -0.2607112, 249.0000000
nan, 0.1619264, -0.0300127, -0.2607180, 249.0000000
nan, 0.1624332, -0.0318878, -0.2607235, 250.0000000
nan, 0.1619231, -0.0299167, -0.2607301, 250.0000000
nan, 0.1619720, -0.0301331, -0.2607252, 249.0000000
nan, 0.1620181, -0.0302823, -0.2607410, 249.0000000
nan, 0.1619589, -0.0298960, -0.2607584, 249.0000000
nan, 0.1624809, -0.0318336, -0.2607668, 249.0000000
nan, 0.1620300, -0.0300824, -0.2607818, 249.0000000
nan, 0.1619748, -0.0299105, -0.2607889, 249.0000000
nan, 0.1621487, -0.0305143, -0.2607910, 249.0000000
nan, 0.1619887, -0.0297738, -0.2607969, 249.0000000
nan, 0.1625215, -0.0317523, -0.2607991, 249.0000000
nan, 0.1620893, -0.0300460, -0.2608126, 249.0000000
nan, 0.1620109, -0.0298037, -0.2608205, 249.0000000
nan, 0.1623320, -0.0310179, -0.2608261, 249.0000000
nan, 0.1619716, -0.0295910, -0.2608386, 250.0000000
nan, 0.1625261, -0.0315595, -0.2608504, 249.0000000
nan, 0.1621120, -0.0300000, -0.2608609, 249.0000000
nan, 0.1620885, -0.0299303, -0.2608762, 249.0000000
nan, 0.1625535, -0.0315897, -0.2608869, 250.0000000
nan, 0.1620423, -0.0296024, -0.2608991, 249.0000000
nan, 0.1621473, -0.0299780, -0.2609129, 249.0000000
nan, 0.1621742, -0.0299936, -0.2609174, 250.0000000
nan, 0.1626844, -0.0318575, -0.2609209, 249.0000000
nan, 0.1621170, -0.0296727, -0.2609278, 249.0000000
nan, 0.1623891, -0.0306522, -0.2609338, 250.0000000
nan, 0.1622366, -0.0300619, -0.2609328, 250.0000000
nan, 0.1622477, -0.0300105, -0.2609452, 249.0000000
nan, 0.1627414, -0.0318263, -0.2609607, 249.0000000
nan, 0.1621636, -0.0296326, -0.2609627, 249.0000000
nan, 0.1624338, -0.0305737, -0.2609611, 249.0000000
nan, 0.1623009, -0.0300651, -0.2609632, 249.0000000
nan, 0.1623047, -0.0299886, -0.2609801, 250.0000000
nan, 0.1628172, -0.0318688, -0.2609769, 249.0000000
nan, 0.1623255, -0.0299634, -0.2609905, 249.0000000
nan, 0.1623468, -0.0300762, -0.2609921, 249.0000000
nan, 0.1624862, -0.0305225, -0.2609956, 249.0000000
nan, 0.1623379, -0.0298670, -0.2610055, 249.0000000
nan, 0.1628613, -0.0317694, -0.2610167, 249.0000000
nan, 0.1624148, -0.0300527, -0.2610199, 249.0000000
nan, 0.1623158, -0.0297165, -0.2610242, 249.0000000
nan, 0.1626865, -0.0310166, -0.2610315, 249.0000000
nan, 0.1623061, -0.0295817, -0.2610395, 249.0000000
nan, 0.1628743, -0.0316616, -0.2610483, 249.0000000
nan, 0.1624665, -0.0300610, -0.2610576, 249.0000000
nan, 0.1625133, -0.0302773, -0.2610570, 249.0000000
nan, 0.1624870, -0.0301840, -0.2610662, 249.0000000
nan, 0.1624682, -0.0299642, -0.2610818, 249.0000000
nan, 0.1629775, -0.0318499, -0.2610882, 250.0000000
nan, 0.1624879, -0.0299653, -0.2611022, 250.0000000
nan, 0.1625483, -0.0301978, -0.2610942, 249.0000000
nan, 0.1625540, -0.0302091, -0.2611074, 249.0000000
nan, 0.1625071, -0.0298974, -0.2611240, 249.0000000
nan, 0.1630318, -0.0318101, -0.2611324, 249.0000000
nan, 0.1625739, -0.0300633, -0.2611443, 249.0000000
nan, 0.1624804, -0.0297665, -0.2611382, 250.0000000
nan, 0.1627569, -0.0307581, -0.2611518, 250.0000000
nan, 0.1624756, -0.0296406, -0.2611603, 249.0000000
nan, 0.1630273, -0.0316397, -0.2611658, 249.0000000
nan, 0.1626126, -0.0300156, -0.2611676, 249.0000000
nan, 0.1625708, -0.0298758, -0.2611761, 249.0000000
nan, 0.1629571, -0.0312413, -0.2611780, 249.0000000
nan, 0.1625191, -0.0295641, -0.2611890, 249.0000000
nan, 0.1631268, -0.0317581, -0.2611951, 249.0000000
nan, 0.1626908, -0.0300471, -0.2612055, 249.0000000
nan, 0.1626225, -0.0298491, -0.2612078, 249.0000000
nan, 0.1628243, -0.0305394, -0.2612178, 249.0000000
nan, 0.1626622, -0.0298096, -0.2612241, 249.0000000
nan, 0.1631817, -0.0317694, -0.2612336, 249.0000000
nan, 0.1627370, -0.0300289, -0.2612426, 249.0000000
nan, 0.1626470, -0.0297716, -0.2612458, 250.0000000
nan, 0.1628847, -0.0305783, -0.2612551, 249.0000000
nan, 0.1626670, -0.0296744, -0.2612636, 249.0000000
nan, 0.1632321, -0.0316894, -0.2612750, 249.0000000
nan, 0.1627908, -0.0299997, -0.2612851, 249.0000000
nan, 0.1627608, -0.0298660, -0.2612895, 249.0000000
nan, 0.1632110, -0.0315143, -0.2612986, 249.0000000
nan, 0.1626992, -0.0295714, -0.2612994, 249.0000000
nan, 0.1630929, -0.0309908, -0.2613073, 249.0000000
nan, 0.1628116, -0.0299232, -0.2613213, 249.0000000
nan, 0.1628288, -0.0299459, -0.2613314, 249.0000000
nan, 0.1633317, -0.0317738, -0.2613387, 249.0000000
nan, 0.1627597, -0.0295895, -0.2613529, 250.0000000
nan, 0.1630243, -0.0305477, -0.2613530, 249.0000000
nan, 0.1628857, -0.0300308, -0.2613605, 250.0000000
nan, 0.1628947, -0.0299311, -0.2613650, 249.0000000
nan, 0.1633982, -0.0317928, -0.2613679, 249.0000000
nan, 0.1629439, -0.0300311, -0.2613799, 249.0000000
nan, 0.1628489, -0.0297407, -0.2613807, 249.0000000
nan, 0.1630985, -0.0306244, -0.2613866, 249.0000000
nan, 0.1628652, -0.0296462, -0.2613960, 249.0000000
nan, 0.1634104, -0.0316599, -0.2614047, 249.0000000
nan, 0.1629770, -0.0299998, -0.2614110, 249.0000000
nan, 0.1629221, -0.0297987, -0.2614130, 249.0000000
nan, 0.1633325, -0.0312932, -0.2614205, 249.0000000
nan, 0.1628848, -0.0295645, -0.2614359, 249.0000000
nan, 0.1632820, -0.0309838, -0.2614410, 249.0000000
nan, 0.1629999, -0.0299449, -0.2614471, 249.0000000
nan, 0.1630220, -0.0299489, -0.2614653, 250.0000000
nan, 0.1635335, -0.0317965, -0.2614650, 250.0000000
nan, 0.1629556, -0.0295923, -0.2614782, 249.0000000
nan, 0.1632445, -0.0306389, -0.2614774, 250.0000000
nan, 0.1630719, -0.0299736, -0.2614800, 249.0000000
nan, 0.1630808, -0.0299300, -0.2614882, 249.0000000
nan, 0.1635823, -0.0317907, -0.2614988, 249.0000000
nan, 0.1631362, -0.0300115, -0.2615043, 249.0000000
nan, 0.1630666, -0.0298168, -0.2615063, 249.0000000
nan, 0.1633086, -0.0306506, -0.2615170, 249.0000000
nan, 0.1630515, -0.0296040, -0.2615279, 249.0000000
nan, 0.1636196, -0.0316840, -0.2615331, 249.0000000
nan, 0.1631781, -0.0299824, -0.2615388, 249.0000000
nan, 0.1631025, -0.0297325, -0.2615362, 249.0000000
nan, 0.1634551, -0.0309904, -0.2615465, 249.0000000
nan, 0.1630842, -0.0295160, -0.2615575, 249.0000000
nan, 0.1632148, -0.0299271, -0.2615645, 250.0000000
nan, 0.1631967, -0.0298588, -0.2615763, 250.0000000
nan, 0.1636171, -0.0313668, -0.2615743, 250.0000000
nan, 0.1631614, -0.0296136, -0.2615858, 249.0000000
nan, 0.1637324, -0.0317109, -0.2615887, 249.0000000
nan, 0.1632891, -0.0299858, -0.2616008, 249.0000000
nan, 0.1632024, -0.0296878, -0.2615970, 249.0000000
nan, 0.1634642, -0.0306367, -0.2616089, 249.0000000
nan, 0.1632314, -0.0296443, -0.2616177, 249.0000000
nan, 0.1633454, -0.0299784, -0.2616304, 249.0000000
nan, 0.1632629, -0.0297077, -0.2616342, 249.0000000
nan, 0.1635423, -0.0307073, -0.2616406, 249.0000000
nan, 0.1632543, -0.0295429, -0.2616474, 249.0000000
nan, 0.1638061, -0.0315527, -0.2616462, 249.0000000
nan, 0.1633791, -0.0299417, -0.2616582, 249.0000000
nan, 0.1633198, -0.0297654, -0.2616597, 249.0000000
nan, 0.1637672, -0.0313311, -0.2616596, 249.0000000
nan, 0.1632917, -0.0294969, -0.2616723, 249.0000000
nan, 0.1636804, -0.0309407, -0.2616721, 250.0000000
nan, 0.1634092, -0.0298960, -0.2616721, 250.0000000
nan, 0.1634288, -0.0299105, -0.2616813, 249.0000000
nan, 0.1639369, -0.0317696, -0.2616871, 249.0000000
nan, 0.1634719, -0.0299752, -0.2616935, 249.0000000
nan, 0.1633775, -0.0296759, -0.2616972, 250.0000000
nan, 0.1637408, -0.0309809, -0.2617027, 249.0000000
nan, 0.1633620, -0.0294832, -0.2617022, 249.0000000
nan, 0.1638079, -0.0311244, -0.2617057, 250.0000000
nan, 0.1634920, -0.0298835, -0.2617069, 249.0000000
nan, 0.1635029, -0.0298886, -0.2617110, 250.0000000
nan, 0.1640061, -0.0317182, -0.2617114, 249.0000000
nan, 0.1634390, -0.0295549, -0.2617221, 249.0000000
nan, 0.1636314, -0.0302678, -0.2617213, 249.0000000
nan, 0.1636047, -0.0301365, -0.2617242, 249.0000000
nan, 0.1635447, -0.0297991, -0.2617340, 250.0000000
nan, 0.1640542, -0.0316910, -0.2617343, 249.0000000
nan, 0.1636074, -0.0299548, -0.2617430, 249.0000000
nan, 0.1635180, -0.0296576, -0.2617487, 249.0000000
nan, 0.1637966, -0.0306568, -0.2617569, 249.0000000
nan, 0.1635110, -0.0295063, -0.2617650, 250.0000000
nan, 0.1640697, -0.0315408, -0.2617677, 249.0000000
nan, 0.1636504, -0.0299257, -0.2617683, 249.0000000
nan, 0.1635908, -0.0297404, -0.2617719, 249.0000000
nan, 0.1639539, -0.0310274, -0.2617768, 250.0000000
nan, 0.1635571, -0.0294860, -0.2617813, 249.0000000
nan, 0.1640344, -0.0312153, -0.2617900, 250.0000000
nan, 0.1636693, -0.0298631, -0.2617910, 250.0000000
nan, 0.1636808, -0.0298446, -0.2617964, 249.0000000
nan, 0.1641874, -0.0317085, -0.2618146, 249.0000000
nan, 0.1636194, -0.0295524, -0.2618243, 249.0000000
nan, 0.1637930, -0.0301814, -0.2618258, 249.0000000
nan, 0.1638308, -0.0303156, -0.2618246, 249.0000000
nan, 0.1637213, -0.0297717, -0.2618413, 249.0000000
nan, 0.1642362, -0.0316823, -0.2618332, 249.0000000
nan, 0.1637918, -0.0299414, -0.2618377, 249.0000000
nan, 0.1637034, -0.0296645, -0.2618366, 249.0000000
nan, 0.1639970, -0.0307008, -0.2618469, 249.0000000
nan, 0.1637040, -0.0295695, -0.2618568, 249.0000000
nan, 0.1642759, -0.0316369, -0.2618599, 249.0000000
nan, 0.1638221, -0.0299233, -0.2618645, 249.0000000
nan, 0.1637570, -0.0297209, -0.2618684, 250.0000000
nan, 0.1641698, -0.0312130, -0.2618744, 249.0000000
nan, 0.1637275, -0.0294905, -0.2618819, 249.0000000
nan, 0.1641869, -0.0311756, -0.2618929, 249.0000000
nan, 0.1638551, -0.0298889, -0.2618978, 250.0000000
nan, 0.1638518, -0.0298487, -0.2619046, 249.0000000
nan, 0.1642962, -0.0314875, -0.2619179, 249.0000000
nan, 0.1637812, -0.0294919, -0.2619226, 249.0000000
nan, 0.1641540, -0.0308462, -0.2619228, 249.0000000
nan, 0.1638882, -0.0298603, -0.2619335, 249.0000000
nan, 0.1639116, -0.0298815, -0.2619433, 249.0000000
nan, 0.1644138, -0.0317406, -0.2619424, 249.0000000
nan, 0.1638361, -0.0295561, -0.2619465, 249.0000000
nan, 0.1641133, -0.0305483, -0.2619439, 249.0000000
nan, 0.1639438, -0.0298994, -0.2619552, 249.0000000
nan, 0.1639485, -0.0298922, -0.2619641, 249.0000000
nan, 0.1644575, -0.0317570, -0.2619673, 249.0000000
nan, 0.1639160, -0.0296748, -0.2619760, 249.0000000
nan, 0.1640473, -0.0301809, -0.2619760, 249.0000000
nan, 0.1640452, -0.0301657, -0.2619798, 249.0000000
nan, 0.1639713, -0.0297595, -0.2619902, 249.0000000
nan, 0.1644906, -0.0316734, -0.2619952, 249.0000000
nan, 0.1640485, -0.0299521, -0.2619950, 249.0000000
nan, 0.1639546, -0.0296780, -0.2619950, 249.0000000
nan, 0.1642892, -0.0308773, -0.2620026, 249.0000000
nan, 0.1639365, -0.0294808, -0.2620083, 249.0000000
nan, 0.1644881, -0.0314889, -0.2620132, 249.0000000
nan, 0.1640808, -0.0299050, -0.2620138, 250.0000000
nan, 0.1640176, -0.0297121, -0.2620172, 249.0000000
nan, 0.1644762, -0.0313365, -0.2620311, 249.0000000
nan, 0.1639919, -0.0294629, -0.2620377, 249.0000000
nan, 0.1644108, -0.0309997, -0.2620409, 249.0000000
nan, 0.1641173, -0.0298584, -0.2620441, 249.0000000
nan, 0.1641238, -0.0298548, -0.2620483, 249.0000000
nan, 0.1646001, -0.0315878, -0.2620475, 249.0000000
nan, 0.1640499, -0.0294929, -0.2620587, 249.0000000
nan, 0.1643375, -0.0305461, -0.2620690, 250.0000000
nan, 0.1641641, -0.0298874, -0.2620731, 249.0000000
nan, 0.1641753, -0.0298463, -0.2620862, 249.0000000
nan, 0.1646710, -0.0316935, -0.2620887, 249.0000000
nan, 0.1642215, -0.0299180, -0.2620907, 250.0000000
nan, 0.1641197, -0.0296136, -0.2620852, 249.0000000
nan, 0.1644757, -0.0308793, -0.2620937, 249.0000000
nan, 0.1641089, -0.0294472, -0.2621000, 249.0000000
nan, 0.1645711, -0.0311445, -0.2621024, 249.0000000
nan, 0.1642259, -0.0298458, -0.2621081, 249.0000000
nan, 0.1642292, -0.0298503, -0.2621193, 249.0000000
nan, 0.1647373, -0.0316886, -0.2621201, 249.0000000
nan, 0.1641802, -0.0295509, -0.2621306, 249.0000000
nan, 0.1643653, -0.0302567, -0.2621359, 249.0000000
nan, 0.1643130, -0.0300254, -0.2621353, 250.0000000
nan, 0.1642756, -0.0297681, -0.2621442, 249.0000000
nan, 0.1647743, -0.0316438, -0.2621490, 249.0000000
nan, 0.1643233, -0.0299066, -0.2621541, 249.0000000
nan, 0.1642703, -0.0297480, -0.2621512, 249.0000000
nan, 0.1646653, -0.0311879, -0.2621548, 249.0000000
nan, 0.1642234, -0.0294486, -0.2621596, 249.0000000
nan, 0.1645787, -0.0307482, -0.2621672, 249.0000000
nan, 0.1643322, -0.0298704, -0.2621770, 249.0000000
nan, 0.1643537, -0.0298518, -0.2621808, 249.0000000
nan, 0.1648680, -0.0317325, -0.2621882, 249.0000000
nan, 0.1643295, -0.0296566, -0.2621907, 249.0000000
nan, 0.1644544, -0.0301197, -0.2621870, 250.0000000
nan, 0.1644779, -0.0301742, -0.2621934, 249.0000000
nan, 0.1643990, -0.0297276, -0.2622021, 250.0000000
nan, 0.1649209, -0.0316768, -0.2621986, 249.0000000
nan, 0.1644599, -0.0299153, -0.2622120, 249.0000000
nan, 0.1643988, -0.0297066, -0.2622114, 249.0000000
nan, 0.1647210, -0.0308714, -0.2622144, 249.0000000
nan, 0.1643611, -0.0294418, -0.2622175, 250.0000000
nan, 0.1648982, -0.0314467, -0.2622262, 250.0000000
nan, 0.1644844, -0.0298647, -0.2622296, 250.0000000
nan, 0.1644535, -0.0297356, -0.2622292, 250.0000000
nan, 0.1648215, -0.0310693, -0.2622350, 249.0000000
nan, 0.1644078, -0.0294423, -0.2622465, 249.0000000
nan, 0.1648557, -0.0311046, -0.2622497, 249.0000000
nan, 0.1645323, -0.0298397, -0.2622556, 250.0000000
nan, 0.1645203, -0.0297797, -0.2622572, 249.0000000
nan, 0.1649840, -0.0314678, -0.2622621, 249.0000000
nan, 0.1644588, -0.0294560, -0.2622678, 249.0000000
nan, 0.1648308, -0.0307845, -0.2622745, 250.0000000
nan, 0.1645687, -0.0298162, -0.2622764, 249.0000000
nan, 0.1645906, -0.0298438, -0.2622853, 249.0000000
nan, 0.1651056, -0.0317317, -0.2622924, 250.0000000
nan, 0.1645827, -0.0297323, -0.2623051, 249.0000000
nan, 0.1646490, -0.0300330, -0.2623031, 249.0000000
nan, 0.1647786, -0.0304591, -0.2623131, 249.0000000
nan, 0.1645697, -0.0295580, -0.2623205, 249.0000000
nan, 0.1651359, -0.0316148, -0.2623241, 249.0000000
nan, 0.1646879, -0.0298853, -0.2623336, 249.0000000
nan, 0.1646322, -0.0297372, -0.2623280, 249.0000000
nan, 0.1650631, -0.0312858, -0.2623310, 250.0000000
nan, 0.1645815, -0.0294138, -0.2623347, 249.0000000
nan, 0.1647090, -0.0298416, -0.2623416, 250.0000000
nan, 0.1646892, -0.0297479, -0.2623480, 249.0000000
nan, 0.1650071, -0.0309213, -0.2623524, 249.0000000
nan, 0.1646317, -0.0294265, -0.2623624, 249.0000000
nan, 0.1652189, -0.0315956, -0.2623624, 249.0000000
nan, 0.1647692, -0.0298700, -0.2623677, 249.0000000
nan, 0.1647266, -0.0297325, -0.2623670, 249.0000000
nan, 0.1651892, -0.0313991, -0.2623754, 249.0000000
nan, 0.1651079, -0.0309737, -0.2623885, 250.0000000
nan, 0.1648107, -0.0298301, -0.2623979, 249.0000000
nan, 0.1648067, -0.0297929, -0.2623971, 249.0000000
nan, 0.1653229, -0.0316504, -0.2624045, 249.0000000
nan, 0.1647372, -0.0294353, -0.2624114, 249.0000000
nan, 0.1650348, -0.0305308, -0.2624131, 249.0000000
nan, 0.1648657, -0.0298604, -0.2624174, 249.0000000
nan, 0.1648779, -0.0297968, -0.2624249, 250.0000000
nan, 0.1654166, -0.0317852, -0.2624249, 249.0000000
nan, 0.1648730, -0.0296974, -0.2624397, 249.0000000
nan, 0.1649335, -0.0299801, -0.2624329, 249.0000000
nan, 0.1649892, -0.0301461, -0.2624363, 249.0000000
nan, 0.1648868, -0.0296781, -0.2624501, 249.0000000
nan, 0.1654370, -0.0317339, -0.2624520, 249.0000000
nan, 0.1649632, -0.0298847, -0.2624564, 249.0000000
nan, 0.1648863, -0.0296475, -0.2624569, 249.0000000
nan, 0.1653132, -0.0311942, -0.2624635, 249.0000000
nan, 0.1648492, -0.0293692, -0.2624635, 249.0000000
nan, 0.1653058, -0.0310963, -0.2624703, 249.0000000
nan, 0.1649780, -0.0298251, -0.2624748, 249.0000000
nan, 0.1649670, -0.0297654, -0.2624772, 249.0000000
nan, 0.1655162, -0.0317801, -0.2624839, 249.0000000
nan, 0.1654391, -0.0313693, -0.2624802, 249.0000000
nan, 0.1650461, -0.0298535, -0.2624957, 249.0000000
nan, 0.1650055, -0.0297081, -0.2624922, 249.0000000
nan, 0.1649392, -0.0293510, -0.2624992, 249.0000000
nan, 0.1654675, -0.0312933, -0.2625045, 249.0000000
nan, 0.1650852, -0.0298112, -0.2625068, 249.0000000
nan, 0.1650336, -0.0296451, -0.2625121, 249.0000000
nan, 0.1655387, -0.0314875, -0.2625160, 249.0000000
nan, 0.1649920, -0.0293593, -0.2625203, 249.0000000
nan, 0.1653860, -0.0308204, -0.2625188, 249.0000000
nan, 0.1651323, -0.0298706, -0.2625165, 249.0000000
nan, 0.1651187, -0.0297714, -0.2625207, 249.0000000
nan, 0.1656899, -0.0318574, -0.2625208, 249.0000000
nan, 0.1651295, -0.0297030, -0.2625220, 249.0000000
nan, 0.1652005, -0.0299799, -0.2625184, 249.0000000
nan, 0.1653132, -0.0303806, -0.2625227, 249.0000000
nan, 0.1651196, -0.0295537, -0.2625264, 249.0000000
nan, 0.1657071, -0.0317578, -0.2625270, 250.0000000
nan, 0.1652253, -0.0298897, -0.2625278, 250.0000000
nan, 0.1651442, -0.0296405, -0.2625187, 249.0000000
nan, 0.1655490, -0.0311052, -0.2625259, 249.0000000
nan, 0.1651026, -0.0293546, -0.2625339, 250.0000000
nan, 0.1655716, -0.0310926, -0.2625348, 249.0000000
nan, 0.1652398, -0.0298575, -0.2625421, 249.0000000
nan, 0.1651971, -0.0296687, -0.2625493, 250.0000000
nan, 0.1657451, -0.0316627, -0.2625561, 249.0000000
nan, 0.1651418, -0.0293799, -0.2625606, 249.0000000
nan, 0.1654781, -0.0306003, -0.2625714, 249.0000000
nan, 0.1652936, -0.0299219, -0.2625749, 250.0000000
nan, 0.1652563, -0.0297174, -0.2625853, 249.0000000
nan, 0.1658192, -0.0318227, -0.2625856, 249.0000000
nan, 0.1653098, -0.0298762, -0.2625820, 249.0000000
nan, 0.1652196, -0.0295933, -0.2625855, 249.0000000
nan, 0.1655801, -0.0309071, -0.2625939, 249.0000000
nan, 0.1651743, -0.0293121, -0.2626000, 249.0000000
nan, 0.1657431, -0.0313854, -0.2626033, 249.0000000
nan, 0.1653422, -0.0298364, -0.2626134, 250.0000000
nan, 0.1652815, -0.0296585, -0.2626202, 250.0000000
nan, 0.1657546, -0.0313862, -0.2626224, 249.0000000
nan, 0.1652176, -0.0293230, -0.2626356, 250.0000000
nan, 0.1656380, -0.0308646, -0.2626404, 249.0000000
nan, 0.1653593, -0.0298134, -0.2626412, 249.0000000
nan, 0.1653250, -0.0296435, -0.2626466, 249.0000000
nan, 0.1656473, -0.0308077, -0.2626496, 250.0000000
nan, 0.1652817, -0.0293581, -0.2626570, 249.0000000
nan, 0.1658813, -0.0315934, -0.2626651, 249.0000000
nan, 0.1654280, -0.0298293, -0.2626713, 249.0000000
nan, 0.1653655, -0.0296356, -0.2626705, 249.0000000
nan, 0.1657887, -0.0311697, -0.2626741, 249.0000000
nan, 0.1653183, -0.0293594, -0.2626889, 249.0000000
nan, 0.1657648, -0.0310339, -0.2626965, 250.0000000
nan, 0.1654486, -0.0298214, -0.2627032, 249.0000000
nan, 0.1654522, -0.0297846, -0.2627064, 249.0000000
nan, 0.1659965, -0.0317721, -0.2627115, 249.0000000
nan, 0.1654299, -0.0296032, -0.2627106, 249.0000000
nan, 0.1656241, -0.0303166, -0.2627144, 249.0000000
nan, 0.1655255, -0.0299386, -0.2627214, 249.0000000
nan, 0.1654990, -0.0297689, -0.2627306, 249.0000000
nan, 0.1660200, -0.0317085, -0.2627325, 249.0000000
nan, 0.1655553, -0.0299020, -0.2627351, 250.0000000
nan, 0.1654987, -0.0297663, -0.2627345, 249.0000000
nan, 0.1657203, -0.0305352, -0.2627390, 250.0000000
nan, 0.1654675, -0.0294935, -0.2627502, 249.0000000
nan, 0.1659912, -0.0314670, -0.2627558, 249.0000000
nan, 0.1655682, -0.0298473, -0.2627652, 249.0000000
nan, 0.1655438, -0.0297446, -0.2627652, 249.0000000
nan, 0.1660311, -0.0315251, -0.2627723, 249.0000000
nan, 0.1654906, -0.0294476, -0.2627768, 249.0000000
nan, 0.1657927, -0.0305723, -0.2627849, 250.0000000
nan, 0.1655966, -0.0298297, -0.2627909, 249.0000000
nan, 0.1656167, -0.0298164, -0.2627957, 249.0000000
nan, 0.1661328, -0.0317283, -0.2627996, 249.0000000
nan, 0.1655901, -0.0296560, -0.2628082, 249.0000000
nan, 0.1656924, -0.0300717, -0.2628084, 249.0000000
nan, 0.1656782, -0.0300220, -0.2628109, 249.0000000
nan, 0.1656495, -0.0297798, -0.2628227, 249.0000000
nan, 0.1661572, -0.0316577, -0.2628302, 249.0000000
nan, 0.1657004, -0.0298874, -0.2628356, 249.0000000
nan, 0.1656267, -0.0296771, -0.2628312, 249.0000000
nan, 0.1658173, -0.0303836, -0.2628375, 249.0000000
nan, 0.1661653, -0.0315835, -0.2628499, 249.0000000
nan, 0.1657238, -0.0298857, -0.2628517, 249.0000000
nan, 0.1656703, -0.0296903, -0.2628503, 249.0000000
nan, 0.1660044, -0.0308998, -0.2628583, 249.0000000
nan, 0.1656219, -0.0294135, -0.2628624, 249.0000000
nan, 0.1661119, -0.0311943, -0.2628669, 249.0000000
nan, 0.1657531, -0.0298187, -0.2628658, 249.0000000
nan, 0.1657351, -0.0297455, -0.2628761, 250.0000000
nan, 0.1662358, -0.0315620, -0.2628867, 249.0000000
nan, 0.1656835, -0.0294844, -0.2628827, 249.0000000
nan, 0.1659051, -0.0303404, -0.2628857, 249.0000000
nan, 0.1658006, -0.0299692, -0.2628866, 249.0000000
nan, 0.1657689, -0.0297881, -0.2628963, 249.0000000
nan, 0.1662831, -0.0316923, -0.2629050, 249.0000000
nan, 0.1658063, -0.0298568, -0.2629119, 249.0000000
nan, 0.1657732, -0.0298069, -0.2629032, 249.0000000
nan, 0.1659184, -0.0302918, -0.2629052, 249.0000000
nan, 0.1657739, -0.0296418, -0.2629151, 249.0000000
nan, 0.1663085, -0.0316429, -0.2629171, 249.0000000
nan, 0.1658597, -0.0299203, -0.2629288, 250.0000000
nan, 0.1657867, -0.0296967, -0.2629218, 249.0000000
nan, 0.1661439, -0.0309967, -0.2629244, 249.0000000
nan, 0.1657481, -0.0294615, -0.2629368, 249.0000000
nan, 0.1661847, -0.0310450, -0.2629284, 249.0000000
nan, 0.1658732, -0.0298502, -0.2629289, 249.0000000
nan, 0.1658621, -0.0297932, -0.2629300, 249.0000000
nan, 0.1663934, -0.0317415, -0.2629318, 249.0000000
nan, 0.1658785, -0.0297600, -0.2629384, 250.0000000
nan, 0.1659430, -0.0300103, -0.2629344, 249.0000000
nan, 0.1659826, -0.0301425, -0.2629378, 250.0000000
nan, 0.1659103, -0.0297458, -0.2629447, 249.0000000
nan, 0.1664424, -0.0316989, -0.2629497, 249.0000000
nan, 0.1659821, -0.0299395, -0.2629552, 249.0000000
nan, 0.1659235, -0.0297715, -0.2629444, 249.0000000
nan, 0.1660879, -0.0303558, -0.2629491, 249.0000000
nan, 0.1659182, -0.0296143, -0.2629599, 249.0000000
nan, 0.1664530, -0.0316020, -0.2629638, 249.0000000
nan, 0.1660125, -0.0299068, -0.2629714, 249.0000000
nan, 0.1659381, -0.0296852, -0.2629738, 249.0000000
nan, 0.1662762, -0.0308722, -0.2629838, 250.0000000
nan, 0.1659118, -0.0294258, -0.2629819, 249.0000000
nan, 0.1664568, -0.0314248, -0.2629861, 249.0000000
nan, 0.1660383, -0.0298525, -0.2629872, 249.0000000
nan, 0.1660020, -0.0297586, -0.2629900, 250.0000000
nan, 0.1664741, -0.0314490, -0.2629921, 249.0000000
nan, 0.1659496, -0.0294398, -0.2629977, 250.0000000
nan, 0.1662696, -0.0306616, -0.2630012, 249.0000000
nan, 0.1660610, -0.0298664, -0.2630087, 249.0000000
nan, 0.1660752, -0.0298009, -0.2630155, 249.0000000
nan, 0.1665902, -0.0316917, -0.2630183, 249.0000000
nan, 0.1660834, -0.0298046, -0.2630252, 250.0000000
nan, 0.1660439, -0.0297261, -0.2630171, 249.0000000
nan, 0.1662776, -0.0305729, -0.2630275, 249.0000000
nan, 0.1659973, -0.0294724, -0.2630306, 249.0000000
nan, 0.1665576, -0.0315333, -0.2630357, 249.0000000
nan, 0.1661193, -0.0298720, -0.2630434, 249.0000000
nan, 0.1660855, -0.0297453, -0.2630361, 249.0000000
nan, 0.1665007, -0.0312088, -0.2630426, 249.0000000
nan, 0.1660271, -0.0294181, -0.2630488, 249.0000000
nan, 0.1664395, -0.0309308, -0.2630434, 249.0000000
nan, 0.1661545, -0.0298278, -0.2630506, 249.0000000
nan, 0.1661565, -0.0297924, -0.2630522, 249.0000000
nan, 0.1666109, -0.0314928, -0.2630514, 249.0000000
nan, 0.1660794, -0.0294426, -0.2630509, 249.0000000
nan, 0.1663993, -0.0306168, -0.2630529, 249.0000000
nan, 0.1661937, -0.0298815, -0.2630589, 249.0000000
nan, 0.1661999, -0.0298019, -0.2630647, 249.0000000
nan, 0.1667171, -0.0316799, -0.2630714, 249.0000000
nan, 0.1662487, -0.0298966, -0.2630810, 249.0000000
nan, 0.1662102, -0.0298095, -0.2630813, 250.0000000
nan, 0.1663458, -0.0302759, -0.2630879, 249.0000000
nan, 0.1662170, -0.0297172, -0.2630918, 249.0000000
nan, 0.1667314, -0.0316477, -0.2630980, 249.0000000
nan, 0.1662850, -0.0299153, -0.2631073, 249.0000000
nan, 0.1661854, -0.0296021, -0.2631080, 249.0000000
nan, 0.1664855, -0.0306551, -0.2631193, 250.0000000
nan, 0.1661731, -0.0294494, -0.2631330, 249.0000000
nan, 0.1667158, -0.0314593, -0.2631302, 249.0000000
nan, 0.1662920, -0.0298401, -0.2631394, 249.0000000
nan, 0.1662532, -0.0297360, -0.2631372, 249.0000000
nan, 0.1667431, -0.0314995, -0.2631426, 249.0000000
nan, 0.1662043, -0.0294371, -0.2631430, 249.0000000
nan, 0.1664693, -0.0304458, -0.2631409, 249.0000000
nan, 0.1663421, -0.0299816, -0.2631456, 249.0000000
nan, 0.1663173, -0.0297949, -0.2631555, 249.0000000
nan, 0.1668379, -0.0316835, -0.2631553, 249.0000000
nan, 0.1663795, -0.0298996, -0.2631555, 249.0000000
nan, 0.1663249, -0.0297547, -0.2631539, 249.0000000
nan, 0.1664786, -0.0303249, -0.2631611, 249.0000000
nan, 0.1663141, -0.0295982, -0.2631654, 249.0000000
nan, 0.1668563, -0.0315893, -0.2631698, 249.0000000
nan, 0.1664128, -0.0298990, -0.2631736, 249.0000000
nan, 0.1663244, -0.0296327, -0.2631805, 250.0000000
nan, 0.1666709, -0.0308582, -0.2631836, 249.0000000
nan, 0.1663080, -0.0294129, -0.2631912, 249.0000000
nan, 0.1668146, -0.0312753, -0.2631867, 249.0000000
nan, 0.1664299, -0.0298100, -0.2631974, 250.0000000
nan, 0.1664122, -0.0297619, -0.2631947, 249.0000000
nan, 0.1669195, -0.0315973, -0.2632041, 250.0000000
nan, 0.1663438, -0.0294205, -0.2632094, 250.0000000
nan, 0.1666728, -0.0306451, -0.2632034, 249.0000000
nan, 0.1664472, -0.0298047, -0.2632125, 249.0000000
nan, 0.1664486, -0.0297435, -0.2632107, 249.0000000
nan, 0.1669757, -0.0316788, -0.2632153, 249.0000000
