0.0072237 ; 
0.0101479 ; 
0.0112384 ; 
0.0157005 ; 
0.0102692 ; 
0.0129547 ; 
0.0097309 ; 
0.0207034 ; 
0.0145766 ; 
0.0146257 ; 
0.0167384 ; 
0.0087106 ; 
0.0103739 ; 
0.0133935 ; 
0.0182691 ; 
0.0046325 ; 
0.0132457 ; 
0.0097785 ; 
0.016583 ; 
0.013108 ; 
0.0054751 ; 
0.0101161 ; 
0.018613 ; 
0.0076115 ; 
0.010925 ; 
0.0104757 ; 
0.0186775 ; 
0.0109768 ; 
0.0113643 ; 
0.0102011 ; 
0.0117363 ; 
0.0051881 ; 
0.0034145 ; 
0.0092267 ; 
0.0097942 ; 
0.0131192 ; 
0.0198161 ; 
0.0039871 ; 
0.0123773 ; 
0.0095559 ; 
0.0200821 ; 
0.010216 ; 
0.0102991 ; 
0.0063567 ; 
0.0100091 ; 
0.0098354 ; 
0.0100048 ; 
0.0176246 ; 
0.0049673 ; 
0.0031309 ; 
0.0120518 ; 
0.0096565 ; 
0.0134611 ; 
0.0051752 ; 
0.0053921 ; 
0.0096815 ; 
0.0144583 ; 
0.0064234 ; 
0.0101974 ; 
0.0105379 ; 
0.0167339 ; 
0.0093575 ; 
0.0098817 ; 
0.0101439 ; 
0.0108401 ; 
0.0038692 ; 
0.0102 ; 
0.0137781 ; 
0.0107573 ; 
0.0033971 ; 
0.009865 ; 
0.0104084 ; 
0.0129446 ; 
0.0089497 ; 
0.0047834 ; 
0.0127494 ; 
0.0094185 ; 
0.0121418 ; 
0.0106644 ; 
0.0099036 ; 
0.0115823 ; 
0.0061736 ; 
0.0032404 ; 
0.0076907 ; 
0.0108471 ; 
0.0150622 ; 
0.0140682 ; 
