0.011855 ; 
0.017519 ; 
0.0190402 ; 
0.0282052 ; 
0.0151385 ; 
0.0209694 ; 
0.0171075 ; 
0.028194 ; 
0.0226243 ; 
0.0215409 ; 
0.0265996 ; 
0.0147536 ; 
0.0190304 ; 
0.0190498 ; 
0.0280025 ; 
0.0092728 ; 
0.0230912 ; 
0.0182723 ; 
0.0249402 ; 
0.0217567 ; 
0.0089105 ; 
0.0177666 ; 
0.0253977 ; 
0.0129327 ; 
0.0186362 ; 
0.0176159 ; 
0.0260034 ; 
0.0164409 ; 
0.0207493 ; 
0.0184534 ; 
0.0192691 ; 
0.0086272 ; 
0.007019 ; 
0.0164379 ; 
0.0182489 ; 
0.0211116 ; 
0.0261102 ; 
0.0074258 ; 
0.0195531 ; 
0.0171177 ; 
0.0285121 ; 
0.0179008 ; 
0.0190834 ; 
0.0099371 ; 
0.0160962 ; 
0.0185789 ; 
0.0176392 ; 
0.0245372 ; 
0.0077945 ; 
0.0064315 ; 
0.0206606 ; 
0.0170685 ; 
0.0215463 ; 
0.0108016 ; 
0.008802 ; 
0.0172529 ; 
0.0219766 ; 
0.0107708 ; 
0.0187477 ; 
0.0182398 ; 
0.0236073 ; 
0.0136877 ; 
0.0178272 ; 
0.0173864 ; 
0.0187861 ; 
0.0064454 ; 
0.0173993 ; 
0.0203078 ; 
0.0174778 ; 
0.0067435 ; 
0.0175671 ; 
0.0176283 ; 
0.0217425 ; 
0.0147659 ; 
0.0089906 ; 
0.0202854 ; 
0.0177813 ; 
0.0215457 ; 
0.0178924 ; 
0.0176667 ; 
0.0249055 ; 
0.0107022 ; 
0.0061464 ; 
0.0119712 ; 
0.0182867 ; 
0.0229153 ; 
0.0215139 ; 
