0.0062755 ; 
0.0170468 ; 
0.0184116 ; 
0.0094746 ; 
0.009385 ; 
0.0130391 ; 
0.0057259 ; 
0.0228569 ; 
0.0204299 ; 
0.0098059 ; 
0.0080117 ; 
0.0171189 ; 
0.0221359 ; 
0.0230321 ; 
0.00932 ; 
0.0147295 ; 
0.0184912 ; 
0.0230372 ; 
0.0175234 ; 
0.0293688 ; 
0.0199286 ; 
0.0224139 ; 
0.0168096 ; 
0.0173758 ; 
0.0234461 ; 
0.0225144 ; 
0.0173121 ; 
0.0207956 ; 
0.0176437 ; 
0.0222004 ; 
0.0057837 ; 
0.0064747 ; 
0.0174905 ; 
0.0184679 ; 
0.0242327 ; 
0.0222 ; 
0.007541 ; 
0.0170669 ; 
0.0200808 ; 
0.021922 ; 
0.0181932 ; 
0.0182463 ; 
0.0205806 ; 
0.0100932 ; 
0.0104484 ; 
0.0180779 ; 
0.0180405 ; 
0.0198311 ; 
0.008228 ; 
0.007731 ; 
0.0169439 ; 
0.0170052 ; 
0.0185594 ; 
0.0068733 ; 
0.0062174 ; 
0.0191947 ; 
0.0181463 ; 
0.0235914 ; 
0.0172105 ; 
0.0126042 ; 
0.0252614 ; 
0.0109217 ; 
0.0216377 ; 
0.0190073 ; 
0.0191905 ; 
0.0213555 ; 
0.0106435 ; 
0.0087898 ; 
0.0165456 ; 
0.0173807 ; 
0.0208632 ; 
0.0078229 ; 
0.0177213 ; 
0.0174621 ; 
0.0174936 ; 
0.0137032 ; 
0.0087444 ; 
0.0179091 ; 
0.0101419 ; 
0.00738 ; 
0.0095951 ; 
0.021143 ; 
0.0157464 ; 
0.0191423 ; 
0.0099564 ; 
0.0177899 ; 
0.0208341 ; 
0.0123794 ; 
0.0183845 ; 
0.0145769 ; 
0.0193972 ; 
0.0203026 ; 
0.0128866 ; 
0.0052124 ; 
