0.0235487 ; 
0.009683 ; 
0.0178346 ; 
0.0219068 ; 
0.0228609 ; 
0.016036 ; 
0.0176462 ; 
0.0202372 ; 
0.0225683 ; 
0.0572575 ; 
0.0177194 ; 
0.0092921 ; 
0.0121565 ; 
0.0180058 ; 
0.0190676 ; 
0.0238625 ; 
0.0197959 ; 
0.0179151 ; 
0.0250488 ; 
0.016902 ; 
0.0193598 ; 
0.0173287 ; 
0.0199172 ; 
0.0176223 ; 
0.0196925 ; 
0.0169075 ; 
0.0162715 ; 
0.0123879 ; 
0.0157925 ; 
0.0200789 ; 
0.0204022 ; 
0.0208802 ; 
0.0238427 ; 
0.0138985 ; 
0.0088592 ; 
0.0166513 ; 
0.0203165 ; 
0.0234259 ; 
0.007881 ; 
0.0076058 ; 
0.0176659 ; 
0.0217003 ; 
0.0096048 ; 
0.007915 ; 
0.0189392 ; 
0.0177408 ; 
0.009615 ; 
0.009938 ; 
0.0140003 ; 
0.0183913 ; 
0.0275355 ; 
0.0066836 ; 
0.0114592 ; 
0.013418 ; 
0.0170963 ; 
0.0113611 ; 
0.0063906 ; 
0.0112989 ; 
0.0194248 ; 
0.0084527 ; 
0.009505 ; 
0.0090298 ; 
0.0175369 ; 
0.0075311 ; 
0.0181257 ; 
0.0099184 ; 
0.0180572 ; 
0.0090839 ; 
0.0248535 ; 
0.0223043 ; 
0.0194332 ; 
0.0168467 ; 
0.018143 ; 
0.0143051 ; 
0.01819 ; 
0.0171117 ; 
0.009789 ; 
0.0083102 ; 
0.0118943 ; 
0.0183687 ; 
0.0236358 ; 
0.0125219 ; 
0.0175338 ; 
0.0188118 ; 
0.0223507 ; 
0.0261957 ; 
0.0182925 ; 
0.0169543 ; 
0.0241596 ; 
0.0071399 ; 
0.0197677 ; 
0.0183781 ; 
0.0234346 ; 
0.0085161 ; 
0.0144943 ; 
0.0170075 ; 
0.0198949 ; 
0.0137032 ; 
0.0245579 ; 
0.0118077 ; 
0.0210239 ; 
0.0105796 ; 
0.0093076 ; 
0.0175958 ; 
0.0214824 ; 
0.0301643 ; 
0.0107462 ; 
0.0192363 ; 
0.0181018 ; 
0.0175808 ; 
0.0172442 ; 
0.0177618 ; 
0.0193166 ; 
0.0158804 ; 
0.0205697 ; 
0.0176785 ; 
0.0234842 ; 
0.0080627 ; 
0.0179579 ; 
0.0193094 ; 
0.0230387 ; 
0.0138468 ; 
0.0076199 ; 
0.01202 ; 
0.0236778 ; 
0.0112305 ; 
0.0197803 ; 
0.0180654 ; 
0.0212845 ; 
0.0102464 ; 
0.0117336 ; 
0.0178501 ; 
0.0179335 ; 
0.0071995 ; 
0.0101087 ; 
0.0175638 ; 
0.0204937 ; 
0.0080061 ; 
0.0173861 ; 
0.0069505 ; 
0.0170323 ; 
0.0179861 ; 
0.0697176 ; 
0.0184983 ; 
0.0185277 ; 
0.0258097 ; 
0.0206199 ; 
0.0175627 ; 
0.0178487 ; 
0.0264456 ; 
0.0132651 ; 
0.0142379 ; 
0.017846 ; 
0.0166214 ; 
0.033202 ; 
0.0078979 ; 
0.0109559 ; 
0.0182175 ; 
0.0167733 ; 
0.0099202 ; 
0.018022 ; 
0.0177685 ; 
0.0194797 ; 
0.0244028 ; 
0.0169896 ; 
0.0181571 ; 
0.0196549 ; 
0.0070946 ; 
0.0169699 ; 
0.0174396 ; 
0.0247772 ; 
0.0193555 ; 
0.0176321 ; 
0.0179556 ; 
0.0265935 ; 
0.0115226 ; 
0.0175601 ; 
0.0178151 ; 
0.0189085 ; 
0.0176049 ; 
0.0666127 ; 
0.022679 ; 
0.0201274 ; 
0.0187742 ; 
0.0148129 ; 
0.0191586 ; 
0.0154695 ; 
0.0299102 ; 
0.0176056 ; 
0.0280462 ; 
0.0096085 ; 
0.0170199 ; 
0.0191421 ; 
0.0167615 ; 
0.0179381 ; 
0.0175451 ; 
0.0193253 ; 
0.0232748 ; 
0.0177779 ; 
0.0163599 ; 
0.0191875 ; 
0.0076776 ; 
0.0173926 ; 
0.0211954 ; 
0.0190448 ; 
0.0127365 ; 
0.0082823 ; 
0.0170994 ; 
0.0186488 ; 
0.0074738 ; 
0.017854 ; 
0.0180483 ; 
0.0183049 ; 
0.0107874 ; 
0.0085744 ; 
0.0173158 ; 
0.0176816 ; 
0.0172712 ; 
0.0103581 ; 
0.0167951 ; 
0.0183 ; 
0.0167531 ; 
0.0263889 ; 
0.007033 ; 
0.0209464 ; 
0.016503 ; 
0.0240273 ; 
0.0126976 ; 
0.017628 ; 
0.0177599 ; 
0.0141327 ; 
0.0182602 ; 
0.0177169 ; 
0.0194429 ; 
0.0116782 ; 
0.0072472 ; 
0.0243849 ; 
0.0179392 ; 
0.0141393 ; 
0.0083018 ; 
0.0071745 ; 
0.0217623 ; 
0.0181304 ; 
0.0245853 ; 
0.0097182 ; 
0.0198523 ; 
0.0196406 ; 
0.0243027 ; 
0.0071535 ; 
0.017594 ; 
0.0182673 ; 
0.012411 ; 
0.0175114 ; 
0.0171302 ; 
0.0174293 ; 
0.0256308 ; 
0.0096137 ; 
0.0080786 ; 
0.01915 ; 
0.020096 ; 
0.0215379 ; 
0.0113067 ; 
0.0074314 ; 
0.0169767 ; 
0.023529 ; 
0.0181827 ; 
0.0182248 ; 
0.0177713 ; 
0.011647 ; 
0.0181828 ; 
0.0211515 ; 
0.0170381 ; 
0.023072 ; 
0.0118142 ; 
0.0245849 ; 
0.0174811 ; 
0.0178112 ; 
0.0205733 ; 
0.0081134 ; 
0.0111711 ; 
0.0182846 ; 
0.0185867 ; 
0.013334 ; 
0.0169309 ; 
0.009504 ; 
0.0179567 ; 
0.017892 ; 
0.0182872 ; 
0.0187235 ; 
0.0175425 ; 
0.0146709 ; 
0.0111292 ; 
0.0166858 ; 
0.0212495 ; 
0.024885 ; 
0.0104741 ; 
0.0081776 ; 
0.0179079 ; 
0.0176206 ; 
0.0117263 ; 
0.0175637 ; 
0.0112829 ; 
0.0285707 ; 
0.0141325 ; 
0.0054265 ; 
0.0146024 ; 
0.0197804 ; 
0.0103349 ; 
0.0083892 ; 
0.0174247 ; 
0.0219045 ; 
0.0113971 ; 
0.0083995 ; 
0.0072342 ; 
0.01781 ; 
0.0201231 ; 
0.0171047 ; 
0.0117141 ; 
0.0119395 ; 
0.0094501 ; 
0.0129215 ; 
