0.0131792 ; 
0.0057745 ; 
0.010195 ; 
0.0140877 ; 
0.0153323 ; 
0.0094665 ; 
0.0101034 ; 
0.013893 ; 
0.0147222 ; 
0.0058369 ; 
0.010196 ; 
0.0052196 ; 
0.0073172 ; 
0.0102199 ; 
0.011597 ; 
0.0148054 ; 
0.011004 ; 
0.0101574 ; 
0.0176473 ; 
0.0098887 ; 
0.0119423 ; 
0.0100406 ; 
0.0100702 ; 
0.0098764 ; 
0.0113875 ; 
0.0104949 ; 
0.0086629 ; 
0.0073163 ; 
0.0095727 ; 
0.0138086 ; 
0.0101635 ; 
0.0133335 ; 
0.0161472 ; 
0.009588 ; 
0.0052905 ; 
0.0093572 ; 
0.010867 ; 
0.0157345 ; 
0.0040694 ; 
0.0038565 ; 
0.0101078 ; 
0.0113703 ; 
0.005264 ; 
0.0050827 ; 
0.0103814 ; 
0.0100841 ; 
0.0058022 ; 
0.005453 ; 
0.0079054 ; 
0.0105746 ; 
0.0167041 ; 
0.0029649 ; 
0.0083156 ; 
0.0097586 ; 
0.0104667 ; 
0.0079007 ; 
0.0028332 ; 
0.0081043 ; 
0.0119275 ; 
0.0053513 ; 
0.0064523 ; 
0.0048664 ; 
0.0099004 ; 
0.0043168 ; 
0.0100511 ; 
0.0068497 ; 
0.0112124 ; 
0.0056769 ; 
0.0165775 ; 
0.0136239 ; 
0.0126813 ; 
0.0099693 ; 
0.0110933 ; 
0.0088219 ; 
0.0104238 ; 
0.0101189 ; 
0.004863 ; 
0.0047107 ; 
0.0066998 ; 
0.0100983 ; 
0.0167793 ; 
0.0062213 ; 
0.0099864 ; 
0.0102434 ; 
0.0148791 ; 
0.0169337 ; 
0.0108692 ; 
0.0103321 ; 
0.0125755 ; 
0.0039769 ; 
0.0123936 ; 
0.0107286 ; 
0.013766 ; 
0.0047967 ; 
0.0095012 ; 
0.0097977 ; 
0.0107353 ; 
0.0095791 ; 
0.0150638 ; 
0.0066722 ; 
0.0122847 ; 
0.0066257 ; 
0.005273 ; 
0.010082 ; 
0.0123728 ; 
0.0207649 ; 
0.0061247 ; 
0.0105744 ; 
0.0105692 ; 
0.0126361 ; 
0.0098397 ; 
0.0103015 ; 
0.0122114 ; 
0.0101299 ; 
0.0125748 ; 
0.0099438 ; 
0.016645 ; 
0.0042663 ; 
0.0105636 ; 
0.0109664 ; 
0.0151426 ; 
0.0076303 ; 
0.0041886 ; 
0.0067892 ; 
0.0159394 ; 
0.0065659 ; 
0.0123272 ; 
0.0099776 ; 
0.0124637 ; 
0.0056573 ; 
0.0060209 ; 
0.0100934 ; 
0.0099721 ; 
0.0043953 ; 
0.0055938 ; 
0.0099971 ; 
0.0123763 ; 
0.0040148 ; 
0.0122733 ; 
0.0035444 ; 
0.0096571 ; 
0.0104903 ; 
0.012343 ; 
0.0108589 ; 
0.0101708 ; 
0.01544 ; 
0.0128768 ; 
0.009878 ; 
0.0100141 ; 
0.0179247 ; 
0.0059783 ; 
0.0084583 ; 
0.0103765 ; 
0.0097071 ; 
0.0152522 ; 
0.0044032 ; 
0.0067399 ; 
0.0105539 ; 
0.0111273 ; 
0.005668 ; 
0.0104381 ; 
0.0099961 ; 
0.0111399 ; 
0.0159651 ; 
0.009835 ; 
0.0103756 ; 
0.0116956 ; 
0.0045386 ; 
0.0100005 ; 
0.0100088 ; 
0.0162422 ; 
0.0116571 ; 
0.0097831 ; 
0.009871 ; 
0.0190529 ; 
0.0060793 ; 
0.0093318 ; 
0.0102584 ; 
0.0122436 ; 
0.0127957 ; 
0.0119946 ; 
0.0137278 ; 
0.014181 ; 
0.0104852 ; 
0.0084983 ; 
0.0117927 ; 
0.010139 ; 
0.015246 ; 
0.0101029 ; 
0.0179726 ; 
0.006075 ; 
0.0096975 ; 
0.0113099 ; 
0.0108457 ; 
0.0100719 ; 
0.0102278 ; 
0.0106069 ; 
0.0147586 ; 
0.0100337 ; 
0.0091056 ; 
0.0128067 ; 
0.0037658 ; 
0.0099178 ; 
0.0128085 ; 
0.0101162 ; 
0.0067986 ; 
0.0054897 ; 
0.0097634 ; 
0.0112888 ; 
0.0035374 ; 
0.0102858 ; 
0.0100542 ; 
0.0103834 ; 
0.007172 ; 
0.0049547 ; 
0.0097812 ; 
0.0101765 ; 
0.0096971 ; 
0.0059683 ; 
0.0096707 ; 
0.0101265 ; 
0.0095181 ; 
0.0177945 ; 
0.0031691 ; 
0.0127939 ; 
0.0097607 ; 
0.0157345 ; 
0.0074128 ; 
0.0096553 ; 
0.009679 ; 
0.0081741 ; 
0.0126254 ; 
0.0103574 ; 
0.0125282 ; 
0.0069693 ; 
0.0034116 ; 
0.0165882 ; 
0.0108619 ; 
0.0088084 ; 
0.0043133 ; 
0.0032783 ; 
0.0136427 ; 
0.010798 ; 
0.0186194 ; 
0.0051998 ; 
0.0123799 ; 
0.0123188 ; 
0.0153941 ; 
0.0040796 ; 
0.010749 ; 
0.0100625 ; 
0.0083206 ; 
0.0104039 ; 
0.0102154 ; 
0.0101139 ; 
0.0173322 ; 
0.00516 ; 
0.0040952 ; 
0.0109502 ; 
0.0135016 ; 
0.0155497 ; 
0.0069628 ; 
0.0038255 ; 
0.0094884 ; 
0.0165098 ; 
0.010148 ; 
0.0103015 ; 
0.0101181 ; 
0.007815 ; 
0.0105824 ; 
0.0130166 ; 
0.009839 ; 
0.0138686 ; 
0.0072137 ; 
0.0153197 ; 
0.0097405 ; 
0.0115575 ; 
0.0145109 ; 
0.0047328 ; 
0.0066539 ; 
0.0103882 ; 
0.0107332 ; 
0.0074748 ; 
0.0103637 ; 
0.0056396 ; 
0.010172 ; 
0.011788 ; 
0.0098152 ; 
0.010239 ; 
0.0099201 ; 
0.0095085 ; 
0.0063753 ; 
0.0098384 ; 
0.0128713 ; 
0.0171872 ; 
0.0078004 ; 
0.0056309 ; 
0.0099402 ; 
0.010128 ; 
0.0069737 ; 
0.0097413 ; 
0.0061857 ; 
0.020617 ; 
0.0079708 ; 
0.0032035 ; 
0.0108516 ; 
0.0116204 ; 
0.0070488 ; 
0.0054202 ; 
0.0098075 ; 
0.0162769 ; 
0.0080634 ; 
0.0043396 ; 
0.0040572 ; 
0.0095763 ; 
0.0132597 ; 
0.0099462 ; 
0.0069286 ; 
0.0089635 ; 
0.0066149 ; 
0.0080055 ; 
