0.0149642 ; 
0.0046813 ; 
0.0027714 ; 
0.0127797 ; 
0.0101384 ; 
0.0144774 ; 
0.0109265 ; 
0.0133704 ; 
0.0140534 ; 
0.0165822 ; 
0.0055129 ; 
0.0088735 ; 
0.009646 ; 
0.0137031 ; 
0.005796 ; 
0.009591 ; 
0.0095616 ; 
0.0093438 ; 
0.0097504 ; 
0.0040242 ; 
0.005527 ; 
0.0092248 ; 
0.0095052 ; 
0.0158648 ; 
0.0028185 ; 
0.0092576 ; 
0.0098985 ; 
0.0095019 ; 
0.0063064 ; 
0.0127098 ; 
0.0042752 ; 
0.0092889 ; 
0.0186017 ; 
0.0118051 ; 
0.0054874 ; 
0.0091487 ; 
0.0097984 ; 
0.0085567 ; 
0.0059338 ; 
0.0055022 ; 
0.0100144 ; 
0.0094869 ; 
0.017556 ; 
0.0104052 ; 
0.0096904 ; 
0.0094952 ; 
0.0128074 ; 
0.0052103 ; 
0.011284 ; 
0.0102575 ; 
0.009819 ; 
0.0056326 ; 
0.0148332 ; 
0.0094726 ; 
0.0115176 ; 
0.0139905 ; 
0.0065644 ; 
0.0030428 ; 
0.0069316 ; 
0.0098065 ; 
0.0144912 ; 
0.0032752 ; 
0.0157462 ; 
0.0119009 ; 
0.0179384 ; 
0.0044203 ; 
0.0094247 ; 
0.0125214 ; 
0.0097996 ; 
0.0041616 ; 
0.0093288 ; 
0.0093511 ; 
0.0147012 ; 
0.0094102 ; 
0.0110357 ; 
0.0099802 ; 
0.013267 ; 
0.0095371 ; 
0.0102077 ; 
0.0105253 ; 
0.0048172 ; 
0.0098681 ; 
0.0096445 ; 
0.0179592 ; 
0.0043447 ; 
0.0053777 ; 
0.0116536 ; 
0.0111525 ; 
0.005011 ; 
0.0059405 ; 
0.0115749 ; 
0.0110887 ; 
0.0159267 ; 
0.0050734 ; 
0.0117624 ; 
0.0101005 ; 
0.009671 ; 
0.0036877 ; 
0.005885 ; 
0.009302 ; 
0.0093161 ; 
0.0150581 ; 
0.0029893 ; 
0.009189 ; 
0.0093408 ; 
0.0109168 ; 
0.0057787 ; 
0.0129902 ; 
0.0092386 ; 
0.0096288 ; 
0.0128877 ; 
0.0101369 ; 
0.013966 ; 
0.014836 ; 
0.0066546 ; 
0.0059011 ; 
0.0094484 ; 
0.0121806 ; 
0.0117185 ; 
0.0066809 ; 
0.0073515 ; 
0.0092837 ; 
0.0105147 ; 
0.0159736 ; 
0.005787 ; 
0.0040314 ; 
0.0057574 ; 
0.0102465 ; 
0.0066646 ; 
0.0091972 ; 
0.0130417 ; 
0.0118293 ; 
0.0152444 ; 
0.0104467 ; 
0.0119554 ; 
0.0092567 ; 
0.0116933 ; 
0.0132042 ; 
0.0033396 ; 
0.0033689 ; 
0.0129257 ; 
0.0066838 ; 
0.0029262 ; 
0.002804 ; 
0.0096467 ; 
0.0081397 ; 
0.0104443 ; 
0.0095459 ; 
0.0063441 ; 
0.0143621 ; 
0.0069341 ; 
0.0113557 ; 
0.0104623 ; 
0.0083432 ; 
0.0036373 ; 
0.0037982 ; 
0.0101716 ; 
0.0144057 ; 
0.0074367 ; 
0.0030301 ; 
0.0101447 ; 
0.0101069 ; 
0.0125507 ; 
0.0030723 ; 
0.0102771 ; 
0.0099694 ; 
0.013586 ; 
0.0094964 ; 
0.0094833 ; 
0.0096434 ; 
0.0085226 ; 
0.0107075 ; 
0.0101251 ; 
0.0102404 ; 
0.0113213 ; 
0.0128504 ; 
0.0042618 ; 
0.0028337 ; 
0.009967 ; 
0.0093134 ; 
0.0136204 ; 
0.0125133 ; 
0.0039816 ; 
0.0152737 ; 
0.0098328 ; 
0.009207 ; 
0.0096107 ; 
0.0164918 ; 
0.004379 ; 
0.0042587 ; 
0.0092513 ; 
0.0090592 ; 
0.0115293 ; 
0.0094688 ; 
0.0030894 ; 
0.0096236 ; 
0.0101697 ; 
0.0076007 ; 
0.0108014 ; 
0.00419 ; 
0.0124304 ; 
0.0092778 ; 
0.0051591 ; 
0.0113749 ; 
0.012709 ; 
0.0074864 ; 
0.0103881 ; 
0.0111241 ; 
0.0100294 ; 
0.0062236 ; 
0.0046161 ; 
0.0132717 ; 
0.0131239 ; 
0.0101051 ; 
0.0052814 ; 
0.010545 ; 
0.0103606 ; 
0.0111868 ; 
0.0060972 ; 
0.0127906 ; 
0.0113969 ; 
0.0098838 ; 
0.0054521 ; 
0.0054913 ; 
0.0110239 ; 
0.011093 ; 
0.0152014 ; 
0.0045799 ; 
0.0103405 ; 
0.0101907 ; 
0.0104117 ; 
0.008035 ; 
0.010231 ; 
0.0044633 ; 
0.0206337 ; 
0.0050142 ; 
0.0097522 ; 
0.0120471 ; 
0.0039887 ; 
0.0106874 ; 
0.0050215 ; 
0.004373 ; 
0.0150872 ; 
0.0039216 ; 
0.0049554 ; 
0.0098273 ; 
0.0068136 ; 
0.0073621 ; 
0.0110692 ; 
0.0100401 ; 
0.0154752 ; 
0.0115118 ; 
0.0095246 ; 
0.0100413 ; 
0.0098411 ; 
0.0092792 ; 
0.0101199 ; 
0.0099991 ; 
0.0102885 ; 
0.0068709 ; 
0.0029917 ; 
0.0091005 ; 
0.0107963 ; 
0.0057802 ; 
0.0063582 ; 
0.0100044 ; 
0.012756 ; 
0.0132943 ; 
0.0182921 ; 
0.0123055 ; 
0.0095554 ; 
0.0044083 ; 
0.0222823 ; 
0.0059084 ; 
0.0119718 ; 
0.0122068 ; 
0.0079442 ; 
0.0069814 ; 
0.0041713 ; 
0.0066232 ; 
0.0101032 ; 
0.013443 ; 
0.0111796 ; 
0.0098295 ; 
0.0093139 ; 
0.010978 ; 
0.0113394 ; 
0.0124716 ; 
0.0150748 ; 
0.0047921 ; 
0.0109349 ; 
0.0122455 ; 
0.0111032 ; 
0.0121039 ; 
0.0028875 ; 
0.0099668 ; 
0.0096041 ; 
0.0134531 ; 
0.0072924 ; 
0.0047492 ; 
0.0037339 ; 
0.0098801 ; 
0.0066234 ; 
0.0152536 ; 
0.0100835 ; 
0.0118023 ; 
0.0043443 ; 
0.0108022 ; 
0.0092922 ; 
0.0106782 ; 
0.0114678 ; 
0.0111868 ; 
0.0126928 ; 
0.0084779 ; 
0.0098638 ; 
0.0096544 ; 
0.0057589 ; 
0.0043351 ; 
0.0031767 ; 
0.0127092 ; 
0.0096197 ; 
0.0151197 ; 
0.0069463 ; 
0.0033401 ; 
0.0029367 ; 
0.0093638 ; 
0.0133903 ; 
0.0051498 ; 
0.0101888 ; 
0.0042577 ; 
0.0116911 ; 
0.0142256 ; 
0.0056577 ; 
0.0049427 ; 
0.0103207 ; 
0.0116538 ; 
0.0110336 ; 
0.0043726 ; 
0.0106338 ; 
0.0119702 ; 
0.0061681 ; 
0.0107824 ; 
0.0043165 ; 
0.0102238 ; 
0.0107818 ; 
0.0137277 ; 
0.0067505 ; 
0.0069021 ; 
0.0093684 ; 
0.0102468 ; 
0.0112592 ; 
0.0104556 ; 
0.0103587 ; 
0.0053776 ; 
0.0052694 ; 
0.0106236 ; 
0.0100643 ; 
0.0166965 ; 
0.00522 ; 
0.0032318 ; 
0.0097942 ; 
0.0104544 ; 
0.0048383 ; 
0.0070966 ; 
0.0109616 ; 
0.0162096 ; 
0.006158 ; 
0.0106937 ; 
0.0117864 ; 
0.0097724 ; 
0.0051797 ; 
0.0037434 ; 
0.009602 ; 
0.0096857 ; 
0.0162605 ; 
0.0045834 ; 
0.0114636 ; 
0.0107691 ; 
0.0178955 ; 
0.0095526 ; 
0.0040801 ; 
0.0031124 ; 
0.0098923 ; 
0.0176237 ; 
0.011391 ; 
0.0101703 ; 
0.0095021 ; 
0.0067767 ; 
0.0062731 ; 
0.0053259 ; 
0.0103938 ; 
0.010017 ; 
0.0125448 ; 
0.0054762 ; 
0.00529 ; 
0.0108206 ; 
0.0060681 ; 
0.0099316 ; 
0.0127753 ; 
0.0072426 ; 
0.0095887 ; 
0.010199 ; 
0.0095397 ; 
0.0060492 ; 
0.0060405 ; 
0.0100351 ; 
0.0099212 ; 
0.0117594 ; 
0.0101811 ; 
0.0101048 ; 
0.010122 ; 
0.0085272 ; 
0.0042805 ; 
0.0121881 ; 
0.0104134 ; 
0.0064455 ; 
0.0094161 ; 
0.0106472 ; 
0.0103202 ; 
0.0134547 ; 
0.0162513 ; 
0.0033704 ; 
0.0099715 ; 
0.0117935 ; 
0.0190465 ; 
0.0042826 ; 
0.0098747 ; 
0.0105469 ; 
0.0134 ; 
0.004791 ; 
0.011449 ; 
0.0105864 ; 
0.0152489 ; 
0.0059049 ; 
0.0095496 ; 
