0.0179342 ; 
0.0175702 ; 
0.0230924 ; 
0.0142771 ; 
0.0184586 ; 
0.0214891 ; 
0.0129761 ; 
0.0216465 ; 
0.024858 ; 
0.0221807 ; 
0.0256345 ; 
0.0108988 ; 
0.0071649 ; 
0.0077027 ; 
0.0193901 ; 
0.0168966 ; 
0.0174535 ; 
0.0177111 ; 
0.0178629 ; 
0.0189951 ; 
0.0237221 ; 
0.0185352 ; 
0.0166971 ; 
0.0182226 ; 
0.0187026 ; 
0.018425 ; 
0.0172883 ; 
0.0175345 ; 
0.0237566 ; 
0.01109 ; 
0.0090593 ; 
0.0174096 ; 
0.0173075 ; 
0.0209633 ; 
0.0187334 ; 
0.0087691 ; 
0.0175444 ; 
0.0217555 ; 
0.0149043 ; 
0.0149587 ; 
0.0183672 ; 
0.0177443 ; 
0.0075138 ; 
0.0172035 ; 
0.0173983 ; 
0.0172939 ; 
0.0110197 ; 
0.0127569 ; 
0.01763 ; 
0.012219 ; 
0.0184572 ; 
0.016462 ; 
0.0109068 ; 
0.0193462 ; 
0.0174235 ; 
0.0208311 ; 
0.0103986 ; 
0.0075441 ; 
0.0173889 ; 
0.017327 ; 
0.0231596 ; 
0.016265 ; 
0.0074953 ; 
0.0167372 ; 
0.0190124 ; 
0.0222214 ; 
0.0171767 ; 
0.0097244 ; 
0.0164282 ; 
0.0134527 ; 
0.0177295 ; 
0.0195294 ; 
0.0176161 ; 
0.0109105 ; 
0.0100812 ; 
0.0173304 ; 
0.0162917 ; 
0.022391 ; 
0.0187112 ; 
0.0066159 ; 
0.017331 ; 
0.023774 ; 
0.0183358 ; 
0.0175848 ; 
0.0176945 ; 
0.0221918 ; 
0.0140207 ; 
0.0189827 ; 
0.0171964 ; 
0.0275044 ; 
0.0178717 ; 
0.0198575 ; 
0.0293488 ; 
0.0176161 ; 
0.0227078 ; 
0.0074836 ; 
0.0219953 ; 
0.0170879 ; 
0.0162419 ; 
0.0215294 ; 
0.0102009 ; 
0.0091314 ; 
0.0173927 ; 
0.0187446 ; 
0.0102795 ; 
0.0206892 ; 
0.02165 ; 
0.0172035 ; 
0.0182014 ; 
0.0180239 ; 
0.018113 ; 
0.0208193 ; 
0.0105603 ; 
0.0090321 ; 
0.0173756 ; 
0.0188789 ; 
0.0141314 ; 
0.0075924 ; 
0.0069552 ; 
0.0111595 ; 
0.017348 ; 
0.0119775 ; 
0.0108552 ; 
0.0110087 ; 
0.0066057 ; 
0.0133676 ; 
0.0122626 ; 
0.0096999 ; 
0.0054961 ; 
0.0233778 ; 
0.0236 ; 
0.0117952 ; 
0.0114159 ; 
0.0175954 ; 
0.017499 ; 
0.0206055 ; 
0.0112916 ; 
0.0084883 ; 
0.0173509 ; 
0.0116007 ; 
0.0209326 ; 
0.0212511 ; 
0.0066372 ; 
0.0170386 ; 
0.0252818 ; 
0.0066483 ; 
0.0172819 ; 
0.0175108 ; 
0.0156596 ; 
0.0192408 ; 
0.0214868 ; 
0.0181287 ; 
0.0257738 ; 
0.0074801 ; 
0.0062611 ; 
0.0188568 ; 
0.0189027 ; 
0.0207278 ; 
0.0171244 ; 
0.0074442 ; 
0.0218729 ; 
0.0149978 ; 
0.0177467 ; 
0.0186775 ; 
0.0272441 ; 
0.0107204 ; 
0.018255 ; 
0.01758 ; 
0.021599 ; 
0.0083748 ; 
0.0061309 ; 
0.0180591 ; 
0.0178079 ; 
0.0183767 ; 
0.0222862 ; 
0.0169832 ; 
0.0176651 ; 
0.0109537 ; 
0.0189499 ; 
0.0164557 ; 
0.0188093 ; 
0.0136469 ; 
0.0098392 ; 
0.0173553 ; 
0.0190138 ; 
0.022757 ; 
0.017387 ; 
0.0180008 ; 
0.0192719 ; 
0.009046 ; 
0.0102039 ; 
0.0175234 ; 
0.0165487 ; 
0.0267909 ; 
0.0219837 ; 
0.0177741 ; 
0.0164896 ; 
0.0181652 ; 
0.0054015 ; 
0.013346 ; 
0.0172785 ; 
0.0208283 ; 
0.0140553 ; 
0.0197489 ; 
0.0163649 ; 
0.0169404 ; 
0.0246023 ; 
0.0181803 ; 
0.0171551 ; 
0.0238973 ; 
0.0068639 ; 
0.0226249 ; 
0.0167775 ; 
0.0167101 ; 
0.010151 ; 
0.0071871 ; 
0.0098307 ; 
0.0171687 ; 
0.0205112 ; 
0.0093569 ; 
0.0178873 ; 
0.0172572 ; 
0.017301 ; 
0.0214714 ; 
0.0165639 ; 
0.018252 ; 
0.0220296 ; 
0.0108786 ; 
0.0074929 ; 
0.0182677 ; 
0.0169913 ; 
0.017304 ; 
0.01272 ; 
