0.0096853 ; 
0.0100342 ; 
0.014948 ; 
0.0082262 ; 
0.0099535 ; 
0.0131834 ; 
0.0087672 ; 
0.0144177 ; 
0.0171663 ; 
0.0143491 ; 
0.0184915 ; 
0.0063293 ; 
0.00373 ; 
0.0045328 ; 
0.0118472 ; 
0.0096835 ; 
0.011002 ; 
0.0105643 ; 
0.0100127 ; 
0.0115896 ; 
0.0150952 ; 
0.0109912 ; 
0.0100875 ; 
0.0099903 ; 
0.0125255 ; 
0.0109265 ; 
0.0099353 ; 
0.0100675 ; 
0.0160877 ; 
0.0070818 ; 
0.0045326 ; 
0.0096378 ; 
0.0100039 ; 
0.0121227 ; 
0.0120019 ; 
0.0058482 ; 
0.0098619 ; 
0.0138886 ; 
0.0082274 ; 
0.0083547 ; 
0.0098128 ; 
0.0100069 ; 
0.0040043 ; 
0.00937 ; 
0.0101363 ; 
0.011584 ; 
0.0064896 ; 
0.0084122 ; 
0.0096454 ; 
0.0072096 ; 
0.0100711 ; 
0.0115936 ; 
0.0058767 ; 
0.0122792 ; 
0.0094639 ; 
0.0132866 ; 
0.0052315 ; 
0.0036178 ; 
0.0097705 ; 
0.0099647 ; 
0.0163554 ; 
0.0104966 ; 
0.0038386 ; 
0.00919 ; 
0.0103624 ; 
0.0127852 ; 
0.009688 ; 
0.0058171 ; 
0.0103215 ; 
0.0074815 ; 
0.0105815 ; 
0.0123524 ; 
0.0098836 ; 
0.0064048 ; 
0.0061622 ; 
0.0101906 ; 
0.0092794 ; 
0.0150415 ; 
0.0103743 ; 
0.0031229 ; 
0.009617 ; 
0.0156208 ; 
0.0108951 ; 
0.0098182 ; 
0.009787 ; 
0.0148891 ; 
0.0083619 ; 
0.0106338 ; 
0.0094828 ; 
0.0182674 ; 
0.0097767 ; 
0.0129657 ; 
0.0200808 ; 
0.0098376 ; 
0.0143875 ; 
0.0040142 ; 
0.0137969 ; 
0.0091804 ; 
0.0096314 ; 
0.0121701 ; 
0.0057355 ; 
0.0053928 ; 
0.0100166 ; 
0.0099415 ; 
0.0053905 ; 
0.0119958 ; 
0.0126834 ; 
0.0097691 ; 
0.0123489 ; 
0.0105716 ; 
0.0101479 ; 
0.0123036 ; 
0.0074141 ; 
0.0052085 ; 
0.0103429 ; 
0.0107887 ; 
0.0066872 ; 
0.0036711 ; 
0.0031272 ; 
0.0066424 ; 
0.0099035 ; 
0.0061664 ; 
0.0064224 ; 
0.0079894 ; 
0.0038111 ; 
0.0069794 ; 
0.0084636 ; 
0.0055093 ; 
0.002872 ; 
0.0161966 ; 
0.0154545 ; 
0.0070441 ; 
0.0060873 ; 
0.0099276 ; 
0.0100557 ; 
0.0126842 ; 
0.0077819 ; 
0.0046071 ; 
0.0098368 ; 
0.0084113 ; 
0.012646 ; 
0.0123801 ; 
0.0036565 ; 
0.0096831 ; 
0.0172329 ; 
0.0038895 ; 
0.0101148 ; 
0.0098115 ; 
0.0090507 ; 
0.0099186 ; 
0.0127204 ; 
0.0108959 ; 
0.0169224 ; 
0.0047266 ; 
0.0028144 ; 
0.0103459 ; 
0.0108184 ; 
0.0114611 ; 
0.0098886 ; 
0.0042267 ; 
0.0133484 ; 
0.0096115 ; 
0.010536 ; 
0.0104763 ; 
0.0185499 ; 
0.0064031 ; 
0.0097402 ; 
0.0096469 ; 
0.0147444 ; 
0.0043802 ; 
0.0028909 ; 
0.0111785 ; 
0.0099798 ; 
0.0112293 ; 
0.0137737 ; 
0.010063 ; 
0.0101738 ; 
0.006619 ; 
0.0108326 ; 
0.0099079 ; 
0.0099517 ; 
0.0075692 ; 
0.0055902 ; 
0.0098748 ; 
0.0116205 ; 
0.0150716 ; 
0.010243 ; 
0.0095795 ; 
0.0096291 ; 
0.0054799 ; 
0.0052494 ; 
0.0096464 ; 
0.0096361 ; 
0.0170867 ; 
0.0132943 ; 
0.0099579 ; 
0.0095125 ; 
0.0101793 ; 
0.0031851 ; 
0.0082323 ; 
0.0093707 ; 
0.0136331 ; 
0.0082189 ; 
0.0121903 ; 
0.0093049 ; 
0.0100241 ; 
0.0163303 ; 
0.0109518 ; 
0.0098494 ; 
0.0161859 ; 
0.0036215 ; 
0.0140441 ; 
0.0101619 ; 
0.0103383 ; 
0.006257 ; 
0.0036945 ; 
0.0056136 ; 
0.0095883 ; 
0.0135817 ; 
0.0050887 ; 
0.0112113 ; 
0.0101261 ; 
0.0096798 ; 
0.0128354 ; 
0.0099986 ; 
0.0103775 ; 
0.0153533 ; 
0.0061029 ; 
0.0036951 ; 
0.0093759 ; 
0.0099042 ; 
0.0104314 ; 
0.0077219 ; 
