0.0029624 ; 
0.0098717 ; 
0.0115574 ; 
0.0064031 ; 
0.0049891 ; 
0.0086581 ; 
0.0030634 ; 
0.0147839 ; 
0.0140645 ; 
0.0073325 ; 
0.0045019 ; 
0.009628 ; 
0.0141268 ; 
0.0133936 ; 
0.0055673 ; 
0.0086424 ; 
0.0103515 ; 
0.0142825 ; 
0.0104196 ; 
0.0217019 ; 
0.011935 ; 
0.0146661 ; 
0.0097428 ; 
0.0100283 ; 
0.0170595 ; 
0.0131572 ; 
0.0104086 ; 
0.0124879 ; 
0.0104322 ; 
0.0154194 ; 
0.0032856 ; 
0.0029743 ; 
0.0099254 ; 
0.0102107 ; 
0.017428 ; 
0.0140714 ; 
0.0038087 ; 
0.0100894 ; 
0.0117531 ; 
0.0152908 ; 
0.0101983 ; 
0.0102617 ; 
0.0108827 ; 
0.0058263 ; 
0.0061142 ; 
0.0097413 ; 
0.0101976 ; 
0.0118127 ; 
0.0050226 ; 
0.0041493 ; 
0.0097282 ; 
0.0096289 ; 
0.0132872 ; 
0.0040555 ; 
0.0029518 ; 
0.0121997 ; 
0.0119119 ; 
0.0114693 ; 
0.0113393 ; 
0.0063153 ; 
0.0173428 ; 
0.0067343 ; 
0.0126691 ; 
0.0109331 ; 
0.0107566 ; 
0.0117758 ; 
0.0060537 ; 
0.0046553 ; 
0.010048 ; 
0.0101328 ; 
0.0129238 ; 
0.0048544 ; 
0.0108327 ; 
0.0107626 ; 
0.0099825 ; 
0.0091663 ; 
0.0046606 ; 
0.0098359 ; 
0.006984 ; 
0.0044506 ; 
0.0057196 ; 
0.0124792 ; 
0.008437 ; 
0.0136031 ; 
0.0058808 ; 
0.0101308 ; 
0.013023 ; 
0.0079778 ; 
0.0090297 ; 
0.0105082 ; 
0.0113721 ; 
0.0118002 ; 
0.0077009 ; 
0.0031054 ; 
