0.0108019 ; 
0.0165177 ; 
0.0169823 ; 
0.0154692 ; 
0.0224211 ; 
0.0078951 ; 
0.0179907 ; 
0.0693904 ; 
0.0214369 ; 
0.0176632 ; 
0.0196054 ; 
0.0087416 ; 
0.0161202 ; 
0.0165296 ; 
0.0241312 ; 
0.0105745 ; 
0.0162147 ; 
0.0103137 ; 
0.017118 ; 
0.0090486 ; 
0.0167348 ; 
0.0164813 ; 
0.0215727 ; 
0.0088439 ; 
0.0149883 ; 
0.0158957 ; 
0.0173663 ; 
0.017337 ; 
0.0130767 ; 
0.0175895 ; 
0.016154 ; 
0.0165586 ; 
0.0086807 ; 
0.0066278 ; 
0.0168885 ; 
0.0211401 ; 
0.0193853 ; 
0.0199205 ; 
0.017985 ; 
0.0138237 ; 
0.0083979 ; 
0.0172334 ; 
0.0164025 ; 
0.0162429 ; 
0.006201 ; 
0.0627718 ; 
0.0063608 ; 
0.0051819 ; 
0.0183323 ; 
0.0145697 ; 
0.0164873 ; 
0.0172905 ; 
0.0271936 ; 
0.0164076 ; 
0.0165496 ; 
0.0291996 ; 
0.0065563 ; 
0.0154832 ; 
0.0163222 ; 
0.0240236 ; 
0.0170349 ; 
0.0173237 ; 
0.0179462 ; 
0.0207792 ; 
0.0122228 ; 
0.0165255 ; 
0.020586 ; 
0.0266773 ; 
0.0132751 ; 
0.0174247 ; 
0.0171509 ; 
0.0217079 ; 
0.0074383 ; 
0.0063003 ; 
0.0189822 ; 
0.0221415 ; 
0.027142 ; 
0.0133899 ; 
0.0179409 ; 
0.0201372 ; 
0.0093868 ; 
0.0100826 ; 
0.0150608 ; 
0.0161324 ; 
0.0112819 ; 
0.0103247 ; 
0.0168989 ; 
0.0195763 ; 
0.0214027 ; 
0.0132727 ; 
0.0165164 ; 
0.0133352 ; 
0.0186701 ; 
0.0118596 ; 
0.0081607 ; 
0.0083011 ; 
0.0186773 ; 
0.016521 ; 
0.0103367 ; 
0.0101565 ; 
0.0169287 ; 
0.0169843 ; 
0.0225 ; 
0.0141152 ; 
0.0216591 ; 
0.0168268 ; 
0.0156264 ; 
0.0084817 ; 
0.0158467 ; 
0.0158117 ; 
0.0177746 ; 
0.0237654 ; 
0.0075823 ; 
0.0108785 ; 
0.0154786 ; 
0.0172667 ; 
0.0203198 ; 
0.0111997 ; 
0.0091588 ; 
0.0175701 ; 
0.0209053 ; 
0.0665895 ; 
0.0212317 ; 
0.0203332 ; 
0.0169511 ; 
0.0139763 ; 
0.0229654 ; 
0.0100094 ; 
0.0103655 ; 
0.0171245 ; 
0.0171621 ; 
0.026044 ; 
0.0061527 ; 
0.0187771 ; 
