0.0080897 ; 
0.0096414 ; 
0.009602 ; 
0.0092364 ; 
0.0148918 ; 
0.0051793 ; 
0.0118245 ; 
0.0157761 ; 
0.0147076 ; 
0.0117175 ; 
0.012805 ; 
0.005142 ; 
0.0094818 ; 
0.0095539 ; 
0.0176624 ; 
0.0065185 ; 
0.0093407 ; 
0.007059 ; 
0.0093817 ; 
0.0055275 ; 
0.0102477 ; 
0.0093584 ; 
0.0125099 ; 
0.0051578 ; 
0.0092142 ; 
0.0091575 ; 
0.0094202 ; 
0.0107723 ; 
0.0085853 ; 
0.0101124 ; 
0.0095381 ; 
0.0101067 ; 
0.0050799 ; 
0.0030686 ; 
0.0093872 ; 
0.0142437 ; 
0.0115591 ; 
0.0113746 ; 
0.0118704 ; 
0.0078047 ; 
0.0049185 ; 
0.0099952 ; 
0.0094251 ; 
0.0113056 ; 
0.0031995 ; 
0.0081815 ; 
0.0037343 ; 
0.0029809 ; 
0.0095522 ; 
0.0101606 ; 
0.0098483 ; 
0.0099167 ; 
0.0187254 ; 
0.0095387 ; 
0.0093975 ; 
0.021774 ; 
0.0033504 ; 
0.0092003 ; 
0.0094602 ; 
0.0159216 ; 
0.0105474 ; 
0.0094755 ; 
0.0106039 ; 
0.0133612 ; 
0.0065779 ; 
0.0099697 ; 
0.0132234 ; 
0.0178947 ; 
0.0072797 ; 
0.010028 ; 
0.0091697 ; 
0.0153103 ; 
0.003938 ; 
0.002984 ; 
0.0120707 ; 
0.015833 ; 
0.0189564 ; 
0.0076281 ; 
0.011619 ; 
0.0127869 ; 
0.0059716 ; 
0.0059129 ; 
0.0089622 ; 
0.0094949 ; 
0.0059544 ; 
0.006133 ; 
0.0094606 ; 
0.0124951 ; 
0.0148705 ; 
0.0094132 ; 
0.0109432 ; 
0.0059695 ; 
0.0110515 ; 
0.0066384 ; 
0.004492 ; 
0.0037176 ; 
0.0121943 ; 
0.0096618 ; 
0.0065204 ; 
0.0055225 ; 
0.0100252 ; 
0.0096094 ; 
0.0155864 ; 
0.0090521 ; 
0.0128578 ; 
0.0099369 ; 
0.0085467 ; 
0.004973 ; 
0.0092348 ; 
0.0092529 ; 
0.0104791 ; 
0.0163779 ; 
0.0048767 ; 
0.0066369 ; 
0.0092743 ; 
0.0099223 ; 
0.0130697 ; 
0.0072144 ; 
0.0050956 ; 
0.0096009 ; 
0.0130497 ; 
0.0120407 ; 
0.0103314 ; 
0.0142332 ; 
0.0117923 ; 
0.0091311 ; 
0.0124068 ; 
0.0055261 ; 
0.0065571 ; 
0.0102409 ; 
0.0097205 ; 
0.0170165 ; 
0.003252 ; 
0.0103194 ; 
