0.0216143 ; 
0.0082976 ; 
0.0061708 ; 
0.0194715 ; 
0.0169218 ; 
0.0214413 ; 
0.0173857 ; 
0.019782 ; 
0.0208669 ; 
0.0237135 ; 
0.010301 ; 
0.0161123 ; 
0.0166792 ; 
0.0213241 ; 
0.0097073 ; 
0.016139 ; 
0.0166178 ; 
0.0164081 ; 
0.014935 ; 
0.0079963 ; 
0.0098563 ; 
0.0168663 ; 
0.0161624 ; 
0.0238283 ; 
0.0063027 ; 
0.0164711 ; 
0.0162922 ; 
0.0162357 ; 
0.0609968 ; 
0.0213386 ; 
0.0080922 ; 
0.0162596 ; 
0.0246818 ; 
0.01868 ; 
0.0093458 ; 
0.0156926 ; 
0.0169141 ; 
0.0154105 ; 
0.0120748 ; 
0.0099695 ; 
0.0178708 ; 
0.0161425 ; 
0.0252428 ; 
0.016918 ; 
0.0169791 ; 
0.0163013 ; 
0.019068 ; 
0.0087156 ; 
0.01989 ; 
0.0174892 ; 
0.0192166 ; 
0.0086531 ; 
0.0212907 ; 
0.01674 ; 
0.01829 ; 
0.0223693 ; 
0.0109461 ; 
0.0062378 ; 
0.011819 ; 
0.0164529 ; 
0.0230904 ; 
0.0072833 ; 
0.0272592 ; 
0.0180115 ; 
0.0242073 ; 
0.0081473 ; 
0.0165102 ; 
0.0204209 ; 
0.0150588 ; 
0.0077384 ; 
0.0162479 ; 
0.0162982 ; 
0.0224847 ; 
0.0171835 ; 
0.0175049 ; 
0.0173078 ; 
0.0204024 ; 
0.0174101 ; 
0.0186971 ; 
0.0173693 ; 
0.0088105 ; 
0.0166377 ; 
0.0172935 ; 
0.0260032 ; 
0.0093889 ; 
0.0097684 ; 
0.0185576 ; 
0.0188818 ; 
0.0086642 ; 
0.0104334 ; 
0.0181423 ; 
0.0180036 ; 
0.0238393 ; 
0.0093868 ; 
0.0188198 ; 
0.0169891 ; 
0.0156072 ; 
0.0075153 ; 
0.0115842 ; 
0.0164962 ; 
0.0156657 ; 
0.0242415 ; 
0.0064069 ; 
0.0157749 ; 
0.0157732 ; 
0.0166516 ; 
0.0105748 ; 
0.0207061 ; 
0.0157784 ; 
0.0175678 ; 
0.0195699 ; 
0.016848 ; 
0.020988 ; 
0.0222238 ; 
0.0115399 ; 
0.0104116 ; 
0.0160455 ; 
0.0199301 ; 
0.0180077 ; 
0.0109094 ; 
0.011554 ; 
0.015751 ; 
0.0171355 ; 
0.0239342 ; 
0.0120161 ; 
0.0075049 ; 
0.0099536 ; 
0.0174306 ; 
0.0119563 ; 
0.0143241 ; 
0.0186926 ; 
0.0193496 ; 
0.0221861 ; 
0.0157148 ; 
0.0177177 ; 
0.0164472 ; 
0.0188267 ; 
0.0206674 ; 
0.0058074 ; 
0.0058845 ; 
0.0193116 ; 
0.01025 ; 
0.0061427 ; 
0.0063327 ; 
0.0163548 ; 
0.0138825 ; 
0.0178799 ; 
0.0171154 ; 
0.0103624 ; 
0.0206657 ; 
0.0112832 ; 
0.0183751 ; 
0.0648481 ; 
0.0130493 ; 
0.0071335 ; 
0.007633 ; 
0.0182349 ; 
0.0224431 ; 
0.0116404 ; 
0.0061819 ; 
0.0170691 ; 
0.0174619 ; 
0.0180342 ; 
0.0068077 ; 
0.0174406 ; 
0.0168051 ; 
0.021724 ; 
0.0138768 ; 
0.0180009 ; 
0.0171906 ; 
0.0121259 ; 
0.0177188 ; 
0.0171641 ; 
0.0179238 ; 
0.0200813 ; 
0.0198286 ; 
0.0075174 ; 
0.0059287 ; 
0.0168108 ; 
0.0161538 ; 
0.0220068 ; 
0.0185497 ; 
0.0069803 ; 
0.0228125 ; 
0.0140494 ; 
0.017238 ; 
0.0158531 ; 
0.0255307 ; 
0.0072883 ; 
0.0083104 ; 
0.0161141 ; 
0.0153919 ; 
0.0175458 ; 
0.0139494 ; 
0.0063362 ; 
0.0163364 ; 
0.0175653 ; 
0.0129696 ; 
0.0187224 ; 
0.008148 ; 
0.0197462 ; 
0.0160937 ; 
0.0102388 ; 
0.0200184 ; 
0.0199574 ; 
0.0132438 ; 
0.0193212 ; 
0.0190605 ; 
0.0173528 ; 
0.0105059 ; 
0.0080116 ; 
0.0206552 ; 
0.0203897 ; 
0.0174029 ; 
0.0093162 ; 
0.0183587 ; 
0.017932 ; 
0.0178416 ; 
0.0115225 ; 
0.0198471 ; 
0.0186337 ; 
0.0177452 ; 
0.0089968 ; 
0.0102583 ; 
0.0188039 ; 
0.0161719 ; 
0.0229214 ; 
0.0072352 ; 
0.017849 ; 
0.0627181 ; 
0.0193149 ; 
0.013451 ; 
0.0184183 ; 
0.0070282 ; 
0.0303581 ; 
0.0093252 ; 
0.0170548 ; 
0.0213108 ; 
0.0064387 ; 
0.0182386 ; 
0.0080724 ; 
0.007851 ; 
0.022579 ; 
0.0065622 ; 
0.0080571 ; 
0.0166841 ; 
0.0100053 ; 
0.0112667 ; 
0.0177076 ; 
0.017176 ; 
0.0228459 ; 
0.0188402 ; 
0.0159551 ; 
0.0169995 ; 
0.0168283 ; 
0.0178676 ; 
0.017587 ; 
0.0169092 ; 
0.0174359 ; 
0.0121845 ; 
0.0064428 ; 
0.0155877 ; 
0.0175972 ; 
0.0093352 ; 
0.0111353 ; 
0.0165357 ; 
0.0207816 ; 
0.021528 ; 
0.0268408 ; 
0.0209017 ; 
0.0164331 ; 
0.0082247 ; 
0.0287451 ; 
0.0101732 ; 
0.0194169 ; 
0.0186299 ; 
0.0117591 ; 
0.0107414 ; 
0.0075223 ; 
0.0115361 ; 
0.0174536 ; 
0.019065 ; 
0.0187492 ; 
0.0165703 ; 
0.0163792 ; 
0.0177692 ; 
0.0181088 ; 
0.0198874 ; 
0.0215855 ; 
0.0073082 ; 
0.0178406 ; 
0.0188417 ; 
0.019623 ; 
0.0189026 ; 
0.0064079 ; 
0.0179831 ; 
0.0162927 ; 
0.0223517 ; 
0.0112005 ; 
0.0083653 ; 
0.0074621 ; 
0.017066 ; 
0.0109054 ; 
0.0232945 ; 
0.0185444 ; 
0.0682571 ; 
0.0084541 ; 
0.0190069 ; 
0.0143263 ; 
0.0178009 ; 
0.0181307 ; 
0.0191764 ; 
0.0194672 ; 
0.0144252 ; 
0.0169399 ; 
0.016865 ; 
0.0095465 ; 
0.0077611 ; 
0.0070515 ; 
0.0204074 ; 
0.0173197 ; 
0.020422 ; 
0.0120358 ; 
0.0067547 ; 
0.0064122 ; 
0.0164293 ; 
0.0212802 ; 
0.0136176 ; 
0.0173548 ; 
0.0078353 ; 
0.0190722 ; 
0.021235 ; 
0.0093547 ; 
0.0091998 ; 
0.0172182 ; 
0.0185198 ; 
0.0179585 ; 
0.0081931 ; 
0.0175495 ; 
0.0185261 ; 
0.0110705 ; 
0.0160266 ; 
0.0083699 ; 
0.0173495 ; 
0.0172507 ; 
0.0215842 ; 
0.0100678 ; 
0.010878 ; 
0.0166065 ; 
0.0194625 ; 
0.0204721 ; 
0.0175038 ; 
0.0181407 ; 
0.0096094 ; 
0.0094462 ; 
0.0189203 ; 
0.0172722 ; 
0.0226173 ; 
0.0091325 ; 
0.0067551 ; 
0.0166684 ; 
0.0174101 ; 
0.0090393 ; 
0.0119474 ; 
0.0180838 ; 
0.0230738 ; 
0.0108111 ; 
0.0174378 ; 
0.0184577 ; 
0.0166986 ; 
0.0089839 ; 
0.0071985 ; 
0.0175836 ; 
0.0171459 ; 
0.0251434 ; 
0.007087 ; 
0.0186907 ; 
0.0176736 ; 
0.0265495 ; 
0.0162275 ; 
0.0074583 ; 
0.0064015 ; 
0.0169653 ; 
0.0275817 ; 
0.0201079 ; 
0.0177959 ; 
0.0169355 ; 
0.0124564 ; 
0.0102067 ; 
0.0097219 ; 
0.0185249 ; 
0.0170225 ; 
0.022278 ; 
0.0082056 ; 
0.0090595 ; 
0.0180029 ; 
0.0103914 ; 
0.0173742 ; 
0.0240183 ; 
0.0110424 ; 
0.0164145 ; 
0.0173945 ; 
0.0155128 ; 
0.0099772 ; 
0.0094902 ; 
0.0154103 ; 
0.0181217 ; 
0.0173773 ; 
0.0180944 ; 
0.017388 ; 
0.0175068 ; 
0.0146822 ; 
0.0083639 ; 
0.019988 ; 
0.0191405 ; 
0.009616 ; 
0.0149282 ; 
0.0186466 ; 
0.0179983 ; 
0.0214392 ; 
0.0231853 ; 
0.0061286 ; 
0.0175718 ; 
0.018843 ; 
0.0276756 ; 
0.008408 ; 
0.0178218 ; 
0.0175492 ; 
0.0204246 ; 
0.0085538 ; 
0.0191239 ; 
0.017881 ; 
0.0227269 ; 
0.0092438 ; 
0.0166706 ; 
