0.00101983,0,1100,108,0
0.00352678,0,0,139,0
0.000943916,0,0,170,0
0.00208963,0,0,201,0
0.00144452,0,0,232,0
0.000481773,0,0,262,0
0.00065534,0,0,294,0
0.000733359,0,0,326,0
0.000646448,0,0,357,0
0.000628963,0,0,388,0
0.000636804,0,0,420,0
0.000715366,0,0,452,0
0.000837222,0,0,482,0
0.000849642,0,0,513,0
0.000726328,0,0,543,0
0.000547019,0,0,574,0
0.000788164,0,0,605,0
0.000807562,0,0,637,0
0.000786774,0,0,669,0
0.000670505,0,0,699,0
0.000620519,0,0,731,0
0.000761926,0,0,763,0
0.000692043,0,0,793,0
0.000705136,0,0,823,0
0.000711089,0,0,854,0
0.000853544,0,0,885,0
0.00080684,0,0,917,0
0.000953203,0,0,949,0
0.00109337,0,0,979,0
0.000645825,0,0,1010,0
0.00091753,0,0,1041,0
0.000861155,0,0,1073,0
0.000658195,0.00048053,0,1105,0.0287507
0.000705484,0.000603571,0.0287507,1137,0.0322326
0.000877699,0.000681905,0.0609833,1169,0.0389968
0.000651816,0.000397224,0.0999802,1202,0.0280641
0.000814088,0.000601008,0.128044,1232,0.0334378
0.000583294,0.00037283,0.161482,1262,0.0230913
0.000631552,0.000436548,0.184573,1294,0.0271944
0.000390833,0.000267586,0.211768,1327,0.0173127
0.000737552,0.000553765,0.22908,1394,0.0679672
0.000990691,0.000819024,0.297048,1423,0.0406059
0.000654102,0.00034382,0.337653,1453,0.0247804
0.000727576,0.000466491,0.362434,1483,0.0288246
0.000803611,0.000689308,0.391258,1513,0.0344479
0.000863036,0.000499794,0.425706,1545,0.0356139
0.000788241,0.000585329,0.46132,1575,0.0324272
0.00089917,0.000592032,0.493747,1606,0.0370508
0.000685849,0.000514461,0.530798,1638,0.0301786
0.000884522,0.000581696,0.560977,1670,0.0376119
0.000921608,0.00051174,0.598589,1700,0.0353244
0.000679667,0.000486427,0.633913,1731,0.0286093
0.00085397,0.000681873,0.662522,1763,0.038237
0.000849619,0.000643596,0.700759,1794,0.0363139
0.000851098,0.00072626,0.737073,1824,0.0364268
0.000724197,0.000492962,0.7735,1857,0.0320324
0.00089327,0.000651358,0.805532,1896,0.047539
0.000718808,0.000487858,0.853071,1933,0.0356213
0.000712894,0.000651389,0.888693,1964,0.0321963
0.00106305,0.000608908,0.920889,1995,0.0423926
0.000632673,0.00041187,0.963282,2026,0.0259968
0.000551149,0.000491575,0.989278,2056,0.0239081
0.000819305,0.000502089,1.01319,2088,0.0342512
0.000609531,0.000515694,1.04744,2118,0.0260213
0.000646723,0.000528368,1.07346,2148,0.0273272
0.000603555,0.000467872,1.10079,2178,0.0251247
0.000656594,0.000428371,1.12591,2209,0.0269942
0.000664175,0.000524828,1.15291,2239,0.0277977
0.00100135,0.000566241,1.1807,2270,0.0398187
0.000727282,0.000481701,1.22052,2302,0.0309802
0.000892373,0.000636678,1.2515,2335,0.0399535
0.000775248,0.000580182,1.29146,2365,0.0319602
0.000670906,0.000472979,1.32342,2395,0.0272219
0.000854461,0.000499731,1.35064,2426,0.0342341
0.000805125,0.00052318,1.38487,2456,0.0320014
0.000782099,0.000743724,1.41687,2487,0.0357728
0.000802387,0.000556648,1.45265,2520,0.0356635
0.000756114,0.000476856,1.48831,2552,0.0318253
0.00078456,0.000663638,1.52013,2582,0.0334914
0.00070253,0.000657624,1.55363,2614,0.0330029
0.000787478,0.000704838,1.58663,2646,0.0364767
0.000775271,0.00057829,1.62311,2676,0.0319325
0.000997729,0.00060903,1.65504,2708,0.0416718
0.000806679,0.000709029,1.69671,2739,0.035997
0.000570736,0.000383426,1.73271,2769,0.0228735
0.000625189,0.000457061,1.75558,2799,0.0256116
0.000702097,0.000416939,1.78119,2831,0.0291381
0.000563112,0.000395233,1.81033,2863,0.0243433
0.000708814,0.000434319,1.83467,2893,0.0277792
0.000704984,0.000581277,1.86245,2925,0.0318599
0.000453911,0.000391757,1.89431,2956,0.0201435
0.000726864,0.000462714,1.91446,2986,0.0287466
0.00083205,0.00059566,1.9432,3017,0.0350263
0.000583348, 0.0, 3017,3050,33
0.000605958, 0.0, 3050,3082,32
0.000742149, 0.0, 3082,3112,30
0.000793836, 0.0, 3112,3143,31
0.000996632, 0.0, 3143,3174,31
0.000697773, 0.0, 3174,3206,32
0.000757395, 0.0, 3206,3237,31
0.000708721, 0.0, 3237,3267,30
0.000729868, 0.0, 3267,3297,30
0.000827214, 0.0, 3297,3327,30
0.000432712, 0.0, 3327,3360,33
0.00100073, 0.0, 3360,3404,44
0.000594011, 0.0, 3404,3434,30
0.00102352, 0.0, 3434,3466,32
0.000629085, 0.0, 3466,3498,32
0.000791795, 0.0, 3498,3528,30
0.00075869, 0.0, 3528,3560,32
0.000487974, 0.0, 3560,3594,34
0.000834009, 0.0, 3594,3623,29
0.000673173, 0.0, 3623,3655,32
0.000552165, 0.0, 3655,3687,32
0.000904716, 0.0, 3687,3719,32
0.000500737, 0.0, 3719,3750,31
0.000714877, 0.0, 3750,3781,31
0.000777201, 0.0, 3781,3812,31
0.000764046, 0.0, 3812,3845,33
0.000914417, 0.0, 3845,3876,31
0.000847967, 0.0, 3876,3907,31
0.000472429, 0.0, 3907,3939,32
0.000799242, 0.0, 3939,3971,32
0.000985354, 0.0, 3971,4003,32
0.000553991, 0.0, 4003,4035,32
0.00116566, 0.0, 4035,4065,30
0.0010253, 0.0, 4065,4097,32
0.00061623, 0.0, 4097,4129,32
0.000519502, 0.0, 4129,4159,30
0.000673253, 0.0, 4159,4191,32
0.000706076, 0.0, 4191,4221,30
0.000902228, 0.0, 4221,4253,32
0.000597309, 0.0, 4253,4284,31
0.000950021, 0.0, 4284,4315,31
0.000652772, 0.0, 4315,4346,31
0.000744868, 0.0, 4346,4376,30
0.0011097, 0.0, 4376,4407,31
0.000801667, 0.0, 4407,4438,31
0.000774299, 0.0, 4438,4468,30
0.000898056, 0.0, 4468,4498,30
0.000871302, 0.0, 4498,4529,31
0.00074667, 0.0, 4529,4560,31
0.000813993, 0.0, 4560,4592,32
0.000732046, 0.0, 4592,4624,32
0.000741125, 0.0, 4624,4656,32
0.00098547, 0.0, 4656,4689,33
0.00079163, 0.0, 4689,4720,31
0.000886015, 0.0, 4720,4750,30
0.00081682, 0.0, 4750,4781,31
0.000637053, 0.0, 4781,4813,32
0.000698543, 0.0, 4813,4845,32
0.000778428, 0.0, 4845,4876,31
0.000749641, 0.0, 4876,4908,32
0.000903763, 0.0, 4908,4940,32
0.000726406, 0.0, 4940,4971,31
0.000549081, 0.0, 4971,5002,31
0.000769027, 0.0, 5002,5032,30
0.000637107, 0.0, 5032,5064,32
0.000902629, 0.0, 5064,5093,29
0.000760531, 0.0, 5093,5124,31
0.000743296, 0.0, 5124,5156,32
0.000621616, 0.0, 5156,5186,30
0.000843703, 0.0, 5186,5217,31
0.000811183, 0.0, 5217,5250,33
0.000625215, 0.0, 5250,5282,32
0.0010366, 0.0, 5282,5313,31
0.00135065, 0.0, 5313,5345,32
0.000867379, 0.0, 5345,5377,32
0.000669215, 0.0, 5377,5409,32
0.000742247, 0.0, 5409,5441,32
0.000586892, 0.0, 5441,5473,32
0.000593097, 0.0, 5473,5506,33
0.000754961, 0.0, 5506,5535,29
0.000665936, 0.0, 5535,5567,32
0.000630426, 0.0, 5567,5599,32
0.000835179, 0.0, 5599,5631,32
0.000645434, 0.0, 5631,5661,30
0.000561264, 0.0, 5661,5693,32
0.000811784, 0.0, 5693,5725,32
0.000702854, 0.0, 5725,5756,31
0.000715508, 0.0, 5756,5786,30
0.000891964, 0.0, 5786,5817,31
0.00055228, 0.0, 5817,5848,31
0.000521125, 0.0, 5848,5878,30
0.000743731, 0.0, 5878,5909,31
0.000681873, 0.0, 5909,5941,32
0.000704418, 0.0, 5941,5971,30
0.000625338, 0.0, 5971,6003,32
0.000828925, 0.0, 6003,6033,30
0.000824054, 0.0, 6033,6064,31
0.000793196, 0.0, 6064,6095,31
0.000998903, 0.0, 6095,6126,31
0.000719645, 0.0, 6126,6156,30
0.000775477, 0.0, 6156,6187,31
0.000641723, 0.0, 6187,6218,31
0.000680706, 0.0, 6218,6250,32
0.000569573, 0.0, 6250,6282,32
0.000460071, 0.0, 6282,6312,30
0.000757102, 0.0, 6312,6344,32
0.000690714, 0.0, 6344,6374,30
0.000588957, 0.0, 6374,6406,32
0.000604834, 0.0, 6406,6450,44
0.000430861, 0.0, 6450,6484,34
0.000754268, 0.0, 6484,6516,32
0.000819744, 0.0, 6516,6547,31
0.000775159, 0.0, 6547,6578,31
0.00082464, 0.0, 6578,6609,31
0.00073087, 0.0, 6609,6641,32
0.000628367, 0.0, 6641,6672,31
0.000654927, 0.0, 6672,6704,32
0.000852379, 0.0, 6704,6734,30
0.000634766, 0.0, 6734,6766,32
0.000615464, 0.0, 6766,6798,32
0.000580489, 0.0, 6798,6832,34
0.000768287, 0.0, 6832,6862,30
0.000970595, 0.0, 6862,6893,31
0.000974346, 0.0, 6893,6924,31
0.000645837, 0.0, 6924,6954,30
0.000665531, 0.0, 6954,6987,33
0.000866743, 0.0, 6987,7018,31
0.00120523, 0.0, 7018,7050,32
0.000888441, 0.0, 7050,7082,32
0.000841003, 0.0, 7082,7112,30
0.000765333, 0.0, 7112,7142,30
0.000843661, 0.0, 7142,7173,31
0.000783914, 0.0, 7173,7206,33
0.000848265, 0.0, 7206,7237,31
0.000669429, 0.0, 7237,7269,32
0.00120664, 0.0, 7269,7300,31
0.000644652, 0.0, 7300,7332,32
0.00128758, 0.0, 7332,7365,33
0.000752993, 0.0, 7365,7396,31
0.00073086, 0.0, 7396,7425,29
0.000841927, 0.0, 7425,7456,31
0.000537757, 0.0, 7456,7486,30
0.000746503, 0.0, 7486,7518,32
0.000591979, 0.0, 7518,7549,31
0.000959423, 0.0, 7549,7582,33
0.000597683, 0.0, 7582,7612,30
0.000824037, 0.0, 7612,7644,32
0.000549629, 0.0, 7644,7674,30
0.000689618, 0.0, 7674,7705,31
0.000817618, 0.0, 7705,7736,31
0.000942117, 0.0, 7736,7768,32
0.00075815, 0.0, 7768,7799,31
0.000655686, 0.0, 7799,7828,29
0.000758804, 0.0, 7828,7860,32
0.000845828, 0.0, 7860,7891,31
0.000658762, 0.0, 7891,7922,31
0.000797774, 0.0, 7922,7953,31
0.000748283, 0.0, 7953,7983,30
0.000683042, 0.0, 7983,8014,31
0.000862467, 0.0, 8014,8045,31
0.000741464, 0.0, 8045,8077,32
0.000516351, 0.0, 8077,8108,31
0.000972231, 0.0, 8108,8138,30
0.00100953, 0.0, 8138,8169,31
0.000928343, 0.0, 8169,8200,31
0.000870657, 0.0, 8200,8233,33
0.000852696, 0.0, 8233,8263,30
0.000755816, 0.0, 8263,8293,30
0.000553467, 0.0, 8293,8324,31
0.00057088, 0.0, 8324,8355,31
0.000754219, 0.0, 8355,8387,32
0.000625016, 0.0, 8387,8419,32
0.00096617, 0.0, 8419,8451,32
0.000914529, 0.0, 8451,8483,32
0.000983123, 0.0, 8483,8514,31
0.00134906, 0.0, 8514,8544,30
0.000963955, 0.0, 8544,8575,31
0.000813256, 0.0, 8575,8606,31
0.00075942, 0.0, 8606,8638,32
0.000857619, 0.0, 8638,8671,33
0.000640288, 0.0, 8671,8701,30
0.00103408, 0.0, 8701,8734,33
0.000934037, 0.0, 8734,8765,31
0.000691511, 0.0, 8765,8797,32
0.000591832, 0.0, 8797,8829,32
0.00063449, 0.0, 8829,8859,30
0.000609596, 0.0, 8859,8891,32
0.00077802, 0.0, 8891,8923,32
0.000685473, 0.0, 8923,8955,32
0.000860719, 0.0, 8955,8987,32
0.000644103, 0.0, 8987,9018,31
0.000637201, 0.0, 9018,9049,31
0.000804813, 0.0, 9049,9079,30
0.000758228, 0.0, 9079,9110,31
0.000807494, 0.0, 9110,9140,30
0.000689448, 0.0, 9140,9172,32
0.00104476, 0.0, 9172,9202,30
0.000871622, 0.0, 9202,9234,32
0.000618978, 0.0, 9234,9266,32
0.000592359, 0.0, 9266,9297,31
0.000629592, 0.0, 9297,9328,31
0.000760484, 0.0, 9328,9359,31
0.000522477, 0.0, 9359,9389,30
0.000652709, 0.0, 9389,9420,31
0.000875846, 0.0, 9420,9450,30
0.00067556, 0.0, 9450,9483,33
0.000611405, 0.0, 9483,9512,29
0.000786996, 0.0, 9512,9545,33
0.000839231, 0.0, 9545,9577,32
0.000642866, 0.0, 9577,9607,30
0.000799151, 0.0, 9607,9638,31
0.000774897, 0.0, 9638,9670,32
0.000649401, 0.0, 9670,9700,30
0.000927077, 0.0, 9700,9731,31
0.000707501, 0.0, 9731,9761,30
0.00078505, 0.0, 9761,9792,31
0.000971511, 0.0, 9792,9828,36
0.000742486, 0.0, 9828,9871,43
0.000907655, 0.0, 9871,9902,31
0.000649373, 0.0, 9902,9934,32
0.00101405, 0.0, 9934,9966,32
0.000644989, 0.0, 9966,9998,32
0.000598193, 0.0, 9998,10030,32
0.000798107, 0.0, 10030,10062,32
0.000875511, 0.0, 10062,10095,33
0.00147107, 0.0, 10095,10126,31
0.00101936, 0.0, 10126,10158,32
0.00126627, 0.0, 10158,10190,32
0.00203969, 0.0, 10190,10221,31
0.000979944, 0.0, 10221,10251,30
0.00115861, 0.0, 10251,10281,30
0.00143, 0.0, 10281,10312,31
0.0015256, 0.0, 10312,10342,30
0.00240268, 0.0, 10342,10372,30
0.00388732, 0.0, 10372,10404,32
0.00569272, 0.0, 10404,10435,31
0.00327153, 0.0, 10435,10465,30
0.00629164, 0.0, 10465,10495,30
0.00426721, 0.0, 10495,10526,31
0.00985264, 0.0, 10526,10557,31
0.00649869, 0.0, 10557,10588,31
0.0050617, 0.0, 10588,10620,32
0.00729317, 0.0, 10620,10650,30
0.0062958, 0.0, 10650,10681,31
0.00610359, 0.0, 10681,10713,32
0.0118044, 0.0, 10713,10745,32
0.0140888, 0.0, 10745,10775,30
0.010331, 0.0, 10775,10807,32
0.00678394, 0.0, 10807,10837,30
0.00956767, 0.0, 10837,10871,34
0.0119991, 0.0, 10871,10899,28
0.00425087, 0.0, 10899,10931,32
0.00851362, 0.0, 10931,10963,32
0.00713083, 0.0, 10963,10993,30
0.00534206, 0.0, 10993,11025,32
0.0104256, 0.0, 11025,11058,33
0.0167989, 0.0, 11058,11089,31
0.0105925, 0.0, 11089,11119,30
0.0136954, 0.0, 11119,11151,32
0.00762247, 0.0, 11151,11183,32
0.011254, 0.0, 11183,11212,29
0.0162362, 0.0, 11212,11244,32
0.0211028, 0.0, 11244,11276,32
0.0227534, 0.0, 11276,11307,31
0.0271896, 0.0, 11307,11336,29
0.01895, 0.0, 11336,11367,31
0.0130878, 0.0, 11367,11399,32
0.0178034, 0.0, 11399,11428,29
0.0166052, 0.0, 11428,11460,32
0.0128548, 0.0, 11460,11492,32
0.01431, 0.0, 11492,11522,30
0.0153537, 0.0, 11522,11553,31
0.0129593, 0.0, 11553,11584,31
0.0222546, 0.0, 11584,11614,30
0.0138844, 0.0, 11614,11644,30
0.0177734, 0.0, 11644,11676,32
0.0268703, 0.0, 11676,11706,30
0.0207051, 0.0, 11706,11736,30
0.0167341, 0.0, 11736,11767,31
0.0144649, 0.0, 11767,11797,30
0.01966, 0.0, 11797,11827,30
0.015347, 0.0, 11827,11857,30
0.012455, 0.0, 11857,11889,32
0.0251384, 0.0, 11889,11919,30
0.0111817, 0.0, 11919,11951,32
0.01361, 0.0, 11951,11983,32
0.01891, 0.0, 11983,12015,32
0.0124732, 0.0, 12015,12047,32
0.0146299, 0.0, 12047,12077,30
0.0379322, 0.0, 12077,12109,32
0.0173565, 0.0, 12109,12140,31
0.00931513, 0.0, 12140,12171,31
0.010388, 0.0, 12171,12203,32
0.01122, 0.0, 12203,12233,30
0.00937633, 0.0, 12233,12265,32
0.0100255, 0.0, 12265,12296,31
0.0047072, 0.0, 12296,12326,30
0.00373181, 0.0, 12326,12357,31
0.00661462, 0.0, 12357,12390,33
0.00340323, 0.0, 12390,12421,31
0.00808271, 0.0, 12421,12452,31
0.00707779, 0.0, 12452,12485,33
0.00835106, 0.0, 12485,12514,29
0.0040238, 0.0, 12514,12547,33
0.00465234, 0.0, 12547,12578,31
0.00613089, 0.0, 12578,12609,31
0.00281123, 0.0, 12609,12641,32
0.00396651, 0.0, 12641,12671,30
0.0055008, 0.0, 12671,12703,32
0.00485597, 0.0, 12703,12735,32
0.00328685, 0.0, 12735,12766,31
0.00394147, 0.0, 12766,12796,30
0.00288631, 0.0, 12796,12827,31
0.00609208, 0.0, 12827,12859,32
0.00415997, 0.0, 12859,12890,31
0.00591435, 0.0, 12890,12921,31
0.00717781, 0.0, 12921,12952,31
0.00847897, 0.0, 12952,12983,31
0.00487751, 0.0, 12983,13014,31
0.00975238, 0.0, 13014,13044,30
0.00910915, 0.0, 13044,13075,31
0.00479725, 0.0, 13075,13108,33
0.00348942, 0.0, 13108,13139,31
0.00367918, 0.0, 13139,13170,31
0.0085712, 0.0, 13170,13202,32
0.00500137, 0.0, 13202,13234,32
0.0055914, 0.0, 13234,13266,32
0.00981765, 0.0, 13266,13298,32
0.00910909, 0.0, 13298,13327,29
0.01043, 0.0, 13327,13359,32
0.00528708, 0.0, 13359,13391,32
0.0048634, 0.0, 13391,13423,32
0.00467186, 0.0, 13423,13454,31
0.00443564, 0.0, 13454,13484,30
0.00461506, 0.0, 13484,13515,31
0.00366877, 0.0, 13515,13546,31
0.00498175, 0.0, 13546,13577,31
0.00466043, 0.0, 13577,13609,32
0.00329494, 0.0, 13609,13642,33
0.00328993, 0.0, 13642,13672,30
0.00262126, 0.0, 13672,13702,30
0.00489509, 0.0, 13702,13732,30
0.00600408, 0.0, 13732,13764,32
0.00287951, 0.0, 13764,13796,32
0.00430359, 0.0, 13796,13827,31
0.00207414, 0.0, 13827,13859,32
0.00347921, 0.0, 13859,13888,29
0.00246299, 0.0, 13888,13920,32
0.00245056, 0.0, 13920,13951,31
0.00281516, 0.0, 13951,13981,30
0.00479627, 0.0, 13981,14013,32
0.00419676, 0.0, 14013,14043,30
0.00258587, 0.0, 14043,14075,32
0.00376095, 0.0, 14075,14107,32
0.00706133, 0.0, 14107,14140,33
0.00431881, 0.0, 14140,14172,32
0.00635911, 0.0, 14172,14204,32
0.00493516, 0.0, 14204,14234,30
0.00442356, 0.0, 14234,14265,31
0.00671668, 0.0, 14265,14297,32
0.00390446, 0.0, 14297,14329,32
0.00264955, 0.0, 14329,14360,31
0.00397213, 0.0, 14360,14391,31
0.00531533, 0.0, 14391,14422,31
0.00392128, 0.0, 14422,14454,32
0.00465487, 0.0, 14454,14485,31
0.0061669, 0.0, 14485,14517,32
0.00496293, 0.0, 14517,14549,32
0.00538847, 0.0, 14549,14580,31
0.00317556, 0.0, 14580,14611,31
0.00286091, 0.0, 14611,14640,29
0.00377955, 0.0, 14640,14672,32
0.00747851, 0.0, 14672,14704,32
0.00491704, 0.0, 14704,14737,33
0.00329799, 0.0, 14737,14768,31
0.00376588, 0.0, 14768,14799,31
0.00593283, 0.0, 14799,14830,31
0.00326873, 0.0, 14830,14861,31
0.00363746, 0.0, 14861,14896,35
0.0094899, 0.0, 14896,14926,30
0.00546803, 0.0, 14926,14955,29
0.00348452, 0.0, 14955,14987,32
0.00331496, 0.0, 14987,15017,30
0.00334246, 0.0, 15017,15047,30
0.00461487, 0.0, 15047,15080,33
0.00762261, 0.0, 15080,15110,30
0.0049022, 0.0, 15110,15139,29
0.00529499, 0.0, 15139,15170,31
0.0139232, 0.0, 15170,15203,33
0.0159248, 0.0, 15203,15234,31
0.0122835, 0.0, 15234,15263,29
0.00600015, 0.0, 15263,15295,32
0.0123946, 0.0, 15295,15325,30
0.0123478, 0.0, 15325,15355,30
0.00932675, 0.0, 15355,15387,32
0.0121058, 0.0, 15387,15417,30
0.0180916, 0.0, 15417,15448,31
0.00817311, 0.0, 15448,15479,31
0.00510337, 0.0, 15479,15509,30
0.00576067, 0.0, 15509,15540,31
0.00395037, 0.0, 15540,15569,29
0.00734854, 0.0, 15569,15601,32
0.00551702, 0.0, 15601,15632,31
0.0047452, 0.0, 15632,15663,31
0.00896372, 0.0, 15663,15694,31
0.00750203, 0.0, 15694,15726,32
0.00449533, 0.0, 15726,15758,32
0.00594553, 0.0, 15758,15790,32
0.00436433, 0.0, 15790,15820,30
0.00842853, 0.0, 15820,15852,32
0.00883149, 0.0, 15852,15882,30
0.0040456, 0.0, 15882,15913,31
0.00617097, 0.0, 15913,15944,31
0.00432735, 0.0, 15944,15977,33
0.00836625, 0.0, 15977,16008,31
0.0128112, 0.0, 16008,16040,32
0.00485216, 0.0, 16040,16072,32
0.00290732, 0.0, 16072,16102,30
0.00209888, 0.0, 16102,16134,32
0.00278036, 0.0, 16134,16165,31
0.00169163, 0.0, 16165,16196,31
0.00348342, 0.0, 16196,16226,30
0.0074523, 0.0, 16226,16257,31
0.00951508, 0.0, 16257,16288,31
0.0047049, 0.0, 16288,16319,31
0.00756197, 0.0, 16319,16350,31
0.0104336, 0.0, 16350,16382,32
0.00751022, 0.0, 16382,16413,31
0.00692207, 0.0, 16413,16443,30
0.0128277, 0.0, 16443,16474,31
0.0245913, 0.0, 16474,16506,32
0.0177799, 0.0, 16506,16536,30
0.0136187, 0.0, 16536,16566,30
0.0110178, 0.0, 16566,16597,31
0.0118516, 0.0, 16597,16629,32
0.00605828, 0.0, 16629,16660,31
0.00852729, 0.0, 16660,16692,32
0.0101064, 0.0, 16692,16722,30
0.00815207, 0.0, 16722,16752,30
0.00745672, 0.0, 16752,16784,32
0.00879917, 0.0, 16784,16814,30
0.00798549, 0.0, 16814,16846,32
0.00649185, 0.0, 16846,16876,30
0.00376889, 0.0, 16876,16906,30
0.00222512, 0.0, 16906,16938,32
0.0121163, 0.0, 16938,16969,31
0.0252371, 0.0, 16969,16999,30
0.0317933, 0.0, 16999,17031,32
0.0109221, 0.0, 17031,17064,33
0.00574622, 0.0, 17064,17094,30
0.00534941, 0.0, 17094,17125,31
0.00783319, 0.0, 17125,17157,32
0.00589471, 0.0, 17157,17188,31
0.0039109, 0.0, 17188,17219,31
0.00545804, 0.0, 17219,17249,30
0.00611327, 0.0, 17249,17281,32
0.00274027, 0.0, 17281,17314,33
0.00203794, 0.0, 17314,17346,32
0.00203008, 0.0, 17346,17376,30
0.00176604, 0.0, 17376,17406,30
0.00536291, 0.0, 17406,17438,32
0.00190046, 0.0, 17438,17470,32
0.0038788, 0.0, 17470,17502,32
0.00716838, 0.0, 17502,17533,31
0.00449003, 0.0, 17533,17563,30
0.00137909, 0.0, 17563,17594,31
0.00101484, 0.0, 17594,17624,30
0.00134776, 0.0, 17624,17655,31
0.000857147, 0.0, 17655,17686,31
0.000739833, 0.0, 17686,17718,32
0.000793119, 0.0, 17718,17749,31
0.000821628, 0.0, 17749,17779,30
0.000945569, 0.0, 17779,17810,31
0.00068817, 0.0, 17810,17842,32
0.00111069, 0.0, 17842,17871,29
0.000858666, 0.0, 17871,17901,30
0.000743304, 0.0, 17901,17933,32
0.000328096, 0.0, 17933,17962,29
0.000574523, 0.0, 17962,17993,31
0.000638145, 0.0, 17993,18023,30
0.000663654, 0.0, 18023,18055,32
0.00060741, 0.0, 18055,18087,32
0.000724652, 0.0, 18087,18118,31
0.000864283, 0.0, 18118,18149,31
0.000694072, 0.0, 18149,18179,30
0.0011386, 0.0, 18179,18209,30
0.000819224, 0.0, 18209,18239,30
0.000792731, 0.0, 18239,18270,31
0.000550036, 0.0, 18270,18302,32
0.000704639, 0.0, 18302,18333,31
0.000834253, 0.0, 18333,18364,31
0.000753295, 0.0, 18364,18396,32
0.000698243, 0.0, 18396,18426,30
0.00104707, 0.0, 18426,18458,32
0.000704415, 0.0, 18458,18489,31
0.000664927, 0.0, 18489,18521,32
0.000674661, 0.0, 18521,18552,31
0.000785308, 0.0, 18552,18583,31
0.000900546, 0.0, 18583,18614,31
0.000807889, 0.0, 18614,18646,32
0.000938187, 0.0, 18646,18678,32
0.000733247, 0.0, 18678,18709,31
0.000762072, 0.0, 18709,18739,30
0.000831258, 0.0, 18739,18769,30
0.000915693, 0.0, 18769,18802,33
0.000788122, 0.0, 18802,18831,29
0.000660015, 0.0, 18831,18863,32
0.000687717, 0.0, 18863,18893,30
0.000715369, 0.0, 18893,18923,30
0.000854029, 0.0, 18923,18955,32
0.000652907, 0.0, 18955,18987,32
0.000665122, 0.0, 18987,19019,32
0.000710621, 0.0, 19019,19051,32
0.000732986, 0.0, 19051,19080,29
0.000755535, 0.0, 19080,19110,30
0.0013255, 0.0, 19110,19141,31
0.000612644, 0.0, 19141,19172,31
0.000736223, 0.0, 19172,19205,33
0.000933287, 0.0, 19205,19238,33
0.000948521, 0.0, 19238,19268,30
0.000714436, 0.0, 19268,19299,31
0.00240232, 0.0, 19299,19329,30
0.00167624, 0.0, 19329,19360,31
0.002659, 0.0, 19360,19391,31
0.00133055, 0.0, 19391,19422,31
0.000857217, 0.0, 19422,19451,29
0.00217103, 0.0, 19451,19481,30
0.00214721, 0.0, 19481,19513,32
0.00195509, 0.0, 19513,19545,32
0.00220751, 0.0, 19545,19577,32
0.00163696, 0.0, 19577,19607,30
0.00227425, 0.0, 19607,19639,32
0.00158536, 0.0, 19639,19671,32
0.00170217, 0.0, 19671,19702,31
0.000694542, 0.0, 19702,19732,30
0.00139203, 0.0, 19732,19763,31
0.000873198, 0.0, 19763,19793,30
0.000797428, 0.0, 19793,19825,32
0.0006301, 0.0, 19825,19858,33
0.0010228, 0.0, 19858,19888,30
0.000953546, 0.0, 19888,19919,31
0.00099583, 0.0, 19919,19950,31
0.000993488, 0.0, 19950,19981,31
0.000899649, 0.0, 19981,20013,32
0.00253832, 0.0, 20013,20043,30
0.00077222, 0.0, 20043,20074,31
0.000889336, 0.0, 20074,20104,30
0.000861633, 0.0, 20104,20135,31
0.000986702, 0.0, 20135,20165,30
0.00128211, 0.0, 20165,20198,33
0.000858352, 0.0, 20198,20229,31
0.000789898, 0.0, 20229,20261,32
0.000802802, 0.0, 20261,20292,31
0.000972289, 0.0, 20292,20321,29
0.000851059, 0.0, 20321,20352,31
0.000731332, 0.0, 20352,20385,33
0.000737977, 0.0, 20385,20416,31
0.000699412, 0.0, 20416,20448,32
0.000764904, 0.0, 20448,20480,32
0.000825328, 0.0, 20480,20512,32
0.000809581, 0.0, 20512,20545,33
0.000703588, 0.0, 20545,20574,29
0.00107979, 0.0, 20574,20606,32
0.000958216, 0.0, 20606,20637,31
0.000795935, 0.0, 20637,20667,30
0.000752211, 0.0, 20667,20699,32
0.000787391, 0.0, 20699,20731,32
0.000851528, 0.0, 20731,20762,31
0.000648558, 0.0, 20762,20794,32
0.000833446, 0.0, 20794,20825,31
0.000680404, 0.0, 20825,20857,32
0.000630952, 0.0, 20857,20889,32
0.000571274, 0.0, 20889,20921,32
0.000650431, 0.0, 20921,20950,29
0.000808047, 0.0, 20950,20983,33
0.00100305, 0.0, 20983,21014,31
0.000853586, 0.0, 21014,21043,29
0.000531791, 0.0, 21043,21074,31
0.000652935, 0.0, 21074,21106,32
0.000856, 0.0, 21106,21138,32
0.000668611, 0.0, 21138,21170,32
0.000790208, 0.0, 21170,21200,30
0.00071573, 0.0, 21200,21230,30
0.000571006, 0.0, 21230,21261,31
0.000652284, 0.0, 21261,21291,30
0.000974892, 0.0, 21291,21322,31
0.000651244, 0.0, 21322,21352,30
0.000754347, 0.0, 21352,21384,32
0.000902053, 0.0, 21384,21416,32
0.000903135, 0.0, 21416,21448,32
0.00075865, 0.0, 21448,21480,32
0.000762371, 0.0, 21480,21512,32
0.000684395, 0.0, 21512,21551,39
0.0006964, 0.0, 21551,21590,39
0.000850541, 0.0, 21590,21622,32
0.000762503, 0.0, 21622,21655,33
0.000629386, 0.0, 21655,21685,30
0.000899299, 0.0, 21685,21716,31
0.000624462, 0.0, 21716,21746,30
0.000885364, 0.0, 21746,21777,31
0.000656533, 0.0, 21777,21807,30
0.000782784, 0.0, 21807,21838,31
0.000777736, 0.0, 21838,21868,30
0.000924711, 0.0, 21868,21899,31
0.00110913, 0.0, 21899,21931,32
0.000674811, 0.0, 21931,21963,32
0.000357739, 0.0, 21963,21995,32
0.00107072, 0.0, 21995,22027,32
0.00148696, 0.0, 22027,22059,32
0.000768905, 0.0, 22059,22089,30
0.000629022, 0.0, 22089,22120,31
0.00107338, 0.0, 22120,22152,32
0.0010792, 0.0, 22152,22184,32
0.000872852, 0.0, 22184,22215,31
0.000527818, 0.0, 22215,22246,31
0.00104877, 0.0, 22246,22278,32
0.000687243, 0.0, 22278,22310,32
0.000756407, 0.0, 22310,22341,31
0.000601864, 0.0, 22341,22374,33
0.000783221, 0.0, 22374,22404,30
0.000473577, 0.0, 22404,22434,30
0.00107742, 0.0, 22434,22464,30
0.000663913, 0.0, 22464,22494,30
0.000660379, 0.0, 22494,22524,30
0.000887826, 0.0, 22524,22556,32
0.000758747, 0.0, 22556,22587,31
0.000840611, 0.0, 22587,22620,33
0.000659179, 0.0, 22620,22651,31
0.000807418, 0.0, 22651,22681,30
0.000873225, 0.0, 22681,22713,32
0.000934194, 0.0, 22713,22744,31
0.00102408, 0.0, 22744,22775,31
0.00061966, 0.0, 22775,22808,33
0.000887039, 0.0, 22808,22837,29
0.000744786, 0.0, 22837,22867,30
0.000675188, 0.0, 22867,22899,32
0.00085059, 0.0, 22899,22929,30
0.000966504, 0.0, 22929,22959,30
0.000684654, 0.0, 22959,22990,31
0.00102041, 0.0, 22990,23023,33
0.00101746, 0.0, 23023,23054,31
0.00143545, 0.0, 23054,23086,32
0.00224856, 0.0, 23086,23119,33
0.00176431, 0.0, 23119,23150,31
0.00248368, 0.0, 23150,23181,31
0.00240734, 0.0, 23181,23213,32
0.00131349, 0.0, 23213,23245,32
0.000863866, 0.0, 23245,23277,32
0.00207555, 0.0, 23277,23308,31
0.00249469, 0.0, 23308,23340,32
0.00182214, 0.0, 23340,23370,30
0.00215037, 0.0, 23370,23400,30
0.0025362, 0.0, 23400,23432,32
0.00409213, 0.0, 23432,23461,29
0.00650387, 0.0, 23461,23493,32
0.00545498, 0.0, 23493,23524,31
0.00583251, 0.0, 23524,23555,31
0.00646664, 0.0, 23555,23588,33
0.00367351, 0.0, 23588,23618,30
0.00544008, 0.0, 23618,23649,31
0.00501186, 0.0, 23649,23681,32
0.00675517, 0.0, 23681,23714,33
0.00774812, 0.0, 23714,23745,31
0.00638999, 0.0, 23745,23777,32
0.0089404, 0.0, 23777,23809,32
0.0140723, 0.0, 23809,23839,30
0.0101232, 0.0, 23839,23870,31
0.00641142, 0.0, 23870,23903,33
0.00697477, 0.0, 23903,23935,32
0.0112309, 0.0, 23935,23967,32
0.0138076, 0.0, 23967,23997,30
0.024086, 0.0, 23997,24029,32
0.0287937, 0.0, 24029,24059,30
0.0249258, 0.0, 24059,24090,31
0.0228644, 0.0, 24090,24122,32
0.0121327, 0.0, 24122,24154,32
0.00799729, 0.0, 24154,24186,32
0.013064, 0.0, 24186,24218,32
0.0140667, 0.0, 24218,24250,32
0.00891392, 0.0, 24250,24280,30
0.011673, 0.0, 24280,24311,31
0.0109245, 0.0, 24311,24342,31
0.00680219, 0.0, 24342,24372,30
0.00887555, 0.0, 24372,24403,31
0.0121006, 0.0, 24403,24434,31
0.0157586, 0.0, 24434,24465,31
0.0118649, 0.0, 24465,24494,29
0.00911704, 0.0, 24494,24524,30
0.00631182, 0.0, 24524,24557,33
0.0114402, 0.0, 24557,24587,30
0.0167703, 0.0, 24587,24616,29
0.0136694, 0.0, 24616,24648,32
0.00914437, 0.0, 24648,24680,32
0.026282, 0.0, 24680,24716,36
0.016807, 0.0, 24716,24760,44
0.011561, 0.0, 24760,24793,33
0.0115843, 0.0, 24793,24823,30
0.00841267, 0.0, 24823,24853,30
0.0135167, 0.0, 24853,24884,31
0.0105859, 0.0, 24884,24916,32
0.0127164, 0.0, 24916,24946,30
0.0185783, 0.0, 24946,24977,31
0.0111405, 0.0, 24977,25009,32
0.0203486, 0.0, 25009,25040,31
0.015483, 0.0, 25040,25070,30
0.0128896, 0.0, 25070,25101,31
0.0135986, 0.0, 25101,25132,31
0.0141426, 0.0, 25132,25163,31
0.00916315, 0.0, 25163,25195,32
0.00902501, 0.0, 25195,25228,33
0.0137313, 0.0, 25228,25257,29
0.0111805, 0.0, 25257,25287,30
0.0174821, 0.0, 25287,25319,32
0.0141453, 0.0, 25319,25349,30
0.00913312, 0.0, 25349,25379,30
0.00443022, 0.0, 25379,25409,30
0.0108515, 0.0, 25409,25440,31
0.00347477, 0.0, 25440,25471,31
0.00398693, 0.0, 25471,25502,31
0.00785295, 0.0, 25502,25534,32
0.00561215, 0.0, 25534,25567,33
0.00700628, 0.0, 25567,25597,30
0.00576385, 0.0, 25597,25628,31
0.00526581, 0.0, 25628,25661,33
0.011919, 0.0, 25661,25692,31
0.0108684, 0.0, 25692,25725,33
0.0139735, 0.0, 25725,25755,30
0.00668632, 0.0, 25755,25787,32
0.00726515, 0.0, 25787,25817,30
0.00767931, 0.0, 25817,25848,31
0.00891897, 0.0, 25848,25879,31
0.00389489, 0.0, 25879,25910,31
0.00303128, 0.0, 25910,25940,30
0.00975282, 0.0, 25940,25972,32
0.00517109, 0.0, 25972,26005,33
0.00865707, 0.0, 26005,26035,30
0.00724846, 0.0, 26035,26068,33
0.00328118, 0.0, 26068,26099,31
0.00613936, 0.0, 26099,26131,32
0.0080483, 0.0, 26131,26163,32
0.00675969, 0.0, 26163,26196,33
0.00512105, 0.0, 26196,26225,29
0.0056151, 0.0, 26225,26256,31
0.0101231, 0.0, 26256,26286,30
0.00537536, 0.0, 26286,26318,32
0.00488131, 0.0, 26318,26349,31
0.00460735, 0.0, 26349,26380,31
0.00808523, 0.0, 26380,26413,33
0.00643037, 0.0, 26413,26445,32
0.00529305, 0.0, 26445,26476,31
0.00687697, 0.0, 26476,26508,32
0.00775474, 0.0, 26508,26539,31
0.00803929, 0.0, 26539,26572,33
0.00717871, 0.0, 26572,26603,31
0.0101245, 0.0, 26603,26635,32
0.00433299, 0.0, 26635,26668,33
0.00290371, 0.0, 26668,26699,31
0.00758232, 0.0, 26699,26731,32
0.0044457, 0.0, 26731,26763,32
0.00761556, 0.0, 26763,26793,30
0.0033009, 0.0, 26793,26823,30
0.00266543, 0.0, 26823,26853,30
0.0064064, 0.0, 26853,26883,30
0.00582941, 0.0, 26883,26915,32
0.00730922, 0.0, 26915,26947,32
0.00840096, 0.0, 26947,26978,31
0.00602461, 0.0, 26978,27010,32
0.00507761, 0.0, 27010,27043,33
0.00565291, 0.0, 27043,27072,29
0.00379643, 0.0, 27072,27105,33
0.00763416, 0.0, 27105,27136,31
0.00422295, 0.0, 27136,27168,32
0.00192244, 0.0, 27168,27200,32
0.00332154, 0.0, 27200,27231,31
0.00450712, 0.0, 27231,27261,30
0.00302725, 0.0, 27261,27293,32
0.00543766, 0.0, 27293,27326,33
0.0063489, 0.0, 27326,27357,31
0.00392231, 0.0, 27357,27389,32
0.00451392, 0.0, 27389,27420,31
0.0013883, 0.0, 27420,27450,30
0.00167159, 0.0, 27450,27481,31
0.00109715, 0.0, 27481,27513,32
0.00117487, 0.0, 27513,27543,30
0.00128171, 0.0, 27543,27573,30
0.0017794, 0.0, 27573,27604,31
0.00084978, 0.0, 27604,27635,31
0.00104632, 0.0, 27635,27665,30
0.000848773, 0.0, 27665,27696,31
0.00087542, 0.0, 27696,27728,32
0.00142735, 0.0, 27728,27760,32
0.00146034, 0.0, 27760,27792,32
0.000664446, 0.0, 27792,27823,31
0.00079382, 0.0, 27823,27855,32
0.00108016, 0.0, 27855,27887,32
0.00214015, 0.0, 27887,27919,32
0.00312177, 0.0, 27919,27951,32
0.00254293, 0.0, 27951,27982,31
0.00263462, 0.0, 27982,28012,30
0.00206308, 0.0, 28012,28043,31
0.00200659, 0.0, 28043,28075,32
0.00103225, 0.0, 28075,28105,30
0.00129494, 0.0, 28105,28135,30
0.000824176, 0.0, 28135,28166,31
0.00119658, 0.0, 28166,28197,31
0.00223491, 0.0, 28197,28229,32
0.00240926, 0.0, 28229,28259,30
0.0021847, 0.0, 28259,28290,31
0.00139974, 0.0, 28290,28320,30
0.000920499, 0.0, 28320,28353,33
0.00364364, 0.0, 28353,28383,30
0.00407628, 0.0, 28383,28414,31
0.00485095, 0.0, 28414,28446,32
0.00352476, 0.0, 28446,28477,31
0.0040864, 0.0, 28477,28508,31
0.00291607, 0.0, 28508,28539,31
0.00243489, 0.0, 28539,28569,30
0.00257866, 0.0, 28569,28602,33
0.00272198, 0.0, 28602,28632,30
0.00345249, 0.0, 28632,28662,30
0.00142671, 0.0, 28662,28695,33
0.00115871, 0.0, 28695,28726,31
0.00194642, 0.0, 28726,28756,30
0.00159497, 0.0, 28756,28788,32
0.0040112, 0.0, 28788,28819,31
0.00366245, 0.0, 28819,28851,32
0.00528088, 0.0, 28851,28881,30
0.00937678, 0.0, 28881,28913,32
0.00582978, 0.0, 28913,28943,30
0.00163346, 0.0, 28943,28973,30
0.00278519, 0.0, 28973,29004,31
0.00274852, 0.0, 29004,29035,31
0.00229961, 0.0, 29035,29066,31
0.00161321, 0.0, 29066,29098,32
0.00177971, 0.0, 29098,29129,31
0.00188584, 0.0, 29129,29160,31
0.00197076, 0.0, 29160,29190,30
0.00172877, 0.0, 29190,29222,32
0.00207196, 0.0, 29222,29254,32
0.000898341, 0.0, 29254,29286,32
0.00153359, 0.0, 29286,29317,31
0.00476205, 0.0, 29317,29352,35
0.00387942, 0.0, 29352,29381,29
0.00428665, 0.0, 29381,29412,31
0.00417998, 0.0, 29412,29444,32
0.00336639, 0.0, 29444,29476,32
0.00855738, 0.0, 29476,29508,32
0.0152308, 0.0, 29508,29540,32
0.00534828, 0.0, 29540,29570,30
0.00231485, 0.0, 29570,29602,32
0.00529003, 0.0, 29602,29634,32
0.00261109, 0.0, 29634,29665,31
0.00287422, 0.0, 29665,29697,32
0.0020885, 0.0, 29697,29729,32
0.00299392, 0.0, 29729,29760,31
0.0155039, 0.0, 29760,29790,30
0.00616733, 0.0, 29790,29820,30
0.00406409, 0.0, 29820,29850,30
0.00280651, 0.0, 29850,29882,32
0.00310094, 0.0, 29882,29912,30
0.00718454, 0.0, 29912,29944,32
0.0038838, 0.0, 29944,29975,31
0.00264219, 0.0, 29975,30006,31
0.00894706, 0.0, 30006,30037,31
0.0207412, 0.0, 30037,30067,30
0.0170446, 0.0, 30067,30098,31
0.0193011, 0.0, 30098,30129,31
0.00983872, 0.0, 30129,30159,30
0.00278249, 0.0, 30159,30190,31
0.00309013, 0.0, 30190,30220,30
0.00400657, 0.0, 30220,30250,30
0.00235635, 0.0, 30250,30281,31
0.00193712, 0.0, 30281,30312,31
0.00197592, 0.0, 30312,30343,31
0.00104222, 0.0, 30343,30376,33
0.00253394, 0.0, 30376,30409,33
0.00372651, 0.0, 30409,30438,29
0.00251233, 0.0, 30438,30470,32
0.00157761, 0.0, 30470,30500,30
0.00545238, 0.0, 30500,30531,31
0.0394027, 0.0, 30531,30561,30
0.0172894, 0.0, 30561,30591,30
0.0050205, 0.0, 30591,30623,32
0.00430641, 0.0, 30623,30655,32
0.00409139, 0.0, 30655,30687,32
0.00246818, 0.0, 30687,30718,31
0.00176608, 0.0, 30718,30750,32
0.0327125, 0.0, 30750,30782,32
0.0198299, 0.0, 30782,30813,31
0.00473589, 0.0, 30813,30845,32
0.00433828, 0.0, 30845,30876,31
0.00432564, 0.0, 30876,30907,31
0.00451254, 0.0, 30907,30938,31
0.00427398, 0.0, 30938,30968,30
0.00483119, 0.0, 30968,30999,31
0.00408005, 0.0, 30999,31031,32
0.0055841, 0.0, 31031,31061,30
0.004257, 0.0, 31061,31093,32
0.0036224, 0.0, 31093,31123,30
0.00579377, 0.0, 31123,31154,31
0.0066766, 0.0, 31154,31185,31
0.00414858, 0.0, 31185,31218,33
0.00440986, 0.0, 31218,31249,31
0.00578042, 0.0, 31249,31279,30
0.00448478, 0.0, 31279,31310,31
0.00255158, 0.0, 31310,31340,30
0.00296541, 0.0, 31340,31371,31
0.00454145, 0.0, 31371,31402,31
0.0114753, 0.0, 31402,31435,33
0.00455261, 0.0, 31435,31465,30
0.00632647, 0.0, 31465,31496,31
0.00404274, 0.0, 31496,31526,30
0.00389155, 0.0, 31526,31560,34
0.0067046, 0.0, 31560,31589,29
0.00728819, 0.0, 31589,31619,30
0.00575164, 0.0, 31619,31651,32
0.00439017, 0.0, 31651,31683,32
0.00378276, 0.0, 31683,31713,30
0.00399677, 0.0, 31713,31745,32
0.00399541, 0.0, 31745,31777,32
0.00334771, 0.0, 31777,31808,31
0.00462344, 0.0, 31808,31840,32
0.00320591, 0.0, 31840,31872,32
0.0027864, 0.0, 31872,31901,29
0.00304839, 0.0, 31901,31932,31
0.00302651, 0.0, 31932,31963,31
0.00562755, 0.0, 31963,31993,30
0.00591908, 0.0, 31993,32025,32
0.00624089, 0.0, 32025,32058,33
0.00774845, 0.0, 32058,32089,31
0.0033063, 0.0, 32089,32125,36
0.00259301, 0.0, 32125,32168,43
0.00166352, 0.0, 32168,32200,32
0.00265992, 0.0, 32200,32232,32
0.00527256, 0.0, 32232,32264,32
0.00201862, 0.0, 32264,32294,30
0.00247831, 0.0, 32294,32325,31
0.00200085, 0.0, 32325,32356,31
0.00271584, 0.0, 32356,32388,32
0.00424598, 0.0, 32388,32419,31
0.00679696, 0.0, 32419,32452,33
0.00805557, 0.0, 32452,32482,30
0.010628, 0.0, 32482,32513,31
0.0106136, 0.0, 32513,32544,31
0.0031984, 0.0, 32544,32576,32
0.00243976, 0.0, 32576,32606,30
0.0190328, 0.0, 32606,32637,31
0.0188374, 0.0, 32637,32668,31
0.00525131, 0.0, 32668,32699,31
0.00362783, 0.0, 32699,32731,32
0.00776051, 0.0, 32731,32761,30
0.00613081, 0.0, 32761,32792,31
0.00997734, 0.0, 32792,32823,31
0.0188942, 0.0, 32823,32855,32
0.0165283, 0.0, 32855,32887,32
0.0113438, 0.0, 32887,32918,31
0.011333, 0.0, 32918,32949,31
0.0054493, 0.0, 32949,32981,32
0.00539468, 0.0, 32981,33010,29
0.0137, 0.0, 33010,33042,32
0.00743159, 0.0, 33042,33074,32
0.0117063, 0.0, 33074,33105,31
0.0149573, 0.0, 33105,33136,31
0.0165294, 0.0, 33136,33167,31
0.0143036, 0.0, 33167,33199,32
0.00804457, 0.0, 33199,33231,32
0.0462259, 0.0, 33231,33261,30
0.053654, 0.0, 33261,33293,32
0.0234665, 0.0, 33293,33326,33
0.0197506, 0.0, 33326,33357,31
0.0173869, 0.0, 33357,33388,31
0.0149332, 0.0, 33388,33421,33
0.0199216, 0.0, 33421,33451,30
0.0106861, 0.0, 33451,33482,31
0.00615774, 0.0, 33482,33513,31
0.00437751, 0.0, 33513,33544,31
0.00553106, 0.0, 33544,33575,31
0.0056809, 0.0, 33575,33606,31
0.00614146, 0.0, 33606,33637,31
0.00178003, 0.0, 33637,33668,31
0.00119053, 0.0, 33668,33699,31
0.00130549, 0.0, 33699,33730,31
0.0016178, 0.0, 33730,33765,35
0.00262189, 0.0, 33765,33794,29
0.00213773, 0.0, 33794,33826,32
0.00127795, 0.0, 33826,33858,32
0.00092985, 0.0, 33858,33889,31
0.000783412, 0.0, 33889,33920,31
0.00107202, 0.0, 33920,33952,32
0.00082236, 0.0, 33952,33984,32
0.00201085, 0.0, 33984,34014,30
0.00160632, 0.0, 34014,34044,30
0.00139926, 0.0, 34044,34075,31
0.000967294, 0.0, 34075,34105,30
0.000912998, 0.0, 34105,34135,30
0.00122037, 0.0, 34135,34166,31
0.00122383, 0.0, 34166,34198,32
0.000865397, 0.0, 34198,34230,32
0.00150967, 0.0, 34230,34262,32
0.002568, 0.0, 34262,34295,33
0.00139467, 0.0, 34295,34326,31
0.00076389, 0.0, 34326,34356,30
0.00077997, 0.0, 34356,34387,31
0.000950357, 0.0, 34387,34419,32
0.000793934, 0.0, 34419,34450,31
0.000975396, 0.0, 34450,34479,29
0.000742834, 0.0, 34479,34511,32
0.000889007, 0.0, 34511,34543,32
0.00153061, 0.0, 34543,34572,29
0.000997116, 0.0, 34572,34602,30
0.0014868, 0.0, 34602,34635,33
0.0013115, 0.0, 34635,34665,30
0.000648963, 0.0, 34665,34695,30
0.000643311, 0.0, 34695,34727,32
0.000758031, 0.0, 34727,34757,30
0.0016132, 0.0, 34757,34789,32
0.00109986, 0.0, 34789,34821,32
0.00215759, 0.0, 34821,34852,31
0.00144336, 0.0, 34852,34882,30
0.0008161, 0.0, 34882,34914,32
0.00135243, 0.0, 34914,34946,32
0.00105829, 0.0, 34946,34977,31
0.00115371, 0.0, 34977,35008,31
0.00106262, 0.0, 35008,35040,32
0.00134417, 0.0, 35040,35073,33
0.000991955, 0.0, 35073,35106,33
0.000965773, 0.0, 35106,35149,43
0.000585943, 0.0, 35149,35181,32
0.0011716, 0.0, 35181,35212,31
0.000756802, 0.0, 35212,35246,34
0.00107209, 0.0, 35246,35276,30
0.000727419, 0.0, 35276,35306,30
0.000876088, 0.0, 35306,35336,30
0.0011159, 0.0, 35336,35367,31
0.000874763, 0.0, 35367,35400,33
0.000666966, 0.0, 35400,35430,30
0.000824844, 0.0, 35430,35462,32
0.00112563, 0.0, 35462,35492,30
0.000703292, 0.0, 35492,35523,31
0.00104473, 0.0, 35523,35555,32
0.00103607, 0.0, 35555,35585,30
0.000713847, 0.0, 35585,35615,30
0.000961683, 0.0, 35615,35645,30
0.000760382, 0.0, 35645,35676,31
0.0010543, 0.0, 35676,35707,31
0.000795746, 0.0, 35707,35739,32
0.000788664, 0.0, 35739,35771,32
0.00119426, 0.0, 35771,35803,32
0.000840701, 0.0, 35803,35835,32
0.00102315, 0.0, 35835,35865,30
0.000902904, 0.0, 35865,35897,32
0.00112956, 0.0, 35897,35929,32
0.0011053, 0.0, 35929,35961,32
0.000965603, 0.0, 35961,35991,30
0.0012646, 0.0, 35991,36023,32
0.00103045, 0.0, 36023,36056,33
0.000740431, 0.0, 36056,36087,31
0.000658769, 0.0, 36087,36120,33
0.000679558, 0.0, 36120,36149,29
0.000775752, 0.0, 36149,36180,31
0.00174728, 0.0, 36180,36211,31
0.0037739, 0.0, 36211,36242,31
0.00298008, 0.0, 36242,36274,32
0.00116431, 0.0, 36274,36304,30
0.00155699, 0.0, 36304,36335,31
0.0016803, 0.0, 36335,36367,32
0.00389774, 0.0, 36367,36398,31
0.00381926, 0.0, 36398,36430,32
0.00383925, 0.0, 36430,36461,31
0.00216953, 0.0, 36461,36516,55
0.00195176, 0.0, 36516,36559,43
0.00201796, 0.0, 36559,36601,42
0.00388282, 0.0, 36601,36632,31
0.00239055, 0.0, 36632,36663,31
0.00697595, 0.0, 36663,36695,32
0.00699302, 0.0, 36695,36726,31
0.00868954, 0.0, 36726,36757,31
0.00485504, 0.0, 36757,36787,30
0.0132749, 0.0, 36787,36819,32
0.0115623, 0.0, 36819,36851,32
0.0112212, 0.0, 36851,36883,32
0.0143642, 0.0, 36883,36918,35
0.0185214, 0.0, 36918,36961,43
0.0106072, 0.0, 36961,36991,30
0.0112891, 0.0, 36991,37023,32
0.0177988, 0.0, 37023,37055,32
0.0137561, 0.0, 37055,37087,32
0.0104837, 0.0, 37087,37119,32
0.0067195, 0.0, 37119,37150,31
0.00749598, 0.0, 37150,37182,32
0.0096784, 0.0, 37182,37213,31
0.0127369, 0.0, 37213,37243,30
0.0199364, 0.0, 37243,37275,32
0.0277945, 0.0, 37275,37305,30
0.0234242, 0.0, 37305,37336,31
0.0195979, 0.0, 37336,37367,31
0.0111237, 0.0, 37367,37398,31
0.00608012, 0.0, 37398,37429,31
0.0101, 0.0, 37429,37458,29
0.00832138, 0.0, 37458,37489,31
0.0102476, 0.0, 37489,37519,30
0.0114759, 0.0, 37519,37551,32
0.0156782, 0.0, 37551,37582,31
0.00920305, 0.0, 37582,37612,30
0.00573631, 0.0, 37612,37642,30
0.00769261, 0.0, 37642,37674,32
0.0104085, 0.0, 37674,37706,32
0.0159138, 0.0, 37706,37738,32
0.0100909, 0.0, 37738,37769,31
0.00867511, 0.0, 37769,37801,32
0.0108417, 0.0, 37801,37832,31
0.0207046, 0.0, 37832,37862,30
0.0279564, 0.0, 37862,37895,33
0.0206982, 0.0, 37895,37925,30
0.0226737, 0.0, 37925,37955,30
0.0126579, 0.0, 37955,37987,32
0.0143887, 0.0, 37987,38019,32
0.0177017, 0.0, 38019,38048,29
0.0300513, 0.0, 38048,38079,31
0.0188026, 0.0, 38079,38110,31
0.0198563, 0.0, 38110,38140,30
0.011725, 0.0, 38140,38170,30
0.0309805, 0.0, 38170,38203,33
0.0222381, 0.0, 38203,38232,29
0.0185663, 0.0, 38232,38264,32
0.0215452, 0.0, 38264,38295,31
0.0286681, 0.0, 38295,38326,31
0.0137938, 0.0, 38326,38358,32
0.0152632, 0.0, 38358,38388,30
0.0116377, 0.0, 38388,38420,32
0.0128672, 0.0, 38420,38450,30
0.0123244, 0.0, 38450,38480,30
0.00691341, 0.0, 38480,38510,30
0.0138743, 0.0, 38510,38541,31
0.00816768, 0.0, 38541,38572,31
0.00889017, 0.0, 38572,38603,31
0.00943623, 0.0, 38603,38633,30
0.0132643, 0.0, 38633,38665,32
0.0064766, 0.0, 38665,38694,29
0.00943221, 0.0, 38694,38725,31
0.00604716, 0.0, 38725,38756,31
0.00684058, 0.0, 38756,38788,32
0.00916846, 0.0, 38788,38819,31
0.00971952, 0.0, 38819,38851,32
0.0082358, 0.0, 38851,38883,32
0.0072157, 0.0, 38883,38915,32
0.0095169, 0.0, 38915,38946,31
0.00693583, 0.0, 38946,38977,31
0.00716664, 0.0, 38977,39008,31
0.00773428, 0.0, 39008,39040,32
0.00671247, 0.0, 39040,39070,30
0.0103537, 0.0, 39070,39101,31
0.00635018, 0.0, 39101,39132,31
0.00618687, 0.0, 39132,39162,30
0.00640684, 0.0, 39162,39194,32
0.00586344, 0.0, 39194,39225,31
0.00783611, 0.0, 39225,39257,32
0.00834917, 0.0, 39257,39288,31
0.00844339, 0.0, 39288,39321,33
0.00465671, 0.0, 39321,39352,31
0.0046646, 0.0, 39352,39382,30
0.0058496, 0.0, 39382,39413,31
0.00358225, 0.0, 39413,39443,30
0.00380783, 0.0, 39443,39474,31
0.00730608, 0.0, 39474,39506,32
0.00653905, 0.0, 39506,39538,32
0.00835831, 0.0, 39538,39570,32
0.00621153, 0.0, 39570,39602,32
0.00754469, 0.0, 39602,39634,32
0.0100857, 0.0, 39634,39664,30
0.00662996, 0.0, 39664,39694,30
0.00577774, 0.0, 39694,39725,31
0.00730111, 0.0, 39725,39756,31
0.00702752, 0.0, 39756,39788,32
0.00399829, 0.0, 39788,39821,33
0.00811756, 0.0, 39821,39852,31
0.00425749, 0.0, 39852,39885,33
0.00297146, 0.0, 39885,39914,29
0.00725074, 0.0, 39914,39948,34
0.00603461, 0.0, 39948,39977,29
0.00529782, 0.0, 39977,40009,32
0.00613282, 0.0, 40009,40041,32
0.00562017, 0.0, 40041,40071,30
0.00293307, 0.0, 40071,40103,32
0.0100055, 0.0, 40103,40135,32
0.00796259, 0.0, 40135,40164,29
0.00400371, 0.0, 40164,40196,32
0.00431067, 0.0, 40196,40225,29
0.00478272, 0.0, 40225,40256,31
0.0025201, 0.0, 40256,40286,30
0.000697697, 0.0, 40286,40317,31
0.00127669, 0.0, 40317,40347,30
0.00145966, 0.0, 40347,40378,31
0.00133197, 0.0, 40378,40410,32
0.00194992, 0.0, 40410,40442,32
0.00228979, 0.0, 40442,40473,31
0.00281631, 0.0, 40473,40503,30
0.00190696, 0.0, 40503,40534,31
0.00134632, 0.0, 40534,40565,31
0.00327438, 0.0, 40565,40596,31
0.0032421, 0.0, 40596,40628,32
0.001511, 0.0, 40628,40658,30
0.00179896, 0.0, 40658,40689,31
0.00247772, 0.0, 40689,40720,31
0.0032686, 0.0, 40720,40751,31
0.00291525, 0.0, 40751,40782,31
0.00196333, 0.0, 40782,40814,32
0.00165999, 0.0, 40814,40845,31
0.00136058, 0.0, 40845,40877,32
0.00109073, 0.0, 40877,40907,30
0.000841252, 0.0, 40907,40939,32
0.00120916, 0.0, 40939,40971,32
0.000655386, 0.0, 40971,41000,29
0.00121011, 0.0, 41000,41031,31
0.000833596, 0.0, 41031,41063,32
0.000666177, 0.0, 41063,41094,31
0.000930057, 0.0, 41094,41124,30
0.000981075, 0.0, 41124,41155,31
0.000754448, 0.0, 41155,41187,32
0.000954209, 0.0, 41187,41217,30
0.000719504, 0.0, 41217,41249,32
0.00093114, 0.0, 41249,41278,29
0.000859196, 0.0, 41278,41313,35
0.000779082, 0.0, 41313,41342,29
0.000934784, 0.0, 41342,41373,31
0.00110824, 0.0, 41373,41404,31
0.00156441, 0.0, 41404,41435,31
0.00109417, 0.0, 41435,41466,31
0.00143689, 0.0, 41466,41498,32
0.00119311, 0.0, 41498,41530,32
0.00125051, 0.0, 41530,41559,29
0.00241761, 0.0, 41559,41590,31
0.00603703, 0.0, 41590,41621,31
0.00709925, 0.0, 41621,41653,32
0.00346667, 0.0, 41653,41684,31
0.00201727, 0.0, 41684,41716,32
0.00880428, 0.0, 41716,41746,30
0.0140681, 0.0, 41746,41775,29
0.0177606, 0.0, 41775,41806,31
0.00583309, 0.0, 41806,41836,30
0.00305802, 0.0, 41836,41867,31
0.00395502, 0.0, 41867,41898,31
0.00343789, 0.0, 41898,41930,32
0.00372272, 0.0, 41930,41960,30
0.00179359, 0.0, 41960,41990,30
0.00135968, 0.0, 41990,42022,32
0.00126874, 0.0, 42022,42055,33
0.00107886, 0.0, 42055,42085,30
0.00864057, 0.0, 42085,42116,31
0.00962139, 0.0, 42116,42147,31
0.00944101, 0.0, 42147,42177,30
0.00327929, 0.0, 42177,42207,30
0.00409145, 0.0, 42207,42238,31
0.00411773, 0.0, 42238,42268,30
0.00464889, 0.0, 42268,42298,30
0.00176742, 0.0, 42298,42329,31
0.00355361, 0.0, 42329,42361,32
0.00868235, 0.0, 42361,42391,30
0.00488687, 0.0, 42391,42422,31
0.0024119, 0.0, 42422,42453,31
0.00304281, 0.0, 42453,42483,30
0.00788025, 0.0, 42483,42515,32
0.00226143, 0.0, 42515,42548,33
0.00180256, 0.0, 42548,42580,32
0.0034962, 0.0, 42580,42610,30
0.00515679, 0.0, 42610,42642,32
0.00745967, 0.0, 42642,42672,30
0.00379092, 0.0, 42672,42703,31
0.00339318, 0.0, 42703,42733,30
0.00222408, 0.0, 42733,42764,31
0.00226311, 0.0, 42764,42794,30
0.00214009, 0.0, 42794,42825,31
0.00227173, 0.0, 42825,42856,31
0.00698183, 0.0, 42856,42886,30
0.0108532, 0.0, 42886,42918,32
0.00513646, 0.0, 42918,42950,32
0.00170047, 0.0, 42950,42980,30
0.00443953, 0.0, 42980,43011,31
0.00308202, 0.0, 43011,43042,31
0.0141612, 0.0, 43042,43075,33
0.0223335, 0.0, 43075,43106,31
0.00882188, 0.0, 43106,43138,32
0.00407301, 0.0, 43138,43171,33
0.00329485, 0.0, 43171,43200,29
0.00249835, 0.0, 43200,43232,32
0.00183123, 0.0, 43232,43263,31
0.00161805, 0.0, 43263,43293,30
0.0013466, 0.0, 43293,43325,32
0.00122427, 0.0, 43325,43357,32
0.00181555, 0.0, 43357,43388,31
0.00252647, 0.0, 43388,43418,30
0.00253062, 0.0, 43418,43449,31
0.00286457, 0.0, 43449,43480,31
0.00206147, 0.0, 43480,43511,31
0.00270527, 0.0, 43511,43543,32
0.0029262, 0.0, 43543,43575,32
0.00132237, 0.0, 43575,43607,32
0.00116185, 0.0, 43607,43638,31
0.0015014, 0.0, 43638,43670,32
0.0024487, 0.0, 43670,43702,32
0.0212923, 0.0, 43702,43733,31
0.035155, 0.0, 43733,43765,32
0.013233, 0.0, 43765,43798,33
0.00356223, 0.0, 43798,43828,30
0.00474174, 0.0, 43828,43859,31
0.0045809, 0.0, 43859,43892,33
0.00298096, 0.0, 43892,43925,33
0.00231757, 0.0, 43925,43954,29
0.00140489, 0.0, 43954,43986,32
0.0149793, 0.0, 43986,44017,31
0.0105763, 0.0, 44017,44049,32
0.00286698, 0.0, 44049,44081,32
0.00577972, 0.0, 44081,44113,32
0.0294512, 0.0, 44113,44145,32
0.0105584, 0.0, 44145,44175,30
0.00633647, 0.0, 44175,44208,33
0.00706805, 0.0, 44208,44240,32
0.00624758, 0.0, 44240,44270,30
0.0084854, 0.0, 44270,44301,31
0.00385398, 0.0, 44301,44333,32
0.00277226, 0.0, 44333,44362,29
0.00817247, 0.0, 44362,44392,30
0.0108297, 0.0, 44392,44422,30
0.00661134, 0.0, 44422,44452,30
0.00580266, 0.0, 44452,44482,30
0.00328709, 0.0, 44482,44512,30
0.00204952, 0.0, 44512,44543,31
0.00274926, 0.0, 44543,44573,30
0.00493102, 0.0, 44573,44605,32
0.00655344, 0.0, 44605,44638,33
0.00590667, 0.0, 44638,44669,31
0.00275578, 0.0, 44669,44699,30
0.00308032, 0.0, 44699,44730,31
0.00639639, 0.0, 44730,44760,30
0.00621299, 0.0, 44760,44792,32
0.00602638, 0.0, 44792,44824,32
0.00618326, 0.0, 44824,44856,32
0.00459367, 0.0, 44856,44887,31
0.00527306, 0.0, 44887,44918,31
0.0055719, 0.0, 44918,44949,31
0.00270997, 0.0, 44949,44981,32
0.00299494, 0.0, 44981,45012,31
0.00281076, 0.0, 45012,45044,32
0.00270269, 0.0, 45044,45100,56
0.00412476, 0.0, 45100,45138,38
0.00470277, 0.0, 45138,45169,31
0.00409378, 0.0, 45169,45200,31
0.00317081, 0.0, 45200,45232,32
0.0023958, 0.0, 45232,45264,32
0.00122896, 0.0, 45264,45295,31
0.00253395, 0.0, 45295,45326,31
0.00198366, 0.0, 45326,45357,31
0.00184237, 0.0, 45357,45387,30
0.00163282, 0.0, 45387,45418,31
0.00196944, 0.0, 45418,45451,33
0.00440634, 0.0, 45451,45480,29
0.00504922, 0.0, 45480,45513,33
0.00346884, 0.0, 45513,45541,28
0.00148965, 0.0, 45541,45573,32
0.0016961, 0.0, 45573,45604,31
0.00198372, 0.0, 45604,45634,30
0.00568227, 0.0, 45634,45665,31
0.00473463, 0.0, 45665,45696,31
0.00195868, 0.0, 45696,45727,31
0.00171753, 0.0, 45727,45759,32
0.0102196, 0.0, 45759,45791,32
0.0133655, 0.0, 45791,45823,32
0.00451875, 0.0, 45823,45855,32
0.00331971, 0.0, 45855,45887,32
0.00380906, 0.0, 45887,45918,31
0.00394294, 0.0, 45918,45950,32
0.00939962, 0.0, 45950,45982,32
0.0225161, 0.0, 45982,46013,31
0.019164, 0.0, 46013,46043,30
0.00684341, 0.0, 46043,46073,30
0.00838882, 0.0, 46073,46104,31
0.00735587, 0.0, 46104,46134,30
0.00609796, 0.0, 46134,46164,30
0.00447869, 0.0, 46164,46195,31
0.0098515, 0.0, 46195,46226,31
0.00492177, 0.0, 46226,46256,30
0.00916556, 0.0, 46256,46287,31
0.0103921, 0.0, 46287,46318,31
0.00642585, 0.0, 46318,46350,32
0.00592941, 0.0, 46350,46382,32
0.0496915, 0.0, 46382,46413,31
0.0329285, 0.0, 46413,46445,32
0.0215431, 0.0, 46445,46475,30
0.0245091, 0.0, 46475,46506,31
0.0159186, 0.0, 46506,46537,31
0.0126887, 0.0, 46537,46568,31
0.0162417, 0.0, 46568,46597,29
0.0144437, 0.0, 46597,46628,31
0.00483852, 0.0, 46628,46659,31
0.00294792, 0.0, 46659,46690,31
0.00732442, 0.0, 46690,46721,31
0.00407868, 0.0, 46721,46751,30
0.00718172, 0.0, 46751,46781,30
0.00287246, 0.0, 46781,46813,32
0.00112929, 0.0, 46813,46844,31
0.00094469, 0.0, 46844,46875,31
0.000634159, 0.0, 46875,46907,32
0.00083335, 0.0, 46907,46938,31
0.00106577, 0.0, 46938,46969,31
0.00114664, 0.0, 46969,47000,31
0.000942566, 0.0, 47000,47031,31
0.00097683, 0.0, 47031,47063,32
0.00102248, 0.0, 47063,47094,31
0.00126919, 0.0, 47094,47124,30
0.00260407, 0.0, 47124,47155,31
0.00248675, 0.0, 47155,47185,30
0.00213694, 0.0, 47185,47216,31
0.00230644, 0.0, 47216,47247,31
0.00225747, 0.0, 47247,47278,31
0.00183067, 0.0, 47278,47310,32
0.00126395, 0.0, 47310,47342,32
0.00118029, 0.0, 47342,47373,31
0.00091657, 0.0, 47373,47404,31
0.00174857, 0.0, 47404,47437,33
0.00136675, 0.0, 47437,47468,31
0.000981301, 0.0, 47468,47500,32
0.00160017, 0.0, 47500,47532,32
0.00299266, 0.0, 47532,47564,32
0.00244656, 0.0, 47564,47594,30
0.0016321, 0.0, 47594,47624,30
0.000906998, 0.0, 47624,47654,30
0.000888757, 0.0, 47654,47685,31
0.000664169, 0.0, 47685,47716,31
0.000875205, 0.0, 47716,47748,32
0.00181046, 0.0, 47748,47778,30
0.00140092, 0.0, 47778,47811,33
0.000741532, 0.0, 47811,47841,30
0.000878546, 0.0, 47841,47872,31
0.000744398, 0.0, 47872,47904,32
0.0025537, 0.0, 47904,47936,32
0.00179501, 0.0, 47936,47968,32
0.00139136, 0.0, 47968,47999,31
0.00149026, 0.0, 47999,48029,30
0.00150968, 0.0, 48029,48060,31
0.000851724, 0.0, 48060,48090,30
0.000878213, 0.0, 48090,48120,30
0.00250349, 0.0, 48120,48152,32
0.00138924, 0.0, 48152,48185,33
0.0014621, 0.0, 48185,48215,30
0.00525159, 0.0, 48215,48246,31
0.0023695, 0.0, 48246,48279,33
0.00163447, 0.0, 48279,48310,31
0.00193062, 0.0, 48310,48342,32
0.00131604, 0.0, 48342,48373,31
0.00113008, 0.0, 48373,48404,31
0.00109137, 0.0, 48404,48434,30
0.00109534, 0.0, 48434,48465,31
0.000626335, 0.0, 48465,48496,31
0.00143374, 0.0, 48496,48528,32
0.000864723, 0.0, 48528,48560,32
0.000655508, 0.0, 48560,48592,32
0.00109873, 0.0, 48592,48623,31
0.00102087, 0.0, 48623,48654,31
0.000618922, 0.0, 48654,48685,31
0.00096638, 0.0, 48685,48715,30
0.00107322, 0.0, 48715,48746,31
0.0018113, 0.0, 48746,48776,30
0.00110851, 0.0, 48776,48807,31
0.000953657, 0.0, 48807,48838,31
0.00133871, 0.0, 48838,48869,31
0.0013369, 0.0, 48869,48902,33
0.000627401, 0.0, 48902,48933,31
0.000704547, 0.0, 48933,48963,30
0.000968544, 0.0, 48963,48995,32
0.000681649, 0.0, 48995,49026,31
0.00152313, 0.0, 49026,49056,30
0.00118243, 0.0, 49056,49086,30
0.000736606, 0.0, 49086,49117,31
0.000970689, 0.0, 49117,49147,30
0.000796767, 0.0, 49147,49177,30
0.000811475, 0.0, 49177,49208,31
0.000948178, 0.0, 49208,49240,32
0.000603097, 0.0, 49240,49272,32
0.000736813, 0.0, 49272,49303,31
0.00149456, 0.0, 49303,49336,33
0.000955719, 0.0, 49336,49366,30
0.00148064, 0.0, 49366,49397,31
0.00134219, 0.0, 49397,49428,31
0.00256374, 0.0, 49428,49460,32
0.00345417, 0.0, 49460,49490,30
0.00305533, 0.0, 49490,49520,30
0.00466602, 0.0, 49520,49550,30
0.00344532, 0.0, 49550,49582,32
0.00274197, 0.0, 49582,49612,30
0.00353717, 0.0, 49612,49644,32
0.00448714, 0.0, 49644,49673,29
0.00254603, 0.0, 49673,49705,32
0.00423259, 0.0, 49705,49735,30
0.00716861, 0.0, 49735,49766,31
0.00624163, 0.0, 49766,49796,30
0.00816388, 0.0, 49796,49826,30
0.00764802, 0.0, 49826,49858,32
0.00693392, 0.0, 49858,49888,30
0.0278406, 0.0, 49888,49918,30
0.0182693, 0.0, 49918,49948,30
0.00916915, 0.0, 49948,49979,31
0.0112566, 0.0, 49979,50010,31
0.00978935, 0.0, 50010,50040,30
0.0167241, 0.0, 50040,50072,32
0.0215221, 0.0, 50072,50103,31
0.0181276, 0.0, 50103,50133,30
0.0162523, 0.0, 50133,50164,31
0.0146652, 0.0, 50164,50196,32
0.0107974, 0.0, 50196,50228,32
0.0120324, 0.0, 50228,50259,31
0.0118578, 0.0, 50259,50290,31
0.0134736, 0.0, 50290,50322,32
0.0135403, 0.0, 50322,50352,30
0.0112823, 0.0, 50352,50384,32
0.0178719, 0.0, 50384,50413,29
0.0173038, 0.0, 50413,50443,30
0.0167007, 0.0, 50443,50474,31
0.0249701, 0.0, 50474,50504,30
0.0224168, 0.0, 50504,50536,32
0.00783787, 0.0, 50536,50566,30
0.0150274, 0.0, 50566,50596,30
0.0159054, 0.0, 50596,50627,31
0.0215797, 0.0, 50627,50658,31
0.0168871, 0.0, 50658,50689,31
0.0195429, 0.0, 50689,50721,32
0.0190834, 0.0, 50721,50752,31
0.0366835, 0.0, 50752,50783,31
0.0284911, 0.0, 50783,50815,32
0.0402357, 0.0, 50815,50847,32
0.0249296, 0.0, 50847,50878,31
0.0302375, 0.0, 50878,50909,31
0.0393615, 0.0, 50909,50941,32
0.0222935, 0.0, 50941,50972,31
0.0170759, 0.0, 50972,51003,31
0.0242247, 0.0, 51003,51033,30
0.017458, 0.0, 51033,51065,32
0.0109868, 0.0, 51065,51095,30
0.0184034, 0.0, 51095,51125,30
0.0246726, 0.0, 51125,51157,32
0.0168847, 0.0, 51157,51188,31
0.02314, 0.0, 51188,51221,33
0.0162295, 0.0, 51221,51251,30
0.0117764, 0.0, 51251,51282,31
0.0119891, 0.0, 51282,51314,32
0.00820582, 0.0, 51314,51345,31
0.00667719, 0.0, 51345,51378,33
0.0176465, 0.0, 51378,51409,31
0.0116696, 0.0, 51409,51440,31
0.00623344, 0.0, 51440,51471,31
0.00745627, 0.0, 51471,51502,31
0.00577981, 0.0, 51502,51534,32
0.00639782, 0.0, 51534,51564,30
0.00493803, 0.0, 51564,51594,30
0.0091809, 0.0, 51594,51626,32
0.00905393, 0.0, 51626,51656,30
0.00771501, 0.0, 51656,51687,31
0.00312405, 0.0, 51687,51722,35
0.00110978, 0.0, 51722,51751,29
0.00136892, 0.0, 51751,51780,29
0.00120652, 0.0, 51780,51812,32
0.00168132, 0.0, 51812,51843,31
0.00224828, 0.0, 51843,51874,31
0.00196257, 0.0, 51874,51905,31
0.00154329, 0.0, 51905,51938,33
0.00159426, 0.0, 51938,51968,30
0.00206816, 0.0, 51968,52000,32
0.00202586, 0.0, 52000,52032,32
0.0014997, 0.0, 52032,52062,30
0.00172911, 0.0, 52062,52094,32
0.00103094, 0.0, 52094,52127,33
0.0024751, 0.0, 52127,52157,30
0.00235672, 0.0, 52157,52189,32
0.00278128, 0.0, 52189,52219,30
0.00313778, 0.0, 52219,52251,32
0.00166695, 0.0, 52251,52281,30
0.00163683, 0.0, 52281,52312,31
0.00113954, 0.0, 52312,52344,32
0.00160072, 0.0, 52344,52375,31
0.00241143, 0.0, 52375,52405,30
0.00646701, 0.0, 52405,52436,31
0.0142761, 0.0, 52436,52467,31
0.0132183, 0.0, 52467,52498,31
0.00382559, 0.0, 52498,52528,30
0.00363161, 0.0, 52528,52560,32
0.00215982, 0.0, 52560,52591,31
0.00146204, 0.0, 52591,52622,31
0.00219199, 0.0, 52622,52657,35
0.00360988, 0.0, 52657,52686,29
0.00208424, 0.0, 52686,52718,32
0.00435724, 0.0, 52718,52750,32
0.00322079, 0.0, 52750,52782,32
0.00119051, 0.0, 52782,52814,32
0.00115991, 0.0, 52814,52845,31
0.00114777, 0.0, 52845,52876,31
0.00248084, 0.0, 52876,52906,30
0.00387122, 0.0, 52906,52937,31
0.00133623, 0.0, 52937,52969,32
0.00182006, 0.0, 52969,53002,33
0.0022395, 0.0, 53002,53033,31
0.00142257, 0.0, 53033,53064,31
0.00167282, 0.0, 53064,53097,33
0.00173245, 0.0, 53097,53128,31
0.00147554, 0.0, 53128,53158,30
0.00142776, 0.0, 53158,53190,32
0.00161814, 0.0, 53190,53222,32
0.00198638, 0.0, 53222,53252,30
0.00301917, 0.0, 53252,53282,30
0.00209538, 0.0, 53282,53312,30
0.00156669, 0.0, 53312,53343,31
0.00244148, 0.0, 53343,53373,30
0.00300386, 0.0, 53373,53404,31
0.00158908, 0.0, 53404,53436,32
0.00142457, 0.0, 53436,53469,33
0.0013488, 0.0, 53469,53499,30
0.00133637, 0.0, 53499,53530,31
0.00199519, 0.0, 53530,53562,32
0.00165071, 0.0, 53562,53594,32
0.00267868, 0.0, 53594,53624,30
0.00143105, 0.0, 53624,53655,31
0.00211794, 0.0, 53655,53685,30
0.00161408, 0.0, 53685,53715,30
0.00159116, 0.0, 53715,53746,31
0.00224571, 0.0, 53746,53776,30
0.00161005, 0.0, 53776,53808,32
0.00182065, 0.0, 53808,53839,31
0.00193253, 0.0, 53839,53870,31
0.00221091, 0.0, 53870,53902,32
0.00157085, 0.0, 53902,53934,32
0.00287752, 0.0, 53934,53964,30
0.00116334, 0.0, 53964,53994,30
0.00173343, 0.0, 53994,54025,31
0.00194609, 0.0, 54025,54056,31
0.00273273, 0.0, 54056,54094,38
0.00145057, 0.0, 54094,54136,42
0.00234494, 0.0, 54136,54166,30
0.00228411, 0.0, 54166,54199,33
0.00236062, 0.0, 54199,54230,31
0.00207184, 0.0, 54230,54261,31
0.00259538, 0.0, 54261,54291,30
0.00318335, 0.0, 54291,54322,31
0.00173985, 0.0, 54322,54354,32
0.00141808, 0.0, 54354,54384,30
0.00144353, 0.0, 54384,54416,32
0.00124623, 0.0, 54416,54448,32
0.00115509, 0.0, 54448,54477,29
0.00125418, 0.0, 54477,54508,31
0.00209367, 0.0, 54508,54538,30
0.000864354, 0.0, 54538,54569,31
0.00138925, 0.0, 54569,54599,30
0.00136115, 0.0, 54599,54630,31
0.000832574, 0.0, 54630,54662,32
0.00100402, 0.0, 54662,54692,30
0.0014575, 0.0, 54692,54724,32
0.00159961, 0.0, 54724,54755,31
0.00133963, 0.0, 54755,54786,31
0.00165944, 0.0, 54786,54818,32
0.000946003, 0.0, 54818,54848,30
0.00695103, 0.0, 54848,54880,32
0.0131009, 0.0, 54880,54912,32
0.00436358, 0.0, 54912,54942,30
0.00247665, 0.0, 54942,54974,32
0.00155851, 0.0, 54974,55003,29
0.00121346, 0.0, 55003,55033,30
0.00103344, 0.0, 55033,55064,31
0.00128327, 0.0, 55064,55096,32
0.000956981, 0.0, 55096,55127,31
0.000571984, 0.0, 55127,55157,30
0.000898182, 0.0, 55157,55190,33
0.00106552, 0.0, 55190,55221,31
0.00134049, 0.0, 55221,55253,32
0.00073978, 0.0, 55253,55287,34
0.000825086, 0.0, 55287,55330,43
0.000909709, 0.0, 55330,55362,32
0.000992614, 0.0, 55362,55390,28
0.00387885, 0.0, 55390,55420,30
0.007977, 0.0, 55420,55450,30
0.00221514, 0.0, 55450,55482,32
0.00099164, 0.0, 55482,55513,31
0.00114148, 0.0, 55513,55545,32
0.00190832, 0.0, 55545,55577,32
0.00897316, 0.0, 55577,55608,31
0.00452452, 0.0, 55608,55640,32
0.00200595, 0.0, 55640,55672,32
0.00142212, 0.0, 55672,55703,31
0.00130725, 0.0, 55703,55736,33
0.000924891, 0.0, 55736,55766,30
0.00203212, 0.0, 55766,55797,31
0.00150368, 0.0, 55797,55829,32
0.00724701, 0.0, 55829,55861,32
0.00657993, 0.0, 55861,55892,31
0.00316766, 0.0, 55892,55923,31
0.00193963, 0.0, 55923,55955,32
0.00168627, 0.0, 55955,55987,32
0.00129166, 0.0, 55987,56020,33
0.00197559, 0.0, 56020,56051,31
0.0016844, 0.0, 56051,56083,32
0.00115412, 0.0, 56083,56115,32
0.00130325, 0.0, 56115,56147,32
0.00197946, 0.0, 56147,56178,31
0.00655037, 0.0, 56178,56208,30
0.00289005, 0.0, 56208,56238,30
0.00182919, 0.0, 56238,56268,30
0.00424681, 0.0, 56268,56300,32
0.00270203, 0.0, 56300,56331,31
0.00139278, 0.0, 56331,56362,31
0.00103252, 0.0, 56362,56392,30
0.00126898, 0.0, 56392,56424,32
0.00218797, 0.0, 56424,56455,31
0.00596975, 0.0, 56455,56486,31
0.00238746, 0.0, 56486,56518,32
0.00153072, 0.0, 56518,56549,31
0.0023755, 0.0, 56549,56580,31
0.00135626, 0.0, 56580,56610,30
0.00167708, 0.0, 56610,56641,31
0.00115656, 0.0, 56641,56671,30
0.00160812, 0.0, 56671,56702,31
0.00193366, 0.0, 56702,56734,32
0.00232312, 0.0, 56734,56766,32
0.00202884, 0.0, 56766,56796,30
0.00106327, 0.0, 56796,56826,30
0.00159755, 0.0, 56826,56856,30
0.00120428, 0.0, 56856,56888,32
0.00119518, 0.0, 56888,56919,31
0.00102444, 0.0, 56919,56950,31
0.00590742, 0.0, 56950,56982,32
0.006287, 0.0, 56982,57012,30
0.00461512, 0.0, 57012,57041,29
0.00321484, 0.0, 57041,57072,31
0.00272697, 0.0, 57072,57103,31
0.00327856, 0.0, 57103,57134,31
0.00353528, 0.0, 57134,57165,31
0.00132257, 0.0, 57165,57196,31
0.00175451, 0.0, 57196,57227,31
0.00211045, 0.0, 57227,57259,32
0.004288, 0.0, 57259,57289,30
0.0206331, 0.0, 57289,57319,30
0.0102581, 0.0, 57319,57349,30
0.00460836, 0.0, 57349,57381,32
0.00251199, 0.0, 57381,57411,30
0.00461077, 0.0, 57411,57443,32
0.0112104, 0.0, 57443,57475,32
0.00468163, 0.0, 57475,57507,32
0.00349674, 0.0, 57507,57539,32
0.00640608, 0.0, 57539,57571,32
0.00509245, 0.0, 57571,57603,32
0.00257452, 0.0, 57603,57634,31
0.00265233, 0.0, 57634,57665,31
0.00216779, 0.0, 57665,57696,31
0.00308773, 0.0, 57696,57727,31
0.00303802, 0.0, 57727,57757,30
0.00247896, 0.0, 57757,57788,31
0.0106647, 0.0, 57788,57820,32
0.0166272, 0.0, 57820,57852,32
0.00413751, 0.0, 57852,57882,30
0.00293183, 0.0, 57882,57912,30
0.00210008, 0.0, 57912,57943,31
0.00191224, 0.0, 57943,57973,30
0.00166009, 0.0, 57973,58003,30
0.0011667, 0.0, 58003,58033,30
0.00138938, 0.0, 58033,58064,31
0.00158598, 0.0, 58064,58094,30
0.00150827, 0.0, 58094,58125,31
0.001334, 0.0, 58125,58157,32
0.00230369, 0.0, 58157,58202,45
0.00676044, 0.0, 58202,58231,29
0.0100307, 0.0, 58231,58263,32
0.00341313, 0.0, 58263,58293,30
0.00168163, 0.0, 58293,58324,31
0.00258069, 0.0, 58324,58356,32
0.0037872, 0.0, 58356,58387,31
0.0048576, 0.0, 58387,58419,32
0.00332661, 0.0, 58419,58451,32
0.00309574, 0.0, 58451,58480,29
0.00725605, 0.0, 58480,58512,32
0.00654469, 0.0, 58512,58544,32
0.00436343, 0.0, 58544,58576,32
0.00555039, 0.0, 58576,58608,32
0.00354772, 0.0, 58608,58637,29
0.00976704, 0.0, 58637,58669,32
0.00774401, 0.0, 58669,58702,33
0.0052071, 0.0, 58702,58733,31
0.00419867, 0.0, 58733,58765,32
0.00499631, 0.0, 58765,58796,31
0.00400215, 0.0, 58796,58828,32
0.00375383, 0.0, 58828,58859,31
0.00521783, 0.0, 58859,58890,31
0.00408024, 0.0, 58890,58920,30
0.00510586, 0.0, 58920,58951,31
0.00384644, 0.0, 58951,58982,31
0.00613681, 0.0, 58982,59013,31
0.00507818, 0.0, 59013,59044,31
0.00370624, 0.0, 59044,59075,31
0.00224071, 0.0, 59075,59105,30
0.00301499, 0.0, 59105,59136,31
0.00761942, 0.0, 59136,59167,31
0.00578533, 0.0, 59167,59199,32
0.0047545, 0.0, 59199,59233,34
0.00375224, 0.0, 59233,59262,29
0.00356393, 0.0, 59262,59293,31
0.00257525, 0.0, 59293,59326,33
0.00285746, 0.0, 59326,59355,29
0.00222229, 0.0, 59355,59386,31
0.00332069, 0.0, 59386,59417,31
0.00363301, 0.0, 59417,59447,30
0.0038519, 0.0, 59447,59477,30
0.0034789, 0.0, 59477,59508,31
0.00504716, 0.0, 59508,59539,31
0.00200538, 0.0, 59539,59569,30
0.00151369, 0.0, 59569,59600,31
0.00155874, 0.0, 59600,59631,31
0.00157597, 0.0, 59631,59661,30
0.0031099, 0.0, 59661,59693,32
0.00207868, 0.0, 59693,59725,32
0.00248141, 0.0, 59725,59754,29
0.00245001, 0.0, 59754,59785,31
0.00125602, 0.0, 59785,59818,33
0.00194692, 0.0, 59818,59846,28
0.00203637, 0.0, 59846,59877,31
0.00441215, 0.0, 59877,59908,31
0.00372496, 0.0, 59908,59939,31
0.00259337, 0.0, 59939,59970,31
0.00491661, 0.0, 59970,60002,32
0.00484108, 0.0, 60002,60033,31
0.00230946, 0.0, 60033,60064,31
0.00215868, 0.0, 60064,60096,32
0.0029592, 0.0, 60096,60129,33
0.0029887, 0.0, 60129,60160,31
0.00380814, 0.0, 60160,60192,32
0.00406989, 0.0, 60192,60224,32
0.002487, 0.0, 60224,60255,31
0.00533374, 0.0, 60255,60286,31
0.00400401, 0.0, 60286,60317,31
0.0134924, 0.0, 60317,60348,31
0.0207438, 0.0, 60348,60377,29
0.00891527, 0.0, 60377,60409,32
0.00798362, 0.0, 60409,60440,31
0.00774984, 0.0, 60440,60469,29
0.00731295, 0.0, 60469,60499,30
0.00464758, 0.0, 60499,60530,31
0.00431388, 0.0, 60530,60560,30
0.0154126, 0.0, 60560,60590,30
0.00997491, 0.0, 60590,60621,31
0.00654825, 0.0, 60621,60652,31
0.010862, 0.0, 60652,60685,33
0.0231864, 0.0, 60685,60716,31
0.0198227, 0.0, 60716,60748,32
0.0199635, 0.0, 60748,60779,31
0.0284722, 0.0, 60779,60811,32
0.0115701, 0.0, 60811,60843,32
0.0133099, 0.0, 60843,60875,32
0.00741477, 0.0, 60875,60908,33
0.00898092, 0.0, 60908,60939,31
0.00840306, 0.0, 60939,60970,31
0.00615941, 0.0, 60970,61000,30
0.00433572, 0.0, 61000,61030,30
0.00495628, 0.0, 61030,61061,31
0.00485007, 0.0, 61061,61092,31
0.00200258, 0.0, 61092,61123,31
0.0021982, 0.0, 61123,61155,32
0.00177288, 0.0, 61155,61186,31
0.00141864, 0.0, 61186,61218,32
0.00106033, 0.0, 61218,61250,32
0.000947917, 0.0, 61250,61282,32
0.00110135, 0.0, 61282,61314,32
0.00206245, 0.0, 61314,61345,31
0.00197159, 0.0, 61345,61376,31
0.00294481, 0.0, 61376,61408,32
0.002534, 0.0, 61408,61438,30
0.00217849, 0.0, 61438,61471,33
0.0019585, 0.0, 61471,61502,31
0.00238803, 0.0, 61502,61534,32
0.00142671, 0.0, 61534,61565,31
0.00151857, 0.0, 61565,61597,32
0.0017249, 0.0, 61597,61629,32
0.000873142, 0.0, 61629,61660,31
0.00119963, 0.0, 61660,61690,30
0.00128448, 0.0, 61690,61722,32
0.00131028, 0.0, 61722,61753,31
0.00205348, 0.0, 61753,61786,33
0.00169218, 0.0, 61786,61818,32
0.0020198, 0.0, 61818,61850,32
0.00116657, 0.0, 61850,61881,31
0.000746642, 0.0, 61881,61912,31
0.000676318, 0.0, 61912,61944,32
0.000515733, 0.0, 61944,61976,32
0.000681163, 0.0, 61976,62008,32
0.00108216, 0.0, 62008,62038,30
0.00121283, 0.0, 62038,62068,30
0.000733287, 0.0, 62068,62099,31
0.000623052, 0.0, 62099,62130,31
0.000654764, 0.0, 62130,62161,31
0.000730821, 0.0, 62161,62191,30
0.00126482, 0.0, 62191,62222,31
0.00263993, 0.0, 62222,62254,32
0.00246066, 0.0, 62254,62286,32
0.000923146, 0.0, 62286,62318,32
0.00100328, 0.0, 62318,62347,29
0.0013573, 0.0, 62347,62379,32
0.0018593, 0.0, 62379,62408,29
0.00191545, 0.0, 62408,62439,31
0.00122195, 0.0, 62439,62469,30
0.000799823, 0.0, 62469,62500,31
0.00365533, 0.0, 62500,62530,30
0.0046233, 0.0, 62530,62561,31
0.00128211, 0.0, 62561,62591,30
0.00105043, 0.0, 62591,62623,32
0.000969469, 0.0, 62623,62655,32
0.000894161, 0.0, 62655,62698,43
0.000712353, 0.0, 62698,62730,32
0.00103038, 0.0, 62730,62761,31
0.00078645, 0.0, 62761,62793,32
0.000795097, 0.0, 62793,62826,33
0.000733674, 0.0, 62826,62857,31
0.000785521, 0.0, 62857,62889,32
0.000826765, 0.0, 62889,62919,30
0.000894702, 0.0, 62919,62950,31
0.00084289, 0.0, 62950,62981,31
0.000705529, 0.0, 62981,63013,32
0.000769386, 0.0, 63013,63045,32
0.0008646, 0.0, 63045,63076,31
0.000954193, 0.0, 63076,63108,32
0.000847182, 0.0, 63108,63139,31
0.00090842, 0.0, 63139,63169,30
0.000936672, 0.0, 63169,63200,31
0.000969342, 0.0, 63200,63231,31
0.000610834, 0.0, 63231,63264,33
0.000572244, 0.0, 63264,63295,31
0.00080799, 0.0, 63295,63328,33
0.000910794, 0.0, 63328,63361,33
0.0007838, 0.0, 63361,63404,43
0.000793824, 0.0, 63404,63435,31
0.000679293, 0.0, 63435,63467,32
0.000771435, 0.0, 63467,63499,32
0.000701162, 0.0, 63499,63530,31
0.000894517, 0.0, 63530,63560,30
0.000502718, 0.0, 63560,63592,32
0.000864044, 0.0, 63592,63623,31
0.000745249, 0.0, 63623,63654,31
0.00100126, 0.0, 63654,63686,32
0.000816389, 0.0, 63686,63715,29
0.00083591, 0.0, 63715,63746,31
0.000552905, 0.0, 63746,63777,31
0.000772104, 0.0, 63777,63808,31
0.000599303, 0.0, 63808,63839,31
0.000443107, 0.0, 63839,63868,29
0.000612555, 0.0, 63868,63899,31
0.000619885, 0.0, 63899,63931,32
0.000863206, 0.0, 63931,63963,32
0.000754914, 0.0, 63963,63995,32
0.000728124, 0.0, 63995,64027,32
0.000766815, 0.0, 64027,64057,30
0.000801337, 0.0, 64057,64087,30
0.000650287, 0.0, 64087,64117,30
0.000948649, 0.0, 64117,64149,32
0.000833213, 0.0, 64149,64179,30
0.00103974, 0.0, 64179,64209,30
0.000749302, 0.0, 64209,64240,31
0.000852051, 0.0, 64240,64270,30
0.000797822, 0.0, 64270,64302,32
0.00086145, 0.0, 64302,64334,32
0.00106623, 0.0, 64334,64367,33
0.000774169, 0.0, 64367,64398,31
0.000840049, 0.0, 64398,64431,33
0.000583862, 0.0, 64431,64463,32
0.00092905, 0.0, 64463,64493,30
0.000753695, 0.0, 64493,64523,30
0.000679434, 0.0, 64523,64555,32
0.00103835, 0.0, 64555,64587,32
0.00100316, 0.0, 64587,64618,31
0.000888461, 0.0, 64618,64649,31
0.000692816, 0.0, 64649,64681,32
0.000705282, 0.0, 64681,64713,32
0.000615533, 0.0, 64713,64744,31
0.000764575, 0.0, 64744,64776,32
0.000670837, 0.0, 64776,64821,45
0.000869035, 0.0, 64821,64852,31
0.00080995, 0.0, 64852,64882,30
0.000649446, 0.0, 64882,64913,31
0.000552091, 0.0, 64913,64944,31
0.000662493, 0.0, 64944,64974,30
0.000746761, 0.0, 64974,65005,31
0.000831073, 0.0, 65005,65035,30
0.000807116, 0.0, 65035,65065,30
0.000687982, 0.0, 65065,65097,32
0.00076838, 0.0, 65097,65129,32
0.000705262, 0.0, 65129,65160,31
0.00061073, 0.0, 65160,65193,33
0.000691658, 0.0, 65193,65223,30
0.000588151, 0.0, 65223,65253,30
0.000699608, 0.0, 65253,65283,30
0.000662364, 0.0, 65283,65314,31
0.000687062, 0.0, 65314,65345,31
0.000895187, 0.0, 65345,65377,32
0.000874442, 0.0, 65377,65408,31
0.000880904, 0.0, 65408,65439,31
0.00080596, 0.0, 65439,65472,33
0.000551226, 0.0, 65472,65503,31
0.00074019, 0.0, 65503,65535,32
0.000677934, 0.0, 65535,65567,32
0.000822119, 0.0, 65567,65597,30
0.000866763, 0.0, 65597,65628,31
0.000678527, 0.0, 65628,65660,32
0.000705476, 0.0, 65660,65693,33
0.0010602, 0.0, 65693,65723,30
0.00080831, 0.0, 65723,65753,30
0.000881059, 0.0, 65753,65785,32
0.000797078, 0.0, 65785,65814,29
0.00102078, 0.0, 65814,65845,31
0.000859358, 0.0, 65845,65877,32
0.000815397, 0.0, 65877,65909,32
0.000886447, 0.0, 65909,65942,33
0.000985674, 0.0, 65942,65973,31
0.00113236, 0.0, 65973,66003,30
0.000767343, 0.0, 66003,66033,30
0.00062584, 0.0, 66033,66064,31
0.000832745, 0.0, 66064,66096,32
0.000802581, 0.0, 66096,66127,31
0.000730105, 0.0, 66127,66158,31
0.000885079, 0.0, 66158,66190,32
0.000530109, 0.0, 66190,66220,30
0.00064462, 0.0, 66220,66250,30
0.000521017, 0.0, 66250,66281,31
0.000632683, 0.0, 66281,66313,32
0.000590158, 0.0, 66313,66344,31
0.000563549, 0.0, 66344,66376,32
0.000836073, 0.0, 66376,66408,32
0.00133776, 0.0, 66408,66437,29
0.000797306, 0.0, 66437,66467,30
0.000808862, 0.0, 66467,66499,32
0.000762595, 0.0, 66499,66530,31
0.00096518, 0.0, 66530,66561,31
0.00154174, 0.0, 66561,66594,33
0.000994, 0.0, 66594,66623,29
0.0010769, 0.0, 66623,66654,31
0.000753262, 0.0, 66654,66684,30
0.000713636, 0.0, 66684,66715,31
0.000844166, 0.0, 66715,66747,32
0.000480529, 0.0, 66747,66778,31
0.000775549, 0.0, 66778,66809,31
0.000962136, 0.0, 66809,66842,33
0.000767313, 0.0, 66842,66870,28
0.000791004, 0.0, 66870,66900,30
0.000883726, 0.0, 66900,66930,30
0.00153412, 0.0, 66930,66962,32
0.000794467, 0.0, 66962,66995,33
0.000613806, 0.0, 66995,67025,30
0.00092986, 0.0, 67025,67056,31
0.000948894, 0.0, 67056,67088,32
0.000893787, 0.0, 67088,67118,30
0.000751448, 0.0, 67118,67149,31
0.000959268, 0.0, 67149,67179,30
0.000774396, 0.0, 67179,67211,32
0.00103442, 0.0, 67211,67242,31
0.000737307, 0.0, 67242,67273,31
0.000831581, 0.0, 67273,67305,32
0.000648939, 0.0, 67305,67337,32
0.000738063, 0.0, 67337,67367,30
0.00104414, 0.0, 67367,67398,31
0.000798918, 0.0, 67398,67429,31
0.000625898, 0.0, 67429,67458,29
0.000752559, 0.0, 67458,67490,32
0.000843681, 0.0, 67490,67520,30
0.000979098, 0.0, 67520,67552,32
0.000705438, 0.0, 67552,67583,31
0.00065758, 0.0, 67583,67615,32
0.000882068, 0.0, 67615,67646,31
0.000791653, 0.0, 67646,67677,31
0.000597432, 0.0, 67677,67707,30
0.000834395, 0.0, 67707,67738,31
0.000865633, 0.0, 67738,67769,31
0.000650859, 0.0, 67769,67801,32
0.000598403, 0.0, 67801,67831,30
0.000839314, 0.0, 67831,67862,31
0.000660151, 0.0, 67862,67894,32
0.000780086, 0.0, 67894,67923,29
0.000688715, 0.0, 67923,67954,31
0.000799708, 0.0, 67954,67986,32
0.000955855, 0.0, 67986,68018,32
0.000716934, 0.0, 68018,68050,32
0.000706164, 0.0, 68050,68081,31
0.000753273, 0.0, 68081,68113,32
0.000527052, 0.0, 68113,68142,29
0.000776705, 0.0, 68142,68173,31
0.00117132, 0.0, 68173,68204,31
0.00290238, 0.0, 68204,68236,32
0.00133586, 0.0, 68236,68268,32
0.000786675, 0.0, 68268,68301,33
0.000893088, 0.0, 68301,68331,30
0.000863335, 0.0, 68331,68363,32
0.000706094, 0.0, 68363,68395,32
0.000861837, 0.0, 68395,68427,32
0.000512304, 0.0, 68427,68458,31
0.00102534, 0.0, 68458,68488,30
0.000999839, 0.0, 68488,68520,32
0.000909186, 0.0, 68520,68550,30
0.000889816, 0.0, 68550,68582,32
0.000538331, 0.0, 68582,68613,31
0.000656237, 0.0, 68613,68644,31
0.000631305, 0.0, 68644,68674,30
0.00076675, 0.0, 68674,68705,31
0.000952992, 0.0, 68705,68736,31
0.000792996, 0.0, 68736,68767,31
0.000780147, 0.0, 68767,68798,31
0.000875437, 0.0, 68798,68828,30
0.000515314, 0.0, 68828,68859,31
0.000651508, 0.0, 68859,68891,32
0.00102689, 0.0, 68891,68922,31
0.000427866, 0.0, 68922,68955,33
0.000731541, 0.0, 68955,68985,30
0.000988539, 0.0, 68985,69016,31
0.000923148, 0.0, 69016,69047,31
0.00061047, 0.0, 69047,69079,32
0.000753415, 0.0, 69079,69109,30
0.000838853, 0.0, 69109,69141,32
0.00104273, 0.0, 69141,69173,32
0.000832942, 0.0, 69173,69205,32
0.000667457, 0.0, 69205,69237,32
0.000929848, 0.0, 69237,69269,32
0.00102188, 0.0, 69269,69299,30
0.000846594, 0.0, 69299,69331,32
0.00101275, 0.0, 69331,69363,32
0.00105041, 0.0, 69363,69393,30
0.00114169, 0.0, 69393,69425,32
0.000752603, 0.0, 69425,69455,30
0.000710534, 0.0, 69455,69488,33
0.000881604, 0.0, 69488,69520,32
0.000900437, 0.0, 69520,69551,31
0.00088111, 0.0, 69551,69583,32
0.000989435, 0.0, 69583,69615,32
0.000702068, 0.0, 69615,69646,31
0.000610565, 0.0, 69646,69677,31
0.000804161, 0.0, 69677,69709,32
0.000807377, 0.0, 69709,69740,31
0.000940181, 0.0, 69740,69771,31
0.000660577, 0.0, 69771,69803,32
0.000737248, 0.0, 69803,69835,32
0.000891449, 0.0, 69835,69864,29
0.00149453, 0.0, 69864,69895,31
0.00134714, 0.0, 69895,69925,30
0.00101921, 0.0, 69925,69956,31
0.000814723, 0.0, 69956,69987,31
0.00114747, 0.0, 69987,70019,32
0.00145687, 0.0, 70019,70049,30
0.00158371, 0.0, 70049,70078,29
0.00216023, 0.0, 70078,70110,32
0.0009671, 0.0, 70110,70142,32
0.00359344, 0.0, 70142,70173,31
0.0131681, 0.0, 70173,70204,31
0.00428372, 0.0, 70204,70236,32
0.00275626, 0.0, 70236,70267,31
0.00393994, 0.0, 70267,70298,31
0.00424606, 0.0, 70298,70330,32
0.00604958, 0.0, 70330,70362,32
0.0107085, 0.0, 70362,70395,33
0.0106509, 0.0, 70395,70424,29
0.00988102, 0.0, 70424,70456,32
0.00467257, 0.0, 70456,70487,31
0.0126202, 0.0, 70487,70517,30
0.0157128, 0.0, 70517,70550,33
0.0209197, 0.0, 70550,70581,31
0.0113587, 0.0, 70581,70612,31
0.0130014, 0.0, 70612,70643,31
0.0182126, 0.0, 70643,70675,32
0.0194619, 0.0, 70675,70707,32
0.0122737, 0.0, 70707,70737,30
0.00870495, 0.0, 70737,70767,30
0.0105205, 0.0, 70767,70799,32
0.00586821, 0.0, 70799,70835,36
0.00933338, 0.0, 70835,70862,27
0.0113428, 0.0, 70862,70894,32
0.0181583, 0.0, 70894,70926,32
0.0154748, 0.0, 70926,70956,30
0.0177499, 0.0, 70956,70988,32
0.0121323, 0.0, 70988,71021,33
0.0142475, 0.0, 71021,71049,28
0.00725613, 0.0, 71049,71081,32
0.00487762, 0.0, 71081,71114,33
0.00824047, 0.0, 71114,71143,29
0.00611447, 0.0, 71143,71175,32
0.00528802, 0.0, 71175,71205,30
0.00472309, 0.0, 71205,71236,31
0.00541212, 0.0, 71236,71268,32
0.00377608, 0.0, 71268,71299,31
0.00810529, 0.0, 71299,71330,31
0.00872097, 0.0, 71330,71362,32
0.0116517, 0.0, 71362,71394,32
0.0107356, 0.0, 71394,71426,32
0.00669064, 0.0, 71426,71459,33
0.0124495, 0.0, 71459,71489,30
0.021329, 0.0, 71489,71520,31
0.0226633, 0.0, 71520,71554,34
0.0354801, 0.0, 71554,71585,31
0.0344726, 0.0, 71585,71616,31
0.0471907, 0.0, 71616,71648,32
0.0272036, 0.0, 71648,71679,31
0.0127874, 0.0, 71679,71709,30
0.0221013, 0.0, 71709,71740,31
0.0246956, 0.0, 71740,71771,31
0.0155899, 0.0, 71771,71801,30
0.0210578, 0.0, 71801,71831,30
0.0265828, 0.0, 71831,71862,31
0.0381204, 0.0, 71862,71893,31
0.019158, 0.0, 71893,71924,31
0.0309136, 0.0, 71924,71955,31
0.0196112, 0.0, 71955,71987,32
0.0200422, 0.0, 71987,72019,32
0.0280238, 0.0, 72019,72051,32
0.0338066, 0.0, 72051,72082,31
0.0122053, 0.0, 72082,72112,30
0.012143, 0.0, 72112,72144,32
0.0138778, 0.0, 72144,72176,32
0.0272204, 0.0, 72176,72207,31
0.0332945, 0.0, 72207,72238,31
0.0256257, 0.0, 72238,72268,30
0.0689403, 0.0, 72268,72300,32
0.0474938, 0.0, 72300,72332,32
0.0370237, 0.0, 72332,72361,29
0.06167, 0.0, 72361,72392,31
0.0418423, 0.0, 72392,72424,32
0.0267798, 0.0, 72424,72456,32
0.011852, 0.0, 72456,72487,31
0.0176075, 0.0, 72487,72520,33
0.0202225, 0.0, 72520,72548,28
0.0303517, 0.0, 72548,72579,31
0.0334357, 0.0, 72579,72610,31
0.0152601, 0.0, 72610,72643,33
0.010412, 0.0, 72643,72674,31
0.0258327, 0.0, 72674,72706,32
0.0258034, 0.0, 72706,72737,31
0.00622933, 0.0, 72737,72768,31
0.00751908, 0.0, 72768,72799,31
0.0101246, 0.0, 72799,72829,30
0.0117923, 0.0, 72829,72860,31
0.0105243, 0.0, 72860,72892,32
0.00683162, 0.0, 72892,72923,31
0.00384918, 0.0, 72923,72955,32
0.00444584, 0.0, 72955,72987,32
0.00990674, 0.0, 72987,73019,32
0.0111495, 0.0, 73019,73051,32
0.00608863, 0.0, 73051,73083,32
0.00687342, 0.0, 73083,73114,31
0.00729934, 0.0, 73114,73146,32
0.00547653, 0.0, 73146,73177,31
0.00949796, 0.0, 73177,73207,30
0.00342139, 0.0, 73207,73239,32
0.00372124, 0.0, 73239,73269,30
0.0033356, 0.0, 73269,73301,32
0.00230438, 0.0, 73301,73332,31
0.00299463, 0.0, 73332,73362,30
0.00820993, 0.0, 73362,73394,32
0.0110138, 0.0, 73394,73426,32
0.00928913, 0.0, 73426,73457,31
0.00372078, 0.0, 73457,73488,31
0.00426085, 0.0, 73488,73518,30
0.00333967, 0.0, 73518,73550,32
0.00239406, 0.0, 73550,73581,31
0.00196867, 0.0, 73581,73612,31
0.00473451, 0.0, 73612,73645,33
0.0103659, 0.0, 73645,73674,29
0.0139034, 0.0, 73674,73707,33
0.0175745, 0.0, 73707,73737,30
0.0162929, 0.0, 73737,73769,32
0.0233726, 0.0, 73769,73800,31
0.0139319, 0.0, 73800,73832,32
0.0199155, 0.0, 73832,73864,32
0.0347726, 0.0, 73864,73896,32
0.0115993, 0.0, 73896,73928,32
0.00988517, 0.0, 73928,73960,32
0.00701253, 0.0, 73960,73991,31
0.0153265, 0.0, 73991,74021,30
0.0161995, 0.0, 74021,74051,30
0.00371573, 0.0, 74051,74082,31
0.00260915, 0.0, 74082,74114,32
0.0113201, 0.0, 74114,74146,32
0.00684819, 0.0, 74146,74178,32
0.00381375, 0.0, 74178,74210,32
0.00818231, 0.0, 74210,74241,31
0.00796962, 0.0, 74241,74272,31
0.0107782, 0.0, 74272,74302,30
0.0174108, 0.0, 74302,74332,30
0.00867025, 0.0, 74332,74364,32
0.00723777, 0.0, 74364,74394,30
0.00924547, 0.0, 74394,74427,33
0.00884603, 0.0, 74427,74457,30
0.0308437, 0.0, 74457,74489,32
0.0512373, 0.0, 74489,74521,32
0.0166079, 0.0, 74521,74553,32
0.00744618, 0.0, 74553,74582,29
0.00784882, 0.0, 74582,74613,31
0.00946127, 0.0, 74613,74645,32
0.00572484, 0.0, 74645,74675,30
0.00782326, 0.0, 74675,74706,31
0.0051319, 0.0, 74706,74736,30
0.00238003, 0.0, 74736,74767,31
0.00299953, 0.0, 74767,74798,31
0.00296091, 0.0, 74798,74829,31
0.00335667, 0.0, 74829,74858,29
0.00251934, 0.0, 74858,74891,33
0.00235805, 0.0, 74891,74921,30
0.00200665, 0.0, 74921,74951,30
0.0022047, 0.0, 74951,74981,30
0.00167465, 0.0, 74981,75012,31
0.00235231, 0.0, 75012,75043,31
0.00306187, 0.0, 75043,75074,31
0.00243024, 0.0, 75074,75105,31
0.00339053, 0.0, 75105,75138,33
0.0073308, 0.0, 75138,75169,31
0.00835167, 0.0, 75169,75200,31
0.0146873, 0.0, 75200,75232,32
0.0163039, 0.0, 75232,75263,31
0.013546, 0.0, 75263,75294,31
0.0241045, 0.0, 75294,75323,29
0.0240171, 0.0, 75323,75353,30
0.0186156, 0.0, 75353,75383,30
0.0189629, 0.0, 75383,75414,31
0.0283415, 0.0, 75414,75446,32
0.0156984, 0.0, 75446,75477,31
0.0175684, 0.0, 75477,75507,30
0.0193212, 0.0, 75507,75538,31
0.00646193, 0.0, 75538,75568,30
0.0184235, 0.0, 75568,75598,30
0.0318545, 0.0, 75598,75629,31
0.0368852, 0.0, 75629,75661,32
0.0186495, 0.0, 75661,75694,33
0.0218127, 0.0, 75694,75723,29
0.00962751, 0.0, 75723,75755,32
0.0204329, 0.0, 75755,75785,30
0.0182271, 0.0, 75785,75816,31
0.0151586, 0.0, 75816,75846,30
0.0102615, 0.0, 75846,75878,32
0.0134376, 0.0, 75878,75910,32
0.0128806, 0.0, 75910,75940,30
0.013278, 0.0, 75940,75970,30
0.030622, 0.0, 75970,76001,31
0.0224498, 0.0, 76001,76033,32
0.0156119, 0.0, 76033,76065,32
0.0224915, 0.0, 76065,76096,31
0.0279501, 0.0, 76096,76128,32
0.032532, 0.0, 76128,76160,32
0.0405113, 0.0, 76160,76192,32
0.0225701, 0.0, 76192,76221,29
0.0356152, 0.0, 76221,76251,30
0.0423391, 0.0, 76251,76282,31
0.0390189, 0.0, 76282,76312,30
0.0118404, 0.0, 76312,76343,31
0.0311058, 0.0, 76343,76372,29
0.0262409, 0.0, 76372,76402,30
0.0239414, 0.0, 76402,76434,32
0.0215616, 0.0, 76434,76466,32
0.0113666, 0.0, 76466,76499,33
0.022581, 0.0, 76499,76533,34
0.0169416, 0.0, 76533,76564,31
0.0290338, 0.0, 76564,76594,30
0.0153896, 0.0, 76594,76625,31
0.0203287, 0.0, 76625,76657,32
0.0149337, 0.0, 76657,76689,32
0.0213313, 0.0, 76689,76719,30
0.0100496, 0.0, 76719,76749,30
0.0186031, 0.0, 76749,76779,30
0.0101474, 0.0, 76779,76809,30
0.00945956, 0.0, 76809,76840,31
0.0133098, 0.0, 76840,76871,31
0.00855647, 0.0, 76871,76903,32
0.0113273, 0.0, 76903,76934,31
0.00503391, 0.0, 76934,76964,30
0.00954345, 0.0, 76964,76995,31
0.00858564, 0.0, 76995,77027,32
0.00570079, 0.0, 77027,77058,31
0.00840363, 0.0, 77058,77089,31
0.0050967, 0.0, 77089,77120,31
0.0126173, 0.0, 77120,77153,33
0.00613598, 0.0, 77153,77184,31
0.00813288, 0.0, 77184,77214,30
0.00767976, 0.0, 77214,77245,31
0.00693905, 0.0, 77245,77276,31
0.00743808, 0.0, 77276,77308,32
0.00427801, 0.0, 77308,77339,31
0.0084512, 0.0, 77339,77374,35
0.00818569, 0.0, 77374,77431,57
0.00450773, 0.0, 77431,77463,32
0.0077657, 0.0, 77463,77493,30
0.00414719, 0.0, 77493,77525,32
0.0118181, 0.0, 77525,77555,30
0.00851639, 0.0, 77555,77587,32
0.00645553, 0.0, 77587,77617,30
0.00601546, 0.0, 77617,77649,32
0.00875601, 0.0, 77649,77681,32
0.00496907, 0.0, 77681,77713,32
0.00753689, 0.0, 77713,77745,32
0.0067123, 0.0, 77745,77776,31
0.00779593, 0.0, 77776,77807,31
0.00556587, 0.0, 77807,77838,31
0.00889496, 0.0, 77838,77871,33
0.00432146, 0.0, 77871,77903,32
0.00483401, 0.0, 77903,77934,31
0.00406987, 0.0, 77934,77966,32
0.00582389, 0.0, 77966,77999,33
0.00237979, 0.0, 77999,78028,29
0.00417163, 0.0, 78028,78059,31
0.00176025, 0.0, 78059,78092,33
0.00414507, 0.0, 78092,78123,31
0.00272301, 0.0, 78123,78153,30
0.00184097, 0.0, 78153,78184,31
0.00263112, 0.0, 78184,78216,32
0.00395285, 0.0, 78216,78247,31
0.00225008, 0.0, 78247,78277,30
0.00643504, 0.0, 78277,78307,30
0.00717926, 0.0, 78307,78338,31
0.00400391, 0.0, 78338,78368,30
0.00652935, 0.0, 78368,78399,31
0.00530821, 0.0, 78399,78431,32
0.00334513, 0.0, 78431,78476,45
0.00382684, 0.0, 78476,78506,30
0.00411109, 0.0, 78506,78536,30
0.00539774, 0.0, 78536,78567,31
0.00605788, 0.0, 78567,78598,31
0.00340417, 0.0, 78598,78631,33
0.00257564, 0.0, 78631,78661,30
0.00452608, 0.0, 78661,78693,32
0.00497678, 0.0, 78693,78726,33
0.0159645, 0.0, 78726,78756,30
0.0119241, 0.0, 78756,78786,30
0.00513209, 0.0, 78786,78816,30
0.00384791, 0.0, 78816,78849,33
0.0114722, 0.0, 78849,78878,29
0.0147472, 0.0, 78878,78908,30
0.00435128, 0.0, 78908,78940,32
0.00463058, 0.0, 78940,78973,33
0.00631419, 0.0, 78973,79004,31
0.0114897, 0.0, 79004,79036,32
0.0126197, 0.0, 79036,79068,32
0.0126677, 0.0, 79068,79099,31
0.00727186, 0.0, 79099,79129,30
0.00505615, 0.0, 79129,79160,31
0.00169269, 0.0, 79160,79192,32
0.00496462, 0.0, 79192,79224,32
0.0199675, 0.0, 79224,79255,31
0.00587269, 0.0, 79255,79286,31
0.00575266, 0.0, 79286,79316,30
0.00721271, 0.0, 79316,79347,31
0.0142156, 0.0, 79347,79379,32
0.0114246, 0.0, 79379,79411,32
0.0071622, 0.0, 79411,79441,30
0.00773736, 0.0, 79441,79473,32
0.0186916, 0.0, 79473,79505,32
0.0142894, 0.0, 79505,79535,30
0.00613191, 0.0, 79535,79566,31
0.00383595, 0.0, 79566,79598,32
0.00406987, 0.0, 79598,79629,31
0.00622056, 0.0, 79629,79659,30
0.00811322, 0.0, 79659,79690,31
0.0107093, 0.0, 79690,79721,31
0.00527432, 0.0, 79721,79751,30
0.00822984, 0.0, 79751,79782,31
0.00832022, 0.0, 79782,79813,31
0.0155504, 0.0, 79813,79845,32
0.023739, 0.0, 79845,79876,31
0.0161463, 0.0, 79876,79909,33
0.010102, 0.0, 79909,79939,30
0.0114581, 0.0, 79939,79971,32
0.0101845, 0.0, 79971,80002,31
0.0090478, 0.0, 80002,80032,30
0.00765961, 0.0, 80032,80063,31
0.00610341, 0.0, 80063,80095,32
0.00275815, 0.0, 80095,80124,29
0.0035632, 0.0, 80124,80156,32
0.00670492, 0.0, 80156,80186,30
0.00806423, 0.0, 80186,80218,32
0.0026181, 0.0, 80218,80248,30
0.00325908, 0.0, 80248,80280,32
0.00882687, 0.0, 80280,80311,31
0.00944293, 0.0, 80311,80343,32
0.0123771, 0.0, 80343,80375,32
0.00572202, 0.0, 80375,80407,32
0.00500619, 0.0, 80407,80437,30
0.00602161, 0.0, 80437,80470,33
0.00408354, 0.0, 80470,80501,31
0.0132435, 0.0, 80501,80531,30
0.0214803, 0.0, 80531,80563,32
0.00960998, 0.0, 80563,80595,32
0.00704968, 0.0, 80595,80628,33
0.00392488, 0.0, 80628,80658,30
0.00509309, 0.0, 80658,80688,30
0.00333005, 0.0, 80688,80720,32
0.00760248, 0.0, 80720,80750,30
0.00672917, 0.0, 80750,80780,30
0.00678668, 0.0, 80780,80810,30
0.0052466, 0.0, 80810,80842,32
0.00350781, 0.0, 80842,80871,29
0.00313482, 0.0, 80871,80902,31
0.00389276, 0.0, 80902,80937,35
0.00646503, 0.0, 80937,80981,44
0.0103936, 0.0, 80981,81014,33
0.0162816, 0.0, 81014,81045,31
0.0108156, 0.0, 81045,81076,31
0.00344603, 0.0, 81076,81107,31
0.00983325, 0.0, 81107,81137,30
0.0066591, 0.0, 81137,81168,31
0.00246728, 0.0, 81168,81198,30
0.00138556, 0.0, 81198,81230,32
0.00120599, 0.0, 81230,81260,30
0.000875506, 0.0, 81260,81291,31
0.00543448, 0.0, 81291,81322,31
0.00328426, 0.0, 81322,81353,31
0.00147937, 0.0, 81353,81384,31
0.00374921, 0.0, 81384,81414,30
0.00492223, 0.0, 81414,81446,32
0.00291732, 0.0, 81446,81478,32
0.00148623, 0.0, 81478,81510,32
0.00136498, 0.0, 81510,81542,32
0.00106782, 0.0, 81542,81573,31
0.000563527, 0.0, 81573,81604,31
0.000901637, 0.0, 81604,81636,32
0.000766106, 0.0, 81636,81666,30
0.000971731, 0.0, 81666,81697,31
0.000863263, 0.0, 81697,81728,31
0.001595, 0.0, 81728,81760,32
0.00106999, 0.0, 81760,81791,31
0.00104925, 0.0, 81791,81821,30
0.00103559, 0.0, 81821,81852,31
0.000602878, 0.0, 81852,81883,31
0.000637918, 0.0, 81883,81914,31
0.000837154, 0.0, 81914,81946,32
0.000911129, 0.0, 81946,81979,33
0.000891825, 0.0, 81979,82010,31
0.000725683, 0.0, 82010,82042,32
0.000914374, 0.0, 82042,82072,30
0.000806995, 0.0, 82072,82104,32
0.000669001, 0.0, 82104,82135,31
0.000957318, 0.0, 82135,82165,30
0.000990813, 0.0, 82165,82196,31
0.000948935, 0.0, 82196,82227,31
0.00138293, 0.0, 82227,82257,30
0.00346309, 0.0, 82257,82288,31
0.00182492, 0.0, 82288,82319,31
0.00114457, 0.0, 82319,82350,31
0.00252851, 0.0, 82350,82380,30
0.000828115, 0.0, 82380,82412,32
0.000843105, 0.0, 82412,82441,29
0.000852004, 0.0, 82441,82471,30
0.00122032, 0.0, 82471,82502,31
0.00086013, 0.0, 82502,82533,31
0.000548036, 0.0, 82533,82564,31
0.000745894, 0.0, 82564,82595,31
0.000876776, 0.0, 82595,82626,31
0.000877027, 0.0, 82626,82657,31
0.000694398, 0.0, 82657,82688,31
0.000731284, 0.0, 82688,82718,30
0.000840063, 0.0, 82718,82748,30
0.000705999, 0.0, 82748,82778,30
0.000514376, 0.0, 82778,82809,31
0.000566317, 0.0, 82809,82838,29
0.000872053, 0.0, 82838,82870,32
0.000593384, 0.0, 82870,82901,31
0.000792053, 0.0, 82901,82933,32
0.000602312, 0.0, 82933,82965,32
0.000856001, 0.0, 82965,82998,33
0.000757374, 0.0, 82998,83028,30
0.00110617, 0.0, 83028,83058,30
0.00079446, 0.0, 83058,83089,31
0.00270761, 0.0, 83089,83119,30
0.00252454, 0.0, 83119,83149,30
0.000690502, 0.0, 83149,83180,31
0.000858877, 0.0, 83180,83211,31
0.000725315, 0.0, 83211,83243,32
0.00075876, 0.0, 83243,83274,31
0.000733675, 0.0, 83274,83307,33
0.000791193, 0.0, 83307,83338,31
0.00083192, 0.0, 83338,83369,31
0.000935194, 0.0, 83369,83401,32
0.000654595, 0.0, 83401,83434,33
0.000736045, 0.0, 83434,83465,31
0.000637838, 0.0, 83465,83496,31
0.000772575, 0.0, 83496,83528,32
0.000842918, 0.0, 83528,83560,32
0.000972415, 0.0, 83560,83592,32
0.000645447, 0.0, 83592,83621,29
0.000878496, 0.0, 83621,83654,33
0.000683821, 0.0, 83654,83683,29
0.000468909, 0.0, 83683,83714,31
0.000528074, 0.0, 83714,83744,30
0.000649641, 0.0, 83744,83775,31
0.000904078, 0.0, 83775,83807,32
0.000823405, 0.0, 83807,83838,31
0.000818688, 0.0, 83838,83871,33
0.000784369, 0.0, 83871,83901,30
0.000654468, 0.0, 83901,83933,32
0.000692552, 0.0, 83933,83964,31
0.000415012, 0.0, 83964,83997,33
0.000964454, 0.0, 83997,84027,30
0.00088325, 0.0, 84027,84058,31
0.000737594, 0.0, 84058,84088,30
0.000575579, 0.0, 84088,84119,31
0.000697609, 0.0, 84119,84150,31
0.000974839, 0.0, 84150,84181,31
0.000791233, 0.0, 84181,84211,30
0.000633149, 0.0, 84211,84241,30
0.000584084, 0.0, 84241,84272,31
0.000615675, 0.0, 84272,84306,34
0.000757535, 0.0, 84306,84335,29
0.000725709, 0.0, 84335,84366,31
0.00087697, 0.0, 84366,84397,31
0.000620715, 0.0, 84397,84428,31
0.000640581, 0.0, 84428,84461,33
0.000715534, 0.0, 84461,84493,32
0.00180756, 0.0, 84493,84524,31
0.00171957, 0.0, 84524,84556,32
0.000775782, 0.0, 84556,84587,31
0.000765646, 0.0, 84587,84618,31
0.000913803, 0.0, 84618,84648,30
0.000681766, 0.0, 84648,84678,30
0.000911811, 0.0, 84678,84709,31
0.000939603, 0.0, 84709,84741,32
0.00053788, 0.0, 84741,84772,31
0.000713089, 0.0, 84772,84802,30
0.00100975, 0.0, 84802,84833,31
0.00086971, 0.0, 84833,84864,31
0.000669493, 0.0, 84864,84894,30
0.000719864, 0.0, 84894,84925,31
0.000652335, 0.0, 84925,84956,31
0.00369116, 0.0, 84956,84986,30
0.0093227, 0.0, 84986,85017,31
0.00378003, 0.0, 85017,85050,33
0.00109029, 0.0, 85050,85080,30
0.00113725, 0.0, 85080,85112,32
0.00154345, 0.0, 85112,85143,31
0.00371757, 0.0, 85143,85175,32
0.00450962, 0.0, 85175,85205,30
0.00129059, 0.0, 85205,85236,31
0.00158643, 0.0, 85236,85267,31
0.00180159, 0.0, 85267,85300,33
0.00243734, 0.0, 85300,85331,31
0.000895225, 0.0, 85331,85362,31
0.000733357, 0.0, 85362,85393,31
0.000645665, 0.0, 85393,85424,31
0.00119694, 0.0, 85424,85456,32
0.00118391, 0.0, 85456,85486,30
0.00144832, 0.0, 85486,85517,31
0.000762225, 0.0, 85517,85547,30
0.000733691, 0.0, 85547,85579,32
0.000687552, 0.0, 85579,85611,32
0.000779153, 0.0, 85611,85641,30
0.000851698, 0.0, 85641,85673,32
0.00404941, 0.0, 85673,85704,31
0.00495943, 0.0, 85704,85736,32
0.00200748, 0.0, 85736,85768,32
0.00116696, 0.0, 85768,85798,30
0.00087671, 0.0, 85798,85830,32
0.00153245, 0.0, 85830,85862,32
0.00124345, 0.0, 85862,85894,32
0.000764212, 0.0, 85894,85925,31
0.000720195, 0.0, 85925,85956,31
0.000647512, 0.0, 85956,85988,32
0.00258114, 0.0, 85988,86018,30
0.002444, 0.0, 86018,86050,32
0.000835226, 0.0, 86050,86079,29
0.000713303, 0.0, 86079,86110,31
0.000701441, 0.0, 86110,86143,33
0.00132457, 0.0, 86143,86174,31
0.00292817, 0.0, 86174,86204,30
0.00216134, 0.0, 86204,86234,30
0.00120542, 0.0, 86234,86266,32
0.000764115, 0.0, 86266,86299,33
0.00255188, 0.0, 86299,86330,31
0.0034671, 0.0, 86330,86363,33
0.00225739, 0.0, 86363,86395,32
0.000908795, 0.0, 86395,86427,32
0.000818486, 0.0, 86427,86457,30
0.000830909, 0.0, 86457,86487,30
0.000763885, 0.0, 86487,86518,31
0.000882849, 0.0, 86518,86548,30
0.000916781, 0.0, 86548,86580,32
0.00108768, 0.0, 86580,86611,31
0.000798869, 0.0, 86611,86643,32
0.000744864, 0.0, 86643,86674,31
0.000895278, 0.0, 86674,86705,31
0.00100941, 0.0, 86705,86735,30
0.00072498, 0.0, 86735,86766,31
0.000663634, 0.0, 86766,86797,31
0.000696653, 0.0, 86797,86828,31
0.000871551, 0.0, 86828,86858,30
0.00111093, 0.0, 86858,86891,33
0.000740464, 0.0, 86891,86922,31
0.000860203, 0.0, 86922,86954,32
0.00100105, 0.0, 86954,86984,30
0.000927621, 0.0, 86984,87016,32
0.000977356, 0.0, 87016,87048,32
0.000623314, 0.0, 87048,87078,30
0.000817424, 0.0, 87078,87109,31
0.00058707, 0.0, 87109,87139,30
0.00077986, 0.0, 87139,87170,31
0.000888393, 0.0, 87170,87200,30
0.000816555, 0.0, 87200,87231,31
0.000888077, 0.0, 87231,87262,31
0.00103318, 0.0, 87262,87293,31
0.000888674, 0.0, 87293,87325,32
0.000605298, 0.0, 87325,87357,32
0.000628446, 0.0, 87357,87389,32
0.00154736, 0.0, 87389,87421,32
0.00227258, 0.0, 87421,87453,32
0.00156184, 0.0, 87453,87482,29
0.00123894, 0.0, 87482,87513,31
0.000752937, 0.0, 87513,87543,30
0.000808376, 0.0, 87543,87573,30
0.00111079, 0.0, 87573,87603,30
0.00145913, 0.0, 87603,87635,32
0.0024255, 0.0, 87635,87667,32
0.00142373, 0.0, 87667,87698,31
0.000945502, 0.0, 87698,87729,31
0.000663221, 0.0, 87729,87759,30
0.000743721, 0.0, 87759,87792,33
0.0014446, 0.0, 87792,87823,31
0.00116754, 0.0, 87823,87855,32
0.000934392, 0.0, 87855,87888,33
0.00112321, 0.0, 87888,87919,31
0.000975005, 0.0, 87919,87951,32
0.0009895, 0.0, 87951,87982,31
0.000622486, 0.0, 87982,88013,31
0.0013009, 0.0, 88013,88045,32
0.00135284, 0.0, 88045,88075,30
0.000809378, 0.0, 88075,88106,31
0.000787234, 0.0, 88106,88136,30
0.000810715, 0.0, 88136,88167,31
0.00183654, 0.0, 88167,88198,31
0.00162418, 0.0, 88198,88231,33
0.00135189, 0.0, 88231,88262,31
0.00102233, 0.0, 88262,88294,32
0.00188697, 0.0, 88294,88326,32
0.00634829, 0.0, 88326,88357,31
0.00829396, 0.0, 88357,88389,32
0.00407455, 0.0, 88389,88421,32
0.00114975, 0.0, 88421,88453,32
0.00104353, 0.0, 88453,88486,33
0.00146268, 0.0, 88486,88515,29
0.00125183, 0.0, 88515,88547,32
0.00119954, 0.0, 88547,88579,32
0.000923651, 0.0, 88579,88609,30
0.00126059, 0.0, 88609,88640,31
0.000921121, 0.0, 88640,88672,32
0.000687731, 0.0, 88672,88704,32
0.000823877, 0.0, 88704,88735,31
0.000981286, 0.0, 88735,88765,30
0.0010613, 0.0, 88765,88796,31
0.000711775, 0.0, 88796,88826,30
0.000829923, 0.0, 88826,88857,31
0.000772023, 0.0, 88857,88888,31
0.000576507, 0.0, 88888,88919,31
0.000867942, 0.0, 88919,88950,31
0.000671177, 0.0, 88950,88981,31
0.000688201, 0.0, 88981,89010,29
0.000654224, 0.0, 89010,89041,31
0.000563582, 0.0, 89041,89073,32
0.000514878, 0.0, 89073,89104,31
0.00057279, 0.0, 89104,89135,31
0.000781707, 0.0, 89135,89166,31
0.000523205, 0.0, 89166,89198,32
0.00082614, 0.0, 89198,89230,32
0.000607094, 0.0, 89230,89261,31
0.00172119, 0.0, 89261,89292,31
0.00168874, 0.0, 89292,89323,31
0.000969775, 0.0, 89323,89354,31
0.000767576, 0.0, 89354,89385,31
0.00076487, 0.0, 89385,89416,31
0.000723312, 0.0, 89416,89448,32
0.000889226, 0.0, 89448,89479,31
0.00137835, 0.0, 89479,89511,32
0.000911699, 0.0, 89511,89542,31
0.000850745, 0.0, 89542,89572,30
0.000571139, 0.0, 89572,89604,32
0.000789369, 0.0, 89604,89636,32
0.000697983, 0.0, 89636,89666,30
0.00151737, 0.0, 89666,89698,32
0.000979986, 0.0, 89698,89728,30
0.000544169, 0.0, 89728,89759,31
0.00077452, 0.0, 89759,89790,31
0.0008955, 0.0, 89790,89820,30
0.00158866, 0.0, 89820,89851,31
0.0014038, 0.0, 89851,89883,32
0.000957155, 0.0, 89883,89914,31
0.000701661, 0.0, 89914,89944,30
0.000612948, 0.0, 89944,89975,31
0.000751414, 0.0, 89975,90006,31
0.000674709, 0.0, 90006,90037,31
0.000718377, 0.0, 90037,90068,31
0.000754756, 0.0, 90068,90100,32
