0.342787, 1;
0.0320652, 1;
0.0159322, 1;
0.0159352, 1;
0.014981, 1;
0.0149529, 1;
0.0150571, 1;
0.0160233, 1;
0.0151201, 1;
0.0147626, 1;
0.0159911, 1;
0.0151028, 1;
0.0149203, 1;
0.0150384, 1;
0.0149472, 1;
0.0150134, 1;
0.0149422, 1;
0.0160338, 1;
0.0159658, 1;
0.0160256, 1;
0.0159421, 1;
0.0161198, 1;
0.0158612, 1;
0.0159631, 1;
0.0159982, 1;
0.016574, 1;
0.015387, 1;
0.0150225, 1;
0.0150194, 1;
0.0149537, 1;
0.0149942, 1;
0.0159819, 1;
0.0160126, 1;
0.0160066, 1;
0.015026, 1;
0.0159458, 1;
0.0149737, 1;
0.0149961, 1;
0.0149916, 1;
0.0159638, 1;
0.0160078, 1;
0.0149916, 1;
0.0150044, 1;
0.0160293, 1;
0.0160465, 1;
0.0158864, 1;
0.0149799, 1;
0.0149995, 1;
0.0149515, 1;
0.0150019, 1;
0.0152342, 1;
0.0160183, 1;
0.0159846, 1;
0.0159898, 1;
0.0159547, 1;
0.0150535, 1;
0.0148922, 1;
0.015998, 1;
0.0159783, 1;
0.0149919, 1;
0.0150195, 1;
0.0161007, 1;
0.0148959, 1;
0.0149848, 1;
0.0150079, 1;
0.0149352, 1;
0.0149985, 1;
0.0149929, 1;
0.0157881, 1;
0.0142518, 1;
0.0456766, 1;
0.018528, 1;
0.0155314, 1;
0.0141131, 1;
0.0161115, 1;
0.0140059, 1;
0.0150872, 1;
0.0190796, 1;
0.017806, 1;
0.010976, 1;
0.0154579, 1;
0.0155416, 1;
0.0169556, 1;
0.0129028, 1;
0.014966, 1;
0.0160586, 1;
0.0154841, 1;
0.0160422, 1;
0.0153186, 1;
0.0145621, 1;
0.0178522, 1;
0.0141814, 1;
0.0159423, 1;
0.0164934, 1;
0.0156076, 1;
0.0165504, 1;
0.0152886, 1;
0.0148848, 1;
0.0150308, 1;
0.0158989, 1;
0.0197977, 1;
0.0111045, 1;
0.015018, 1;
0.0150071, 1;
0.014702, 1;
0.0150186, 1;
0.014875, 1;
0.0151809, 1;
0.0151495, 1;
0.0149563, 1;
0.0171531, 1;
0.0135735, 1;
0.0165947, 1;
0.0154206, 1;
0.0149148, 1;
0.0175032, 1;
0.0126833, 1;
0.0148183, 1;
0.0150162, 1;
0.0148918, 1;
0.0160566, 1;
0.0149724, 1;
0.0159787, 1;
0.0160296, 1;
0.0164244, 1;
0.0155192, 1;
0.0162338, 1;
0.0157676, 1;
0.0159584, 1;
0.0160029, 1;
0.0160105, 1;
0.0160655, 1;
0.0159111, 1;
0.0159932, 1;
0.0159684, 1;
0.0149822, 1;
0.0150192, 1;
0.0160085, 1;
0.0149242, 1;
0.0150591, 1;
0.0159442, 1;
0.0160429, 1;
0.015957, 1;
0.0160015, 1;
0.0162246, 1;
0.0157383, 1;
0.0149949, 1;
0.0159499, 1;
0.0149905, 1;
0.0149897, 1;
0.0160124, 1;
0.0149785, 1;
0.015013, 1;
0.0159824, 1;
0.0149954, 1;
0.0160017, 1;
0.0159834, 1;
0.0149564, 1;
0.0160402, 1;
0.0149944, 1;
0.015999, 1;
0.0161201, 1;
0.0158525, 1;
0.0159623, 1;
0.0159947, 1;
0.014993, 1;
0.0149585, 1;
0.0149819, 1;
0.0150131, 1;
0.0152588, 1;
0.0147773, 1;
0.016005, 1;
0.0149168, 1;
0.0150933, 1;
0.0159519, 1;
0.0159106, 1;
0.0149115, 1;
0.0151053, 1;
0.0160043, 1;
0.0155963, 1;
0.0465263, 2;
0.0306354, 2;
0.0309764, 2;
0.0307924, 2;
0.0308293, 2;
0.0311969, 2;
0.0313754, 2;
0.0315145, 2;
0.029904, 2;
0.0299751, 2;
0.031235, 2;
0.0315615, 2;
0.0319107, 2;
0.0316301, 2;
0.0329287, 2;
0.0312029, 2;
0.0320012, 2;
0.0309918, 2;
0.0309665, 2;
0.0319225, 2;
0.0311808, 2;
0.0308125, 2;
0.0302144, 2;
0.0305616, 2;
0.0305315, 2;
0.0313924, 2;
0.0319206, 2;
0.0322001, 2;
0.0320723, 2;
0.0303516, 2;
0.030836, 2;
0.0302214, 2;
0.0309132, 2;
0.0313557, 2;
0.0308198, 2;
0.0310319, 2;
0.031203, 2;
0.0401265, 2;
0.0376378, 2;
0.030121, 2;
0.0297504, 2;
0.0310125, 2;
0.0299498, 2;
0.0309838, 2;
0.0309979, 2;
0.0299373, 2;
0.0299881, 2;
0.0320681, 2;
0.0309125, 2;
0.0310831, 2;
0.0319897, 2;
0.0319716, 2;
0.029916, 2;
0.0320489, 2;
0.0395152, 2;
0.0363413, 2;
0.0313986, 2;
0.0305881, 2;
0.0309459, 2;
0.0299806, 2;
0.0320921, 2;
0.044042, 2;
0.0314024, 2;
0.0303542, 2;
0.0311917, 2;
0.029802, 2;
0.0326453, 2;
0.0308234, 2;
0.0317111, 2;
0.0447519, 2;
0.0299761, 2;
0.0348032, 2;
0.0523978, 2;
0.0373057, 2;
0.0311396, 2;
0.0311789, 2;
0.0299299, 2;
0.0309803, 2;
0.0300185, 2;
0.0309471, 2;
0.0310198, 2;
0.0296607, 2;
0.0303207, 2;
0.0308467, 2;
0.0308068, 2;
0.031748, 2;
0.0319055, 2;
0.0302051, 2;
0.0316864, 2;
0.0320578, 2;
0.0319167, 2;
0.0303791, 2;
0.0324584, 2;
0.031073, 2;
0.0319433, 2;
0.0310142, 2;
0.029919, 2;
0.0309909, 2;
0.0308875, 2;
0.0448073, 2;
0.043163, 2;
0.0365357, 2;
0.0438028, 2;
0.0307178, 2;
0.0299664, 2;
0.0320829, 2;
0.0319253, 2;
0.0299527, 2;
0.0320493, 2;
0.0308928, 2;
0.0300835, 2;
0.0298488, 2;
0.0310123, 2;
0.0299731, 2;
0.0310483, 2;
0.0308761, 2;
0.031095, 2;
0.0309372, 2;
0.0309813, 2;
0.0319365, 2;
0.0319631, 2;
0.0310011, 2;
0.0310515, 2;
0.031926, 2;
0.0319766, 2;
0.0319523, 2;
0.0320825, 2;
0.0321726, 2;
0.0317302, 2;
0.0313328, 2;
0.0311046, 2;
0.0305017, 2;
0.0309603, 2;
0.0310835, 2;
0.0309146, 2;
0.0309462, 2;
0.0309923, 2;
0.0337536, 2;
0.0303143, 2;
0.0312808, 2;
0.0320368, 2;
0.0319398, 2;
0.0309328, 2;
0.0316387, 2;
0.0317657, 2;
0.0324885, 2;
0.0435964, 2;
0.0310151, 2;
0.0317905, 2;
0.0299377, 2;
0.0316817, 2;
0.0319116, 2;
0.032073, 2;
0.0346994, 2;
0.0433963, 2;
0.030739, 2;
0.0301744, 2;
0.0310431, 2;
0.0320611, 2;
0.031508, 2;
0.0316593, 2;
0.0318946, 2;
0.0302237, 2;
0.0319147, 2;
0.0431449, 2;
0.0338268, 2;
0.030525, 2;
0.0313747, 2;
0.0328837, 2;
0.0300518, 2;
0.0299812, 2;
0.0308287, 2;
0.03197, 2;
0.0309741, 2;
0.0301326, 2;
0.0308277, 2;
0.0329153, 2;
0.031128, 2;
0.0306044, 2;
0.0309721, 2;
0.032021, 2;
0.0317746, 2;
0.0300346, 2;
0.0299778, 2;
0.0309592, 2;
0.0320165, 2;
0.0318352, 2;
0.0299882, 2;
0.0299376, 2;
0.0319352, 2;
0.0309296, 2;
0.0318606, 2;
0.0300089, 2;
0.0299786, 2;
0.0299548, 2;
0.0309456, 2;
0.0310838, 2;
0.0299797, 2;
0.0309103, 2;
0.0307451, 2;
0.0309453, 2;
0.0309962, 2;
0.0308744, 2;
0.0303516, 2;
0.0307552, 2;
0.0306087, 2;
0.0319296, 2;
0.0319815, 2;
0.0318952, 2;
0.0311022, 2;
0.0306966, 2;
0.0302085, 2;
0.0313351, 2;
0.0293607, 2;
0.0319444, 2;
0.0320078, 2;
0.030867, 2;
0.0312077, 2;
0.0315394, 2;
0.0321627, 2;
0.031183, 2;
0.03035, 2;
0.0319636, 2;
0.0320216, 2;
0.0316458, 2;
0.029386, 2;
0.0309215, 2;
0.0314182, 2;
0.0314328, 2;
0.0307384, 2;
0.0306686, 2;
0.0305245, 2;
0.030918, 2;
0.0320013, 2;
0.0314625, 2;
0.03042, 2;
0.0308112, 2;
0.0299769, 2;
0.0325543, 2;
0.0294062, 2;
0.0300105, 2;
0.0297179, 2;
0.0310607, 2;
0.0299036, 2;
0.0316174, 2;
0.031259, 2;
0.030158, 2;
0.0313209, 2;
0.0298913, 2;
0.0310511, 2;
0.0300279, 2;
0.0309532, 2;
0.029973, 2;
0.0312733, 2;
0.0308463, 2;
0.031727, 2;
0.0310483, 2;
0.0305179, 2;
0.0303868, 2;
0.0321795, 2;
0.0305383, 2;
0.0301162, 2;
0.0309276, 2;
0.02975, 2;
0.0312338, 2;
0.0309574, 2;
0.0301852, 2;
0.0306073, 2;
0.0319378, 2;
0.0319205, 2;
0.0309523, 2;
0.0303738, 2;
0.031987, 2;
0.0314656, 2;
0.0306208, 2;
0.0313165, 2;
0.0319852, 2;
0.0318632, 2;
0.0308435, 2;
0.0314842, 2;
0.0316015, 2;
0.0308898, 2;
0.0299064, 2;
0.0315354, 2;
0.0313711, 2;
0.0319225, 2;
0.0298572, 2;
0.0299722, 2;
0.0299751, 2;
0.0300206, 2;
0.0298184, 2;
0.0300412, 2;
0.0319629, 2;
0.0318682, 2;
0.0321975, 2;
0.0306016, 2;
0.0312605, 2;
0.030665, 2;
0.0310278, 2;
0.0319653, 2;
0.0318575, 2;
0.0319481, 2;
0.0316441, 2;
0.030847, 2;
0.0309207, 2;
0.0302175, 2;
0.0303106, 2;
0.0317458, 2;
0.0320019, 2;
0.0309494, 2;
0.0309037, 2;
0.0313814, 2;
0.0337303, 2;
0.0438611, 2;
0.0311369, 2;
0.029904, 2;
0.0298049, 2;
0.0316534, 2;
0.0312724, 2;
0.0315426, 2;
0.0320212, 4;
0.030995, 4;
0.0318081, 4;
0.0300129, 4;
0.0319368, 4;
0.0320511, 4;
0.0311164, 4;
0.0297292, 4;
0.0310452, 4;
0.0309582, 4;
0.0299468, 4;
0.0309745, 4;
0.0327046, 4;
0.0442423, 4;
0.0310092, 4;
0.0315261, 4;
0.030952, 4;
0.0309737, 4;
0.032031, 4;
0.0312797, 4;
0.031335, 2;
0.029735, 2;
0.0313813, 2;
0.0319589, 2;
0.031987, 4;
0.0308223, 4;
0.029937, 4;
0.0310085, 4;
0.0318885, 4;
0.0319333, 4;
0.0306782, 4;
0.0312128, 4;
0.0310816, 4;
0.0318253, 4;
0.0308486, 4;
0.0310315, 4;
0.0310784, 4;
0.0307804, 4;
0.029933, 4;
0.0309363, 4;
0.0309736, 4;
0.0318853, 4;
0.0319368, 4;
0.0313609, 4;
0.0315468, 4;
0.0318507, 4;
0.0311154, 4;
0.0318773, 4;
0.0299518, 4;
0.0319854, 4;
0.0320665, 4;
0.0317441, 4;
0.032727, 4;
0.0303151, 4;
0.0307216, 4;
0.0310231, 4;
0.0319905, 4;
0.0298982, 4;
0.0309034, 4;
0.0304411, 4;
0.0299959, 4;
0.0319546, 4;
0.0319182, 4;
0.0300014, 4;
0.0314441, 4;
0.0308517, 4;
0.0303929, 4;
0.0318948, 4;
0.0300533, 4;
0.0313866, 4;
0.0319842, 4;
0.0326348, 4;
0.0312373, 4;
0.0321063, 4;
0.0300176, 4;
0.0307284, 4;
0.0309298, 4;
0.0308935, 4;
0.0320171, 4;
0.031379, 4;
0.0305459, 4;
0.0307305, 4;
0.0300042, 4;
0.0310008, 4;
0.0299202, 4;
0.0304348, 4;
0.030445, 4;
0.0303836, 4;
0.0317033, 4;
0.0316641, 4;
0.0299455, 4;
0.0319429, 4;
0.0299594, 4;
0.0313287, 4;
0.0312272, 4;
0.0313504, 4;
0.0319273, 4;
0.0319126, 4;
0.0319455, 4;
0.0319666, 4;
0.0312534, 4;
0.0295629, 4;
0.0308716, 4;
0.0306241, 4;
0.0313341, 4;
0.0308024, 4;
0.0320128, 4;
0.0311036, 4;
0.0297468, 4;
0.0300034, 4;
0.0309623, 4;
0.0308144, 4;
0.031993, 4;
0.0320282, 4;
0.0308557, 4;
0.0320161, 4;
0.0319576, 4;
0.0319736, 4;
0.0308714, 4;
0.0313653, 4;
0.0321215, 4;
0.029316, 4;
0.0319367, 4;
0.0319341, 4;
0.0299596, 4;
0.0309669, 4;
0.0303811, 4;
0.030094, 4;
0.0304632, 4;
0.030885, 4;
0.0318615, 4;
0.0319934, 4;
0.0318793, 4;
0.0309494, 4;
0.0317454, 4;
0.030903, 4;
0.0301442, 4;
0.0309522, 4;
0.0309695, 4;
0.0299452, 4;
0.0309307, 4;
0.0312358, 4;
0.0295951, 4;
0.0318879, 4;
0.0321553, 4;
0.0318533, 4;
0.0318794, 4;
0.0319489, 4;
0.0311042, 4;
0.0308443, 4;
0.0308472, 4;
0.0310338, 4;
0.0319872, 4;
0.0298892, 4;
0.031729, 4;
0.0300981, 4;
0.0299978, 4;
0.0311584, 4;
0.0297427, 4;
0.0305961, 4;
0.031192, 4;
0.0312889, 4;
0.0314802, 4;
0.0310736, 4;
0.0310834, 4;
0.0307533, 4;
0.0299896, 4;
0.0299253, 4;
0.0319785, 4;
0.0332612, 4;
0.0435154, 4;
0.032059, 4;
0.0319587, 4;
0.031879, 4;
0.0319339, 4;
0.0319226, 4;
0.0314433, 4;
0.0315022, 4;
0.0318903, 4;
0.0315981, 4;
0.0302758, 4;
0.0319345, 4;
0.0318982, 4;
0.030102, 4;
0.0298554, 4;
0.0310293, 4;
0.0315322, 4;
0.0299876, 4;
0.031217, 4;
0.0299685, 4;
0.0308651, 4;
0.0309178, 4;
0.0299186, 4;
0.0311175, 4;
0.0306991, 4;
0.031123, 4;
0.0318414, 4;
0.0320184, 4;
0.031877, 4;
0.0319666, 4;
0.0318741, 4;
0.0301967, 4;
0.0308326, 4;
0.0309215, 4;
0.0298823, 4;
0.0318104, 4;
0.0320523, 4;
0.0314487, 4;
0.0311004, 4;
0.0412354, 4;
0.0348823, 4;
0.0309324, 4;
0.0310742, 4;
0.0302666, 4;
0.0320289, 4;
0.0315707, 4;
0.0313326, 4;
0.0304157, 4;
0.031014, 4;
0.0299223, 4;
0.0309936, 4;
0.0314194, 4;
0.0314362, 4;
0.0309544, 4;
0.029947, 4;
0.031077, 4;
0.0301785, 4;
0.0307994, 4;
0.0314026, 4;
0.0312418, 4;
0.029859, 4;
0.0309788, 4;
0.0300489, 4;
0.0308594, 4;
0.0329959, 4;
0.0305217, 4;
0.0312227, 4;
0.0319518, 4;
0.0320096, 4;
0.0318831, 4;
0.0319663, 4;
0.032082, 4;
0.0301739, 4;
0.0305558, 4;
0.0308859, 4;
0.0309675, 4;
0.031034, 4;
0.0318957, 4;
0.0309476, 4;
0.0299831, 4;
0.0308908, 4;
0.0323679, 4;
0.0315965, 4;
0.0308698, 4;
0.0308781, 4;
0.0317263, 4;
0.0318212, 4;
0.0310955, 2;
0.0305465, 2;
0.0307785, 2;
0.032498, 2;
0.0296563, 2;
0.0314374, 2;
0.0319163, 2;
0.0309378, 2;
0.0299597, 2;
0.0316551, 2;
0.0311259, 2;
0.031095, 2;
0.0318962, 2;
0.0319265, 2;
0.03193, 2;
0.0320101, 2;
0.0319976, 2;
0.0308279, 2;
0.0298087, 2;
0.0310071, 2;
0.0299713, 2;
0.029981, 2;
0.0319682, 2;
0.0318398, 2;
0.0309318, 2;
0.0310298, 2;
0.031103, 2;
0.0309396, 2;
0.0297727, 2;
0.0318278, 2;
0.0320007, 2;
0.0314266, 2;
0.0312153, 2;
0.0309453, 2;
0.0312142, 2;
0.0305028, 2;
0.0313464, 2;
0.0309892, 2;
0.0298616, 2;
0.0324247, 2;
0.0304926, 2;
0.0309639, 2;
0.0301579, 2;
0.0312542, 2;
0.0313605, 2;
0.0314798, 2;
0.0313884, 2;
0.0299752, 2;
0.0310773, 2;
0.0318147, 2;
0.0319324, 2;
0.0309906, 2;
0.0310246, 2;
0.0308086, 2;
0.0313113, 2;
0.0309436, 2;
0.030559, 2;
0.031956, 2;
0.0313733, 2;
0.0304965, 2;
0.0306864, 2;
0.0311779, 2;
0.0306647, 2;
0.0302978, 2;
0.0309186, 2;
0.0308978, 2;
0.0320097, 2;
0.0308879, 2;
0.029605, 2;
0.0319476, 2;
0.0311677, 4;
0.029934, 4;
0.0309665, 4;
0.0319622, 4;
0.0318697, 4;
0.0319321, 4;
0.0319626, 4;
0.0309316, 4;
0.0305754, 4;
0.031454, 4;
0.0305386, 4;
0.0312529, 4;
0.0319143, 4;
0.0319506, 4;
0.0299006, 4;
0.0320374, 4;
0.0329376, 4;
0.0439438, 4;
0.0309494, 4;
0.0297794, 4;
0.0299427, 4;
0.0309712, 4;
0.0302365, 4;
0.0315673, 4;
0.030912, 4;
0.0309806, 4;
0.0320033, 4;
0.0309723, 4;
0.0301899, 4;
0.0307122, 4;
0.0309231, 4;
0.030948, 4;
0.0308992, 4;
0.0320143, 4;
0.0308629, 4;
0.0308334, 4;
0.0319853, 4;
0.0320208, 4;
0.0309204, 4;
0.0319697, 4;
0.0319481, 4;
0.030928, 4;
0.0311626, 4;
0.0310366, 4;
0.0316347, 4;
0.0306061, 4;
0.0312592, 4;
0.0319784, 4;
0.0319025, 4;
0.0299667, 4;
0.031932, 4;
0.0318968, 4;
0.0300006, 4;
0.0316168, 4;
0.0311873, 4;
0.0299262, 4;
0.0316836, 4;
0.0308345, 4;
0.0313277, 4;
0.0315295, 4;
0.031213, 4;
0.0312162, 4;
0.0297937, 4;
0.0319966, 4;
0.0309269, 4;
0.0312798, 4;
0.0297378, 4;
0.0297785, 4;
0.0319229, 4;
0.0307662, 4;
0.0305096, 4;
0.0320092, 4;
0.0314924, 4;
0.0299056, 4;
0.0317411, 4;
0.0301875, 4;
0.0309358, 4;
0.0307096, 4;
0.0312977, 4;
0.0314733, 4;
0.0312997, 4;
0.0326787, 4;
0.0290156, 4;
0.0308438, 4;
0.0321345, 4;
0.0298826, 4;
0.0315708, 4;
0.0313778, 4;
0.0314216, 4;
0.0316679, 4;
0.0327476, 4;
0.0295861, 4;
0.0297605, 4;
0.0303931, 4;
0.0300052, 4;
0.0309373, 4;
0.0311562, 4;
0.0308528, 4;
0.0298273, 4;
0.030951, 4;
0.0310206, 4;
0.030907, 4;
0.0317519, 4;
0.0311886, 4;
0.0312818, 4;
0.0305498, 4;
0.0582676, 4;
0.0397806, 4;
0.0423845, 4;
0.0300361, 4;
0.0310244, 4;
0.0308194, 4;
0.0301092, 4;
0.0310247, 4;
0.0308487, 4;
0.0300768, 4;
0.030943, 4;
0.0306302, 4;
0.0301907, 4;
0.0308798, 4;
0.0297765, 4;
0.0314366, 4;
0.031649, 4;
0.0299348, 4;
0.0322512, 4;
0.0299817, 4;
0.0318011, 4;
0.0304736, 4;
0.0313482, 4;
0.0308468, 4;
0.0299076, 4;
0.0309002, 4;
0.0310105, 4;
0.0309179, 4;
0.0316387, 4;
0.0311311, 4;
0.031752, 4;
0.03019, 4;
0.0310033, 4;
0.0300457, 4;
0.0309046, 4;
0.0306752, 4;
0.0313326, 4;
0.0309047, 4;
0.0307513, 4;
0.0307312, 4;
0.0321318, 4;
0.0319807, 4;
0.0309999, 4;
0.0317813, 4;
0.030997, 4;
0.0298546, 4;
0.0319881, 4;
0.032032, 4;
0.0319189, 4;
0.0318988, 4;
0.0323968, 4;
0.0309348, 4;
0.0306448, 4;
0.0310822, 4;
0.0309057, 4;
0.0319781, 4;
0.0305638, 4;
0.0314621, 4;
0.0315171, 4;
0.0319636, 4;
0.0303582, 4;
0.0304923, 4;
0.0320215, 4;
0.03094, 4;
0.0309541, 4;
0.0319335, 4;
0.030886, 4;
0.0311041, 4;
0.0316711, 4;
0.0300621, 4;
0.0298341, 4;
0.0330218, 4;
0.0299309, 4;
0.0319694, 4;
0.0299555, 4;
0.029905, 4;
0.0319842, 4;
0.0299459, 4;
0.0319251, 4;
0.032029, 4;
0.0318331, 4;
0.029842, 4;
0.0308512, 4;
0.03015, 4;
0.0309454, 4;
0.0299737, 4;
0.0306045, 4;
0.0312877, 4;
0.0300946, 4;
0.0307617, 4;
0.0321456, 4;
0.030695, 4;
0.0309306, 4;
0.0319589, 4;
0.0319967, 4;
0.0298698, 4;
0.031677, 4;
0.0323256, 4;
0.0318453, 4;
0.029898, 4;
0.0309285, 4;
0.0320091, 4;
0.0307911, 4;
0.0318983, 4;
0.0321934, 4;
0.0308561, 4;
0.0309379, 4;
0.0319355, 4;
0.0318739, 4;
0.0319666, 4;
0.0319146, 4;
0.0327415, 4;
0.029801, 4;
0.0319692, 4;
0.0305824, 4;
0.0316219, 4;
0.031022, 4;
0.0310682, 4;
0.0319462, 4;
0.0307547, 4;
0.0303696, 4;
0.0317851, 4;
0.0314322, 4;
0.0313015, 4;
0.0298306, 4;
0.0310989, 4;
0.0305003, 4;
0.0312474, 4;
0.0318715, 4;
0.0317179, 4;
0.0304858, 2;
0.0307589, 2;
0.0301746, 2;
0.0307853, 2;
0.0316984, 2;
0.0319792, 2;
0.031259, 2;
0.0292997, 2;
0.0308426, 2;
0.0312972, 2;
0.030693, 2;
0.0304038, 2;
0.0305207, 2;
0.0305322, 2;
0.031372, 2;
0.0312227, 2;
0.0309365, 2;
0.0320195, 2;
0.0318469, 2;
0.0309008, 2;
0.0297857, 2;
0.0316408, 2;
0.0317399, 2;
0.0308318, 2;
0.0300078, 2;
0.0300202, 2;
0.0305593, 2;
0.0318095, 2;
0.0301479, 2;
0.0301916, 2;
0.0318273, 2;
0.0310136, 2;
0.0306682, 2;
0.0313786, 2;
0.0316517, 2;
0.0308576, 2;
0.0320865, 2;
0.0298953, 2;
0.0364171, 2;
0.0409091, 2;
0.029858, 2;
0.0312349, 2;
0.0308892, 2;
0.0310587, 2;
0.0298573, 2;
0.0298974, 2;
0.0321252, 2;
0.043234, 2;
0.0299706, 2;
0.0318919, 2;
0.0305168, 2;
0.0296399, 2;
0.0311893, 2;
0.0319061, 2;
0.032148, 2;
0.029899, 2;
0.0781884, 2;
0.032087, 2;
0.0301853, 2;
0.0342535, 2;
0.0291991, 2;
0.0315342, 2;
0.0319996, 2;
0.0319609, 2;
0.0310281, 2;
0.030904, 2;
0.0310123, 2;
0.0301149, 2;
0.0308125, 2;
0.0299274, 2;
0.0309992, 2;
0.0310837, 4;
0.0298881, 4;
0.0329053, 4;
0.0436566, 4;
0.0319776, 4;
0.0319855, 4;
0.0308518, 4;
0.0299564, 4;
0.0325563, 4;
0.0310423, 4;
0.0294928, 4;
0.0310974, 4;
0.0301789, 4;
0.03134, 4;
0.0320067, 4;
0.0341733, 4;
0.0465973, 4;
0.0438996, 4;
0.0319282, 4;
0.0309137, 4;
0.0309926, 4;
0.0309502, 4;
0.0309214, 4;
0.0315545, 4;
0.0313767, 4;
0.0318614, 4;
0.0309107, 4;
0.0305757, 4;
0.0313939, 4;
0.0319179, 4;
0.0318391, 4;
0.0314413, 4;
0.0305579, 4;
0.0298378, 4;
0.0326377, 4;
0.044184, 4;
0.0305173, 4;
0.031969, 4;
0.0310809, 4;
0.0300556, 4;
0.0307696, 4;
0.0299349, 4;
0.0318578, 4;
0.0304355, 4;
0.0310022, 4;
0.0318978, 4;
0.0320097, 4;
0.0310036, 4;
0.0325352, 4;
0.0291119, 4;
0.030806, 4;
0.0310624, 4;
0.0309972, 4;
0.030723, 4;
0.030363, 4;
0.0307372, 4;
0.0319909, 4;
0.0319315, 4;
0.0317882, 4;
0.0309736, 4;
0.0312004, 4;
0.0306209, 4;
0.0310948, 4;
0.0327257, 4;
0.029938, 4;
0.0301401, 4;
0.0315054, 4;
0.0316891, 4;
0.0308375, 4;
0.0296773, 4;
0.0310058, 4;
0.0299135, 4;
0.0314666, 4;
0.0317875, 4;
0.0319067, 4;
0.030893, 4;
0.0337131, 4;
0.0441599, 4;
0.0300793, 4;
0.0299329, 4;
0.0299204, 4;
0.0309894, 4;
0.0310033, 4;
0.0309736, 4;
0.0309614, 4;
0.0299471, 4;
0.0299867, 4;
0.0331116, 4;
0.0298527, 4;
0.0309951, 4;
0.030928, 4;
0.0305443, 4;
0.0309691, 4;
0.0304558, 4;
0.0316954, 4;
0.0309427, 4;
0.0299681, 4;
0.0309946, 4;
0.0309614, 4;
0.0352024, 4;
0.0790337, 4;
0.056757, 4;
0.0547622, 4;
0.0510005, 4;
0.0457714, 4;
0.0363971, 4;
0.0313691, 4;
0.0304754, 4;
0.032159, 4;
0.0319119, 4;
0.0314477, 4;
0.0303873, 4;
0.0489277, 4;
0.0529019, 4;
0.109091, 4;
0.059996, 4;
0.101919, 4;
0.067265, 4;
0.048477, 4;
0.0818055, 4;
0.064679, 4;
0.056904, 4;
0.0333023, 4;
0.0356786, 4;
0.0466016, 4;
0.0421274, 4;
0.0307844, 4;
0.0343479, 4;
0.0464564, 4;
0.0430713, 4;
0.0299463, 4;
0.0324536, 4;
0.032178, 4;
0.0434377, 4;
0.0307815, 4;
0.0299785, 4;
0.0300032, 4;
0.0299975, 4;
0.0299709, 4;
0.029966, 4;
0.030041, 4;
0.0299428, 4;
0.0299944, 4;
0.0312146, 4;
0.0317331, 4;
0.0319901, 4;
0.0319704, 4;
0.0320641, 4;
0.0318769, 4;
0.0320314, 4;
0.0319918, 4;
0.0299614, 4;
0.0323721, 4;
0.0309249, 4;
0.031926, 4;
0.031912, 4;
0.0321361, 4;
0.0313833, 4;
0.0320357, 4;
0.0317312, 4;
0.0294679, 4;
0.0309751, 4;
0.0299852, 4;
0.0318678, 4;
0.0310479, 4;
0.0308739, 4;
0.0319396, 4;
0.0448644, 4;
0.0305355, 4;
0.0314183, 4;
0.0304101, 4;
0.0312253, 4;
0.0310437, 4;
0.0327111, 4;
0.0288742, 4;
0.031033, 4;
0.0309237, 4;
0.0301907, 4;
0.0309974, 4;
0.0298805, 4;
0.0333421, 4;
0.0295809, 4;
0.0310002, 4;
0.0307985, 4;
0.0325822, 4;
0.031374, 4;
0.0309734, 4;
0.0301976, 4;
0.0318891, 4;
0.0304422, 4;
0.0312364, 4;
0.0319818, 4;
0.0314616, 4;
0.0304369, 4;
0.0319786, 4;
0.0318059, 4;
0.0320904, 4;
0.0313091, 4;
0.0315569, 4;
0.032027, 4;
0.0300051, 4;
0.0316912, 4;
0.0295529, 4;
0.0305479, 4;
0.0322062, 4;
0.0305241, 4;
0.0320188, 4;
0.032186, 4;
0.0295715, 4;
0.03027, 4;
0.0305414, 4;
0.0316616, 4;
0.0324279, 4;
0.0309735, 4;
0.0332953, 4;
0.0443912, 4;
0.0322041, 4;
0.030682, 4;
0.0299389, 4;
0.0319465, 4;
0.0309688, 4;
0.0308786, 4;
0.0309505, 4;
0.0310612, 4;
0.0307051, 4;
0.0310773, 4;
0.031681, 4;
0.0313836, 4;
0.0307644, 4;
0.0318531, 4;
0.032128, 4;
0.0312206, 4;
0.0323698, 4;
0.0297294, 4;
0.0308044, 4;
0.0299362, 4;
0.0314765, 4;
0.031907, 4;
0.0320094, 4;
0.0315485, 2;
0.0310221, 2;
0.0302602, 2;
0.0309227, 2;
0.0319875, 2;
0.0318827, 2;
0.0307619, 2;
0.0321214, 2;
0.0307924, 2;
0.0309208, 2;
0.0299973, 2;
0.0319307, 2;
0.0320146, 2;
0.0311867, 2;
0.0332199, 2;
0.043781, 2;
0.0304427, 2;
0.0314494, 2;
0.0319872, 2;
0.0322828, 2;
0.0301208, 2;
0.029922, 2;
0.0319502, 2;
0.0305437, 2;
0.0322749, 2;
0.0314557, 2;
0.0325618, 2;
0.043708, 2;
0.03327, 2;
0.0435255, 2;
0.0298718, 2;
0.0324201, 2;
0.0315534, 2;
0.0308551, 2;
0.0299879, 2;
0.0309619, 2;
0.0310593, 2;
0.0299795, 2;
0.0305797, 2;
0.0324966, 2;
0.030409, 2;
0.0311958, 2;
0.030072, 2;
0.0318681, 2;
0.0309715, 2;
0.0309666, 2;
0.0308313, 2;
0.0311953, 2;
0.0297628, 2;
0.0316816, 2;
0.0321007, 2;
0.0298633, 2;
0.031617, 2;
0.0298892, 2;
0.0314476, 2;
0.0309154, 2;
0.0299838, 2;
0.0299072, 2;
0.0301521, 2;
0.0298485, 2;
0.0309954, 2;
0.0309447, 2;
0.0307693, 2;
0.031995, 2;
0.0308038, 2;
0.031045, 2;
0.0317505, 2;
0.0440575, 2;
0.0321372, 2;
0.0317889, 2;
0.0319124, 2;
0.0319421, 2;
0.0320501, 2;
0.031239, 2;
0.0320389, 2;
0.0321974, 2;
0.0296289, 2;
0.0314763, 2;
0.031938, 2;
0.0319156, 2;
0.0318558, 2;
0.0310854, 2;
0.0299073, 2;
0.0311748, 2;
0.0307237, 2;
0.0318311, 2;
0.0311886, 2;
0.030747, 2;
0.0319527, 2;
0.030463, 2;
0.0314796, 2;
0.0323376, 2;
0.030991, 2;
0.0314643, 2;
0.031933, 2;
0.0319823, 2;
0.0326895, 2;
0.0313317, 2;
0.0296593, 2;
0.0316508, 2;
0.0346363, 2;
0.0431632, 2;
0.0303646, 2;
0.0309102, 2;
0.0321609, 2;
0.0307327, 2;
0.0321331, 2;
0.031186, 2;
0.0315207, 2;
0.0312698, 2;
0.0306173, 2;
0.0306828, 2;
0.0300953, 2;
0.0306124, 2;
0.0316218, 2;
0.0320758, 2;
0.0422776, 2;
0.0370684, 2;
0.0300663, 2;
0.0311061, 2;
0.0309252, 2;
0.031911, 2;
0.031272, 2;
0.0315478, 2;
0.0308509, 2;
0.031064, 2;
0.0308791, 2;
0.0309687, 2;
0.0301907, 2;
0.0315543, 2;
0.0301759, 2;
0.0483688, 2;
0.0437301, 2;
0.0304772, 2;
0.0320104, 2;
0.0321943, 2;
0.0302528, 2;
0.0312817, 2;
0.0321453, 2;
0.0315977, 2;
0.0310287, 2;
0.0301671, 2;
0.0314046, 2;
0.0313248, 2;
0.0310058, 2;
0.0311337, 2;
0.0307569, 2;
0.0299433, 2;
0.0299099, 2;
0.0312527, 2;
0.0333425, 2;
0.0481393, 2;
0.0486854, 2;
0.043318, 2;
0.0532799, 2;
0.0451255, 2;
0.0422451, 2;
0.0310385, 2;
0.0299193, 2;
0.030971, 2;
0.03098, 2;
0.0309975, 2;
0.0328082, 2;
0.0291504, 2;
0.0299666, 2;
0.03098, 2;
0.0309824, 2;
0.0310292, 2;
0.0309469, 2;
0.0330293, 2;
0.029291, 2;
0.0306816, 2;
0.0308968, 2;
0.0309988, 2;
0.0319626, 2;
0.031348, 2;
0.031475, 2;
0.0301264, 2;
0.0310699, 2;
0.0300119, 2;
0.0318527, 2;
0.0319586, 2;
0.0310303, 2;
0.0309843, 2;
0.0314485, 2;
0.0317636, 2;
0.0314272, 2;
0.0308949, 2;
0.033302, 2;
0.0295176, 2;
0.0319388, 2;
0.0319563, 2;
0.0310199, 2;
0.0316422, 2;
0.0302192, 2;
0.032071, 2;
0.0343671, 2;
0.0416687, 2;
0.0300332, 2;
0.0306149, 2;
0.0308671, 2;
0.0298409, 2;
0.0320102, 2;
0.0322265, 2;
0.0315616, 2;
0.0320171, 2;
0.0310058, 2;
0.0311816, 2;
0.0311112, 2;
0.031658, 2;
0.0318977, 2;
0.0308886, 2;
0.0299554, 2;
0.0296356, 2;
0.0302426, 2;
0.0315764, 2;
0.0298273, 2;
0.0319777, 2;
0.0309812, 2;
0.0299767, 2;
0.0310172, 2;
0.031995, 2;
0.0319721, 2;
0.0319833, 2;
0.0309211, 2;
0.0309996, 2;
0.0300038, 2;
0.032224, 2;
0.0317789, 2;
0.0320186, 2;
0.0318815, 2;
0.0310055, 2;
0.02994, 2;
0.0310239, 2;
0.0323187, 2;
0.0318528, 2;
0.0297374, 2;
0.0319569, 2;
0.0310724, 2;
0.0310092, 2;
0.0300346, 2;
0.0320906, 2;
0.0307316, 2;
0.0341902, 2;
0.0360658, 2;
0.0387555, 2;
0.0319414, 2;
0.031936, 2;
0.0309731, 2;
0.0309582, 2;
0.0319973, 2;
0.0320139, 2;
0.0299469, 2;
0.0309319, 2;
0.0319331, 2;
0.0309162, 2;
0.0310476, 2;
0.0319404, 2;
0.0320938, 2;
0.0308181, 2;
0.0299556, 2;
0.0328544, 2;
0.0427658, 2;
0.0321025, 2;
0.0308853, 2;
0.0296855, 2;
0.0379407, 2;
0.0406525, 2;
0.0324591, 2;
0.0445792, 2;
0.0311358, 2;
0.0320981, 2;
0.0298626, 2;
0.0316667, 2;
0.032274, 2;
0.0309428, 2;
0.0307768, 2;
0.0302556, 2;
0.0317603, 2;
0.0309849, 2;
0.0303839, 2;
0.0319776, 2;
0.030374, 2;
0.0301875, 2;
0.031338, 2;
0.0317472, 2;
0.0313994, 2;
0.0311705, 2;
0.0298535, 2;
0.0313618, 2;
0.0314837, 2;
0.0319342, 2;
0.0307899, 2;
0.0310971, 2;
0.0318761, 2;
0.031259, 2;
0.0307693, 2;
0.0309306, 2;
0.0308986, 2;
0.0318767, 2;
0.0305216, 2;
0.031315, 2;
0.0319839, 2;
0.0306562, 2;
0.0315186, 2;
0.0316136, 2;
0.0320851, 2;
0.0308766, 2;
0.0310842, 2;
0.0352681, 2;
0.043394, 4;
0.0153201, 9;
0.0158102, 9;
0.0150638, 9;
0.0148597, 9;
0.0160384, 9;
0.0147843, 9;
0.0148535, 9;
0.015035, 9;
0.0149791, 9;
0.0149585, 9;
0.0149609, 9;
0.0149679, 9;
0.0149861, 9;
0.0152743, 9;
0.0156904, 9;
0.0149872, 9;
0.0158956, 9;
0.0159567, 9;
0.0162629, 9;
0.0156592, 9;
0.0150076, 9;
0.0160361, 9;
0.014947, 9;
0.0149616, 9;
0.0160188, 9;
0.0158719, 9;
0.0159654, 9;
0.0147881, 9;
0.01566, 9;
0.0161362, 9;
0.0160266, 9;
0.0157785, 9;
0.0158995, 9;
0.0141289, 9;
0.0160722, 9;
0.0153241, 9;
0.0159785, 9;
0.0159833, 9;
0.0159072, 9;
0.0161259, 9;
0.0158925, 9;
0.0159098, 9;
0.0160461, 9;
0.0161097, 9;
0.0146803, 9;
0.0156963, 9;
0.0160643, 9;
0.0148089, 9;
0.0160176, 9;
0.0154178, 9;
0.015928, 9;
0.0159344, 9;
0.0160303, 9;
0.016029, 9;
0.0158355, 9;
0.0154326, 9;
0.0159706, 9;
0.0160845, 9;
0.0159797, 9;
0.0161814, 9;
0.015277, 9;
0.014986, 9;
0.0149481, 9;
0.0155177, 9;
0.0157937, 9;
0.0153162, 9;
0.0160017, 9;
0.0161446, 9;
0.0159256, 9;
0.0158406, 9;
0.0151609, 9;
0.0150446, 9;
0.0148609, 9;
0.0160244, 9;
0.015476, 9;
0.01444, 9;
0.0160183, 9;
0.0149614, 9;
0.0149395, 9;
0.0159774, 9;
0.0150475, 9;
0.0147605, 9;
0.0159716, 9;
0.0150626, 9;
0.0159162, 9;
0.0160684, 9;
0.0159435, 9;
0.0161268, 9;
0.0158621, 9;
0.0159547, 9;
0.0157633, 9;
0.0162047, 9;
0.0158133, 9;
0.0159952, 9;
0.0154649, 9;
0.0159549, 9;
0.0160336, 9;
0.0151174, 9;
0.0152933, 9;
0.0154339, 9;
0.0156782, 9;
0.015021, 9;
0.0158344, 9;
0.0160039, 9;
0.0158538, 9;
0.0149149, 9;
0.0149332, 9;
0.015044, 9;
0.0154424, 9;
0.015526, 9;
0.0159386, 9;
0.015939, 9;
0.0160118, 9;
0.0160935, 9;
0.0159491, 9;
0.017579, 9;
0.013937, 9;
0.0152568, 9;
0.0150266, 9;
0.0151995, 9;
0.0155134, 9;
0.0161026, 9;
0.0159393, 9;
0.0161346, 9;
0.0178064, 9;
0.014016, 9;
0.0152134, 9;
0.0157941, 9;
0.014857, 9;
0.0151334, 9;
0.0163998, 9;
0.0144207, 9;
0.0159707, 9;
0.0160472, 9;
0.015861, 9;
0.0168339, 9;
0.014929, 9;
0.0150766, 9;
0.0155464, 9;
0.0161337, 9;
0.0147088, 9;
0.0155785, 9;
0.0158645, 9;
0.0155383, 9;
0.0145199, 9;
0.0149313, 9;
0.0160577, 9;
0.0149267, 9;
0.0153971, 9;
0.0163024, 9;
0.0157591, 9;
0.0150431, 9;
0.0149579, 9;
0.0145652, 9;
0.0152607, 9;
0.0164087, 9;
0.016467, 9;
0.0139037, 9;
0.0149422, 9;
0.0151027, 9;
0.015366, 9;
0.0159958, 9;
0.015941, 9;
0.0160495, 9;
0.0159916, 9;
0.0159213, 9;
0.0160311, 9;
0.0158677, 9;
0.0159638, 9;
0.0159264, 9;
0.0160875, 9;
0.0148836, 9;
0.0149863, 9;
0.0160355, 9;
0.0159516, 9;
0.0160234, 9;
0.0158908, 9;
0.0159752, 9;
0.0154439, 9;
0.0153606, 9;
0.0146034, 9;
0.0150205, 9;
0.0159935, 9;
0.0159816, 9;
0.0159971, 9;
0.0179953, 9;
0.0122163, 9;
0.016101, 9;
0.0159707, 9;
0.0160677, 9;
0.0158565, 9;
0.0149716, 9;
0.0150784, 9;
0.0158977, 9;
0.0160205, 9;
0.0159371, 9;
0.0159584, 9;
0.0159269, 9;
0.0148237, 9;
0.0150774, 9;
0.0161213, 9;
0.0158529, 9;
0.0152174, 9;
0.0158514, 9;
0.0155804, 9;
0.0152126, 9;
0.0150859, 9;
0.015241, 9;
0.0154001, 9;
0.0151964, 9;
0.0159896, 9;
0.0160263, 9;
0.0159617, 9;
0.0155396, 9;
0.0153936, 9;
0.0154727, 9;
0.0154496, 9;
0.0158538, 9;
0.0157874, 9;
0.0151889, 9;
0.0155438, 9;
0.016789, 9;
0.0147659, 9;
0.0160008, 9;
0.0168242, 9;
0.0140747, 9;
0.015011, 9;
0.0157452, 9;
0.0159964, 9;
0.0159242, 9;
0.0164504, 9;
0.0155978, 9;
0.0161018, 9;
0.0158407, 9;
0.0154796, 9;
0.0151605, 9;
0.0160966, 9;
0.0147239, 9;
0.0152607, 9;
0.0155493, 9;
0.0155456, 9;
0.0158848, 9;
0.0161065, 9;
0.0157734, 9;
0.0160356, 9;
0.0151814, 9;
0.0159388, 9;
0.0148502, 9;
0.0148259, 9;
0.0164509, 9;
0.0151377, 9;
0.0153286, 9;
0.0161064, 9;
0.0158295, 9;
0.0149456, 9;
0.0150553, 9;
0.0159038, 9;
0.0149872, 9;
0.0157798, 9;
0.0154758, 9;
0.0156982, 9;
0.0149449, 9;
0.0189549, 9;
0.013081, 9;
0.0157102, 9;
0.0142517, 9;
0.0163363, 9;
0.0146175, 9;
0.014932, 9;
0.0160235, 9;
0.0159918, 9;
0.0153449, 9;
0.0153689, 9;
0.0157062, 9;
0.0150951, 9;
0.0148667, 9;
0.0173917, 9;
0.0137095, 9;
0.0158417, 9;
0.0159726, 9;
0.0276803, 9;
0.0203843, 9;
0.0158905, 9;
0.0161519, 9;
0.0158105, 9;
0.0160203, 9;
0.0171942, 9;
0.0137193, 9;
0.0163971, 9;
0.0145172, 9;
0.0150693, 9;
0.0148096, 9;
0.0157554, 9;
0.0142943, 9;
0.0151005, 9;
0.0162815, 9;
0.0157225, 9;
0.0159612, 9;
0.014776, 9;
0.0160416, 9;
0.0161692, 9;
0.017704, 9;
0.0129874, 9;
0.0150299, 9;
0.0152588, 9;
0.0155965, 9;
0.0159819, 9;
0.0159966, 9;
0.0160249, 9;
0.0149851, 9;
0.016572, 9;
0.0154363, 9;
0.015139, 9;
0.0150182, 9;
0.0149258, 9;
0.0153471, 9;
0.0159475, 9;
0.0150369, 9;
0.0155092, 9;
0.0149631, 9;
0.01516, 9;
0.0159211, 9;
0.0160379, 9;
0.0175494, 9;
0.0143217, 9;
0.0152626, 9;
0.0157962, 9;
0.0149552, 9;
0.0155256, 9;
0.0159483, 9;
0.0151264, 9;
0.015255, 9;
0.0160072, 9;
0.0159401, 9;
0.0159572, 9;
0.0159019, 9;
0.0160401, 9;
0.0154195, 9;
0.0161982, 9;
0.015479, 9;
0.015764, 9;
0.0149755, 9;
0.0206779, 9;
0.0108977, 9;
0.015745, 9;
0.0157071, 9;
0.0152151, 9;
0.0155156, 9;
0.0160643, 9;
0.0159223, 9;
0.0160415, 9;
0.0157332, 9;
0.0151688, 9;
0.0150991, 9;
0.0151158, 9;
0.0159539, 9;
0.0154069, 9;
0.0152571, 9;
0.0160039, 9;
0.0160051, 9;
0.0149989, 9;
0.0151674, 9;
0.0161273, 9;
0.0158697, 9;
0.0148043, 9;
0.015774, 9;
0.0156789, 9;
0.0159246, 9;
0.0152998, 9;
0.0166726, 9;
0.0145407, 9;
0.0149043, 9;
0.0149486, 9;
0.0150779, 9;
0.0149981, 9;
0.0152166, 9;
0.0163496, 9;
0.0150109, 9;
0.0160194, 9;
0.0160363, 9;
0.0191555, 9;
0.012849, 9;
0.0147881, 9;
0.0158562, 9;
0.0160525, 9;
0.0159146, 9;
0.0165864, 9;
0.015139, 9;
0.0163458, 9;
0.013598, 9;
0.0150564, 9;
0.0159994, 9;
0.0151217, 9;
0.0160989, 9;
0.0169423, 9;
0.0152458, 9;
0.014957, 9;
0.0160815, 9;
0.015528, 9;
0.0159441, 9;
0.0160175, 9;
0.0159171, 9;
0.0160048, 9;
0.0159426, 9;
0.0159157, 9;
0.015989, 9;
0.0158568, 9;
0.0150566, 9;
0.0164207, 9;
0.0145687, 9;
0.0150654, 9;
0.0157122, 9;
0.0150433, 9;
0.0150678, 9;
0.0159783, 9;
0.0153536, 9;
0.0146269, 9;
0.0159651, 9;
0.0158195, 9;
0.0161436, 9;
0.0159378, 9;
0.0154125, 9;
0.0156333, 9;
0.0148705, 9;
0.0149694, 9;
0.016058, 9;
0.0148302, 9;
0.0150151, 9;
0.0154465, 9;
0.0160358, 9;
0.0155951, 9;
0.0158013, 9;
0.0158709, 9;
0.0156255, 9;
0.0153755, 9;
0.016807, 9;
0.0152467, 9;
0.0148832, 9;
0.0149501, 9;
0.0150352, 9;
0.0149051, 9;
0.0147345, 9;
0.0151718, 9;
0.0160448, 9;
0.0149181, 9;
0.0149887, 9;
0.0160661, 9;
0.01493, 9;
0.015886, 9;
0.0160902, 9;
0.0168331, 9;
0.0141359, 9;
0.0148352, 9;
0.0149367, 9;
0.0157146, 9;
0.0153695, 9;
0.0158627, 9;
0.0149122, 9;
0.0150962, 9;
0.0148992, 9;
0.0150389, 9;
0.0160139, 9;
0.0160212, 9;
0.0148903, 9;
0.0149376, 9;
0.0162279, 9;
0.0157615, 9;
0.0159126, 9;
0.0159632, 9;
0.0160332, 9;
0.0158757, 9;
0.0159387, 9;
0.0159739, 9;
0.0154979, 9;
0.0154433, 9;
0.0159789, 9;
0.0154, 9;
0.0161192, 9;
0.0150006, 9;
0.0156859, 9;
0.014966, 9;
0.0155437, 9;
0.0155833, 9;
0.0154005, 9;
0.0159127, 9;
0.016109, 9;
0.0157042, 9;
0.0152777, 9;
0.0148444, 9;
0.0149387, 9;
0.0163724, 9;
0.0189318, 9;
0.0109692, 9;
0.0155052, 9;
0.0150781, 9;
0.0160085, 9;
0.0160727, 9;
0.015939, 9;
0.015979, 9;
0.0159592, 9;
0.0160508, 9;
0.014807, 9;
0.0146753, 9;
0.0165939, 9;
0.0139774, 9;
0.0160272, 9;
0.0156205, 9;
0.0151024, 9;
0.0155274, 9;
0.0153425, 9;
0.0158578, 9;
0.0160231, 9;
0.0159726, 9;
0.0159152, 9;
0.0160057, 9;
0.0148878, 9;
0.0154904, 9;
0.0155637, 9;
0.0152353, 9;
0.0157935, 9;
0.0158167, 9;
0.0160598, 9;
0.0158678, 9;
0.0159619, 9;
0.0161009, 9;
0.0158967, 9;
0.0159211, 9;
0.01531, 9;
0.0160105, 9;
0.0149173, 9;
0.0147317, 9;
0.0159626, 9;
0.0158876, 9;
0.0159415, 9;
0.0159447, 9;
0.016055, 9;
0.0158395, 9;
0.015813, 9;
0.0156154, 9;
0.0154922, 9;
0.0154499, 9;
0.0161542, 9;
0.0148195, 9;
0.0155208, 9;
0.0149617, 9;
0.0156508, 9;
0.0157564, 9;
0.0149019, 9;
0.014742, 9;
0.0152897, 9;
0.0152212, 9;
0.0153108, 9;
0.0153673, 9;
0.0157897, 9;
0.0149012, 9;
0.0156351, 9;
0.0151807, 9;
0.0148753, 9;
0.0150086, 9;
0.0158645, 9;
0.0140368, 9;
0.0161212, 9;
0.0167501, 9;
0.0152488, 9;
0.0159744, 9;
0.0158844, 9;
0.0151919, 9;
0.0156889, 9;
0.0150195, 9;
0.0159754, 9;
0.0162105, 9;
0.0202545, 9;
0.0104829, 9;
0.0149915, 9;
0.0147001, 9;
0.0149667, 9;
0.0150774, 9;
0.0159493, 9;
0.01493, 9;
0.0149761, 9;
0.0153194, 9;
0.0159999, 9;
0.0160205, 9;
0.0155776, 9;
0.0156305, 9;
0.0151223, 9;
0.0148055, 9;
0.0160265, 9;
0.0159745, 9;
0.0152336, 9;
0.0155676, 9;
0.0161435, 9;
0.0148696, 9;
0.0149335, 9;
0.0152561, 9;
0.0159549, 9;
0.0159585, 9;
0.0161399, 9;
0.0158661, 9;
0.0160053, 9;
0.0159863, 9;
0.0149602, 9;
0.0157861, 9;
0.0159868, 9;
0.0165113, 9;
0.0154943, 9;
0.0148391, 9;
0.0149785, 9;
0.0149591, 9;
0.0150028, 9;
0.0183333, 9;
0.0116435, 9;
0.0160132, 9;
0.0159529, 9;
0.0149811, 9;
0.014972, 9;
0.0160971, 9;
0.0159313, 9;
0.016016, 9;
0.0158818, 9;
0.0152675, 9;
0.0156138, 9;
0.0153233, 9;
0.0156112, 9;
0.0149422, 9;
0.0149864, 9;
0.0160966, 9;
0.0148082, 9;
0.0162102, 9;
0.0157631, 9;
0.0149271, 9;
0.0157694, 9;
0.0152583, 9;
0.0159136, 9;
0.0160401, 9;
0.0159019, 9;
0.0152729, 9;
0.0170156, 9;
0.0135411, 9;
0.0161081, 9;
0.0158837, 9;
0.0149477, 9;
0.0149672, 9;
0.0149493, 9;
0.0149283, 9;
0.0154964, 9;
0.0155845, 9;
0.0159581, 9;
0.0148777, 9;
0.014749, 9;
0.0155564, 9;
0.0155883, 9;
0.0149913, 9;
0.016077, 9;
0.0167999, 9;
0.0148173, 9;
0.0149721, 9;
0.0150688, 9;
0.0149415, 9;
0.0157172, 9;
0.015381, 9;
0.0150463, 9;
0.0148859, 9;
0.0159517, 9;
0.0157915, 9;
0.0210247, 9;
0.0145717, 9;
0.012447, 9;
0.0149333, 9;
0.0150754, 9;
0.0158963, 9;
0.0149148, 9;
0.0150456, 9;
0.016145, 9;
0.015891, 9;
0.0158965, 9;
0.0159689, 9;
0.0160701, 9;
0.0158903, 9;
0.015147, 9;
0.0158746, 9;
0.0166615, 9;
0.0140675, 9;
0.0150739, 9;
0.0160148, 9;
0.0161014, 9;
0.0159134, 9;
0.0158861, 9;
0.0160408, 9;
0.0160266, 9;
0.0158568, 9;
0.0159579, 9;
0.0149913, 9;
0.0149715, 9;
0.0159324, 9;
0.0149659, 9;
0.0151925, 9;
0.0171312, 9;
0.0128291, 9;
0.0159282, 9;
0.0160696, 9;
0.0160313, 9;
0.0163546, 9;
0.0159035, 9;
0.047457, 9;
0.0164799, 9;
0.0158949, 9;
0.01728, 9;
0.0135068, 9;
0.0214622, 9;
0.0108266, 9;
0.0152866, 9;
0.0180233, 9;
0.014564, 9;
0.0138207, 9;
0.0149743, 9;
0.0160713, 9;
0.0159377, 9;
0.0160578, 9;
0.0159053, 9;
0.0160649, 9;
0.0159609, 9;
0.0159228, 9;
0.0160306, 9;
0.0159325, 9;
0.0159625, 9;
0.015043, 9;
0.0149554, 9;
0.0160966, 9;
0.015902, 9;
0.0149517, 9;
0.0153538, 9;
0.0164838, 9;
0.0151829, 9;
0.0149414, 9;
0.0150386, 9;
0.0150206, 9;
0.0149858, 9;
0.0149196, 9;
0.0151829, 9;
0.01484, 9;
0.0149623, 9;
0.0151152, 9;
0.0151868, 9;
0.0146969, 9;
0.0149755, 9;
0.0150071, 9;
0.0161065, 9;
0.0141241, 9;
0.0162178, 9;
0.0145133, 9;
0.0149777, 9;
0.0149954, 9;
0.0152781, 9;
0.0147169, 9;
0.0149493, 9;
0.0150982, 9;
0.0160374, 9;
0.0148816, 9;
0.0253904, 9;
0.0213335, 9;
0.0152792, 9;
0.014938, 9;
0.0150147, 9;
0.0149551, 9;
0.0212163, 9;
0.016371, 9;
0.0221739, 9;
0.016393, 9;
0.0149099, 9;
0.0147986, 9;
0.0160062, 9;
0.0150706, 9;
0.0153286, 9;
0.0160126, 9;
0.0160217, 9;
0.0157816, 9;
0.0154624, 9;
0.0158022, 9;
0.0148416, 9;
0.014988, 9;
0.0155514, 9;
0.0155314, 9;
0.016061, 9;
0.0153796, 9;
0.0157461, 9;
0.0152249, 9;
0.0152912, 9;
0.015196, 9;
0.0156406, 9;
0.0154975, 9;
0.0157508, 9;
0.0159876, 9;
0.0159446, 9;
0.0156645, 9;
0.0159813, 9;
0.0159933, 9;
0.0174351, 9;
0.013234, 9;
0.0161755, 9;
0.0148445, 9;
0.0147714, 9;
0.0160511, 9;
0.0156086, 9;
0.0155957, 9;
0.0161134, 9;
0.0160377, 9;
0.0154501, 9;
0.015872, 9;
0.0159853, 9;
0.0168141, 9;
0.0148435, 9;
0.016045, 9;
0.0157642, 9;
0.0153691, 9;
0.0160484, 9;
0.0160606, 9;
0.0153089, 9;
0.0160018, 9;
0.0161288, 9;
0.0153389, 9;
0.0159491, 9;
0.0164393, 9;
0.0151695, 9;
0.0147701, 9;
0.0150284, 9;
0.0158904, 9;
0.0159427, 9;
0.0156046, 9;
0.0159563, 9;
0.0159558, 9;
0.0167196, 9;
0.0152526, 9;
0.0161152, 9;
0.0158796, 9;
0.0169163, 9;
0.0150143, 9;
0.0160909, 9;
0.0182212, 9;
0.0135186, 9;
0.0159784, 9;
0.0150126, 9;
0.0149766, 9;
0.0150546, 9;
0.0159447, 9;
0.0150188, 9;
0.0149661, 9;
0.014928, 9;
0.0149956, 9;
0.0160715, 9;
0.0161054, 9;
0.0160941, 9;
0.0151129, 9;
0.0149619, 9;
0.0159399, 9;
0.013661, 9;
0.0159714, 9;
0.0160226, 9;
0.0162148, 9;
0.0147602, 9;
0.015109, 9;
0.015124, 9;
0.0149693, 9;
0.0149017, 9;
0.0151728, 9;
0.0156666, 9;
0.0167978, 9;
0.0131935, 9;
0.0159273, 9;
0.0160317, 9;
0.015908, 9;
0.016009, 9;
0.0163703, 9;
0.0157156, 9;
0.0148535, 9;
0.0149941, 9;
0.0151778, 9;
0.015885, 9;
0.0149677, 9;
0.016532, 9;
0.0144339, 9;
0.0165854, 9;
0.0155029, 9;
0.0150038, 9;
0.0148855, 9;
0.0149357, 9;
0.0161227, 9;
0.0150568, 9;
0.0149503, 9;
0.015866, 9;
0.0155149, 9;
0.014427, 9;
0.0163836, 9;
0.0145766, 9;
0.015083, 9;
0.0161301, 9;
0.0147846, 9;
0.0150082, 9;
0.0159962, 9;
0.0149609, 9;
0.0151945, 9;
0.0158514, 9;
0.0149703, 9;
0.0149897, 9;
0.0160498, 9;
0.0150229, 9;
0.0148721, 9;
0.0149873, 9;
0.0152408, 9;
0.0147887, 9;
0.014942, 9;
0.0150179, 9;
0.0160323, 9;
0.0152782, 9;
0.0159391, 9;
0.0160817, 9;
0.0159454, 9;
0.0154514, 9;
0.0153744, 9;
0.016135, 9;
0.0156331, 9;
0.0150149, 9;
0.0168727, 9;
0.014849, 9;
0.0158848, 9;
0.0160672, 9;
0.0153985, 9;
0.0159526, 9;
0.0159879, 9;
0.0151068, 9;
0.0152436, 9;
0.015418, 9;
0.015237, 9;
0.0167644, 9;
0.0153367, 9;
0.0158399, 9;
0.0159614, 9;
0.0160955, 9;
0.0148657, 9;
0.0149348, 9;
0.0160767, 9;
0.0158777, 9;
0.0160584, 9;
0.0153826, 9;
0.0160712, 9;
0.0158881, 9;
0.015756, 9;
0.0146007, 9;
0.0155138, 9;
0.0161682, 9;
0.0151444, 9;
0.0161016, 9;
0.0149118, 9;
0.0155515, 9;
0.0153231, 9;
0.0159142, 9;
0.0160346, 9;
0.0154208, 9;
0.0145544, 9;
0.016016, 9;
0.0159378, 9;
0.0159926, 9;
0.0157401, 9;
0.0152062, 9;
0.0158886, 9;
0.0161136, 9;
0.0158192, 9;
0.0150864, 9;
0.0164253, 9;
0.0152427, 9;
0.0251529, 9;
0.0245162, 9;
0.0132437, 9;
0.0140782, 9;
0.0148039, 9;
0.0148889, 9;
0.0159949, 9;
0.0149619, 9;
0.0151417, 9;
0.0157125, 9;
0.0152812, 9;
0.0161968, 9;
0.0151224, 9;
0.0152138, 9;
0.0167933, 9;
0.0145225, 9;
0.0148979, 9;
0.0149453, 9;
0.0149801, 9;
0.0149531, 9;
0.0150403, 9;
0.0160674, 9;
0.0159472, 9;
0.0150102, 9;
0.0148741, 9;
0.0150574, 9;
0.0154978, 9;
0.0167702, 9;
0.0156861, 9;
0.0144934, 9;
0.0147858, 9;
0.0150612, 9;
0.0149871, 9;
0.0146936, 9;
0.015468, 9;
0.0155122, 9;
0.0161914, 9;
0.0152812, 9;
0.0150049, 9;
0.0162161, 9;
0.0158718, 9;
0.0154649, 9;
0.014479, 9;
0.0152218, 9;
0.0156899, 9;
0.0151534, 9;
0.0157902, 9;
0.0160797, 9;
0.0158172, 9;
0.0160512, 9;
0.01581, 9;
0.0148124, 9;
0.0148862, 9;
0.0153221, 9;
0.0159397, 9;
0.0160571, 9;
0.0160407, 9;
0.0181956, 9;
0.0126594, 9;
0.0156509, 9;
0.0153779, 9;
0.01493, 9;
0.0149901, 9;
0.0149851, 9;
0.014981, 9;
0.01497, 9;
0.0160965, 9;
0.0154615, 9;
0.0160068, 9;
0.015951, 9;
0.0160475, 9;
0.0159236, 9;
0.0159503, 9;
0.0159912, 9;
0.0153805, 9;
0.0156814, 9;
0.0150867, 9;
0.0158752, 9;
0.0160427, 9;
0.0160896, 9;
0.0148456, 9;
0.0146958, 9;
0.016082, 9;
0.0158782, 9;
0.0159322, 9;
0.0153052, 9;
0.0158951, 9;
0.0160632, 9;
0.0152015, 9;
0.015609, 9;
0.0150305, 9;
0.0156254, 9;
0.0163601, 9;
0.0149193, 9;
0.0155078, 9;
0.0154863, 9;
0.0154229, 9;
0.0159885, 9;
0.0154451, 9;
0.0158919, 9;
0.0148801, 9;
0.0149563, 9;
0.0149535, 9;
0.0150017, 9;
0.0149675, 9;
0.0149984, 9;
0.0149897, 9;
0.0160155, 9;
0.014826, 9;
0.0173944, 9;
0.0135921, 9;
0.0160811, 9;
0.0160331, 9;
0.0157667, 9;
0.0160879, 9;
0.0148283, 9;
0.0150918, 9;
0.0158876, 9;
0.0159958, 9;
0.0159499, 9;
0.0160829, 9;
0.0159315, 9;
0.0148241, 9;
0.0148099, 9;
0.0152243, 9;
0.0158999, 9;
0.0152047, 9;
0.0147461, 9;
0.0149023, 9;
0.015011, 9;
0.014967, 9;
0.0159948, 9;
0.0148957, 9;
0.0156436, 9;
0.0153665, 9;
0.0149048, 9;
0.0146554, 9;
0.0159584, 9;
0.0160979, 9;
0.015374, 9;
0.0147768, 9;
0.0150197, 9;
0.0149332, 9;
0.0160432, 9;
0.0148296, 9;
0.0149967, 9;
0.0159544, 9;
0.0150633, 9;
0.015005, 9;
0.0159787, 9;
0.0148658, 9;
0.0147978, 9;
0.0152197, 9;
0.0154134, 9;
0.0161882, 9;
0.0159241, 9;
0.0158248, 9;
0.0160946, 9;
0.0158839, 9;
0.0159315, 9;
0.0160222, 9;
0.0160136, 9;
0.0153571, 9;
0.0160717, 9;
0.0158266, 9;
0.0189399, 9;
0.0121649, 9;
0.0174305, 9;
0.0134376, 9;
0.0158205, 9;
0.016099, 9;
0.0158904, 9;
0.0161985, 9;
0.0158459, 9;
0.0159853, 9;
0.0163335, 9;
0.0153556, 9;
0.016189, 9;
0.0136184, 9;
0.0161084, 9;
0.0159099, 9;
0.0149171, 9;
0.0150501, 9;
0.0160205, 9;
0.0159075, 9;
0.0148665, 9;
0.0160341, 9;
0.0149104, 9;
0.0149819, 9;
0.0162722, 9;
0.0155303, 9;
0.0161308, 9;
0.0162561, 9;
0.0151866, 9;
0.0153576, 9;
0.0151574, 9;
0.0154809, 9;
0.0153718, 9;
0.0159469, 9;
0.0146161, 9;
0.0152964, 9;
0.0159327, 9;
0.0160713, 9;
0.0160498, 9;
0.0164428, 9;
0.0153998, 9;
0.0149498, 9;
0.0149565, 9;
0.0150049, 9;
0.014895, 9;
0.0149416, 9;
0.0150492, 9;
0.0149418, 9;
0.0149509, 9;
0.0159575, 9;
0.0160146, 9;
0.0160456, 9;
0.0155065, 9;
0.0157122, 9;
0.0149119, 9;
0.0157262, 9;
0.0159462, 9;
0.0158422, 9;
0.0160847, 9;
0.0159569, 9;
0.0147596, 9;
0.0150601, 9;
0.0150348, 9;
0.0150006, 9;
0.0153345, 9;
0.0160155, 9;
0.0157755, 9;
0.0153661, 9;
0.0159121, 9;
0.0150223, 9;
0.0153648, 9;
0.0159857, 9;
0.01596, 9;
0.0161084, 9;
0.0158555, 9;
0.015994, 9;
0.0145081, 9;
0.0150572, 9;
0.015464, 9;
0.0160229, 9;
0.0166352, 9;
0.0151308, 9;
0.0151411, 9;
0.0148475, 9;
0.0159646, 9;
0.0160312, 9;
0.0159461, 9;
0.0160265, 9;
0.0160444, 9;
0.0159849, 9;
0.0158618, 9;
0.0159165, 9;
0.0155589, 9;
0.0160903, 9;
0.0158694, 9;
0.0150326, 9;
0.0149366, 9;
0.0151193, 9;
0.0160234, 9;
0.014943, 9;
0.0149513, 9;
0.0161193, 9;
0.0149927, 9;
0.0148225, 9;
0.0149554, 9;
0.0149996, 9;
0.0159972, 9;
0.0160231, 9;
0.0179994, 9;
0.0125402, 9;
0.0149546, 9;
0.0163687, 9;
0.0145271, 9;
0.0149841, 9;
0.0159995, 9;
0.0160245, 9;
0.0159633, 9;
0.0159774, 9;
0.0147158, 9;
0.0149789, 9;
0.015241, 9;
0.0154601, 9;
0.0152377, 9;
0.0151611, 9;
0.0149579, 9;
0.015866, 9;
0.0149827, 9;
0.0150789, 9;
0.0160246, 9;
0.0148496, 9;
0.015007, 9;
0.0153269, 9;
0.0173176, 9;
0.0143248, 9;
0.0149713, 9;
0.0146968, 9;
0.0172503, 9;
0.0149, 9;
0.0160272, 9;
0.0158562, 9;
0.0160271, 9;
0.0160071, 9;
0.0148064, 9;
0.0158267, 9;
0.0155226, 9;
0.0159705, 9;
0.0158333, 9;
0.0160214, 9;
0.0157193, 9;
0.0159881, 9;
0.01602, 9;
0.015951, 9;
0.016039, 9;
0.0149146, 9;
0.015154, 9;
0.0158546, 9;
0.0146035, 9;
0.0150454, 9;
0.0157232, 9;
0.0152526, 9;
0.0160037, 9;
0.0149874, 9;
0.0150058, 9;
0.0152587, 9;
0.0163133, 9;
0.0153202, 9;
0.0160558, 9;
0.0158759, 9;
0.0149025, 9;
0.0150087, 9;
0.014998, 9;
0.0149427, 9;
0.0150001, 9;
0.0160036, 9;
0.0159242, 9;
0.0162537, 9;
0.0156853, 9;
0.0149453, 9;
0.0149445, 9;
0.0154351, 9;
0.0155794, 9;
0.0149515, 9;
0.0159994, 9;
0.0152601, 9;
0.0156303, 9;
0.0159962, 9;
0.015392, 9;
0.0160649, 9;
0.0154733, 9;
0.0159062, 9;
0.0160417, 9;
0.0160383, 9;
0.0160763, 9;
0.0157286, 9;
0.0160231, 9;
0.015989, 9;
0.0160569, 9;
0.0157957, 9;
0.0176474, 9;
0.0169253, 9;
0.014955, 9;
0.0139777, 9;
0.0150984, 9;
0.0150184, 9;
0.0148134, 9;
0.0162197, 9;
0.014793, 9;
0.0149688, 9;
0.0161804, 9;
0.0148202, 9;
0.0154475, 9;
0.0156573, 9;
0.0149288, 9;
0.0153585, 9;
0.0157637, 9;
0.0148987, 9;
0.0149759, 9;
0.0159491, 9;
0.0150633, 9;
0.0159165, 9;
0.016106, 9;
0.0158611, 9;
0.0148854, 9;
0.0148056, 9;
0.0151971, 9;
0.0153777, 9;
0.0155377, 9;
0.0160151, 9;
0.0158995, 9;
0.0148524, 9;
0.0151664, 9;
0.0159227, 9;
0.0159283, 9;
0.016039, 9;
0.0159958, 9;
0.0159826, 9;
0.0159848, 9;
0.014903, 9;
0.0153903, 9;
0.0156725, 9;
0.0159488, 9;
0.0163875, 9;
0.0143429, 9;
0.0160284, 9;
0.0160157, 9;
0.0160213, 9;
0.0159319, 9;
0.0159577, 9;
0.0160294, 9;
0.0163991, 9;
0.0154883, 9;
0.0150412, 9;
0.0149043, 9;
0.0149249, 9;
0.0149972, 9;
0.015497, 9;
0.0154815, 9;
0.0169327, 9;
0.0149941, 9;
0.0149573, 9;
0.0148967, 9;
0.0150542, 9;
0.0159772, 9;
0.0149743, 9;
0.0148916, 9;
0.0152278, 9;
0.0157573, 9;
0.0169337, 9;
0.0141366, 9;
0.0142204, 9;
0.016064, 9;
0.01495, 9;
0.0149535, 9;
0.0149081, 9;
0.0159812, 9;
0.0150395, 9;
0.014918, 9;
0.0160115, 9;
0.0153228, 9;
0.014647, 9;
0.0156242, 9;
0.0160679, 9;
0.015662, 9;
0.0160521, 9;
0.0161059, 9;
0.0159614, 9;
0.0157475, 9;
0.0159808, 9;
0.0161141, 9;
0.0158594, 9;
0.0148841, 9;
0.0150996, 9;
0.0163899, 9;
0.0148175, 9;
0.0157697, 9;
0.0150224, 9;
0.0148071, 9;
0.0158341, 9;
0.0156322, 9;
0.01537, 9;
0.0158993, 9;
0.0160485, 9;
0.0160416, 9;
0.0158834, 9;
0.0153152, 9;
0.0146191, 9;
0.0159382, 9;
0.0151458, 9;
0.0149501, 9;
0.0149637, 9;
0.0161441, 9;
0.0147833, 9;
0.0161194, 9;
0.0148422, 9;
0.0151213, 9;
0.0148511, 9;
0.0159871, 9;
0.0157461, 9;
0.0161191, 9;
0.0161347, 9;
0.0156834, 9;
0.0160457, 9;
0.0159704, 9;
0.0159979, 9;
0.0159781, 9;
0.0163533, 9;
0.0145063, 9;
0.0158603, 9;
0.0158089, 9;
0.0160361, 9;
0.0153153, 9;
0.0150291, 9;
0.0157807, 9;
0.0161193, 9;
0.0158589, 9;
0.0159819, 9;
0.0159489, 9;
0.0159729, 9;
0.0158792, 9;
0.0161573, 9;
0.01586, 9;
0.0160283, 9;
0.0148636, 9;
0.0147485, 9;
0.0161409, 9;
0.0157848, 9;
0.0164515, 9;
0.0146052, 9;
0.0160744, 9;
0.0147834, 9;
0.0160576, 9;
0.014912, 9;
0.0149634, 9;
0.0160894, 9;
0.0160127, 9;
0.0158635, 9;
0.0160667, 9;
0.0159038, 9;
0.0159532, 9;
0.0150339, 9;
0.0159927, 9;
0.0149354, 9;
0.0155285, 9;
0.015384, 9;
0.0157574, 9;
0.015161, 9;
0.0159903, 9;
0.0149682, 9;
0.0151047, 9;
0.0159016, 9;
0.0157841, 9;
0.0160143, 9;
0.0162686, 9;
0.0158842, 9;
0.0157265, 9;
0.0161271, 9;
0.0159448, 9;
0.0150619, 9;
0.0152302, 9;
0.0153436, 9;
0.0152581, 9;
0.0160048, 9;
0.0149496, 9;
0.0145968, 9;
0.0160484, 9;
0.015293, 9;
0.0159453, 9;
0.0159923, 9;
0.014899, 9;
0.0149698, 9;
0.0161306, 9;
0.0159164, 9;
0.0158883, 9;
0.0150092, 9;
0.0150459, 9;
0.0160063, 9;
0.0159986, 9;
0.0159075, 9;
0.0149344, 9;
0.0150006, 9;
0.016105, 9;
0.0158341, 9;
0.0156834, 9;
0.0160217, 9;
0.0160772, 9;
0.0159317, 9;
0.0160675, 9;
0.0158885, 9;
0.0160465, 9;
0.0160276, 9;
0.0166542, 9;
0.0147126, 9;
0.0148901, 9;
0.0154737, 9;
0.0159001, 9;
0.0160571, 9;
0.01599, 9;
0.0159027, 9;
0.0160584, 9;
0.0159963, 9;
0.0159405, 9;
0.0158801, 9;
0.0160427, 9;
0.0148646, 9;
0.0153407, 9;
0.0158302, 9;
0.0150633, 9;
0.0150781, 9;
0.015127, 9;
0.0155597, 9;
0.0159083, 9;
0.0159614, 9;
0.0161202, 9;
0.0147539, 9;
0.0160348, 9;
0.014871, 9;
0.0149634, 9;
0.0156722, 9;
0.0154605, 9;
0.0160652, 9;
0.0147378, 9;
0.014945, 9;
0.0150258, 9;
0.014922, 9;
0.014932, 9;
0.0160649, 9;
0.0149781, 9;
0.0149126, 9;
0.0157903, 9;
0.0160549, 9;
0.0159876, 9;
0.0161529, 9;
0.0159811, 9;
0.0159073, 9;
0.014821, 9;
0.0149347, 9;
0.0160622, 9;
0.0159934, 9;
0.0160987, 9;
0.0147376, 9;
0.0151564, 9;
0.0157654, 9;
0.0149994, 9;
0.0149684, 9;
0.0152429, 9;
0.0158474, 9;
0.0165409, 9;
0.0144359, 9;
0.014879, 9;
0.0160393, 9;
0.0159805, 9;
0.0159051, 9;
0.0170753, 9;
0.0149869, 9;
0.0160454, 9;
0.0147037, 9;
0.0149678, 9;
0.0159886, 9;
0.0171228, 9;
0.0149932, 9;
0.0157988, 9;
0.0159542, 9;
0.0148965, 9;
0.0150061, 9;
0.0158656, 9;
0.0152165, 9;
0.015855, 9;
0.0156768, 9;
0.0152774, 9;
0.0149271, 9;
0.0149092, 9;
0.0160702, 9;
0.0149443, 9;
0.0150728, 9;
0.0159333, 9;
0.0158563, 9;
0.016058, 9;
0.0149656, 9;
0.0146258, 9;
0.0154428, 9;
0.0156173, 9;
0.0149001, 9;
0.0149436, 9;
0.0160733, 9;
0.0155615, 9;
0.0154103, 9;
0.0159732, 9;
0.0159865, 9;
0.0161725, 9;
0.0156889, 9;
0.0148097, 9;
0.0150303, 9;
0.0158072, 9;
0.0155259, 9;
0.0157288, 9;
0.0158344, 9;
0.0149482, 9;
0.0157929, 9;
0.0152868, 9;
0.0160411, 9;
0.016032, 9;
0.0157977, 9;
0.0160404, 9;
0.0159314, 9;
0.0148519, 9;
0.0152326, 9;
0.0157487, 9;
0.0150038, 9;
0.0151231, 9;
0.0144346, 9;
0.0154146, 9;
0.0148777, 9;
0.0148829, 9;
0.0162527, 9;
0.014765, 9;
0.0151326, 9;
0.0159318, 9;
0.0157898, 9;
0.0160215, 9;
0.0149793, 9;
0.0147782, 9;
0.0156801, 9;
0.015472, 9;
0.017068, 9;
0.0127943, 9;
0.0151343, 9;
0.0148799, 9;
0.0163881, 9;
0.0155875, 9;
0.014854, 9;
0.0150475, 9;
0.0151117, 9;
0.0147922, 9;
0.0149039, 9;
0.0150871, 9;
0.0149082, 9;
0.0149664, 9;
0.0160786, 9;
0.0159757, 9;
0.0156857, 9;
0.0151519, 9;
0.0160766, 9;
0.0160026, 9;
0.0149448, 9;
0.0148973, 9;
0.0149817, 9;
0.0160345, 9;
0.0158527, 9;
0.0159752, 9;
0.0159504, 9;
0.016194, 9;
0.0154064, 9;
0.0160062, 9;
0.0161399, 9;
0.0160416, 9;
0.0157794, 9;
0.01603, 9;
0.0173672, 9;
0.0144575, 9;
0.016244, 9;
0.0151052, 9;
0.0158385, 9;
0.015824, 9;
0.0150967, 9;
0.0150094, 9;
0.0147643, 9;
0.016955, 9;
0.0142478, 9;
0.0158522, 9;
0.0165668, 9;
0.0157348, 9;
0.0162343, 9;
0.0154007, 9;
0.0156594, 9;
0.015862, 9;
0.0152269, 9;
0.0151575, 9;
0.0159071, 9;
0.0161459, 9;
0.0153006, 9;
0.0155819, 9;
0.0149072, 9;
0.0149753, 9;
0.0160488, 9;
0.0148423, 9;
0.0159089, 9;
0.0161092, 9;
0.0159828, 9;
0.0158372, 9;
0.0160229, 9;
0.0159954, 9;
0.0158961, 9;
0.0161007, 9;
0.0154855, 9;
0.0154417, 9;
0.0149352, 9;
0.0149119, 9;
0.015781, 9;
0.0151917, 9;
0.0166364, 9;
0.0152969, 9;
0.0148951, 9;
0.0159892, 9;
0.0149545, 9;
0.0149537, 9;
0.0160247, 9;
0.0158799, 9;
0.0156933, 9;
0.0161659, 9;
0.0157649, 9;
0.0153308, 9;
0.0155254, 9;
0.0153998, 9;
0.0158677, 9;
0.0157603, 9;
0.015295, 9;
0.0150019, 9;
0.0160572, 9;
0.015944, 9;
0.0156891, 9;
0.015132, 9;
0.0159494, 9;
0.0160713, 9;
0.0148432, 9;
0.0150528, 9;
0.0159771, 9;
0.0152911, 9;
0.0156063, 9;
0.0157296, 9;
0.0153457, 9;
0.0159381, 9;
0.0179363, 9;
0.0118656, 9;
0.0150058, 9;
0.0149937, 9;
0.01598, 9;
0.0159689, 9;
0.0149625, 9;
0.0160262, 9;
0.0149765, 9;
0.0149423, 9;
0.0160698, 9;
0.0152244, 9;
0.015491, 9;
0.0159059, 9;
0.0154382, 9;
0.01565, 9;
0.0165043, 9;
0.0143547, 9;
0.0159903, 9;
0.015903, 9;
0.0146767, 9;
0.0150214, 9;
0.0153247, 9;
0.0159432, 9;
0.015936, 9;
0.0159376, 9;
0.0151047, 9;
0.0148983, 9;
0.0149428, 9;
0.0160623, 9;
0.014891, 9;
0.0160349, 9;
0.0159668, 9;
0.0159672, 9;
0.0148707, 9;
0.0149951, 9;
0.0159274, 9;
0.0160635, 9;
0.0159886, 9;
0.0159814, 9;
0.0154932, 9;
0.0155107, 9;
0.0148177, 9;
0.015003, 9;
0.0160363, 9;
0.0149711, 9;
0.0159559, 9;
0.015899, 9;
0.0152427, 9;
0.0159945, 9;
0.0148168, 9;
0.0149736, 9;
0.01593, 9;
0.0158889, 9;
0.0155261, 9;
0.0161845, 9;
0.015306, 9;
0.0159092, 9;
0.0149285, 9;
0.0149587, 9;
0.0149229, 9;
0.01509, 9;
0.0152863, 9;
0.0157099, 9;
0.0160788, 9;
0.0158541, 9;
0.0158578, 9;
0.0159767, 9;
0.0152502, 9;
0.0156532, 9;
0.0154768, 9;
0.0154549, 9;
0.0161036, 9;
0.0158795, 9;
0.016134, 9;
0.0158693, 9;
0.0148337, 9;
0.0149668, 9;
0.0160197, 9;
0.0159259, 9;
0.0160826, 9;
0.015708, 9;
0.0150837, 9;
0.0149572, 9;
0.014999, 9;
0.0149207, 9;
0.0151322, 9;
0.0149103, 9;
0.014936, 9;
0.0159844, 9;
0.0150336, 9;
0.0149075, 9;
0.0161103, 9;
0.014863, 9;
0.0153005, 9;
0.0158633, 9;
0.0152581, 9;
0.0158308, 9;
0.01554, 9;
0.0160907, 9;
0.0157825, 9;
0.0150687, 9;
0.0159943, 9;
0.0149606, 9;
0.0149849, 9;
0.0158634, 9;
0.0149936, 9;
0.0150444, 9;
0.0160603, 9;
0.0156351, 9;
0.0152487, 9;
0.0169738, 9;
0.0166438, 9;
0.01432, 9;
0.0160202, 9;
0.0158876, 9;
0.0161894, 9;
0.0153059, 9;
0.0152939, 9;
0.0160342, 9;
0.0149323, 9;
0.014989, 9;
0.0160382, 9;
0.0148572, 9;
0.0150153, 9;
0.0160041, 9;
0.0149217, 9;
0.014954, 9;
0.0154225, 9;
0.0157116, 9;
0.0148648, 9;
0.0159816, 9;
0.0148519, 9;
0.014949, 9;
0.0162746, 9;
0.0147476, 9;
0.0150543, 9;
0.015906, 9;
0.0148655, 9;
0.0151157, 9;
0.0151275, 9;
0.0156984, 9;
0.0150186, 9;
0.0149463, 9;
0.0160007, 9;
0.015962, 9;
0.0149209, 9;
0.0149626, 9;
0.0155962, 9;
0.0151664, 9;
0.0153974, 9;
0.0153071, 9;
0.016871, 9;
0.0144431, 9;
0.015925, 9;
0.0149108, 9;
0.0148363, 9;
0.0161876, 9;
0.0149691, 9;
0.0160384, 9;
0.0159745, 9;
0.0159749, 9;
0.0158235, 9;
0.0160808, 9;
0.0160137, 9;
0.015971, 9;
0.0158476, 9;
0.0149382, 9;
0.0147653, 9;
0.0151434, 9;
0.0150435, 9;
0.0157053, 9;
0.0152237, 9;
0.0159265, 9;
0.0160191, 9;
0.0159845, 9;
0.0159327, 9;
0.0155338, 9;
0.0154297, 9;
0.0150539, 9;
0.0159333, 9;
0.015103, 9;
0.0145735, 9;
0.0151726, 9;
0.015357, 9;
0.0157354, 9;
0.0159845, 9;
0.0159423, 9;
0.0148113, 9;
0.0150102, 9;
0.0153696, 9;
0.0150764, 9;
0.015917, 9;
0.0154707, 9;
0.0160966, 9;
0.0147796, 9;
0.0151109, 9;
0.0159607, 9;
0.0148687, 9;
0.0163726, 9;
0.0147562, 9;
0.0158642, 9;
0.0160717, 9;
0.0155359, 9;
0.0152816, 9;
0.0147043, 9;
0.0159693, 9;
0.0164195, 9;
0.0145089, 9;
0.0150007, 9;
0.0149793, 9;
0.014741, 9;
0.0150463, 9;
0.0149615, 9;
0.0149267, 9;
0.0151243, 9;
0.0148156, 9;
0.0151404, 9;
0.0159296, 9;
0.0177719, 9;
0.0149958, 9;
0.0152291, 9;
0.0169154, 9;
0.0155829, 9;
0.0142835, 9;
0.0148841, 9;
0.0149837, 9;
0.0156417, 9;
0.0158397, 9;
0.0160654, 9;
0.0148485, 9;
0.0150245, 9;
0.01598, 9;
0.0160361, 9;
0.0159996, 9;
0.0159518, 9;
0.0152716, 9;
0.0149373, 9;
0.0151236, 9;
0.0160062, 9;
0.0159463, 9;
0.0160337, 9;
0.0159875, 9;
0.0158724, 9;
0.0160051, 9;
0.0159007, 9;
0.0163028, 9;
0.014862, 9;
0.0160441, 9;
0.0157452, 9;
0.0159856, 9;
0.0148359, 9;
0.0146212, 9;
0.0160582, 9;
0.015919, 9;
0.0155755, 9;
0.0147247, 9;
0.0149124, 9;
0.0156, 9;
0.0154463, 9;
0.0160284, 9;
0.015902, 9;
0.0158953, 9;
0.0160744, 9;
0.0159423, 9;
0.0159535, 9;
0.0149409, 9;
0.01488, 9;
0.0160306, 9;
0.0161033, 9;
0.0154958, 9;
0.0164326, 9;
0.0148021, 9;
0.0159878, 9;
0.01614, 9;
0.0158095, 9;
0.0152584, 9;
0.0146695, 9;
0.0149955, 9;
0.0149134, 9;
0.0152062, 9;
0.0155848, 9;
0.0156229, 9;
0.0150176, 9;
0.0153301, 9;
0.0151497, 9;
0.0145684, 9;
0.0149546, 9;
0.0154198, 9;
0.0156845, 9;
0.0158822, 9;
0.016111, 9;
0.0159404, 9;
0.0151298, 9;
0.0148636, 9;
0.0147712, 9;
0.0154719, 9;
0.015342, 9;
0.0159825, 9;
0.0154963, 9;
0.0161813, 9;
0.0154791, 9;
0.0149789, 9;
0.0160161, 9;
0.0149186, 9;
0.0151624, 9;
0.0161061, 9;
0.0148283, 9;
0.0148114, 9;
0.0148686, 9;
0.0151932, 9;
0.0164632, 9;
0.0152409, 9;
0.0150956, 9;
0.0145973, 9;
0.0159755, 9;
0.0161387, 9;
0.0152613, 9;
0.0159793, 9;
0.0159955, 9;
0.0159313, 9;
0.0156841, 9;
0.0153397, 9;
0.015917, 9;
0.0155126, 9;
0.0169636, 9;
0.0144237, 9;
0.0150725, 9;
0.0148905, 9;
0.0147888, 9;
0.0150859, 9;
0.0159761, 9;
0.0150836, 9;
0.0149162, 9;
0.015948, 9;
0.0150755, 9;
0.0158267, 9;
0.015644, 9;
0.0160818, 9;
0.0154791, 9;
0.0157505, 9;
0.0148827, 9;
0.0150979, 9;
0.0147983, 9;
0.0150929, 9;
0.016125, 9;
0.0158368, 9;
0.0161987, 9;
0.015705, 9;
0.0149728, 9;
0.0148409, 9;
0.015653, 9;
0.0154495, 9;
0.0162438, 9;
0.0157452, 9;
0.0149218, 9;
0.0150546, 9;
0.0148142, 9;
0.0155618, 9;
0.0154707, 9;
0.0158546, 9;
0.016047, 9;
0.0159853, 9;
0.01606, 9;
0.0157918, 9;
0.0149623, 9;
0.0149192, 9;
0.0170059, 9;
0.0150328, 9;
0.0159517, 9;
0.0150181, 9;
0.014984, 9;
0.014976, 9;
0.0159043, 9;
0.0163354, 9;
0.014061, 9;
0.0160478, 9;
0.0144708, 9;
0.0160643, 9;
0.0159977, 9;
0.0152874, 9;
0.0154997, 9;
0.0164709, 9;
0.0154752, 9;
0.0159296, 9;
0.0159715, 9;
0.0159815, 9;
0.0160544, 9;
0.0168376, 9;
0.0150518, 9;
0.0150695, 9;
0.0154537, 9;
0.0153323, 9;
0.0159849, 9;
0.0156371, 9;
0.0163192, 9;
0.0154849, 9;
0.01597, 9;
0.0149346, 9;
0.0149982, 9;
0.0160149, 9;
0.0159343, 9;
0.0160225, 9;
0.0153221, 9;
0.0160364, 9;
0.0159634, 9;
0.0159385, 9;
0.0160176, 9;
0.0159636, 9;
0.0164481, 9;
0.0155007, 9;
0.0153339, 9;
0.0157211, 9;
0.0157861, 9;
0.0157509, 9;
0.0151881, 9;
0.0159411, 9;
0.0156932, 9;
0.0158428, 9;
0.0144799, 9;
0.015102, 9;
0.0147983, 9;
0.0160363, 9;
0.0160383, 9;
0.0148255, 9;
0.0149918, 9;
0.0150817, 9;
0.0154363, 9;
0.0154496, 9;
0.0151577, 9;
0.0147767, 9;
0.0149754, 9;
0.0150194, 9;
0.0145872, 9;
0.015251, 9;
0.0162501, 9;
0.0157947, 9;
0.0158414, 9;
0.0160573, 9;
0.0160213, 9;
0.0160005, 9;
0.0159246, 9;
0.0154308, 9;
0.0153485, 9;
0.0160112, 9;
0.0150506, 9;
0.0159135, 9;
0.0149886, 9;
0.0149928, 9;
0.0151546, 9;
0.0147679, 9;
0.0149382, 9;
0.0150538, 9;
0.015934, 9;
0.0150108, 9;
0.0147005, 9;
0.0161206, 9;
0.0151393, 9;
0.0150164, 9;
0.0158741, 9;
0.0149422, 9;
0.014865, 9;
0.0155456, 9;
0.0154825, 9;
0.0159715, 9;
0.0159418, 9;
0.0158357, 9;
0.0160454, 9;
0.0148517, 9;
0.015016, 9;
0.0160133, 9;
0.0159401, 9;
0.0169709, 9;
0.0138814, 9;
0.0160737, 9;
0.014888, 9;
0.0159138, 9;
0.0160985, 9;
0.0158016, 9;
0.0160964, 9;
0.0159892, 9;
0.0159344, 9;
0.0145809, 9;
0.0153124, 9;
0.015513, 9;
0.0153349, 9;
0.0158469, 9;
0.015271, 9;
0.0158849, 9;
0.0157928, 9;
0.0159514, 9;
0.0159904, 9;
0.0159716, 9;
0.0159969, 9;
0.0160365, 9;
0.0338687, 9;
0.0219034, 9;
0.0085056, 9;
0.0182744, 9;
0.0120304, 9;
0.0137193, 9;
0.0157297, 9;
0.0160098, 9;
0.0159737, 9;
0.0152144, 9;
0.0150225, 9;
0.0146882, 9;
0.0153271, 9;
0.0160047, 9;
0.0158562, 9;
0.0160657, 9;
0.0152698, 9;
0.0156858, 9;
0.0148525, 9;
0.0153273, 9;
0.0149608, 9;
0.0165329, 9;
0.0154067, 9;
0.0157051, 9;
0.015987, 9;
0.0160288, 9;
0.0159306, 9;
0.0159115, 9;
0.0149005, 9;
0.015968, 9;
0.0149652, 9;
0.0147866, 9;
0.015243, 9;
0.0161771, 9;
0.0156814, 9;
0.0159518, 9;
0.0160083, 9;
0.0153618, 9;
0.0155869, 9;
0.0158461, 9;
0.0150668, 9;
0.0160957, 9;
0.0148043, 9;
0.0149951, 9;
0.0159756, 9;
0.0152087, 9;
0.015666, 9;
0.0154592, 9;
0.0146574, 9;
0.0158069, 9;
0.0160239, 9;
0.0159798, 9;
0.0159449, 9;
0.0160006, 9;
0.0149056, 9;
0.0150094, 9;
0.015928, 9;
0.0159128, 9;
0.0160848, 9;
0.0157739, 9;
0.015219, 9;
0.0159701, 9;
0.0159361, 9;
0.01587, 9;
0.0149319, 9;
0.0150307, 9;
0.0149505, 9;
0.0149153, 9;
0.0151365, 9;
0.0159142, 9;
0.0156452, 9;
0.0152268, 9;
0.015113, 9;
0.0148076, 9;
0.0149391, 9;
0.0155091, 9;
0.0154173, 9;
0.0162314, 9;
0.015737, 9;
0.016123, 9;
0.0159062, 9;
0.0159987, 9;
0.015608, 9;
0.0151288, 9;
0.0151117, 9;
0.0157302, 9;
0.0161674, 9;
0.014781, 9;
0.0160223, 9;
0.015119, 9;
0.0149282, 9;
0.015011, 9;
0.0159238, 9;
0.0151883, 9;
0.0158505, 9;
0.0150142, 9;
0.0148212, 9;
0.0160197, 9;
0.0159846, 9;
0.0157725, 9;
0.0151899, 9;
0.0148793, 9;
0.0158504, 9;
0.0152439, 9;
0.0148203, 9;
0.0159722, 9;
0.0150021, 9;
0.014982, 9;
0.0159996, 9;
0.0155531, 9;
0.015705, 9;
0.0154674, 9;
0.0150178, 9;
0.0153324, 9;
0.0174493, 9;
0.0141592, 9;
0.0160306, 9;
0.0159986, 9;
0.0154432, 9;
0.0145287, 9;
0.0153425, 9;
0.0160137, 9;
0.0155996, 9;
0.0159062, 9;
0.0158995, 9;
0.0160714, 9;
0.0158516, 9;
0.0161084, 9;
0.0158828, 9;
0.0150063, 9;
0.0148027, 9;
0.0160304, 9;
0.0160308, 9;
0.0158696, 9;
0.0149666, 9;
0.0150144, 9;
0.0149877, 9;
0.014895, 9;
0.0150633, 9;
0.015194, 9;
0.0144596, 9;
0.0152613, 9;
0.0160883, 9;
0.0155315, 9;
0.0157542, 9;
0.0156723, 9;
0.014763, 9;
0.0149244, 9;
0.0150162, 9;
0.0150411, 9;
0.0151572, 9;
0.0160269, 9;
0.0196907, 9;
0.0167625, 9;
0.0091333, 9;
0.0158507, 9;
0.0181314, 9;
0.0137626, 9;
0.0152789, 9;
0.0147026, 9;
0.0150148, 9;
0.0159683, 9;
0.0151759, 9;
0.0158131, 9;
0.0150682, 9;
0.0148486, 9;
0.0149262, 9;
0.0152359, 9;
0.0165579, 9;
0.0153094, 9;
0.0149469, 9;
