0.116344;
0.106904;
0.107975;
0.111901;
0.107986;
0.107876;
0.107976;
0.109112;
0.108077;
0.104825;
0.108907;
0.1085;
0.107892;
0.110042;
0.108582;
0.104928;
0.11012;
0.120564;
0.111868;
0.109935;
0.109961;
0.107863;
0.108961;
0.109938;
0.105917;
0.108543;
0.10817;
0.10877;
0.107062;
0.110483;
0.111829;
0.1098;
0.106813;
0.109882;
0.10952;
0.108293;
0.122341;
0.108482;
0.106961;
0.107909;
0.110012;
0.107329;
0.108476;
0.105978;
0.108728;
0.107123;
0.106916;
0.109503;
0.108308;
0.10716;
0.106218;
0.109903;
0.109811;
0.111635;
0.106426;
0.108803;
0.107512;
0.107331;
0.107883;
0.107536;
0.108039;
0.11021;
0.110304;
0.111951;
0.110313;
0.107346;
0.110018;
0.110798;
0.112342;
0.105264;
0.111739;
0.106722;
0.109275;
0.110371;
0.109495;
0.109134;
0.106816;
0.107886;
0.110234;
0.109321;
0.108994;
0.107659;
0.107805;
0.107064;
0.107426;
0.107217;
0.109467;
0.109619;
0.107063;
0.10997;
0.109497;
0.111713;
0.106851;
0.107895;
0.109715;
0.111847;
0.116718;
0.107771;
0.107512;
0.106185;
0.109804;
0.108754;
0.105599;
0.107943;
0.109861;
0.109859;
0.109804;
0.109798;
0.107884;
0.106745;
0.10477;
0.111958;
0.107631;
0.111799;
0.107566;
0.110165;
0.110992;
0.104883;
0.108678;
0.111054;
0.109343;
0.106916;
0.106862;
0.10949;
0.108856;
0.108711;
0.108878;
0.11084;
0.108823;
0.108701;
0.106861;
0.111241;
0.110466;
0.109637;
0.109733;
0.108974;
0.10717;
0.109181;
0.107453;
0.111404;
0.10874;
0.109742;
0.106768;
0.106793;
0.108891;
0.107803;
0.109948;
0.111585;
0.106384;
0.109861;
0.106127;
0.11043;
0.11174;
0.108188;
0.108825;
0.106933;
0.110062;
0.113078;
0.104169;
0.106799;
0.110871;
0.109684;
0.109935;
0.10668;
0.106666;
0.109826;
0.106977;
0.106632;
0.112002;
0.111193;
0.110435;
0.108672;
0.107749;
0.106802;
0.106802;
0.110875;
0.110893;
0.10667;
0.111548;
0.10702;
0.108518;
0.108067;
0.108314;
0.108457;
0.107489;
0.107042;
0.113219;
0.10734;
0.110091;
0.107614;
0.109878;
0.109589;
0.109672;
0.108169;
0.109591;
0.107943;
0.110651;
0.111781;
0.105728;
0.109823;
0.107882;
0.109794;
0.108981;
0.107295;
0.109118;
0.10827;
0.108433;
0.110668;
0.10823;
0.109433;
0.107453;
0.108069;
0.108601;
0.108152;
0.11207;
0.108404;
0.109822;
0.110417;
0.104051;
0.107805;
0.109928;
0.10684;
0.109722;
0.109898;
0.11067;
0.109006;
0.109584;
0.109839;
0.107711;
0.108864;
0.108816;
0.109097;
0.10739;
0.1089;
0.106752;
0.109599;
0.108518;
0.108766;
0.11002;
0.107011;
0.107911;
0.107536;
0.108978;
0.109232;
0.107425;
0.107707;
0.106856;
0.106811;
0.107798;
0.109886;
0.106871;
0.108668;
0.108814;
0.106936;
0.108953;
0.110521;
0.107676;
0.111864;
0.111202;
0.108326;
0.109942;
0.108886;
0.108628;
0.107829;
0.109917;
0.106847;
0.110639;
0.105677;
0.107997;
0.108883;
0.109769;
0.109966;
0.108646;
0.112597;
0.107918;
0.111343;
0.109302;
0.109744;
0.108514;
0.107322;
0.110158;
0.107262;
0.109936;
0.107207;
0.106368;
0.109558;
0.108552;
0.109197;
0.107454;
0.108184;
0.10872;
0.108795;
0.1074;
0.106892;
0.10528;
0.107358;
0.109935;
0.107995;
0.110102;
0.111218;
0.10794;
0.106924;
0.106806;
0.1106;
0.106862;
0.107671;
0.115654;
0.104947;
0.107758;
0.11117;
0.108994;
0.10813;
0.106925;
0.108658;
0.108053;
0.112535;
0.106035;
0.1076;
0.109004;
0.109476;
0.110133;
0.107719;
0.106787;
0.111274;
0.107585;
0.106475;
0.107523;
0.109522;
0.105822;
0.109027;
0.106951;
0.115196;
0.141401;
0.148168;
0.11343;
0.131046;
0.283656;
0.242628;
0.192566;
0.105491;
0.107336;
0.107994;
0.105918;
0.104906;
0.106954;
0.115643;
0.107208;
0.110268;
0.111986;
0.107646;
0.109037;
0.106625;
0.108522;
0.107576;
0.108267;
0.108472;
0.110027;
0.107931;
0.110093;
0.110588;
0.110794;
0.106387;
0.110153;
0.107264;
0.110528;
0.125471;
0.107805;
0.107977;
0.109833;
0.110556;
0.108279;
0.109363;
0.10881;
0.110194;
0.109387;
0.109976;
0.106995;
0.112585;
0.10646;
0.111186;
0.120429;
0.109929;
0.106861;
0.109547;
0.107041;
0.107781;
0.109651;
0.106844;
0.106937;
0.105859;
0.109519;
0.106796;
0.111965;
0.112208;
0.108225;
0.110792;
0.107951;
0.109853;
0.109847;
0.110929;
0.109526;
0.108674;
0.108852;
0.110809;
0.107549;
0.109315;
0.108602;
0.110177;
0.109456;
0.107652;
0.106827;
0.109846;
0.109754;
0.108429;
0.109135;
0.106232;
0.109257;
0.120526;
0.115317;
0.10789;
0.107219;
0.10877;
0.107834;
0.109931;
0.107955;
0.110063;
0.109158;
0.109226;
0.110822;
0.10932;
0.106273;
0.107639;
0.111877;
0.109052;
0.122349;
0.10776;
0.107852;
0.111849;
0.107958;
0.111946;
0.108325;
0.108462;
0.108097;
0.110468;
0.10923;
0.109919;
0.108782;
0.11002;
0.106742;
0.107512;
0.110176;
0.123457;
0.109664;
0.108084;
0.108638;
0.108242;
0.108478;
0.110295;
0.108583;
0.109387;
0.109767;
0.109995;
0.109781;
