0.112574;
0.10778;
0.109993;
0.108954;
0.107911;
0.108924;
0.108887;
0.106884;
0.109433;
0.110609;
0.111956;
0.109545;
0.117073;
0.115105;
0.109812;
0.107802;
0.118052;
0.114483;
0.106882;
0.10595;
0.110049;
0.106815;
0.109926;
0.108918;
0.108045;
0.108774;
0.107733;
0.11097;
0.108701;
0.10568;
0.106;
0.109936;
0.110599;
0.110668;
0.10967;
0.110428;
0.10998;
0.109917;
0.109148;
0.106678;
0.106985;
0.110131;
0.109709;
0.109893;
0.111099;
0.108967;
0.10553;
0.110447;
0.111537;
0.111613;
0.109894;
0.109955;
0.107437;
0.106865;
0.108829;
0.106737;
0.109831;
0.10775;
0.109866;
0.10961;
0.11009;
0.109054;
0.110244;
0.109758;
0.107796;
0.110623;
0.112497;
0.105189;
0.11019;
0.107576;
0.108773;
0.107914;
0.107871;
0.107465;
0.110039;
0.106593;
0.111864;
0.10877;
0.109844;
0.11076;
0.10961;
0.111404;
0.107666;
0.107328;
0.109874;
0.106981;
0.109747;
0.108539;
0.106942;
0.10922;
0.111746;
0.111287;
0.110948;
0.106716;
0.106801;
0.105759;
0.110019;
0.109578;
0.107797;
0.109871;
0.10934;
0.109883;
0.108084;
0.106694;
0.10904;
0.106529;
0.106913;
0.105705;
0.116268;
0.103371;
0.107953;
0.108973;
0.108774;
0.110175;
0.110002;
0.111388;
0.106303;
0.108876;
0.1077;
0.109139;
0.11142;
0.108929;
0.109678;
0.108104;
0.109319;
0.108435;
0.107227;
0.111429;
0.108343;
0.110426;
0.110432;
0.108276;
0.110693;
0.107818;
0.112033;
0.108618;
0.108713;
0.106721;
0.108566;
0.107159;
0.106746;
0.106894;
0.108268;
0.110537;
0.108374;
0.109302;
0.110773;
0.107885;
0.108336;
0.108783;
0.107778;
0.107234;
0.108389;
0.108812;
0.10673;
0.109781;
0.109415;
0.108381;
0.110396;
0.110035;
0.106683;
0.108668;
0.106928;
0.106157;
0.107471;
0.110591;
0.104065;
0.110195;
0.108109;
0.109117;
0.111743;
0.107019;
0.106613;
0.109737;
0.107668;
0.111305;
0.107405;
0.105764;
0.109766;
0.109871;
0.106645;
0.109955;
0.108615;
0.107033;
0.108734;
0.108211;
0.11042;
0.111808;
0.107426;
0.110098;
0.110851;
0.109137;
0.109543;
0.107538;
0.107771;
0.107821;
0.112095;
0.110023;
0.107271;
0.106933;
0.109659;
0.110588;
0.109967;
0.11025;
0.108339;
0.105788;
0.109851;
0.109786;
0.107704;
0.10684;
0.109941;
0.110158;
0.115081;
0.104968;
0.107902;
0.109179;
0.110553;
0.110842;
0.10957;
0.109327;
0.110368;
0.110784;
0.106545;
0.106839;
0.107316;
0.108833;
0.110917;
0.108498;
0.107989;
0.107852;
0.109817;
0.106277;
0.107279;
0.110398;
0.109127;
0.110084;
0.108376;
0.10913;
0.110642;
0.109806;
0.10882;
0.110807;
0.10957;
0.111849;
0.110617;
0.104915;
0.110858;
0.110068;
0.111037;
0.109309;
0.109798;
0.107692;
0.10674;
0.109837;
0.111476;
0.110059;
0.106796;
0.107987;
0.107586;
0.10828;
0.109341;
0.108679;
0.108587;
0.109064;
0.10771;
0.109084;
0.1068;
0.111295;
0.110975;
0.111037;
0.11029;
0.110111;
0.105916;
0.108667;
0.107984;
0.106491;
0.106876;
0.109645;
0.108162;
0.106584;
0.110824;
0.111049;
0.108832;
0.107475;
0.108477;
0.110198;
0.105613;
0.110012;
0.108912;
0.108364;
0.108942;
0.108796;
0.107306;
0.116361;
0.106604;
0.109009;
0.110214;
0.10825;
0.107464;
0.108484;
0.110585;
0.107779;
0.108637;
0.110902;
0.110355;
0.110075;
0.107996;
0.107835;
0.113203;
0.10819;
0.108875;
0.105787;
0.108638;
0.111932;
0.107795;
0.107766;
0.107916;
0.107375;
0.110101;
0.109083;
0.110359;
0.108092;
0.11091;
0.107511;
0.108664;
0.10687;
0.10798;
0.11152;
0.109963;
0.109833;
0.109681;
0.107903;
0.108732;
0.128911;
0.120091;
0.110249;
0.108737;
0.109146;
0.11047;
0.110437;
0.108117;
0.10723;
0.106327;
0.107861;
0.109795;
0.109746;
0.10774;
0.107827;
0.106926;
0.108896;
0.10896;
0.106377;
0.106991;
0.106716;
0.108765;
0.111828;
0.108126;
0.107395;
0.110235;
0.110055;
0.107355;
0.11056;
0.108564;
0.10903;
0.109765;
0.110842;
0.109782;
0.1057;
0.106877;
0.10979;
0.107745;
0.10767;
0.108893;
0.109789;
0.107823;
0.108898;
0.107739;
0.109702;
0.10783;
0.108786;
0.107996;
0.107606;
0.10677;
0.107895;
0.109781;
0.105789;
0.106745;
0.10776;
0.107905;
0.112593;
0.105978;
0.106749;
0.108875;
0.107891;
0.111723;
0.108759;
0.109267;
0.107067;
0.110025;
0.11192;
0.110757;
0.109732;
0.109895;
0.111691;
0.10981;
0.106649;
0.104908;
0.105738;
0.110798;
0.107825;
0.110814;
0.108505;
0.111503;
0.108283;
0.108741;
0.111103;
0.104543;
0.107511;
0.110173;
0.111664;
0.109945;
0.105977;
0.106508;
0.108031;
0.110228;
0.10744;
0.106548;
0.107744;
0.107735;
0.109949;
0.107711;
0.108136;
0.108443;
0.109845;
0.111732;
0.107722;
0.107715;
0.109057;
0.11009;
0.108357;
0.107789;
0.109825;
0.109738;
0.10798;
0.113634;
0.104851;
0.106792;
0.109698;
0.108895;
0.10571;
0.10831;
0.110347;
0.108426;
0.107122;
0.106382;
0.107226;
0.106729;
0.106967;
0.107632;
0.108881;
0.109706;
0.105791;
0.10782;
0.106917;
0.108746;
0.110673;
0.108711;
0.107053;
0.108652;
0.111798;
0.109841;
0.108797;
0.106775;
0.108971;
0.108557;
0.108883;
0.109834;
0.11078;
0.10703;
0.108674;
0.107276;
0.109185;
0.111772;
0.110768;
0.107816;
0.110797;
0.109649;
0.107931;
0.106179;
0.110015;
0.109448;
0.10643;
0.111838;
0.106774;
0.107037;
0.108641;
0.10979;
0.107609;
0.1091;
0.106663;
0.106674;
0.110883;
0.109796;
0.105801;
0.108768;
0.109833;
0.106956;
0.105737;
0.110564;
0.110447;
0.109212;
0.110588;
0.111111;
0.111593;
0.10783;
0.107332;
0.109278;
0.108873;
0.106694;
0.108888;
0.106647;
0.109549;
0.106224;
0.107733;
0.107731;
0.106794;
0.111919;
0.109801;
0.108488;
0.110045;
0.104713;
0.106851;
0.106812;
0.106746;
0.109548;
0.108251;
0.11062;
0.110017;
0.110556;
0.106775;
0.108366;
0.10722;
0.110499;
0.109156;
0.10567;
0.10782;
0.107732;
0.106928;
0.106175;
0.111404;
0.109458;
0.112212;
0.106676;
0.10675;
0.105842;
0.10799;
0.110722;
0.11167;
0.108967;
0.106618;
0.110958;
0.111645;
0.108076;
0.111596;
0.10934;
0.109209;
0.111383;
0.111055;
0.106348;
0.107485;
0.110603;
0.105893;
0.106663;
0.107782;
0.106841;
0.111836;
0.108698;
0.109965;
0.108828;
0.109611;
0.108756;
0.110114;
0.108496;
0.107993;
0.106602;
0.108882;
0.109734;
0.105869;
0.106703;
0.111915;
0.11026;
0.110345;
0.109728;
0.106914;
0.108255;
0.106259;
0.109123;
0.108417;
0.107929;
0.110833;
0.109643;
0.1099;
0.10669;
0.110003;
0.108476;
0.108802;
0.107889;
0.108828;
0.107805;
0.108664;
0.107825;
0.108844;
0.106796;
0.110071;
0.107447;
0.107315;
0.111568;
0.106602;
0.10721;
0.10956;
0.107604;
0.107292;
0.108172;
0.111577;
0.106159;
0.11226;
0.110242;
0.107996;
0.109779;
0.105834;
0.107659;
0.111934;
0.107533;
0.109598;
0.110993;
0.10816;
0.110433;
0.111989;
0.109748;
0.108627;
0.106775;
0.106923;
0.109732;
0.108628;
0.110981;
0.107914;
0.10984;
0.110677;
0.107443;
0.110993;
0.108096;
0.1086;
0.109015;
0.109668;
0.110804;
0.110697;
0.110035;
0.106544;
0.107813;
0.10983;
0.108681;
0.109523;
0.10829;
0.109579;
0.106879;
0.110798;
0.109759;
0.10774;
0.110915;
0.111887;
0.107604;
0.108931;
0.109747;
0.108903;
0.107619;
0.108783;
0.111839;
0.110729;
0.106959;
0.111654;
0.106838;
0.10886;
0.110003;
0.108507;
0.106796;
0.105948;
0.107754;
0.10668;
0.11182;
0.107935;
0.105841;
0.109186;
0.10462;
0.109909;
0.107284;
0.108822;
0.108845;
0.110855;
0.105737;
0.105706;
0.10976;
0.110934;
0.110894;
0.104611;
0.108806;
0.10891;
0.108708;
0.108362;
0.110182;
0.10741;
0.108403;
0.109737;
0.110694;
0.109966;
0.11125;
0.108756;
0.10918;
0.105981;
0.105706;
0.107063;
0.110539;
0.108639;
0.106792;
0.110009;
0.110586;
0.108894;
0.107432;
0.110047;
0.108934;
0.108732;
0.106794;
0.109767;
0.109733;
0.107057;
0.107601;
0.108865;
0.111788;
0.108774;
0.110869;
0.107695;
0.105748;
0.10891;
0.110721;
0.106959;
0.107632;
0.106817;
0.110817;
0.11117;
0.106826;
0.108328;
0.108827;
0.111889;
0.107783;
0.10671;
0.107775;
0.105858;
0.107739;
0.10869;
0.104929;
0.107859;
0.111801;
0.105873;
0.107903;
0.111494;
0.109333;
0.111462;
0.107912;
0.106636;
0.110805;
0.109836;
0.107708;
0.106748;
0.10846;
0.108205;
0.111715;
0.107939;
0.10772;
0.108003;
0.106614;
0.109209;
0.109396;
0.108798;
0.109178;
0.107592;
0.109599;
0.10995;
0.109724;
0.109197;
0.108418;
0.109501;
0.108;
0.113021;
0.107281;
0.107728;
0.109221;
0.107439;
0.110049;
0.109861;
0.106818;
0.106013;
0.111561;
0.109198;
0.105378;
0.109484;
0.109134;
0.111863;
0.109746;
0.106699;
0.109899;
0.110741;
0.111781;
0.108944;
0.110294;
0.107206;
0.107127;
0.106912;
0.109132;
0.110181;
0.10854;
0.10872;
0.109873;
0.107049;
0.109446;
0.10796;
0.107398;
0.108594;
