0.0248291,0,1100,110,0
0.00353172,0,0,215,0
0.00635724,0,0,245,0
0.00162602,0,0,275,0
0.00206259,0,0,306,0
0.00239747,0,0,336,0
0.000964749,0,0,367,0
0.000561927,0,0,398,0
0.000641084,0,0,428,0
0.000736952,0,0,459,0
0.00106788,0,0,491,0
0.000787218,0,0,523,0
0.00075665,0,0,555,0
0.000611017,0,0,587,0
0.000980893,0,0,618,0
0.000508731,0,0,648,0
0.000770474,0,0,679,0
0.000798985,0,0,711,0
0.00127308,0,0,742,0
0.000546715,0,0,772,0
0.000613828,0,0,803,0
0.000890966,0,0,834,0
0.000652431,0,0,865,0
0.000614169,0,0,897,0
0.000708255,0,0,927,0
0.000924382,0,0,957,0
0.000971952,0,0,988,0
0.000824903,0,0,1021,0
0.000540393,0,0,1052,0
0.000895027,0,0,1083,0
0.000578814,0.000582807,0,1114,0.0269767
0.000997882,0.000689413,0.0269767,1145,0.0416202
0.00126557,0.000866855,0.068597,1175,0.0509699
0.000683853,0.000562622,0.119567,1205,0.0289549
0.00079732,0.000722135,0.148522,1235,0.0347516
0.0007335,0.000550222,0.183273,1265,0.0302583
0.000784756,0.000600903,0.213532,1316,0.0553456
0.000794713,0.000686413,0.268877,1345,0.0329997
0.00069087,0.000496248,0.301877,1375,0.0281698
0.000647176,0.000579919,0.330047,1404,0.0271769
0.000843431,0.000464561,0.357224,1441,0.0398013
0.000603494,0.000505777,0.397025,1468,0.0231223
0.000781025,0.000668204,0.420147,1500,0.0356841
0.000820003,0.000584129,0.455831,1528,0.0311379
0.000648023,0.000424129,0.486969,1560,0.0275228
0.000779494,0.000519088,0.514492,1591,0.0322102
0.00051896,0.000456107,0.546702,1624,0.0246514
0.00072354,0.000562101,0.571354,1654,0.0301377
0.000944366,0.000639001,0.601492,1686,0.0404437
0.000670742,0.000410073,0.641935,1718,0.0280249
0.000634632,0.000448538,0.66996,1748,0.025767
0.000698708,0.000474999,0.695727,1784,0.0337035
0.000619056,0.000485476,0.729431,1825,0.0353336
0.000764648,0.000441593,0.764764,1855,0.0295633
0.000375319,0.000351786,0.794328,1885,0.0165364
0.000639745,0.000482068,0.810864,1915,0.0264234
0.000572532,0.000417789,0.837287,1946,0.0242242
0.000750755,0.000461864,0.861512,1978,0.031414
0.000813438,0.000596745,0.892926,2010,0.0355779
0.000486935,0.000342281,0.928503,2038,0.0184261
0.000661542,0.000649041,0.94693,2068,0.0295819
0.000907363,0.000722569,0.976511,2099,0.0393281
0.000773079,0.000642527,1.01584,2131,0.035019
0.000779618,0.000481116,1.05086,2163,0.0326456
0.000586834,0.00053371,1.0835,2195,0.0273181
0.000556777,0.000452334,1.11082,2227,0.0250542
0.000911846,0.000569157,1.13588,2259,0.0382856
0.000598907,0.000524411,1.17416,2291,0.0275556
0.000713437,0.000460715,1.20172,2322,0.0292576
0.000502652,0.000386619,1.23098,2353,0.0215748
0.000934941,0.000623696,1.25255,2383,0.0374037
0.000722594,0.0005185,1.28995,2415,0.031419
0.000795641,0.000516861,1.32137,2447,0.0337303
0.00100497,0.000901612,1.3551,2479,0.0465847
0.000824796,0.000537479,1.40169,2510,0.0338996
0.000609038,0.00040711,1.43559,2540,0.0243778
0.000712105,0.000562943,1.45997,2571,0.0308009
0.000657104,0.000476362,1.49077,2602,0.0277538
0.000892639,0.000580885,1.51852,2633,0.0366755
0.000666695,0.000533336,1.5552,2664,0.0289342
0.00064022,0.000369657,1.58413,2696,0.0264015
0.000619942,0.000499935,1.61053,2728,0.0278371
0.000673562,0.000440943,1.63837,2760,0.0286091
0.00068551,0.000435195,1.66698,2791,0.0279963
0.000740128,0.000512517,1.69497,2821,0.0298916
0.000660727,0.000447543,1.72487,2851,0.026535
0.000643142,0.000437133,1.7514,2882,0.0267129
0.000650061,0.000503474,1.77811,2912,0.0270539
0.000675184,0.000501218,1.80517,2944,0.0296254
0.000907279,0.000567634,1.83479,2974,0.0357329
0.000648445,0.000490311,1.87053,3006,0.0285952
0.000765812, 0.0, 3006,3053,47
0.000612871, 0.0, 3053,3083,30
0.000642033, 0.0, 3083,3114,31
0.000984821, 0.0, 3114,3145,31
0.000689551, 0.0, 3145,3176,31
0.000772454, 0.0, 3176,3207,31
0.00141222, 0.0, 3207,3239,32
0.000713099, 0.0, 3239,3272,33
0.000761562, 0.0, 3272,3300,28
0.00142903, 0.0, 3300,3330,30
0.000861836, 0.0, 3330,3361,31
0.000875858, 0.0, 3361,3393,32
0.000679532, 0.0, 3393,3425,32
0.000758935, 0.0, 3425,3457,32
0.000560106, 0.0, 3457,3490,33
0.000635888, 0.0, 3490,3521,31
0.000843332, 0.0, 3521,3553,32
0.000707617, 0.0, 3553,3584,31
0.000845047, 0.0, 3584,3615,31
0.000762673, 0.0, 3615,3648,33
0.000763974, 0.0, 3648,3678,30
0.000880331, 0.0, 3678,3709,31
0.000877309, 0.0, 3709,3740,31
0.000764849, 0.0, 3740,3771,31
0.000725805, 0.0, 3771,3801,30
0.000804225, 0.0, 3801,3833,32
0.000845995, 0.0, 3833,3864,31
0.000494989, 0.0, 3864,3897,33
0.000800796, 0.0, 3897,3929,32
0.000601967, 0.0, 3929,3959,30
0.000666727, 0.0, 3959,3990,31
0.000585382, 0.0, 3990,4020,30
0.00107942, 0.0, 4020,4051,31
0.000739073, 0.0, 4051,4083,32
0.000773097, 0.0, 4083,4114,31
0.000532718, 0.0, 4114,4146,32
0.000617448, 0.0, 4146,4176,30
0.000658024, 0.0, 4176,4216,40
0.000745025, 0.0, 4216,4254,38
0.00071599, 0.0, 4254,4284,30
0.000579234, 0.0, 4284,4313,29
0.000750821, 0.0, 4313,4345,32
0.000802573, 0.0, 4345,4374,29
0.000718004, 0.0, 4374,4406,32
0.000526646, 0.0, 4406,4437,31
0.00059168, 0.0, 4437,4467,30
0.000672186, 0.0, 4467,4497,30
0.000722198, 0.0, 4497,4529,32
0.000689886, 0.0, 4529,4560,31
0.000817066, 0.0, 4560,4591,31
0.000885162, 0.0, 4591,4623,32
0.000769667, 0.0, 4623,4655,32
0.000730517, 0.0, 4655,4685,30
0.000668782, 0.0, 4685,4717,32
0.000727202, 0.0, 4717,4757,40
0.00077707, 0.0, 4757,4793,36
0.000792061, 0.0, 4793,4825,32
0.000792319, 0.0, 4825,4855,30
0.000843559, 0.0, 4855,4886,31
0.000998352, 0.0, 4886,4916,30
0.000644741, 0.0, 4916,4948,32
0.0007612, 0.0, 4948,4993,45
0.000711991, 0.0, 4993,5024,31
0.000658988, 0.0, 5024,5054,30
0.0007885, 0.0, 5054,5086,32
0.000816951, 0.0, 5086,5115,29
0.000847609, 0.0, 5115,5149,34
0.000741631, 0.0, 5149,5179,30
0.000649818, 0.0, 5179,5211,32
0.000795087, 0.0, 5211,5256,45
0.000719882, 0.0, 5256,5286,30
0.000696783, 0.0, 5286,5321,35
0.000535103, 0.0, 5321,5373,52
0.000713611, 0.0, 5373,5411,38
0.000911146, 0.0, 5411,5442,31
0.000726929, 0.0, 5442,5474,32
0.00104034, 0.0, 5474,5503,29
0.000874749, 0.0, 5503,5534,31
0.000823614, 0.0, 5534,5564,30
0.000642899, 0.0, 5564,5595,31
0.00052417, 0.0, 5595,5626,31
0.00080976, 0.0, 5626,5656,30
0.000680904, 0.0, 5656,5687,31
0.000631563, 0.0, 5687,5717,30
0.000473352, 0.0, 5717,5749,32
0.000624731, 0.0, 5749,5781,32
0.00059633, 0.0, 5781,5812,31
0.000556077, 0.0, 5812,5843,31
0.000904593, 0.0, 5843,5874,31
0.000646195, 0.0, 5874,5906,32
0.000598619, 0.0, 5906,5938,32
0.000661845, 0.0, 5938,5968,30
0.000712167, 0.0, 5968,6002,34
0.000787473, 0.0, 6002,6032,30
0.000626192, 0.0, 6032,6065,33
0.00069132, 0.0, 6065,6095,30
0.000880882, 0.0, 6095,6125,30
0.000998327, 0.0, 6125,6156,31
0.000805846, 0.0, 6156,6187,31
0.000856492, 0.0, 6187,6233,46
0.000805183, 0.0, 6233,6275,42
0.000536192, 0.0, 6275,6312,37
0.000700255, 0.0, 6312,6356,44
0.000671517, 0.0, 6356,6386,30
0.000871667, 0.0, 6386,6416,30
0.000688615, 0.0, 6416,6449,33
0.000680045, 0.0, 6449,6481,32
0.000740276, 0.0, 6481,6511,30
0.0010638, 0.0, 6511,6543,32
0.000688538, 0.0, 6543,6574,31
0.000938414, 0.0, 6574,6604,30
0.000996666, 0.0, 6604,6634,30
0.00070966, 0.0, 6634,6665,31
0.000588858, 0.0, 6665,6695,30
0.000619434, 0.0, 6695,6726,31
0.000575086, 0.0, 6726,6757,31
0.000854477, 0.0, 6757,6788,31
0.000795755, 0.0, 6788,6819,31
0.000717215, 0.0, 6819,6850,31
0.000560601, 0.0, 6850,6882,32
0.000681185, 0.0, 6882,6914,32
0.00071659, 0.0, 6914,6945,31
0.00103361, 0.0, 6945,6976,31
0.000944911, 0.0, 6976,7008,32
0.000678462, 0.0, 7008,7040,32
0.000599957, 0.0, 7040,7072,32
0.000730523, 0.0, 7072,7104,32
0.000691613, 0.0, 7104,7137,33
0.000876122, 0.0, 7137,7169,32
0.000490267, 0.0, 7169,7200,31
0.000554827, 0.0, 7200,7231,31
0.000971291, 0.0, 7231,7261,30
0.000847874, 0.0, 7261,7292,31
0.00113261, 0.0, 7292,7324,32
0.000645138, 0.0, 7324,7355,31
0.00068496, 0.0, 7355,7386,31
0.000530827, 0.0, 7386,7417,31
0.000853405, 0.0, 7417,7451,34
0.000710299, 0.0, 7451,7481,30
0.000718142, 0.0, 7481,7513,32
0.000741456, 0.0, 7513,7544,31
0.000585046, 0.0, 7544,7576,32
0.000714692, 0.0, 7576,7608,32
0.000694859, 0.0, 7608,7639,31
0.000980272, 0.0, 7639,7671,32
0.00072825, 0.0, 7671,7704,33
0.000623026, 0.0, 7704,7747,43
0.000769083, 0.0, 7747,7778,31
0.00073378, 0.0, 7778,7810,32
0.000688755, 0.0, 7810,7840,30
0.0008504, 0.0, 7840,7872,32
0.000707313, 0.0, 7872,7905,33
0.000603429, 0.0, 7905,7936,31
0.000710874, 0.0, 7936,7971,35
0.000695862, 0.0, 7971,8014,43
0.000818043, 0.0, 8014,8045,31
0.000800611, 0.0, 8045,8075,30
0.000608958, 0.0, 8075,8106,31
0.000677615, 0.0, 8106,8138,32
0.000772775, 0.0, 8138,8170,32
0.000657638, 0.0, 8170,8203,33
0.000510854, 0.0, 8203,8234,31
0.000828159, 0.0, 8234,8264,30
0.000724831, 0.0, 8264,8296,32
0.000705798, 0.0, 8296,8339,43
0.000695651, 0.0, 8339,8373,34
0.000958501, 0.0, 8373,8404,31
0.000907218, 0.0, 8404,8435,31
0.000745392, 0.0, 8435,8469,34
0.000599121, 0.0, 8469,8498,29
0.000828416, 0.0, 8498,8528,30
0.000814451, 0.0, 8528,8559,31
0.000760658, 0.0, 8559,8592,33
0.000623565, 0.0, 8592,8622,30
0.000907205, 0.0, 8622,8653,31
0.00101933, 0.0, 8653,8683,30
0.000702667, 0.0, 8683,8716,33
0.000905383, 0.0, 8716,8747,31
0.00130767, 0.0, 8747,8778,31
0.000527489, 0.0, 8778,8809,31
0.000678938, 0.0, 8809,8841,32
0.0011482, 0.0, 8841,8873,32
0.000778016, 0.0, 8873,8903,30
0.000622672, 0.0, 8903,8934,31
0.000425399, 0.0, 8934,8964,30
0.00073268, 0.0, 8964,8996,32
0.000793668, 0.0, 8996,9028,32
0.00083575, 0.0, 9028,9058,30
0.000726242, 0.0, 9058,9088,30
0.000738808, 0.0, 9088,9120,32
0.000974603, 0.0, 9120,9151,31
0.000683793, 0.0, 9151,9183,32
0.000557252, 0.0, 9183,9213,30
0.000658752, 0.0, 9213,9243,30
0.00093639, 0.0, 9243,9273,30
0.000756796, 0.0, 9273,9304,31
0.000705614, 0.0, 9304,9335,31
0.000735557, 0.0, 9335,9365,30
0.000817847, 0.0, 9365,9396,31
0.000772245, 0.0, 9396,9427,31
0.000634885, 0.0, 9427,9458,31
0.000565754, 0.0, 9458,9489,31
0.000805757, 0.0, 9489,9520,31
0.000735538, 0.0, 9520,9551,31
0.000934502, 0.0, 9551,9584,33
0.000744618, 0.0, 9584,9612,28
0.000569052, 0.0, 9612,9644,32
0.000717119, 0.0, 9644,9676,32
0.000971642, 0.0, 9676,9708,32
0.000842418, 0.0, 9708,9740,32
0.000662651, 0.0, 9740,9770,30
0.000624404, 0.0, 9770,9800,30
0.000598364, 0.0, 9800,9832,32
0.00092729, 0.0, 9832,9861,29
0.000770618, 0.0, 9861,9893,32
0.000688585, 0.0, 9893,9925,32
0.000554756, 0.0, 9925,9957,32
0.000873612, 0.0, 9957,9988,31
0.00097486, 0.0, 9988,10019,31
0.000967471, 0.0, 10019,10051,32
0.000959566, 0.0, 10051,10083,32
0.000670679, 0.0, 10083,10113,30
0.000815125, 0.0, 10113,10145,32
0.000768809, 0.0, 10145,10177,32
0.000705847, 0.0, 10177,10209,32
0.000797321, 0.0, 10209,10238,29
0.000717473, 0.0, 10238,10269,31
0.000861793, 0.0, 10269,10301,32
0.000659014, 0.0, 10301,10332,31
0.000670889, 0.0, 10332,10365,33
0.000658826, 0.0, 10365,10394,29
0.000730914, 0.0, 10394,10424,30
0.000673636, 0.0, 10424,10456,32
0.000506833, 0.0, 10456,10487,31
0.000879609, 0.0, 10487,10519,32
0.00069438, 0.0, 10519,10549,30
0.000723885, 0.0, 10549,10580,31
0.000760108, 0.0, 10580,10611,31
0.000667265, 0.0, 10611,10644,33
0.000755811, 0.0, 10644,10672,28
0.000642478, 0.0, 10672,10702,30
0.00105852, 0.0, 10702,10733,31
0.000780006, 0.0, 10733,10764,31
0.000538586, 0.0, 10764,10794,30
0.000762351, 0.0, 10794,10825,31
0.000586998, 0.0, 10825,10856,31
0.000614781, 0.0, 10856,10886,30
0.000964466, 0.0, 10886,10919,33
0.000736424, 0.0, 10919,10948,29
0.000844753, 0.0, 10948,10979,31
0.000879075, 0.0, 10979,11009,30
0.00122427, 0.0, 11009,11040,31
0.000736681, 0.0, 11040,11070,30
0.00105899, 0.0, 11070,11101,31
0.00127702, 0.0, 11101,11132,31
0.0015467, 0.0, 11132,11164,32
0.00547581, 0.0, 11164,11195,31
0.00176661, 0.0, 11195,11226,31
0.00106383, 0.0, 11226,11257,31
0.00183948, 0.0, 11257,11289,32
0.00125486, 0.0, 11289,11319,30
0.00131564, 0.0, 11319,11350,31
0.000972281, 0.0, 11350,11380,30
0.00208047, 0.0, 11380,11410,30
0.0020662, 0.0, 11410,11441,31
0.00241699, 0.0, 11441,11473,32
0.00186394, 0.0, 11473,11503,30
0.00275925, 0.0, 11503,11533,30
0.00667865, 0.0, 11533,11565,32
0.0106853, 0.0, 11565,11597,32
0.00430065, 0.0, 11597,11628,31
0.00283951, 0.0, 11628,11659,31
0.00737959, 0.0, 11659,11692,33
0.00849733, 0.0, 11692,11723,31
0.00631358, 0.0, 11723,11753,30
0.00645409, 0.0, 11753,11784,31
0.0109785, 0.0, 11784,11816,32
0.0159956, 0.0, 11816,11848,32
0.00605002, 0.0, 11848,11879,31
0.0142965, 0.0, 11879,11911,32
0.0260912, 0.0, 11911,11943,32
0.0175567, 0.0, 11943,11973,30
0.0168566, 0.0, 11973,12003,30
0.0168206, 0.0, 12003,12035,32
0.0180355, 0.0, 12035,12067,32
0.022087, 0.0, 12067,12098,31
0.021957, 0.0, 12098,12128,30
0.0313477, 0.0, 12128,12158,30
0.0248482, 0.0, 12158,12188,30
0.0160971, 0.0, 12188,12218,30
0.0131094, 0.0, 12218,12248,30
0.0131404, 0.0, 12248,12278,30
0.0132293, 0.0, 12278,12310,32
0.0157669, 0.0, 12310,12342,32
0.0120575, 0.0, 12342,12374,32
0.0200813, 0.0, 12374,12405,31
0.0263479, 0.0, 12405,12436,31
0.0262196, 0.0, 12436,12467,31
0.0154271, 0.0, 12467,12498,31
0.031201, 0.0, 12498,12531,33
0.024775, 0.0, 12531,12562,31
0.0194166, 0.0, 12562,12594,32
0.0187065, 0.0, 12594,12626,32
0.0221316, 0.0, 12626,12657,31
0.0182653, 0.0, 12657,12688,31
0.0316256, 0.0, 12688,12718,30
0.0146869, 0.0, 12718,12749,31
0.0184216, 0.0, 12749,12780,31
0.0182545, 0.0, 12780,12814,34
0.0251177, 0.0, 12814,12843,29
0.0218119, 0.0, 12843,12874,31
0.0275667, 0.0, 12874,12906,32
0.0208485, 0.0, 12906,12940,34
0.0242332, 0.0, 12940,12985,45
0.0172535, 0.0, 12985,13014,29
0.0295886, 0.0, 13014,13044,30
0.0312924, 0.0, 13044,13074,30
0.0225897, 0.0, 13074,13106,32
0.039504, 0.0, 13106,13137,31
0.0169145, 0.0, 13137,13169,32
0.0301945, 0.0, 13169,13201,32
0.0299426, 0.0, 13201,13232,31
0.0381159, 0.0, 13232,13265,33
0.0403442, 0.0, 13265,13294,29
0.0214113, 0.0, 13294,13326,32
0.0195054, 0.0, 13326,13358,32
0.0134853, 0.0, 13358,13390,32
0.0232866, 0.0, 13390,13419,29
0.023404, 0.0, 13419,13450,31
0.023392, 0.0, 13450,13481,31
0.0211429, 0.0, 13481,13511,30
0.0196681, 0.0, 13511,13542,31
0.0186967, 0.0, 13542,13575,33
0.0169342, 0.0, 13575,13619,44
0.0199315, 0.0, 13619,13650,31
0.0142687, 0.0, 13650,13682,32
0.0161177, 0.0, 13682,13713,31
0.0179789, 0.0, 13713,13744,31
0.0193555, 0.0, 13744,13776,32
0.0127967, 0.0, 13776,13808,32
0.0256001, 0.0, 13808,13840,32
0.0206559, 0.0, 13840,13869,29
0.00808406, 0.0, 13869,13900,31
0.0138647, 0.0, 13900,13932,32
0.0170521, 0.0, 13932,13964,32
0.00885479, 0.0, 13964,13995,31
0.0107036, 0.0, 13995,14025,30
0.0137099, 0.0, 14025,14056,31
0.0123007, 0.0, 14056,14089,33
0.0164598, 0.0, 14089,14120,31
0.022069, 0.0, 14120,14151,31
0.0126282, 0.0, 14151,14183,32
0.00943305, 0.0, 14183,14214,31
0.0135799, 0.0, 14214,14246,32
0.0156378, 0.0, 14246,14276,30
0.0135775, 0.0, 14276,14307,31
0.0116391, 0.0, 14307,14339,32
0.00900298, 0.0, 14339,14369,30
0.0128442, 0.0, 14369,14400,31
0.0123028, 0.0, 14400,14430,30
0.0124207, 0.0, 14430,14461,31
0.0149718, 0.0, 14461,14493,32
0.00838907, 0.0, 14493,14525,32
0.00926441, 0.0, 14525,14557,32
0.0119976, 0.0, 14557,14589,32
0.00546399, 0.0, 14589,14621,32
0.0201291, 0.0, 14621,14651,30
0.0171278, 0.0, 14651,14684,33
0.0104461, 0.0, 14684,14713,29
0.0176605, 0.0, 14713,14745,32
0.0150272, 0.0, 14745,14777,32
0.00809366, 0.0, 14777,14809,32
0.00799161, 0.0, 14809,14842,33
0.0167137, 0.0, 14842,14874,32
0.00964226, 0.0, 14874,14904,30
0.011761, 0.0, 14904,14934,30
0.00745605, 0.0, 14934,14966,32
0.00419232, 0.0, 14966,14996,30
0.00842515, 0.0, 14996,15027,31
0.00614065, 0.0, 15027,15058,31
0.00504667, 0.0, 15058,15088,30
0.0040269, 0.0, 15088,15120,32
0.00885544, 0.0, 15120,15152,32
0.00947317, 0.0, 15152,15182,30
0.00335457, 0.0, 15182,15214,32
0.00212097, 0.0, 15214,15244,30
0.00197046, 0.0, 15244,15275,31
0.00158129, 0.0, 15275,15307,32
0.00100241, 0.0, 15307,15337,30
0.001362, 0.0, 15337,15368,31
0.00181078, 0.0, 15368,15401,33
0.00189116, 0.0, 15401,15434,33
0.0016372, 0.0, 15434,15464,30
0.00121271, 0.0, 15464,15496,32
0.00110497, 0.0, 15496,15527,31
0.00379272, 0.0, 15527,15557,30
0.00366769, 0.0, 15557,15588,31
0.00132527, 0.0, 15588,15619,31
0.000896599, 0.0, 15619,15651,32
0.00143, 0.0, 15651,15683,32
0.00135445, 0.0, 15683,15713,30
0.00132091, 0.0, 15713,15744,31
0.000818473, 0.0, 15744,15775,31
0.00136802, 0.0, 15775,15805,30
0.0013623, 0.0, 15805,15836,31
0.00476302, 0.0, 15836,15866,30
0.00549168, 0.0, 15866,15896,30
0.00139378, 0.0, 15896,15927,31
0.0020962, 0.0, 15927,15959,32
0.00165162, 0.0, 15959,15990,31
0.00235937, 0.0, 15990,16020,30
0.00171923, 0.0, 16020,16052,32
0.00181994, 0.0, 16052,16083,31
0.00181549, 0.0, 16083,16114,31
0.00315357, 0.0, 16114,16145,31
0.0101799, 0.0, 16145,16176,31
0.00444214, 0.0, 16176,16209,33
0.00277871, 0.0, 16209,16240,31
0.00536812, 0.0, 16240,16272,32
0.0043526, 0.0, 16272,16304,32
0.00381821, 0.0, 16304,16336,32
0.00663716, 0.0, 16336,16365,29
0.0077626, 0.0, 16365,16396,31
0.00557897, 0.0, 16396,16427,31
0.00647089, 0.0, 16427,16459,32
0.0112266, 0.0, 16459,16489,30
0.0288928, 0.0, 16489,16521,32
0.0210108, 0.0, 16521,16552,31
0.0052827, 0.0, 16552,16582,30
0.0045717, 0.0, 16582,16612,30
0.00337383, 0.0, 16612,16643,31
0.00392573, 0.0, 16643,16674,31
0.00398289, 0.0, 16674,16706,32
0.00439242, 0.0, 16706,16738,32
0.00503214, 0.0, 16738,16769,31
0.0118058, 0.0, 16769,16802,33
0.0117597, 0.0, 16802,16833,31
0.00929976, 0.0, 16833,16866,33
0.00963364, 0.0, 16866,16897,31
0.00764921, 0.0, 16897,16928,31
0.0060553, 0.0, 16928,16960,32
0.00773476, 0.0, 16960,16989,29
0.00610329, 0.0, 16989,17021,32
0.0123908, 0.0, 17021,17053,32
0.0136973, 0.0, 17053,17083,30
0.00618979, 0.0, 17083,17114,31
0.00327785, 0.0, 17114,17145,31
0.00404351, 0.0, 17145,17175,30
0.00383091, 0.0, 17175,17205,30
0.00279621, 0.0, 17205,17237,32
0.00739672, 0.0, 17237,17268,31
0.00716217, 0.0, 17268,17301,33
0.00340157, 0.0, 17301,17332,31
0.00316662, 0.0, 17332,17363,31
0.00385431, 0.0, 17363,17395,32
0.00481437, 0.0, 17395,17429,34
0.00301619, 0.0, 17429,17456,27
0.00903142, 0.0, 17456,17487,31
0.00499707, 0.0, 17487,17518,31
0.00486105, 0.0, 17518,17548,30
0.00437863, 0.0, 17548,17579,31
0.00290362, 0.0, 17579,17611,32
0.00402001, 0.0, 17611,17640,29
0.00424775, 0.0, 17640,17672,32
0.00362469, 0.0, 17672,17705,33
0.002141, 0.0, 17705,17736,31
0.00199965, 0.0, 17736,17768,32
0.00254348, 0.0, 17768,17801,33
0.00245508, 0.0, 17801,17832,31
0.00105857, 0.0, 17832,17863,31
0.00766073, 0.0, 17863,17893,30
0.00782124, 0.0, 17893,17924,31
0.00114958, 0.0, 17924,17956,32
0.00248332, 0.0, 17956,17986,30
0.00187838, 0.0, 17986,18018,32
0.00353801, 0.0, 18018,18049,31
0.00379284, 0.0, 18049,18078,29
0.00407008, 0.0, 18078,18109,31
0.00242722, 0.0, 18109,18139,30
0.0023604, 0.0, 18139,18170,31
0.00598373, 0.0, 18170,18201,31
0.00412806, 0.0, 18201,18233,32
0.00321205, 0.0, 18233,18264,31
0.0038662, 0.0, 18264,18295,31
0.0014337, 0.0, 18295,18326,31
0.00317617, 0.0, 18326,18357,31
0.00379129, 0.0, 18357,18387,30
0.004145, 0.0, 18387,18417,30
0.00748452, 0.0, 18417,18450,33
0.00686097, 0.0, 18450,18482,32
0.00422788, 0.0, 18482,18527,45
0.00634112, 0.0, 18527,18558,31
0.00502691, 0.0, 18558,18590,32
0.0071589, 0.0, 18590,18622,32
0.00761695, 0.0, 18622,18655,33
0.00436727, 0.0, 18655,18687,32
0.0119726, 0.0, 18687,18718,31
0.0207911, 0.0, 18718,18749,31
0.0192173, 0.0, 18749,18781,32
0.0241133, 0.0, 18781,18813,32
0.0241906, 0.0, 18813,18843,30
0.0125519, 0.0, 18843,18875,32
0.00537209, 0.0, 18875,18907,32
0.00499696, 0.0, 18907,18937,30
0.00525745, 0.0, 18937,18967,30
0.00147253, 0.0, 18967,18998,31
0.00143391, 0.0, 18998,19030,32
0.00244691, 0.0, 19030,19060,30
0.000861243, 0.0, 19060,19092,32
0.0017925, 0.0, 19092,19121,29
0.00201199, 0.0, 19121,19152,31
0.00144841, 0.0, 19152,19183,31
0.00105194, 0.0, 19183,19213,30
0.00195575, 0.0, 19213,19244,31
0.001375, 0.0, 19244,19275,31
0.00192673, 0.0, 19275,19306,31
0.00178059, 0.0, 19306,19338,32
0.000874111, 0.0, 19338,19370,32
0.00115758, 0.0, 19370,19402,32
0.00114427, 0.0, 19402,19434,32
0.000914175, 0.0, 19434,19466,32
0.0020335, 0.0, 19466,19497,31
0.00166907, 0.0, 19497,19527,30
0.00148808, 0.0, 19527,19558,31
0.00175717, 0.0, 19558,19588,30
0.00151224, 0.0, 19588,19620,32
0.00111291, 0.0, 19620,19652,32
0.00080901, 0.0, 19652,19684,32
0.000789672, 0.0, 19684,19715,31
0.000863373, 0.0, 19715,19756,41
0.00162729, 0.0, 19756,19792,36
0.00217691, 0.0, 19792,19823,31
0.00215041, 0.0, 19823,19853,30
0.00180254, 0.0, 19853,19884,31
0.00141828, 0.0, 19884,19916,32
0.00188694, 0.0, 19916,19947,31
0.00101701, 0.0, 19947,19979,32
0.000838275, 0.0, 19979,20009,30
0.00194259, 0.0, 20009,20040,31
0.00183729, 0.0, 20040,20070,30
0.00118767, 0.0, 20070,20101,31
0.00102154, 0.0, 20101,20133,32
0.00137085, 0.0, 20133,20164,31
0.00110586, 0.0, 20164,20195,31
0.000716896, 0.0, 20195,20225,30
0.00110828, 0.0, 20225,20256,31
0.000735958, 0.0, 20256,20287,31
0.000698652, 0.0, 20287,20318,31
0.00188304, 0.0, 20318,20350,32
0.00327412, 0.0, 20350,20381,31
0.00210064, 0.0, 20381,20410,29
0.00183479, 0.0, 20410,20442,32
0.00180511, 0.0, 20442,20472,30
0.00238446, 0.0, 20472,20502,30
0.0012808, 0.0, 20502,20536,34
0.00255491, 0.0, 20536,20569,33
0.00182464, 0.0, 20569,20597,28
0.00151327, 0.0, 20597,20629,32
0.00124261, 0.0, 20629,20661,32
0.00137468, 0.0, 20661,20693,32
0.00121942, 0.0, 20693,20725,32
0.00103377, 0.0, 20725,20757,32
0.00129684, 0.0, 20757,20788,31
0.00222377, 0.0, 20788,20818,30
0.00178937, 0.0, 20818,20850,32
0.00093961, 0.0, 20850,20880,30
0.00106657, 0.0, 20880,20911,31
0.00147059, 0.0, 20911,20943,32
0.00229941, 0.0, 20943,20975,32
0.00228289, 0.0, 20975,21005,30
0.00197511, 0.0, 21005,21035,30
0.00154263, 0.0, 21035,21068,33
0.00166246, 0.0, 21068,21099,31
0.00135795, 0.0, 21099,21130,31
0.000890135, 0.0, 21130,21161,31
0.00133331, 0.0, 21161,21193,32
0.00161737, 0.0, 21193,21225,32
0.00111081, 0.0, 21225,21256,31
0.00164697, 0.0, 21256,21287,31
0.00201995, 0.0, 21287,21318,31
0.00134998, 0.0, 21318,21350,32
0.00163833, 0.0, 21350,21380,30
0.0019281, 0.0, 21380,21412,32
0.00130963, 0.0, 21412,21444,32
0.000900287, 0.0, 21444,21474,30
0.000952378, 0.0, 21474,21504,30
0.000595772, 0.0, 21504,21536,32
0.00119847, 0.0, 21536,21567,31
0.000977003, 0.0, 21567,21599,32
0.00224709, 0.0, 21599,21630,31
0.00199672, 0.0, 21630,21662,32
0.00104314, 0.0, 21662,21694,32
0.00105965, 0.0, 21694,21726,32
0.00239814, 0.0, 21726,21759,33
0.00402684, 0.0, 21759,21789,30
0.00626517, 0.0, 21789,21820,31
0.0129997, 0.0, 21820,21851,31
0.0100452, 0.0, 21851,21880,29
0.00702807, 0.0, 21880,21911,31
0.00950329, 0.0, 21911,21942,31
0.0144863, 0.0, 21942,21974,32
0.011694, 0.0, 21974,22005,31
0.0149862, 0.0, 22005,22036,31
0.0113843, 0.0, 22036,22068,32
0.0104365, 0.0, 22068,22098,30
0.0214178, 0.0, 22098,22128,30
0.0253376, 0.0, 22128,22160,32
0.0309568, 0.0, 22160,22192,32
0.0272905, 0.0, 22192,22224,32
0.022301, 0.0, 22224,22256,32
0.0215388, 0.0, 22256,22286,30
0.0152243, 0.0, 22286,22317,31
0.0103636, 0.0, 22317,22348,31
0.0162871, 0.0, 22348,22379,31
0.0130413, 0.0, 22379,22411,32
0.0243939, 0.0, 22411,22440,29
0.0141128, 0.0, 22440,22473,33
0.0169878, 0.0, 22473,22503,30
0.0129176, 0.0, 22503,22534,31
0.0128574, 0.0, 22534,22564,30
0.0158467, 0.0, 22564,22596,32
0.0160143, 0.0, 22596,22627,31
0.0256922, 0.0, 22627,22659,32
0.0250467, 0.0, 22659,22690,31
0.0210021, 0.0, 22690,22720,30
0.0146728, 0.0, 22720,22751,31
0.0207393, 0.0, 22751,22783,32
0.0339018, 0.0, 22783,22815,32
0.038038, 0.0, 22815,22846,31
0.0193812, 0.0, 22846,22878,32
0.0206946, 0.0, 22878,22908,30
0.0266635, 0.0, 22908,22939,31
0.0312152, 0.0, 22939,22971,32
0.0347878, 0.0, 22971,23001,30
0.0208062, 0.0, 23001,23033,32
0.0312679, 0.0, 23033,23065,32
0.0376113, 0.0, 23065,23095,30
0.0240292, 0.0, 23095,23126,31
0.0195363, 0.0, 23126,23157,31
0.027025, 0.0, 23157,23188,31
0.0174139, 0.0, 23188,23219,31
0.0211003, 0.0, 23219,23249,30
0.0201276, 0.0, 23249,23280,31
0.0368295, 0.0, 23280,23312,32
0.0237317, 0.0, 23312,23343,31
0.0233456, 0.0, 23343,23373,30
0.0195368, 0.0, 23373,23405,32
0.0276128, 0.0, 23405,23436,31
0.0215511, 0.0, 23436,23466,30
0.0254641, 0.0, 23466,23497,31
0.0373473, 0.0, 23497,23529,32
0.0213741, 0.0, 23529,23561,32
0.0370147, 0.0, 23561,23594,33
0.0261637, 0.0, 23594,23626,32
0.0176914, 0.0, 23626,23656,30
0.012845, 0.0, 23656,23687,31
0.0216776, 0.0, 23687,23719,32
0.0241233, 0.0, 23719,23749,30
0.0191866, 0.0, 23749,23780,31
0.0198822, 0.0, 23780,23812,32
0.0174165, 0.0, 23812,23844,32
0.0153858, 0.0, 23844,23875,31
0.00893885, 0.0, 23875,23906,31
0.0151528, 0.0, 23906,23939,33
0.0133067, 0.0, 23939,23983,44
0.0176515, 0.0, 23983,24014,31
0.0195428, 0.0, 24014,24044,30
0.0128468, 0.0, 24044,24074,30
0.0147639, 0.0, 24074,24105,31
0.0119817, 0.0, 24105,24137,32
0.0263743, 0.0, 24137,24167,30
0.0176956, 0.0, 24167,24198,31
0.0150475, 0.0, 24198,24229,31
0.0111216, 0.0, 24229,24261,32
0.0107914, 0.0, 24261,24292,31
0.00884115, 0.0, 24292,24323,31
0.0122648, 0.0, 24323,24353,30
0.0148268, 0.0, 24353,24384,31
0.00900296, 0.0, 24384,24415,31
0.0125581, 0.0, 24415,24447,32
0.0139592, 0.0, 24447,24479,32
0.0136251, 0.0, 24479,24509,30
0.015959, 0.0, 24509,24540,31
0.0132049, 0.0, 24540,24572,32
0.0139315, 0.0, 24572,24605,33
0.0142992, 0.0, 24605,24635,30
0.0135727, 0.0, 24635,24667,32
0.0110491, 0.0, 24667,24699,32
0.0175353, 0.0, 24699,24730,31
0.0104565, 0.0, 24730,24762,32
0.00941099, 0.0, 24762,24793,31
0.00769764, 0.0, 24793,24824,31
0.0189475, 0.0, 24824,24855,31
0.0123621, 0.0, 24855,24886,31
0.0133428, 0.0, 24886,24918,32
0.0128204, 0.0, 24918,24950,32
0.0100511, 0.0, 24950,24980,30
0.0124102, 0.0, 24980,25012,32
0.00694659, 0.0, 25012,25044,32
0.00577728, 0.0, 25044,25074,30
0.0115084, 0.0, 25074,25106,32
0.00778673, 0.0, 25106,25137,31
0.0113413, 0.0, 25137,25167,30
0.0238116, 0.0, 25167,25199,32
0.0159396, 0.0, 25199,25230,31
0.0111003, 0.0, 25230,25262,32
0.00247919, 0.0, 25262,25293,31
0.00255287, 0.0, 25293,25324,31
0.00306085, 0.0, 25324,25356,32
0.00195709, 0.0, 25356,25385,29
0.00762476, 0.0, 25385,25417,32
0.0043915, 0.0, 25417,25448,31
0.00330552, 0.0, 25448,25479,31
0.00268268, 0.0, 25479,25509,30
0.00227878, 0.0, 25509,25539,30
0.00123977, 0.0, 25539,25571,32
0.00113866, 0.0, 25571,25602,31
0.00125206, 0.0, 25602,25633,31
0.00287452, 0.0, 25633,25665,32
0.0015373, 0.0, 25665,25696,31
0.00103536, 0.0, 25696,25726,30
0.00129502, 0.0, 25726,25758,32
0.00463101, 0.0, 25758,25788,30
0.00318662, 0.0, 25788,25820,32
0.0024459, 0.0, 25820,25850,30
0.00155506, 0.0, 25850,25881,31
0.00129272, 0.0, 25881,25913,32
0.00137644, 0.0, 25913,25944,31
0.00176001, 0.0, 25944,25977,33
0.00155588, 0.0, 25977,26007,30
0.001814, 0.0, 26007,26037,30
0.00472054, 0.0, 26037,26069,32
0.00617261, 0.0, 26069,26099,30
0.00349886, 0.0, 26099,26131,32
0.00282674, 0.0, 26131,26162,31
0.00191542, 0.0, 26162,26194,32
0.00170669, 0.0, 26194,26225,31
0.00216978, 0.0, 26225,26258,33
0.00273743, 0.0, 26258,26289,31
0.00205933, 0.0, 26289,26317,28
0.00339519, 0.0, 26317,26348,31
0.00229693, 0.0, 26348,26378,30
0.00217453, 0.0, 26378,26410,32
0.00243556, 0.0, 26410,26441,31
0.00297409, 0.0, 26441,26471,30
0.00524796, 0.0, 26471,26501,30
0.00228341, 0.0, 26501,26532,31
0.00235478, 0.0, 26532,26564,32
0.00209704, 0.0, 26564,26594,30
0.01038, 0.0, 26594,26626,32
0.00571151, 0.0, 26626,26657,31
0.00407392, 0.0, 26657,26689,32
0.0184285, 0.0, 26689,26719,30
0.0115766, 0.0, 26719,26778,59
0.00613302, 0.0, 26778,26817,39
0.00640797, 0.0, 26817,26860,43
0.00402717, 0.0, 26860,26890,30
0.00420042, 0.0, 26890,26921,31
0.00423713, 0.0, 26921,26952,31
0.00510084, 0.0, 26952,26982,30
0.00449296, 0.0, 26982,27014,32
0.00352989, 0.0, 27014,27044,30
0.00937516, 0.0, 27044,27075,31
0.00856318, 0.0, 27075,27105,30
0.00571799, 0.0, 27105,27136,31
0.0049293, 0.0, 27136,27166,30
0.00640387, 0.0, 27166,27197,31
0.00877075, 0.0, 27197,27227,30
0.00951878, 0.0, 27227,27259,32
0.00894289, 0.0, 27259,27290,31
0.0054939, 0.0, 27290,27320,30
0.00506908, 0.0, 27320,27353,33
0.00420492, 0.0, 27353,27382,29
0.00208927, 0.0, 27382,27415,33
0.00219493, 0.0, 27415,27445,30
0.0171863, 0.0, 27445,27477,32
0.0202711, 0.0, 27477,27507,30
0.00580066, 0.0, 27507,27537,30
0.00460296, 0.0, 27537,27568,31
0.0105462, 0.0, 27568,27599,31
0.0106848, 0.0, 27599,27631,32
0.00538971, 0.0, 27631,27662,31
0.00552199, 0.0, 27662,27693,31
0.00940238, 0.0, 27693,27725,32
0.00719729, 0.0, 27725,27755,30
0.0119382, 0.0, 27755,27787,32
0.0060391, 0.0, 27787,27817,30
0.00573715, 0.0, 27817,27848,31
0.00913508, 0.0, 27848,27878,30
0.0150611, 0.0, 27878,27910,32
0.00939387, 0.0, 27910,27941,31
0.0104347, 0.0, 27941,27971,30
0.0139867, 0.0, 27971,28002,31
0.01123, 0.0, 28002,28035,33
0.00831856, 0.0, 28035,28066,31
0.0110804, 0.0, 28066,28097,31
0.00938563, 0.0, 28097,28129,32
0.0095853, 0.0, 28129,28160,31
0.0348793, 0.0, 28160,28190,30
0.0193454, 0.0, 28190,28222,32
0.0224465, 0.0, 28222,28254,32
0.0132127, 0.0, 28254,28287,33
0.00905611, 0.0, 28287,28318,31
0.0030506, 0.0, 28318,28351,33
0.00266222, 0.0, 28351,28384,33
0.00355378, 0.0, 28384,28412,28
0.00320902, 0.0, 28412,28444,32
0.00157946, 0.0, 28444,28474,30
0.000822474, 0.0, 28474,28506,32
0.00107428, 0.0, 28506,28537,31
0.000823815, 0.0, 28537,28569,32
0.00116663, 0.0, 28569,28600,31
0.000848835, 0.0, 28600,28632,32
0.000520118, 0.0, 28632,28663,31
0.000856226, 0.0, 28663,28694,31
0.000806896, 0.0, 28694,28725,31
0.00099594, 0.0, 28725,28757,32
0.00150423, 0.0, 28757,28787,30
0.000956938, 0.0, 28787,28819,32
0.0012677, 0.0, 28819,28850,31
0.000622272, 0.0, 28850,28882,32
0.00082468, 0.0, 28882,28914,32
0.0013255, 0.0, 28914,28943,29
0.00127329, 0.0, 28943,28973,30
0.00164619, 0.0, 28973,29009,36
0.000920063, 0.0, 29009,29036,27
0.00218638, 0.0, 29036,29068,32
0.0014674, 0.0, 29068,29098,30
0.00116669, 0.0, 29098,29128,30
0.000909678, 0.0, 29128,29160,32
0.000834039, 0.0, 29160,29190,30
0.00104403, 0.0, 29190,29222,32
0.000658483, 0.0, 29222,29254,32
0.000734128, 0.0, 29254,29286,32
0.000877055, 0.0, 29286,29316,30
0.000586666, 0.0, 29316,29347,31
0.00149837, 0.0, 29347,29377,30
0.00191082, 0.0, 29377,29408,31
0.00173539, 0.0, 29408,29439,31
0.00214143, 0.0, 29439,29469,30
0.00144104, 0.0, 29469,29500,31
0.00176191, 0.0, 29500,29530,30
0.00194903, 0.0, 29530,29561,31
0.00213043, 0.0, 29561,29593,32
0.00135242, 0.0, 29593,29625,32
0.00126204, 0.0, 29625,29655,30
0.00102008, 0.0, 29655,29687,32
0.00116845, 0.0, 29687,29719,32
0.00134422, 0.0, 29719,29749,30
0.00173176, 0.0, 29749,29781,32
0.00138328, 0.0, 29781,29813,32
0.000971439, 0.0, 29813,29846,33
0.00102871, 0.0, 29846,29875,29
0.001769, 0.0, 29875,29906,31
0.00247496, 0.0, 29906,29938,32
0.00370767, 0.0, 29938,29969,31
0.00268996, 0.0, 29969,30001,32
0.00263001, 0.0, 30001,30034,33
0.00261246, 0.0, 30034,30065,31
0.00105041, 0.0, 30065,30095,30
0.00165483, 0.0, 30095,30127,32
0.00161759, 0.0, 30127,30160,33
0.00251186, 0.0, 30160,30191,31
0.00169604, 0.0, 30191,30223,32
0.00116736, 0.0, 30223,30256,33
0.00110055, 0.0, 30256,30286,30
0.00221004, 0.0, 30286,30318,32
0.00145231, 0.0, 30318,30348,30
0.00159895, 0.0, 30348,30380,32
0.000940469, 0.0, 30380,30412,32
0.00228558, 0.0, 30412,30443,31
0.00262118, 0.0, 30443,30475,32
0.00364817, 0.0, 30475,30505,30
0.000954247, 0.0, 30505,30536,31
0.00161011, 0.0, 30536,30568,32
0.00139544, 0.0, 30568,30599,31
0.00120497, 0.0, 30599,30630,31
0.000956479, 0.0, 30630,30661,31
0.000971361, 0.0, 30661,30692,31
0.00134079, 0.0, 30692,30722,30
0.00101963, 0.0, 30722,30753,31
0.00117618, 0.0, 30753,30785,32
0.0014543, 0.0, 30785,30817,32
0.00121107, 0.0, 30817,30849,32
0.00107802, 0.0, 30849,30878,29
0.00131695, 0.0, 30878,30909,31
0.001369, 0.0, 30909,30939,30
0.000937507, 0.0, 30939,30971,32
0.00109187, 0.0, 30971,31003,32
0.0010889, 0.0, 31003,31035,32
0.00180911, 0.0, 31035,31065,30
0.00150403, 0.0, 31065,31095,30
0.00153309, 0.0, 31095,31126,31
0.00152409, 0.0, 31126,31157,31
0.00106524, 0.0, 31157,31187,30
0.00129304, 0.0, 31187,31218,31
0.00152672, 0.0, 31218,31251,33
0.00109389, 0.0, 31251,31280,29
0.000946578, 0.0, 31280,31311,31
0.00079612, 0.0, 31311,31342,31
0.00196579, 0.0, 31342,31374,32
0.00297212, 0.0, 31374,31406,32
0.00173372, 0.0, 31406,31437,31
0.00259815, 0.0, 31437,31467,30
0.00176777, 0.0, 31467,31499,32
0.00282479, 0.0, 31499,31530,31
0.00688427, 0.0, 31530,31562,32
0.00368616, 0.0, 31562,31591,29
0.00562242, 0.0, 31591,31622,31
0.0108814, 0.0, 31622,31652,30
0.013795, 0.0, 31652,31684,32
0.00518691, 0.0, 31684,31714,30
0.00796876, 0.0, 31714,31744,30
0.0086365, 0.0, 31744,31777,33
0.00971116, 0.0, 31777,31807,30
0.0125126, 0.0, 31807,31838,31
0.0107781, 0.0, 31838,31869,31
0.0121683, 0.0, 31869,31901,32
0.0115204, 0.0, 31901,31932,31
0.0133428, 0.0, 31932,31964,32
0.0374689, 0.0, 31964,31995,31
0.0123758, 0.0, 31995,32031,36
0.00692919, 0.0, 32031,32072,41
0.0133577, 0.0, 32072,32101,29
0.016674, 0.0, 32101,32133,32
0.0163116, 0.0, 32133,32164,31
0.0181835, 0.0, 32164,32195,31
0.027896, 0.0, 32195,32225,30
0.0244511, 0.0, 32225,32255,30
0.0211897, 0.0, 32255,32288,33
0.0196844, 0.0, 32288,32331,43
0.0215851, 0.0, 32331,32361,30
0.0217125, 0.0, 32361,32392,31
0.0128917, 0.0, 32392,32423,31
0.0231248, 0.0, 32423,32452,29
0.015416, 0.0, 32452,32484,32
0.0182045, 0.0, 32484,32516,32
0.0176709, 0.0, 32516,32548,32
0.0302592, 0.0, 32548,32578,30
0.0197357, 0.0, 32578,32658,80
0.0157857, 0.0, 32658,32688,30
0.0223695, 0.0, 32688,32719,31
0.0226092, 0.0, 32719,32753,34
0.0211902, 0.0, 32753,32782,29
0.0150665, 0.0, 32782,32814,32
0.0180042, 0.0, 32814,32846,32
0.0314666, 0.0, 32846,32878,32
0.0338406, 0.0, 32878,32910,32
0.0226348, 0.0, 32910,32940,30
0.024231, 0.0, 32940,32971,31
0.0245383, 0.0, 32971,33002,31
0.022624, 0.0, 33002,33032,30
0.0193144, 0.0, 33032,33062,30
0.0183145, 0.0, 33062,33093,31
0.0201053, 0.0, 33093,33124,31
0.0295854, 0.0, 33124,33154,30
0.0258085, 0.0, 33154,33187,33
0.028797, 0.0, 33187,33231,44
0.0187485, 0.0, 33231,33263,32
0.0244433, 0.0, 33263,33295,32
0.0191343, 0.0, 33295,33326,31
0.0184929, 0.0, 33326,33356,30
0.0180466, 0.0, 33356,33388,32
0.030404, 0.0, 33388,33420,32
0.0412117, 0.0, 33420,33449,29
0.0260112, 0.0, 33449,33480,31
0.0196039, 0.0, 33480,33511,31
0.019234, 0.0, 33511,33542,31
0.0209397, 0.0, 33542,33575,33
0.0184449, 0.0, 33575,33609,34
0.0249024, 0.0, 33609,33655,46
0.0237382, 0.0, 33655,33699,44
0.0269799, 0.0, 33699,33731,32
0.0118118, 0.0, 33731,33762,31
0.0266606, 0.0, 33762,33793,31
0.0210921, 0.0, 33793,33824,31
0.0129719, 0.0, 33824,33855,31
0.022158, 0.0, 33855,33887,32
0.012222, 0.0, 33887,33919,32
0.0128326, 0.0, 33919,33951,32
0.0191676, 0.0, 33951,33982,31
0.0222284, 0.0, 33982,34012,30
0.0134951, 0.0, 34012,34044,32
0.0113532, 0.0, 34044,34076,32
0.00760324, 0.0, 34076,34107,31
0.00890309, 0.0, 34107,34139,32
0.00919923, 0.0, 34139,34170,31
0.0111835, 0.0, 34170,34199,29
0.01679, 0.0, 34199,34232,33
0.0156618, 0.0, 34232,34276,44
0.013293, 0.0, 34276,34307,31
0.0101971, 0.0, 34307,34339,32
0.0112578, 0.0, 34339,34370,31
0.0137493, 0.0, 34370,34400,30
0.0175887, 0.0, 34400,34431,31
0.0134371, 0.0, 34431,34461,30
0.0115471, 0.0, 34461,34493,32
0.0198409, 0.0, 34493,34523,30
0.0149609, 0.0, 34523,34554,31
0.0153456, 0.0, 34554,34588,34
0.0169291, 0.0, 34588,34621,33
0.0148227, 0.0, 34621,34650,29
0.0188351, 0.0, 34650,34682,32
0.00801575, 0.0, 34682,34711,29
0.0220742, 0.0, 34711,34742,31
0.0152617, 0.0, 34742,34773,31
0.00968661, 0.0, 34773,34804,31
0.0106555, 0.0, 34804,34835,31
0.00900776, 0.0, 34835,34866,31
0.0167905, 0.0, 34866,34896,30
0.0184545, 0.0, 34896,34929,33
0.00659122, 0.0, 34929,34960,31
0.00858498, 0.0, 34960,34993,33
0.0100048, 0.0, 34993,35024,31
0.00402321, 0.0, 35024,35055,31
0.00187129, 0.0, 35055,35085,30
0.0141451, 0.0, 35085,35116,31
0.01192, 0.0, 35116,35150,34
0.00588676, 0.0, 35150,35180,30
0.00309161, 0.0, 35180,35209,29
0.00274045, 0.0, 35209,35241,32
0.0016376, 0.0, 35241,35273,32
0.000991905, 0.0, 35273,35304,31
0.00120387, 0.0, 35304,35333,29
0.00145916, 0.0, 35333,35364,31
0.00174372, 0.0, 35364,35394,30
0.00306579, 0.0, 35394,35426,32
0.00554393, 0.0, 35426,35458,32
0.00445495, 0.0, 35458,35490,32
0.00435921, 0.0, 35490,35521,31
0.00175388, 0.0, 35521,35558,37
0.00116931, 0.0, 35558,35598,40
0.00134338, 0.0, 35598,35629,31
0.00161566, 0.0, 35629,35658,29
0.00122557, 0.0, 35658,35688,30
0.00119672, 0.0, 35688,35721,33
0.00180445, 0.0, 35721,35751,30
0.00189226, 0.0, 35751,35781,30
0.00164911, 0.0, 35781,35812,31
0.00145762, 0.0, 35812,35843,31
0.00156855, 0.0, 35843,35873,30
0.00145413, 0.0, 35873,35906,33
0.00223212, 0.0, 35906,35937,31
0.00204555, 0.0, 35937,35967,30
0.00195313, 0.0, 35967,35998,31
0.0052122, 0.0, 35998,36028,30
0.00945207, 0.0, 36028,36060,32
0.0119419, 0.0, 36060,36090,30
0.015626, 0.0, 36090,36122,32
0.00672579, 0.0, 36122,36153,31
0.00712474, 0.0, 36153,36183,30
0.00681762, 0.0, 36183,36214,31
0.00658855, 0.0, 36214,36245,31
0.0154688, 0.0, 36245,36280,35
0.00841049, 0.0, 36280,36359,79
0.0107145, 0.0, 36359,36416,57
0.0100253, 0.0, 36416,36472,56
0.00890632, 0.0, 36472,36530,58
0.00754624, 0.0, 36530,36568,38
0.00414183, 0.0, 36568,36604,36
0.00345645, 0.0, 36604,36636,32
0.0113492, 0.0, 36636,36667,31
0.00672806, 0.0, 36667,36699,32
0.00835258, 0.0, 36699,36731,32
0.0144537, 0.0, 36731,36765,34
0.0120357, 0.0, 36765,36792,27
0.0111828, 0.0, 36792,36842,50
0.00610645, 0.0, 36842,36895,53
0.00630469, 0.0, 36895,37000,105
0.00707941, 0.0, 37000,37059,59
0.00849445, 0.0, 37059,37161,102
0.00488322, 0.0, 37161,37229,68
0.0118515, 0.0, 37229,37277,48
0.00412993, 0.0, 37277,37362,85
0.00297012, 0.0, 37362,37424,62
0.00257057, 0.0, 37424,37481,57
0.00546, 0.0, 37481,37514,33
0.00373973, 0.0, 37514,37550,36
0.00273825, 0.0, 37550,37597,47
0.00253758, 0.0, 37597,37639,42
0.00405323, 0.0, 37639,37670,31
0.00352997, 0.0, 37670,37704,34
0.00117776, 0.0, 37704,37751,47
0.00116329, 0.0, 37751,37794,43
0.00166927, 0.0, 37794,37824,30
0.0020223, 0.0, 37824,37856,32
0.00153862, 0.0, 37856,37889,33
0.00612663, 0.0, 37889,37932,43
0.00523477, 0.0, 37932,37963,31
0.00189884, 0.0, 37963,37993,30
0.00357821, 0.0, 37993,38023,30
0.00462325, 0.0, 38023,38053,30
0.00317422, 0.0, 38053,38083,30
0.00279844, 0.0, 38083,38113,30
0.00522466, 0.0, 38113,38143,30
0.00446917, 0.0, 38143,38173,30
0.00270628, 0.0, 38173,38203,30
0.00447725, 0.0, 38203,38234,31
0.0119736, 0.0, 38234,38266,32
0.0274925, 0.0, 38266,38298,32
0.0101422, 0.0, 38298,38330,32
0.0119461, 0.0, 38330,38363,33
0.0148757, 0.0, 38363,38394,31
0.0087024, 0.0, 38394,38426,32
0.00431119, 0.0, 38426,38459,33
0.00500691, 0.0, 38459,38489,30
0.00863502, 0.0, 38489,38521,32
0.0247628, 0.0, 38521,38552,31
0.0222555, 0.0, 38552,38584,32
0.0113908, 0.0, 38584,38616,32
0.00511285, 0.0, 38616,38649,33
0.0119603, 0.0, 38649,38680,31
0.0255376, 0.0, 38680,38712,32
0.0378297, 0.0, 38712,38744,32
0.0179895, 0.0, 38744,38775,31
0.00963101, 0.0, 38775,38805,30
0.00659869, 0.0, 38805,38834,29
0.00519719, 0.0, 38834,38866,32
0.00457934, 0.0, 38866,38898,32
0.00283804, 0.0, 38898,38929,31
0.00188128, 0.0, 38929,38960,31
0.00270242, 0.0, 38960,39005,45
0.000975003, 0.0, 39005,39037,32
0.00200768, 0.0, 39037,39068,31
0.000972248, 0.0, 39068,39098,30
0.000750294, 0.0, 39098,39130,32
0.000616655, 0.0, 39130,39160,30
0.000662257, 0.0, 39160,39194,34
0.000543653, 0.0, 39194,39222,28
0.000698049, 0.0, 39222,39253,31
0.000483942, 0.0, 39253,39284,31
0.000735421, 0.0, 39284,39314,30
0.000738334, 0.0, 39314,39345,31
0.000853224, 0.0, 39345,39377,32
0.000894839, 0.0, 39377,39409,32
0.00142486, 0.0, 39409,39438,29
0.00086584, 0.0, 39438,39469,31
0.000838332, 0.0, 39469,39500,31
0.000842299, 0.0, 39500,39533,33
0.000788018, 0.0, 39533,39564,31
0.00123683, 0.0, 39564,39596,32
0.000980099, 0.0, 39596,39626,30
0.000664715, 0.0, 39626,39659,33
0.000554291, 0.0, 39659,39688,29
0.000622442, 0.0, 39688,39719,31
0.000807219, 0.0, 39719,39751,32
0.000750345, 0.0, 39751,39783,32
0.0017341, 0.0, 39783,39813,30
0.0011864, 0.0, 39813,39845,32
0.000885214, 0.0, 39845,39877,32
0.000924878, 0.0, 39877,39910,33
0.000601288, 0.0, 39910,39940,30
0.000533524, 0.0, 39940,39972,32
0.000572273, 0.0, 39972,40005,33
0.000893376, 0.0, 40005,40034,29
0.000774135, 0.0, 40034,40067,33
0.000682261, 0.0, 40067,40096,29
0.00087846, 0.0, 40096,40126,30
0.000834645, 0.0, 40126,40159,33
0.000857201, 0.0, 40159,40189,30
0.000566483, 0.0, 40189,40222,33
0.000695765, 0.0, 40222,40254,32
0.000800916, 0.0, 40254,40283,29
0.00149347, 0.0, 40283,40313,30
0.00233656, 0.0, 40313,40344,31
0.00346318, 0.0, 40344,40377,33
0.00207326, 0.0, 40377,40409,32
0.00115019, 0.0, 40409,40447,38
0.00261999, 0.0, 40447,40517,70
0.00178941, 0.0, 40517,40550,33
0.00236377, 0.0, 40550,40580,30
0.00333916, 0.0, 40580,40610,30
0.00365509, 0.0, 40610,40643,33
0.00159583, 0.0, 40643,40673,30
0.00113473, 0.0, 40673,40704,31
0.00112235, 0.0, 40704,40735,31
0.000895297, 0.0, 40735,40767,32
0.00065742, 0.0, 40767,40797,30
0.000843191, 0.0, 40797,40828,31
0.00090932, 0.0, 40828,40860,32
0.000743915, 0.0, 40860,40891,31
0.00169563, 0.0, 40891,40922,31
0.000898564, 0.0, 40922,40954,32
0.000627199, 0.0, 40954,40987,33
0.000772666, 0.0, 40987,41018,31
0.000683894, 0.0, 41018,41053,35
0.000547992, 0.0, 41053,41080,27
0.000647955, 0.0, 41080,41111,31
0.000812587, 0.0, 41111,41141,30
0.000857445, 0.0, 41141,41172,31
0.000883619, 0.0, 41172,41204,32
0.000956299, 0.0, 41204,41236,32
0.000791747, 0.0, 41236,41268,32
0.000980449, 0.0, 41268,41299,31
0.000865823, 0.0, 41299,41329,30
0.000745443, 0.0, 41329,41360,31
0.000682449, 0.0, 41360,41392,32
0.000792809, 0.0, 41392,41425,33
0.000979705, 0.0, 41425,41455,30
0.00115443, 0.0, 41455,41487,32
0.000767992, 0.0, 41487,41518,31
0.000883979, 0.0, 41518,41549,31
0.000933905, 0.0, 41549,41579,30
0.000519465, 0.0, 41579,41611,32
0.000728801, 0.0, 41611,41643,32
0.000640975, 0.0, 41643,41675,32
0.000563649, 0.0, 41675,41708,33
0.00090219, 0.0, 41708,41751,43
0.00076201, 0.0, 41751,41782,31
0.00115503, 0.0, 41782,41813,31
0.000717399, 0.0, 41813,41845,32
0.000817651, 0.0, 41845,41878,33
0.000758093, 0.0, 41878,41909,31
0.000958668, 0.0, 41909,41938,29
0.000784163, 0.0, 41938,41971,33
0.000822857, 0.0, 41971,42001,30
0.000511973, 0.0, 42001,42033,32
0.000766832, 0.0, 42033,42065,32
0.000371334, 0.0, 42065,42097,32
0.000540844, 0.0, 42097,42142,45
0.000831877, 0.0, 42142,42174,32
0.000747819, 0.0, 42174,42218,44
0.000564327, 0.0, 42218,42248,30
0.00110347, 0.0, 42248,42280,32
0.000728904, 0.0, 42280,42312,32
0.00051725, 0.0, 42312,42345,33
0.000641124, 0.0, 42345,42373,28
0.00056487, 0.0, 42373,42404,31
0.000649544, 0.0, 42404,42435,31
0.000636887, 0.0, 42435,42465,30
0.000918804, 0.0, 42465,42496,31
0.000835528, 0.0, 42496,42529,33
0.000710966, 0.0, 42529,42559,30
0.000715516, 0.0, 42559,42590,31
0.00065472, 0.0, 42590,42620,30
0.000667105, 0.0, 42620,42652,32
0.000636128, 0.0, 42652,42683,31
0.000724206, 0.0, 42683,42714,31
0.000776891, 0.0, 42714,42745,31
0.000633504, 0.0, 42745,42777,32
0.00100798, 0.0, 42777,42806,29
0.00077388, 0.0, 42806,42838,32
0.000784165, 0.0, 42838,42870,32
0.00084482, 0.0, 42870,42901,31
0.000641884, 0.0, 42901,42933,32
0.000949615, 0.0, 42933,42962,29
0.00103565, 0.0, 42962,42993,31
0.0010098, 0.0, 42993,43024,31
0.000730748, 0.0, 43024,43054,30
0.000678126, 0.0, 43054,43084,30
0.000763201, 0.0, 43084,43114,30
0.000795588, 0.0, 43114,43145,31
0.000860392, 0.0, 43145,43179,34
0.00080524, 0.0, 43179,43206,27
0.000547571, 0.0, 43206,43238,32
0.000922669, 0.0, 43238,43269,31
0.000739436, 0.0, 43269,43301,32
0.000922639, 0.0, 43301,43332,31
0.000807577, 0.0, 43332,43363,31
0.000923572, 0.0, 43363,43407,44
0.000565201, 0.0, 43407,43440,33
0.000831947, 0.0, 43440,43471,31
0.000692861, 0.0, 43471,43503,32
0.000843746, 0.0, 43503,43535,32
0.000876645, 0.0, 43535,43567,32
0.000626801, 0.0, 43567,43601,34
0.000605886, 0.0, 43601,43631,30
0.000668799, 0.0, 43631,43663,32
0.000563497, 0.0, 43663,43693,30
0.00107469, 0.0, 43693,43724,31
0.000936154, 0.0, 43724,43756,32
0.000699559, 0.0, 43756,43788,32
0.000631689, 0.0, 43788,43820,32
0.000667508, 0.0, 43820,43851,31
0.000700449, 0.0, 43851,43881,30
0.000813742, 0.0, 43881,43913,32
0.000853463, 0.0, 43913,43943,30
0.000667464, 0.0, 43943,43975,32
0.000433648, 0.0, 43975,44006,31
0.000530972, 0.0, 44006,44037,31
0.000823674, 0.0, 44037,44069,32
0.000601596, 0.0, 44069,44100,31
0.000764371, 0.0, 44100,44131,31
0.00082126, 0.0, 44131,44164,33
0.000637557, 0.0, 44164,44195,31
0.000550496, 0.0, 44195,44226,31
0.000799056, 0.0, 44226,44258,32
0.000883289, 0.0, 44258,44291,33
0.000734257, 0.0, 44291,44324,33
0.000497164, 0.0, 44324,44354,30
0.000645674, 0.0, 44354,44384,30
0.000629815, 0.0, 44384,44416,32
0.000911124, 0.0, 44416,44456,40
0.000710048, 0.0, 44456,44494,38
0.000730122, 0.0, 44494,44524,30
0.000751417, 0.0, 44524,44555,31
0.00076121, 0.0, 44555,44588,33
0.000980036, 0.0, 44588,44618,30
0.000811711, 0.0, 44618,44651,33
0.000756528, 0.0, 44651,44682,31
0.0009112, 0.0, 44682,44713,31
0.000747834, 0.0, 44713,44744,31
0.000690886, 0.0, 44744,44775,31
0.000621749, 0.0, 44775,44806,31
0.000750508, 0.0, 44806,44836,30
0.000698158, 0.0, 44836,44867,31
0.000804811, 0.0, 44867,44898,31
0.000722749, 0.0, 44898,44932,34
0.000571891, 0.0, 44932,44973,41
0.000729044, 0.0, 44973,45010,37
0.000800214, 0.0, 45010,45040,30
0.000586728, 0.0, 45040,45071,31
0.000737378, 0.0, 45071,45103,32
0.000663788, 0.0, 45103,45134,31
0.000409468, 0.0, 45134,45165,31
0.000870366, 0.0, 45165,45200,35
0.00043895, 0.0, 45200,45229,29
0.000858745, 0.0, 45229,45260,31
0.000857673, 0.0, 45260,45290,30
0.000758476, 0.0, 45290,45321,31
0.000788542, 0.0, 45321,45351,30
0.00092132, 0.0, 45351,45383,32
0.000881809, 0.0, 45383,45414,31
0.000689056, 0.0, 45414,45470,56
0.000818968, 0.0, 45470,45506,36
0.0009059, 0.0, 45506,45536,30
0.000924118, 0.0, 45536,45568,32
0.000880313, 0.0, 45568,45601,33
0.000767482, 0.0, 45601,45631,30
0.000715719, 0.0, 45631,45662,31
0.000756039, 0.0, 45662,45695,33
0.000779772, 0.0, 45695,45726,31
0.000740799, 0.0, 45726,45758,32
0.000708864, 0.0, 45758,45787,29
0.000594788, 0.0, 45787,45819,32
0.000947837, 0.0, 45819,45850,31
0.000412647, 0.0, 45850,45881,31
0.000939042, 0.0, 45881,45912,31
0.000712019, 0.0, 45912,45943,31
0.000537098, 0.0, 45943,45973,30
0.000602286, 0.0, 45973,46003,30
0.000400774, 0.0, 46003,46035,32
0.00070488, 0.0, 46035,46068,33
0.000718786, 0.0, 46068,46116,48
0.000597243, 0.0, 46116,46165,49
0.000804286, 0.0, 46165,46208,43
0.000710037, 0.0, 46208,46262,54
0.000772007, 0.0, 46262,46308,46
0.000848354, 0.0, 46308,46349,41
0.000644186, 0.0, 46349,46380,31
0.00067525, 0.0, 46380,46410,30
0.000763996, 0.0, 46410,46441,31
0.00072053, 0.0, 46441,46476,35
0.000758358, 0.0, 46476,46503,27
0.000775072, 0.0, 46503,46536,33
0.000850078, 0.0, 46536,46565,29
0.000739276, 0.0, 46565,46596,31
0.000749909, 0.0, 46596,46626,30
0.000562498, 0.0, 46626,46657,31
0.0010332, 0.0, 46657,46689,32
0.00066719, 0.0, 46689,46720,31
0.000671675, 0.0, 46720,46753,33
0.000574834, 0.0, 46753,46782,29
0.000806835, 0.0, 46782,46813,31
0.000890248, 0.0, 46813,46844,31
0.000688636, 0.0, 46844,46875,31
0.000761694, 0.0, 46875,46907,32
0.000527815, 0.0, 46907,46938,31
0.000588581, 0.0, 46938,46970,32
0.000430997, 0.0, 46970,47000,30
0.000619248, 0.0, 47000,47031,31
0.000669551, 0.0, 47031,47061,30
0.000755506, 0.0, 47061,47093,32
0.000875771, 0.0, 47093,47125,32
0.000572564, 0.0, 47125,47156,31
0.000965204, 0.0, 47156,47187,31
0.000926044, 0.0, 47187,47219,32
0.000686227, 0.0, 47219,47252,33
0.00063385, 0.0, 47252,47282,30
0.000718038, 0.0, 47282,47314,32
0.000590714, 0.0, 47314,47348,34
0.000767931, 0.0, 47348,47376,28
0.000713109, 0.0, 47376,47408,32
0.000715304, 0.0, 47408,47440,32
0.000642936, 0.0, 47440,47471,31
0.000461061, 0.0, 47471,47503,32
0.000866644, 0.0, 47503,47533,30
0.000560263, 0.0, 47533,47565,32
0.000687696, 0.0, 47565,47608,43
0.000614266, 0.0, 47608,47642,34
0.000752334, 0.0, 47642,47671,29
0.00069932, 0.0, 47671,47703,32
0.000583648, 0.0, 47703,47733,30
0.000838581, 0.0, 47733,47763,30
0.000910675, 0.0, 47763,47795,32
0.000619306, 0.0, 47795,47828,33
0.000743641, 0.0, 47828,47859,31
0.000564811, 0.0, 47859,47892,33
0.000615913, 0.0, 47892,47924,32
0.000845525, 0.0, 47924,47954,30
0.000722027, 0.0, 47954,47985,31
0.000734313, 0.0, 47985,48025,40
0.000932649, 0.0, 48025,48079,54
0.000803842, 0.0, 48079,48109,30
0.000713972, 0.0, 48109,48139,30
0.000736027, 0.0, 48139,48169,30
0.000749452, 0.0, 48169,48201,32
0.000659303, 0.0, 48201,48231,30
0.000769073, 0.0, 48231,48265,34
0.000633894, 0.0, 48265,48293,28
0.000833097, 0.0, 48293,48324,31
0.000589362, 0.0, 48324,48355,31
0.000570798, 0.0, 48355,48387,32
0.000747813, 0.0, 48387,48419,32
0.00085068, 0.0, 48419,48451,32
0.000873935, 0.0, 48451,48482,31
0.000694566, 0.0, 48482,48513,31
0.000995895, 0.0, 48513,48543,30
0.000595657, 0.0, 48543,48575,32
0.000715574, 0.0, 48575,48607,32
0.000563106, 0.0, 48607,48639,32
0.000603525, 0.0, 48639,48671,32
0.000812306, 0.0, 48671,48702,31
0.000783491, 0.0, 48702,48732,30
0.000806832, 0.0, 48732,48763,31
0.000634482, 0.0, 48763,48796,33
0.00100353, 0.0, 48796,48827,31
0.00105898, 0.0, 48827,48857,30
0.000646541, 0.0, 48857,48889,32
0.000744697, 0.0, 48889,48920,31
0.000593973, 0.0, 48920,48952,32
0.000818809, 0.0, 48952,48982,30
0.000543224, 0.0, 48982,49015,33
0.000839796, 0.0, 49015,49045,30
0.000416412, 0.0, 49045,49079,34
0.000752074, 0.0, 49079,49115,36
0.000630152, 0.0, 49115,49155,40
0.000658662, 0.0, 49155,49186,31
0.000766151, 0.0, 49186,49218,32
0.00053861, 0.0, 49218,49249,31
0.000831279, 0.0, 49249,49280,31
0.000823068, 0.0, 49280,49312,32
0.000644683, 0.0, 49312,49344,32
0.000699462, 0.0, 49344,49374,30
0.000646777, 0.0, 49374,49406,32
0.000779741, 0.0, 49406,49438,32
0.000923553, 0.0, 49438,49468,30
0.000856712, 0.0, 49468,49500,32
0.000777463, 0.0, 49500,49531,31
0.000673178, 0.0, 49531,49565,34
0.000584755, 0.0, 49565,49594,29
0.000678796, 0.0, 49594,49624,30
0.000883558, 0.0, 49624,49657,33
0.000491542, 0.0, 49657,49700,43
0.000659258, 0.0, 49700,49732,32
0.00052022, 0.0, 49732,49763,31
0.000578072, 0.0, 49763,49794,31
0.000692591, 0.0, 49794,49831,37
0.000897301, 0.0, 49831,49875,44
0.000536526, 0.0, 49875,49905,30
0.000697918, 0.0, 49905,49949,44
0.000698212, 0.0, 49949,49980,31
0.000653808, 0.0, 49980,50012,32
0.000853932, 0.0, 50012,50042,30
0.000617864, 0.0, 50042,50074,32
0.000534248, 0.0, 50074,50106,32
0.000702106, 0.0, 50106,50138,32
0.000573987, 0.0, 50138,50170,32
0.00054173, 0.0, 50170,50198,28
0.00082279, 0.0, 50198,50230,32
0.000698745, 0.0, 50230,50262,32
0.000594047, 0.0, 50262,50292,30
0.000612861, 0.0, 50292,50324,32
0.000623865, 0.0, 50324,50354,30
0.000883204, 0.0, 50354,50384,30
0.000707073, 0.0, 50384,50416,32
0.000948778, 0.0, 50416,50448,32
0.000760685, 0.0, 50448,50479,31
0.000938705, 0.0, 50479,50510,31
0.000612927, 0.0, 50510,50541,31
0.000745694, 0.0, 50541,50572,31
0.000719945, 0.0, 50572,50603,31
0.000794971, 0.0, 50603,50635,32
0.000944332, 0.0, 50635,50666,31
0.00109153, 0.0, 50666,50697,31
0.000759125, 0.0, 50697,50729,32
0.000833984, 0.0, 50729,50761,32
0.000607253, 0.0, 50761,50791,30
0.00051795, 0.0, 50791,50822,31
0.000558121, 0.0, 50822,50854,32
0.000637417, 0.0, 50854,50885,31
0.00083767, 0.0, 50885,50915,30
0.000666548, 0.0, 50915,50947,32
0.000697961, 0.0, 50947,50979,32
0.000851189, 0.0, 50979,51010,31
0.000959001, 0.0, 51010,51041,31
0.000574352, 0.0, 51041,51073,32
0.000636142, 0.0, 51073,51105,32
0.000653532, 0.0, 51105,51136,31
0.000732959, 0.0, 51136,51167,31
0.000795976, 0.0, 51167,51203,36
0.000692031, 0.0, 51203,51246,43
