0.111472;
0.105661;
0.111957;
0.11003;
0.109873;
0.109909;
0.109944;
0.107944;
0.107115;
0.105762;
0.109432;
0.10933;
0.10783;
0.108258;
0.10783;
0.108698;
0.110951;
0.122638;
0.106475;
0.107952;
0.110052;
0.109824;
0.106953;
0.107161;
0.106712;
0.10994;
0.109492;
0.111759;
0.108915;
0.106952;
0.108674;
0.109296;
0.108292;
0.108214;
0.106434;
0.109919;
0.10762;
0.108052;
0.107649;
0.10804;
0.109572;
0.10683;
0.10878;
0.109958;
0.109753;
0.111027;
0.108611;
0.10582;
0.108804;
0.111963;
0.109746;
0.107735;
0.107827;
0.108727;
0.106883;
0.110342;
0.109351;
0.110921;
0.109982;
0.107525;
0.106625;
0.107946;
0.111057;
0.106682;
0.107801;
0.106846;
0.109735;
0.106844;
0.111681;
0.108769;
0.109732;
0.106995;
0.108936;
0.107933;
0.110139;
0.107222;
0.107837;
0.106652;
0.110106;
0.111129;
0.110054;
0.10822;
0.109838;
0.109752;
0.108198;
0.111326;
0.10897;
0.106297;
0.110248;
0.11091;
0.107857;
0.10778;
0.108762;
0.108572;
0.109179;
0.110165;
0.107445;
0.107925;
0.109642;
0.111164;
0.106941;
0.110427;
0.109988;
0.111547;
0.10989;
0.110724;
0.10873;
0.107006;
0.109345;
0.110415;
0.108909;
0.109187;
0.111123;
0.109894;
0.105692;
0.106878;
0.108718;
0.107842;
0.109521;
0.112141;
0.107888;
0.107811;
0.111877;
0.10963;
0.109358;
0.106213;
0.113149;
0.109374;
0.109043;
0.108498;
0.108318;
0.108072;
0.10651;
0.107665;
0.109077;
0.10841;
0.111223;
0.109311;
0.106052;
0.109698;
0.106016;
0.11023;
0.108383;
0.106835;
0.108749;
0.111641;
0.109709;
0.112967;
0.10826;
0.109519;
0.109776;
0.110778;
0.107962;
0.107644;
0.109852;
0.108837;
0.108642;
0.108175;
0.110877;
0.105497;
0.106233;
0.107183;
0.10582;
0.108976;
0.10914;
0.110304;
0.109091;
0.10688;
0.113243;
0.107271;
0.108546;
0.108819;
0.109246;
0.106712;
0.109342;
0.108368;
0.105872;
0.105803;
0.111729;
0.109191;
0.108538;
0.109785;
0.10691;
0.109632;
0.109943;
0.107776;
0.10777;
0.106642;
0.109121;
0.107904;
0.107572;
0.108684;
0.106993;
0.109836;
0.107021;
0.106887;
0.110653;
0.10841;
0.110155;
0.106781;
0.109563;
0.10769;
0.111198;
0.10578;
0.10786;
0.107125;
0.109451;
0.105901;
0.107753;
0.108918;
0.108766;
0.107819;
0.108813;
0.1087;
0.107975;
0.107933;
0.107588;
0.109173;
0.10748;
0.110976;
0.106667;
0.109081;
0.107557;
0.107975;
0.1097;
0.10988;
0.109738;
0.110896;
0.107692;
0.1078;
0.106878;
0.10583;
0.109973;
0.109656;
0.112223;
0.108347;
0.107764;
0.107956;
0.108614;
0.108967;
0.111898;
0.108723;
0.110568;
0.108224;
0.107025;
0.109559;
0.10836;
0.109307;
0.10996;
0.108535;
0.108934;
0.109768;
0.107745;
0.106965;
0.11072;
0.108928;
0.106841;
0.105708;
0.107745;
0.111402;
0.106777;
0.108861;
0.111177;
0.111707;
0.10988;
0.109671;
0.110039;
0.107093;
0.107616;
0.110015;
0.10664;
0.109939;
0.108888;
0.113848;
0.108476;
0.111523;
0.106157;
0.109455;
0.10814;
0.10993;
0.108791;
0.110666;
0.108669;
0.10829;
0.107632;
0.106981;
0.1065;
0.109054;
0.109742;
0.110793;
0.109402;
0.109309;
0.109781;
0.109136;
0.111444;
0.106874;
0.10674;
0.108787;
0.108957;
0.108987;
0.108256;
0.111332;
0.108785;
0.107656;
0.107857;
0.110385;
0.107286;
0.107775;
0.106876;
0.105743;
0.108297;
0.109627;
0.107562;
0.106843;
0.108747;
0.106694;
0.107053;
0.109869;
0.109625;
0.10958;
0.110234;
0.111878;
0.120534;
0.107969;
0.109704;
0.111025;
0.106622;
0.109746;
0.107806;
0.107806;
0.110598;
0.108649;
0.109703;
0.105408;
0.107736;
0.107897;
0.110341;
0.109368;
0.107841;
0.106791;
0.111597;
0.109922;
0.106912;
0.107925;
0.108622;
0.108826;
0.110453;
0.1112;
0.109185;
0.107107;
0.10966;
0.111443;
0.107738;
0.105772;
0.10888;
0.108703;
0.10684;
0.110027;
0.113207;
0.109102;
0.109225;
0.109537;
0.108428;
0.109111;
0.107809;
0.110858;
0.108532;
0.108043;
0.109921;
0.108784;
0.111793;
0.106856;
0.108861;
0.111652;
0.109846;
0.109786;
0.107916;
0.109839;
0.107692;
0.112286;
0.108523;
0.110931;
0.110528;
0.109615;
0.109026;
0.108599;
0.108059;
0.106764;
0.108752;
0.109346;
0.109333;
0.107802;
0.10685;
0.108272;
0.107961;
0.110136;
0.107054;
0.11168;
0.107884;
0.111778;
0.112442;
0.108137;
0.1079;
0.109851;
0.108714;
0.106804;
0.106821;
0.10777;
0.116474;
0.11733;
0.108246;
0.107089;
0.107149;
0.107484;
0.110525;
0.10709;
0.107852;
0.106801;
0.109972;
0.107703;
0.107873;
0.109762;
0.109938;
0.106637;
0.107979;
0.106678;
0.109179;
0.108602;
0.110737;
0.11064;
0.10698;
0.107808;
0.108343;
0.109776;
0.109531;
0.107582;
0.106814;
0.108052;
0.106618;
0.10784;
0.110483;
0.107118;
0.109829;
0.109837;
0.10932;
0.108339;
0.107762;
0.108856;
0.10676;
0.11075;
0.106783;
0.109843;
0.107919;
0.106956;
0.107109;
0.109209;
0.106574;
0.106293;
0.10576;
0.111733;
0.108916;
0.111803;
0.109303;
0.110179;
0.110086;
0.106614;
0.106968;
0.109586;
0.106893;
0.107006;
0.108704;
0.109766;
0.106895;
0.107876;
0.108822;
0.106735;
0.108028;
0.107592;
0.106769;
0.110972;
0.107122;
0.107549;
0.108901;
0.1073;
0.10811;
0.108029;
0.109124;
0.10738;
0.108341;
0.109375;
0.109678;
0.108852;
0.106819;
0.109994;
0.108625;
0.109882;
0.107865;
0.112583;
0.105877;
0.109955;
0.109977;
0.111623;
0.105768;
0.110082;
0.106573;
0.108873;
0.109867;
0.108774;
0.107749;
0.106967;
0.110742;
0.10791;
0.107637;
0.108883;
0.10874;
0.108892;
0.10782;
0.11102;
0.108387;
0.110059;
0.108394;
0.108218;
0.106961;
0.110671;
0.108249;
0.109415;
0.109937;
0.107477;
0.108194;
0.10775;
0.106715;
0.107906;
0.110375;
0.12308;
0.10692;
0.107669;
0.113987;
0.104842;
0.106263;
0.109235;
0.108008;
0.108846;
0.11067;
0.109983;
0.106659;
0.107976;
0.109689;
0.10753;
0.110161;
0.106769;
0.108225;
0.110765;
0.109491;
0.112044;
0.107631;
0.10902;
0.10666;
0.106307;
0.109195;
0.11107;
0.109664;
0.109945;
0.109418;
0.109143;
0.110738;
0.109928;
0.109671;
0.1112;
0.107422;
0.106838;
0.107845;
0.106872;
0.108976;
0.106584;
0.108852;
0.108795;
0.111839;
0.106947;
0.110628;
0.112485;
0.107141;
0.109837;
0.105821;
0.110929;
0.109834;
0.110667;
0.110707;
0.107937;
0.107204;
0.10649;
0.1108;
0.108836;
0.108788;
0.108823;
0.108781;
0.11088;
0.110103;
0.111708;
0.106583;
0.109731;
0.10891;
0.109981;
0.10761;
0.106966;
0.10943;
0.110721;
0.108831;
0.11145;
0.104543;
0.109495;
0.109146;
0.106984;
0.110796;
0.109731;
0.109851;
0.10976;
0.106766;
0.107791;
0.110865;
0.108833;
0.106774;
0.109867;
0.110754;
0.11092;
0.111018;
0.107589;
0.104793;
0.105832;
0.10976;
0.110971;
0.109759;
0.109744;
0.107732;
0.106863;
0.108977;
0.109693;
0.110806;
0.109083;
0.106695;
0.11069;
0.108774;
0.109816;
0.109876;
0.109693;
0.109886;
0.108218;
0.109364;
0.109927;
0.110429;
0.107156;
0.106842;
0.106811;
0.10685;
0.108282;
0.109508;
0.105082;
0.108473;
0.108929;
0.108679;
0.109734;
0.106524;
0.107261;
0.108808;
0.108947;
0.109571;
0.107343;
0.107229;
0.111047;
0.109618;
0.108934;
0.109866;
0.109726;
0.108519;
0.110926;
0.105973;
0.108586;
0.107176;
0.108062;
0.109749;
0.110204;
0.107077;
0.109805;
0.107884;
0.106133;
0.108638;
0.108076;
0.11036;
0.107938;
0.109283;
0.11;
0.107022;
0.109907;
0.106755;
0.107844;
0.107923;
0.110429;
0.107129;
0.10871;
0.112133;
0.108715;
0.106541;
0.108894;
0.111781;
0.1078;
0.107996;
0.11086;
0.106668;
0.108676;
0.107499;
0.106284;
0.107753;
0.10993;
0.110151;
0.109527;
0.111356;
0.106945;
0.107124;
0.108764;
0.109977;
0.108789;
0.112273;
0.108212;
0.111948;
0.108148;
0.107368;
0.109854;
0.105528;
0.110028;
0.110839;
0.108778;
0.106861;
0.108174;
0.109563;
0.109304;
0.110751;
0.110272;
0.109928;
0.107825;
0.108855;
0.111185;
0.110322;
0.110609;
0.109087;
0.107129;
0.109862;
0.106499;
0.108755;
0.110895;
0.10676;
0.108466;
0.111243;
0.109771;
0.10875;
0.108961;
0.107731;
0.108173;
0.110314;
0.110015;
0.109807;
0.10884;
0.106833;
0.109912;
0.107181;
0.110351;
0.108869;
0.109816;
0.107723;
0.108924;
0.111355;
0.107262;
0.106885;
0.108372;
0.111169;
0.108057;
0.108577;
0.110752;
0.107783;
0.109658;
0.108018;
0.106854;
0.109733;
0.111228;
0.109507;
0.105235;
0.109434;
0.110813;
0.111743;
0.108869;
0.108677;
0.105922;
0.107874;
0.105768;
0.109812;
0.108918;
0.109354;
0.11114;
0.10993;
0.109857;
0.105687;
0.106781;
0.109859;
0.109954;
0.107686;
0.110394;
0.111359;
0.113035;
0.105552;
0.106778;
0.109018;
0.10663;
0.108812;
0.107856;
0.109763;
0.107178;
0.108553;
0.111647;
0.1069;
0.109917;
0.107781;
0.107783;
0.108845;
0.109858;
0.106823;
0.110946;
0.109594;
0.106999;
0.106734;
0.110976;
0.109571;
0.107919;
0.107837;
0.10878;
0.10854;
0.109932;
0.11107;
0.106798;
0.108836;
0.109229;
0.110295;
0.110011;
0.110607;
0.109936;
0.110008;
0.111821;
0.108446;
0.110781;
0.107394;
0.108433;
0.109709;
0.108953;
0.110665;
0.109055;
0.11069;
0.106535;
0.11008;
0.107781;
0.108081;
0.109616;
0.108781;
0.108986;
0.109095;
0.107363;
0.107861;
0.109262;
0.108327;
0.107675;
0.108987;
0.111548;
0.108999;
0.110852;
0.107942;
0.107575;
0.108027;
0.127772;
0.106685;
0.109858;
0.107729;
0.107906;
0.109842;
0.11109;
0.105529;
0.108621;
0.109275;
0.10762;
0.109793;
0.109771;
0.110798;
0.109754;
0.108951;
0.110282;
0.109579;
0.108656;
0.108991;
0.106552;
0.109962;
0.107644;
0.108845;
0.108821;
0.108753;
0.106825;
0.10788;
0.110852;
0.109778;
0.109779;
0.109869;
0.107833;
0.106746;
0.112805;
0.106819;
0.107656;
0.109175;
0.111162;
0.111192;
0.108949;
0.106269;
0.109293;
0.109259;
0.109605;
0.109979;
0.107469;
0.108933;
0.105789;
0.111199;
0.108204;
0.107547;
0.110357;
0.111959;
0.10957;
0.107985;
0.111538;
0.10803;
0.110668;
0.109024;
0.109918;
0.107537;
0.106192;
0.11085;
0.111663;
0.111629;
0.10736;
0.110184;
0.107009;
0.107327;
0.108833;
0.108206;
0.107811;
0.107842;
0.108025;
0.111682;
0.108836;
0.110712;
0.109988;
0.108626;
0.108879;
0.106381;
0.108929;
0.10811;
0.107936;
0.109694;
0.106851;
0.108785;
0.110294;
0.110409;
0.107764;
0.107915;
0.108744;
0.105899;
0.110843;
0.106695;
0.10803;
0.10864;
0.108916;
0.111518;
0.108974;
0.111048;
0.109808;
0.108582;
0.109973;
0.110692;
0.106843;
0.107528;
0.108182;
0.107815;
0.108688;
0.109134;
0.110564;
0.108815;
0.106141;
0.110556;
0.107303;
0.108266;
0.110976;
0.109717;
0.109774;
0.107895;
0.108871;
0.106729;
0.107791;
0.108106;
0.107718;
0.109882;
0.110792;
0.109705;
0.108736;
0.105851;
0.107782;
0.107933;
0.108716;
0.106796;
0.106897;
0.107826;
0.106853;
0.109769;
0.109891;
0.104699;
0.107814;
0.109969;
0.109677;
0.110014;
0.108753;
0.111597;
0.106918;
0.109634;
0.110078;
0.111531;
0.108039;
0.10756;
0.109021;
0.111879;
0.106782;
0.108888;
0.108741;
0.107851;
0.108835;
0.110917;
0.108964;
0.108584;
0.107786;
0.108082;
0.110585;
0.116016;
0.102612;
0.106831;
0.10787;
0.109722;
0.11092;
0.11076;
0.110986;
0.106648;
0.109828;
0.108745;
0.108926;
0.10664;
0.107514;
0.11021;
0.108355;
0.111303;
0.113299;
0.106178;
0.108004;
0.108741;
0.108955;
0.105717;
0.106847;
0.108826;
0.107369;
0.109293;
0.110705;
0.107995;
0.106688;
0.104897;
0.111691;
0.105903;
0.107827;
0.107848;
0.109911;
0.110532;
0.107007;
0.110171;
0.108428;
0.109752;
0.108928;
0.109878;
0.107799;
0.107146;
0.109344;
0.106951;
0.111874;
0.109238;
0.110187;
0.107703;
0.109325;
0.109589;
0.107806;
0.108761;
0.107779;
0.111566;
0.111162;
0.109861;
0.10973;
0.106858;
0.107761;
0.109848;
0.104828;
0.107886;
0.110753;
0.108766;
0.111861;
0.108816;
0.107328;
0.106217;
0.109827;
0.113828;
0.103854;
0.110875;
0.1078;
0.10988;
0.108907;
0.109845;
0.110052;
0.107362;
0.107876;
0.106791;
0.10679;
0.10892;
0.108803;
0.109844;
0.110749;
0.108785;
0.107446;
0.10816;
0.107832;
0.105869;
0.10578;
0.10927;
0.109329;
0.110011;
0.111729;
0.109107;
0.107874;
0.109688;
0.109566;
0.109141;
0.110841;
0.108703;
0.10656;
0.108903;
0.109813;
0.109815;
0.110904;
0.107667;
0.109874;
0.109842;
0.107701;
0.109816;
0.113356;
0.105303;
0.109957;
0.106725;
0.108792;
0.107788;
0.11067;
0.108024;
0.109785;
0.105908;
0.109298;
0.120262;
0.111011;
0.108525;
0.108846;
0.109849;
0.11179;
0.110201;
0.107422;
0.110658;
0.107971;
0.109303;
0.109315;
0.111991;
0.109406;
0.108393;
0.107637;
0.106717;
0.109461;
0.111038;
0.107761;
0.108996;
0.106764;
0.10897;
0.10678;
0.107701;
0.10956;
0.107193;
0.109756;
0.109199;
0.109707;
0.108666;
0.109659;
0.109756;
0.109867;
0.111863;
0.106734;
0.107;
0.106722;
0.107779;
0.107728;
0.106887;
0.110837;
0.109052;
0.109371;
0.108629;
0.108181;
0.109112;
0.107625;
0.109714;
0.10936;
0.111371;
0.107712;
0.107009;
0.108208;
0.110394;
0.110263;
0.106233;
0.109882;
0.111763;
0.107924;
0.107019;
0.105293;
0.108513;
0.108419;
0.110059;
0.111636;
0.106792;
0.105705;
0.10916;
0.108541;
0.10892;
0.108222;
0.107415;
0.109716;
0.108878;
0.106982;
0.106674;
0.107801;
0.10689;
0.108722;
0.111916;
0.106832;
0.11077;
0.107703;
0.110949;
0.107797;
0.109801;
0.106793;
0.10678;
0.107857;
0.110778;
0.109986;
0.107666;
0.109865;
0.109948;
0.107764;
0.105754;
0.107253;
0.109992;
0.108686;
0.110341;
0.110854;
0.10986;
0.110596;
0.108015;
0.107618;
0.107935;
0.107826;
0.108814;
0.111988;
0.113295;
0.108163;
0.11303;
0.10653;
0.10778;
0.106875;
0.106767;
0.110997;
0.107846;
0.106709;
0.111506;
0.108115;
0.107733;
0.109025;
0.111772;
0.10982;
0.109911;
0.108094;
0.110097;
0.106592;
0.107212;
0.110001;
0.106977;
0.110743;
0.106966;
0.111788;
0.110927;
0.106897;
0.109229;
0.107973;
0.108883;
0.108736;
0.108974;
0.107684;
0.105874;
0.10767;
0.112259;
0.106487;
0.110664;
0.108671;
0.111913;
0.106797;
0.106698;
0.109042;
0.113895;
0.10371;
0.111922;
0.107808;
0.109829;
0.11017;
0.107403;
0.106884;
0.1096;
0.109212;
0.108905;
0.111474;
0.10789;
0.107423;
0.110145;
0.107787;
0.106979;
0.111806;
0.107746;
0.106798;
0.110802;
0.106976;
0.10844;
0.108206;
0.109792;
0.106964;
0.10861;
0.112472;
0.108091;
0.106884;
0.109049;
0.109028;
0.108676;
0.109222;
0.110606;
0.110261;
0.106722;
0.10829;
0.111548;
0.10985;
0.110727;
0.109852;
0.108691;
0.110322;
0.109145;
0.110045;
0.107547;
0.106818;
0.109013;
0.105981;
0.109788;
0.111158;
0.106796;
0.107436;
0.108821;
0.107999;
0.110958;
0.104472;
0.110882;
0.111259;
0.107544;
0.109715;
0.107746;
0.107801;
0.104259;
0.109805;
0.108042;
0.110748;
0.10723;
0.106848;
0.110987;
0.109622;
0.111885;
0.108899;
0.108699;
0.108034;
0.109622;
0.10961;
0.108921;
0.107973;
0.1239;
0.105668;
0.107861;
0.109781;
0.109897;
0.106947;
0.109623;
0.106725;
0.106865;
0.106917;
0.108767;
0.112017;
0.107919;
0.109602;
0.110688;
0.108786;
0.106905;
0.107832;
0.106688;
0.10888;
0.109854;
0.110917;
0.110785;
0.111467;
0.104023;
0.109894;
0.106865;
0.108741;
0.109838;
0.106744;
0.106934;
0.111107;
0.109497;
0.11082;
0.105609;
0.11002;
0.112334;
0.110107;
0.108439;
0.109289;
0.110801;
0.111763;
0.10851;
0.107155;
0.108912;
0.108682;
0.107739;
0.109928;
0.108532;
0.111126;
0.109248;
0.109371;
0.110848;
0.105799;
0.107946;
0.106664;
0.107824;
0.110045;
0.108609;
0.10797;
0.109899;
0.1118;
0.109631;
0.109439;
0.110313;
0.107023;
0.108584;
0.10922;
0.109442;
0.106741;
0.109899;
0.106368;
0.109959;
0.10905;
0.107848;
0.10777;
0.109996;
0.106646;
0.107004;
0.109715;
0.107661;
0.109035;
0.105818;
0.110599;
0.111962;
0.108692;
0.109927;
0.110856;
0.107925;
0.111599;
0.105774;
0.108895;
0.108774;
0.107765;
0.109944;
0.108769;
0.109741;
0.106952;
0.108679;
0.110898;
0.107767;
0.106791;
0.110909;
0.109717;
0.112267;
0.108388;
0.1089;
0.107787;
0.109858;
0.106795;
0.10864;
0.106878;
0.109807;
0.110023;
0.1107;
0.11186;
0.10811;
0.106484;
0.108782;
0.111928;
0.110085;
0.108341;
0.111721;
0.110887;
0.10851;
0.108309;
0.107731;
0.106817;
0.109065;
0.109545;
0.107897;
0.11185;
0.107289;
0.107344;
0.109741;
0.109852;
0.105882;
0.108382;
0.107157;
0.110873;
0.109042;
0.109725;
0.106658;
0.107872;
0.107843;
0.109455;
0.108191;
0.108828;
0.104914;
0.107694;
0.109902;
0.106745;
0.107198;
0.111545;
0.108644;
0.110847;
0.107074;
0.10706;
0.108334;
0.106944;
0.10914;
0.107408;
0.110534;
0.109107;
0.108609;
0.109024;
0.109033;
0.105626;
0.111849;
0.108774;
0.108661;
0.10768;
0.10808;
0.111149;
0.107895;
0.108687;
0.108038;
0.109821;
0.109939;
0.105913;
0.10797;
0.109952;
0.109002;
0.10931;
0.107837;
0.106962;
0.106034;
0.10919;
0.109466;
0.10631;
0.108918;
0.108214;
0.10957;
0.108085;
0.107259;
0.108884;
0.111678;
0.109365;
0.109938;
0.10878;
0.109136;
0.109466;
0.111873;
0.105805;
0.107879;
0.10686;
0.108701;
0.105941;
0.109839;
0.107517;
0.107436;
0.109486;
0.109803;
0.10746;
0.111163;
0.107777;
0.108802;
0.110803;
0.109787;
0.106808;
0.111639;
0.108723;
0.109848;
0.111174;
0.107738;
0.106496;
0.109101;
0.111815;
0.106846;
0.106884;
0.108638;
0.108983;
0.106739;
0.110113;
0.108082;
0.110258;
0.111891;
0.107239;
0.11049;
0.109705;
0.10887;
0.106744;
0.108896;
0.107797;
0.109813;
0.10789;
0.107757;
0.109914;
0.114355;
0.107141;
0.108833;
0.107843;
0.106866;
0.106864;
0.108666;
0.107044;
0.109157;
0.109401;
0.107456;
0.108246;
0.107259;
0.111158;
0.107745;
0.10701;
0.108411;
0.110157;
0.10762;
0.106987;
0.108116;
0.10869;
0.107784;
0.109624;
0.108174;
0.111534;
0.109866;
0.108895;
0.108635;
0.105945;
0.108595;
0.107161;
0.106684;
0.112041;
0.110407;
0.112309;
0.107369;
0.107766;
0.109809;
0.108838;
0.108839;
0.110759;
0.111807;
0.109862;
0.109899;
0.109881;
0.109629;
0.107804;
0.108985;
0.106662;
0.10755;
0.108075;
0.112049;
0.109524;
0.109894;
0.108381;
0.108999;
0.108105;
0.11098;
0.109979;
0.107465;
0.109935;
0.108659;
0.10596;
0.108803;
0.106828;
0.10676;
0.106832;
0.110547;
0.111707;
0.107239;
0.107873;
0.106868;
0.109416;
0.110498;
0.110458;
0.106809;
0.107901;
0.111726;
0.109748;
0.109947;
0.106942;
0.106586;
0.106847;
0.105796;
0.111393;
0.10733;
0.111254;
0.110446;
0.10712;
0.109362;
0.10691;
0.108869;
0.11277;
0.102996;
0.108603;
0.106878;
0.107771;
0.107749;
0.106942;
0.109928;
0.109804;
0.108869;
0.109688;
0.106376;
0.109292;
0.108784;
0.108952;
0.109742;
0.110779;
0.109497;
0.107076;
0.108815;
0.109842;
0.107906;
0.107676;
0.107793;
0.109919;
0.10984;
0.109812;
0.109689;
0.107905;
0.111818;
0.109857;
0.106739;
0.106743;
0.107943;
0.108555;
0.107638;
0.108276;
0.107784;
0.107759;
0.110836;
0.106916;
0.107084;
0.109444;
0.108838;
0.108936;
0.107697;
0.110064;
0.107557;
0.109133;
0.107537;
0.110758;
0.110016;
0.109172;
0.11145;
0.110771;
0.111861;
0.109874;
0.108408;
0.10717;
0.108702;
0.106686;
0.107076;
0.108798;
0.109724;
0.108966;
0.108518;
0.110124;
0.106743;
0.108948;
0.107693;
0.108846;
0.109736;
0.106813;
0.1091;
0.109747;
0.108702;
0.108799;
0.108276;
0.108371;
0.110798;
0.110858;
0.107701;
0.109882;
0.108752;
0.111865;
0.110895;
0.107983;
0.107013;
0.107894;
0.111553;
0.108583;
0.106819;
0.107925;
0.111683;
0.108326;
0.110324;
0.111001;
0.109752;
0.108705;
0.108849;
0.107874;
0.109753;
0.107771;
0.108899;
0.108783;
0.111397;
0.108313;
0.107773;
0.107851;
0.111648;
0.104916;
0.110267;
0.107405;
0.106491;
0.107613;
0.111743;
0.110497;
0.106721;
0.10989;
0.108725;
0.110041;
0.108719;
0.106776;
0.108135;
0.108485;
0.108839;
0.109996;
0.109819;
0.111762;
0.109729;
0.10988;
0.111705;
0.110633;
0.10598;
0.104684;
0.110597;
0.107833;
0.110828;
0.108734;
0.106283;
0.108904;
0.122744;
0.110195;
0.107994;
0.107574;
0.108489;
0.107889;
0.107957;
0.111231;
0.106267;
0.107009;
0.108843;
0.109626;
0.109804;
0.109214;
0.106266;
0.109996;
0.108279;
0.109462;
0.108352;
0.109269;
0.108501;
0.109574;
0.107833;
0.107234;
0.104874;
0.108274;
0.111434;
0.109731;
0.108869;
0.107695;
0.107929;
0.106956;
0.108674;
0.109298;
0.109386;
0.11009;
0.109601;
0.106879;
0.109482;
0.108695;
0.10645;
0.109312;
0.107198;
0.107746;
0.111861;
0.109767;
0.11183;
0.106816;
0.109888;
0.109558;
0.109948;
0.105892;
0.106767;
0.107779;
0.107911;
0.109786;
0.111143;
0.108493;
0.10682;
0.107948;
0.108446;
0.106404;
0.11085;
0.11015;
0.108534;
0.106352;
0.108442;
0.109388;
0.106942;
0.107908;
0.109118;
0.109794;
0.111534;
0.108336;
0.105919;
0.108707;
0.106942;
0.10715;
0.109752;
0.108924;
0.106847;
0.10846;
0.106865;
0.112109;
0.10788;
0.108085;
0.107675;
0.128468;
0.119084;
0.106763;
0.107302;
0.109576;
0.10859;
0.112078;
0.103431;
0.108033;
0.106857;
0.106741;
0.10645;
0.104528;
0.10944;
0.105709;
0.107089;
0.109339;
0.1057;
0.105287;
0.110875;
0.102004;
0.106876;
0.106956;
0.109886;
0.229312;
0.147316;
0.106857;
0.108037;
0.109916;
0.105452;
0.104893;
0.107092;
0.108483;
0.111722;
0.107797;
0.106307;
0.106302;
0.109022;
0.106809;
0.107595;
0.111429;
0.107847;
0.10889;
0.107968;
0.109067;
0.10912;
0.108945;
0.107453;
0.106876;
0.110096;
0.107535;
0.107992;
0.109688;
0.107396;
0.107908;
0.107227;
0.107649;
0.10896;
0.107723;
0.107537;
0.110543;
0.109354;
0.106976;
0.106745;
0.109859;
0.107226;
0.107082;
0.108027;
0.108354;
0.108365;
0.109839;
0.109849;
0.107611;
0.10776;
0.107918;
0.109755;
0.109855;
0.110196;
0.111132;
0.109916;
0.109144;
0.106578;
0.105993;
0.108975;
0.109642;
0.105147;
0.110901;
0.111389;
0.110089;
0.107587;
0.109859;
0.109614;
0.107932;
0.107815;
0.107939;
0.105747;
0.109209;
0.110476;
0.108255;
0.107502;
0.108681;
0.106861;
0.107777;
0.106778;
0.109798;
0.108021;
0.10862;
0.10882;
0.109917;
0.107885;
0.110781;
0.109179;
0.110457;
0.110044;
0.108217;
0.10965;
0.109723;
0.107389;
0.107289;
0.107472;
0.107186;
0.108102;
0.11136;
0.108992;
0.109857;
0.106744;
0.107638;
0.107973;
0.106984;
0.111781;
0.108672;
0.106813;
0.108563;
0.11009;
0.109646;
0.107913;
0.110993;
0.107834;
0.110857;
0.109277;
0.109156;
0.108776;
0.109354;
0.110018;
0.109067;
0.106799;
0.106826;
0.108818;
0.10922;
0.108796;
0.108565;
0.109669;
0.121965;
0.111717;
0.109894;
0.108745;
0.105878;
0.106715;
0.110004;
0.109736;
0.110796;
0.107869;
0.108757;
0.107933;
0.108758;
0.110899;
0.108787;
0.109682;
0.110896;
0.111437;
0.109003;
0.110048;
0.10988;
0.10967;
0.111188;
0.111566;
0.107757;
0.109199;
0.10742;
0.109391;
0.107215;
0.110458;
0.108369;
0.108711;
0.111904;
0.109768;
0.10987;
0.109806;
0.109817;
0.109714;
0.109893;
0.109864;
0.109803;
0.112156;
0.107182;
0.108987;
0.110871;
0.106895;
0.106057;
0.111526;
0.107835;
0.110165;
0.107391;
0.109846;
0.108872;
0.10974;
0.111846;
0.110025;
0.109592;
0.110355;
0.107399;
0.10889;
0.110722;
0.108253;
0.110424;
0.108136;
0.111508;
0.109927;
0.109683;
0.110026;
0.108641;
0.107857;
0.106744;
0.108484;
0.109322;
0.109762;
0.108825;
0.107778;
0.11011;
0.108435;
0.106859;
0.107749;
0.106651;
0.107063;
0.109927;
0.107802;
0.111518;
0.107988;
0.106837;
0.109928;
0.109799;
0.10535;
0.110358;
0.10877;
0.109875;
0.108821;
0.109111;
0.108583;
0.106727;
0.108823;
0.109779;
0.107938;
0.110799;
0.108959;
0.108272;
0.108131;
0.109805;
0.1084;
0.107175;
0.11015;
0.109635;
0.112001;
0.109686;
0.106087;
0.108418;
0.105921;
0.11073;
0.109887;
0.109825;
0.108226;
0.109265;
0.111799;
0.110004;
0.110019;
0.111588;
0.107326;
0.109295;
0.109875;
0.10774;
0.107888;
0.110732;
0.109786;
0.107885;
0.109835;
0.109881;
0.110542;
0.107696;
0.109164;
0.109796;
0.107732;
0.110441;
0.109275;
0.107884;
0.10678;
0.1098;
0.109852;
0.109738;
0.108946;
0.109873;
0.108675;
0.10865;
0.106915;
0.110019;
0.109774;
0.109791;
0.108863;
0.110789;
0.108787;
0.110102;
0.107737;
0.107494;
0.109989;
0.106921;
0.109631;
0.110851;
0.108807;
0.111231;
0.10779;
0.108426;
0.111711;
0.107003;
0.108776;
0.106752;
0.108848;
0.110814;
0.10581;
0.109779;
0.107829;
0.106823;
0.109828;
0.109989;
0.109411;
0.107459;
0.106483;
0.107066;
0.108493;
0.11082;
0.107803;
0.106789;
0.107864;
0.107008;
0.109642;
0.106866;
0.11168;
0.111522;
0.110243;
0.107645;
0.107812;
0.1099;
0.108377;
0.107213;
0.11016;
0.108484;
0.108835;
0.109486;
0.111423;
0.110557;
0.111453;
0.108792;
0.108768;
0.110304;
0.111468;
0.105906;
0.107142;
0.107758;
0.110003;
0.109648;
0.110313;
0.10731;
0.10917;
0.109404;
0.111216;
0.109488;
0.107951;
0.111685;
0.106721;
0.108861;
0.11022;
0.111534;
0.107609;
0.109994;
0.107775;
0.105774;
0.107534;
0.108217;
0.110692;
0.109918;
0.108827;
0.106752;
0.10774;
0.112594;
0.108249;
0.110752;
0.107753;
0.108974;
0.107641;
0.107792;
0.106885;
0.10837;
0.111308;
0.108692;
0.109872;
0.10994;
0.107708;
0.109358;
0.104283;
0.107897;
0.109289;
0.108314;
0.106778;
0.107902;
0.109689;
0.107923;
0.109824;
0.108745;
0.108828;
0.107944;
0.109715;
0.106914;
0.108692;
0.111991;
0.109785;
0.105754;
0.104796;
0.105872;
0.106262;
0.111026;
0.10787;
0.109097;
0.10861;
0.108986;
0.106788;
0.109085;
0.110504;
0.109004;
0.110683;
0.106793;
0.108625;
0.107622;
0.111212;
0.109847;
0.108249;
0.110426;
0.109814;
0.107774;
0.107951;
0.109843;
0.109377;
0.111743;
0.110257;
0.111372;
0.109342;
0.107207;
0.107358;
0.107911;
0.108788;
0.107797;
0.107768;
0.108818;
0.109805;
0.110909;
0.106783;
0.110835;
0.108792;
0.10585;
0.106953;
0.108716;
0.109839;
0.110669;
0.108884;
0.107933;
0.106761;
0.107624;
0.106949;
0.107933;
0.109721;
0.107889;
0.106697;
0.108832;
0.108904;
0.110623;
0.109932;
0.111578;
0.110171;
0.110396;
0.110134;
0.108926;
0.109784;
0.110752;
0.107777;
0.108981;
0.107792;
0.106751;
0.110901;
0.107775;
0.110835;
0.109559;
0.107467;
0.107302;
0.109932;
0.109776;
0.109837;
0.109835;
0.109951;
0.108616;
0.109003;
0.10983;
0.108969;
0.10733;
0.109193;
0.10866;
0.108889;
0.109941;
0.110994;
0.106519;
0.106937;
0.108702;
0.106869;
0.106764;
0.106784;
0.109935;
0.108967;
0.109579;
0.110386;
0.106803;
0.109275;
0.109851;
0.108759;
0.10867;
0.108011;
0.109492;
0.107261;
0.107745;
0.107995;
0.107627;
0.107817;
0.106878;
0.109932;
0.108188;
0.110402;
0.105682;
0.11104;
0.107743;
0.108734;
0.109773;
0.107851;
0.109776;
0.108308;
0.108294;
0.106928;
0.106828;
0.109915;
0.109592;
0.111221;
0.105553;
0.107558;
0.108997;
0.107783;
0.111805;
0.109552;
0.109142;
0.111723;
0.10989;
0.110164;
0.109473;
0.110431;
0.106973;
0.107021;
0.10901;
0.109603;
0.109678;
0.109392;
0.108465;
0.106806;
0.110127;
0.111602;
0.108757;
0.106689;
0.108845;
0.108908;
0.109572;
0.108613;
0.10718;
0.109995;
0.111487;
0.11013;
0.112031;
0.111735;
0.110731;
0.106837;
0.107691;
0.110074;
0.107848;
0.108921;
0.109231;
0.108084;
0.106819;
0.112949;
0.106647;
0.110566;
0.107148;
0.108136;
0.106636;
0.109592;
0.110058;
0.110777;
0.109771;
0.1107;
0.111352;
0.106719;
0.111631;
0.111132;
0.109257;
0.110991;
0.109687;
0.107879;
0.107972;
0.106408;
0.108459;
0.109346;
0.109692;
0.108908;
0.10796;
0.105893;
0.108719;
0.108897;
0.107621;
0.107953;
0.107029;
0.109744;
0.107321;
0.104895;
0.108439;
0.111542;
0.1108;
0.11099;
0.109559;
0.109059;
0.109638;
0.112511;
0.105168;
0.115236;
0.104403;
0.106858;
0.111787;
0.1111;
0.10645;
0.108901;
0.108488;
