nan, 0.0949171, -0.0359234, -0.1946939, 249.0000000
nan, 0.0948195, -0.0349559, -0.1948715, 249.0000000
nan, 0.0948377, -0.0349149, -0.1949193, 249.0000000
nan, 0.0953129, -0.0365011, -0.1949772, 249.0000000
nan, 0.0953045, -0.0363123, -0.1950273, 250.0000000
nan, 0.0949744, -0.0349016, -0.1950794, 249.0000000
nan, 0.0950307, -0.0347253, -0.1951926, 249.0000000
nan, 0.0950805, -0.0347912, -0.1952442, 249.0000000
nan, 0.0954754, -0.0360566, -0.1953022, 249.0000000
nan, 0.0956773, -0.0366202, -0.1953532, 250.0000000
nan, 0.0953222, -0.0351652, -0.1954056, 249.0000000
nan, 0.0953258, -0.0349286, -0.1954643, 249.0000000
nan, 0.0952683, -0.0344931, -0.1955192, 249.0000000
nan, 0.0953896, -0.0348086, -0.1955805, 249.0000000
nan, 0.0956906, -0.0357596, -0.1956336, 249.0000000
nan, 0.0959651, -0.0366055, -0.1956930, 249.0000000
nan, 0.0956574, -0.0353113, -0.1957384, 249.0000000
nan, 0.0956007, -0.0348599, -0.1957891, 249.0000000
nan, 0.0955389, -0.0344954, -0.1958340, 249.0000000
nan, 0.0956647, -0.0348075, -0.1958848, 249.0000000
nan, 0.0956431, -0.0346510, -0.1959365, 250.0000000
nan, 0.0960815, -0.0360792, -0.1959870, 249.0000000
nan, 0.0962400, -0.0365218, -0.1960415, 249.0000000
nan, 0.0958626, -0.0350047, -0.1960870, 249.0000000
nan, 0.0958880, -0.0348651, -0.1961464, 249.0000000
nan, 0.0958136, -0.0344238, -0.1961978, 250.0000000
nan, 0.0959605, -0.0348102, -0.1962463, 249.0000000
nan, 0.0960387, -0.0349793, -0.1962938, 249.0000000
nan, 0.0964721, -0.0364234, -0.1963460, 249.0000000
nan, 0.0964332, -0.0361427, -0.1964006, 249.0000000
nan, 0.0961066, -0.0347634, -0.1964455, 249.0000000
nan, 0.0961440, -0.0346607, -0.1965028, 249.0000000
nan, 0.0961670, -0.0346060, -0.1965591, 249.0000000
nan, 0.0962213, -0.0346894, -0.1966047, 249.0000000
nan, 0.0965385, -0.0357207, -0.1966492, 249.0000000
nan, 0.0967956, -0.0365046, -0.1967121, 249.0000000
nan, 0.0965362, -0.0354361, -0.1967466, 249.0000000
nan, 0.0964134, -0.0347516, -0.1967968, 249.0000000
nan, 0.0963643, -0.0343800, -0.1968495, 249.0000000
nan, 0.0965083, -0.0347355, -0.1969009, 249.0000000
nan, 0.0964757, -0.0345236, -0.1969393, 249.0000000
nan, 0.0969794, -0.0361872, -0.1969931, 249.0000000
nan, 0.0970537, -0.0363091, -0.1970404, 249.0000000
nan, 0.0966982, -0.0348512, -0.1970841, 249.0000000
nan, 0.0967344, -0.0347686, -0.1971384, 250.0000000
nan, 0.0966555, -0.0343192, -0.1971930, 249.0000000
nan, 0.0967960, -0.0346963, -0.1972381, 249.0000000
nan, 0.0968908, -0.0349479, -0.1972888, 250.0000000
nan, 0.0973133, -0.0363340, -0.1973439, 249.0000000
nan, 0.0972505, -0.0359823, -0.1973817, 249.0000000
nan, 0.0969438, -0.0346471, -0.1974332, 249.0000000
nan, 0.0969873, -0.0346100, -0.1974817, 249.0000000
nan, 0.0969923, -0.0344459, -0.1975378, 249.0000000
nan, 0.0970468, -0.0345138, -0.1975925, 249.0000000
nan, 0.0974766, -0.0359265, -0.1976480, 249.0000000
nan, 0.0976104, -0.0362667, -0.1977009, 249.0000000
nan, 0.0972365, -0.0347248, -0.1977489, 249.0000000
nan, 0.0972946, -0.0346922, -0.1977993, 249.0000000
nan, 0.0972115, -0.0342512, -0.1978493, 249.0000000
nan, 0.0973535, -0.0346248, -0.1978973, 249.0000000
nan, 0.0973887, -0.0346646, -0.1979372, 249.0000000
nan, 0.0978560, -0.0362110, -0.1979913, 250.0000000
nan, 0.0978785, -0.0361546, -0.1980357, 249.0000000
nan, 0.0975143, -0.0346359, -0.1980814, 249.0000000
nan, 0.0975728, -0.0346620, -0.1981252, 249.0000000
nan, 0.0974958, -0.0342155, -0.1981757, 249.0000000
nan, 0.0976307, -0.0345863, -0.1982226, 249.0000000
nan, 0.0977567, -0.0349073, -0.1982697, 249.0000000
nan, 0.0981603, -0.0362417, -0.1983269, 249.0000000
nan, 0.0980861, -0.0358154, -0.1983732, 249.0000000
nan, 0.0977890, -0.0345437, -0.1984193, 249.0000000
nan, 0.0978204, -0.0344591, -0.1984717, 250.0000000
nan, 0.0978137, -0.0343084, -0.1985192, 249.0000000
nan, 0.0978911, -0.0345059, -0.1985622, 249.0000000
nan, 0.0981751, -0.0353989, -0.1986103, 249.0000000
nan, 0.0984639, -0.0362890, -0.1986610, 249.0000000
nan, 0.0982178, -0.0352395, -0.1987058, 249.0000000
nan, 0.0980906, -0.0345477, -0.1987553, 249.0000000
nan, 0.0980341, -0.0341890, -0.1988093, 249.0000000
nan, 0.0981677, -0.0345194, -0.1988550, 249.0000000
nan, 0.0981472, -0.0343552, -0.1989027, 249.0000000
nan, 0.0986454, -0.0359821, -0.1989596, 249.0000000
nan, 0.0987177, -0.0361137, -0.1990064, 249.0000000
nan, 0.0983458, -0.0345768, -0.1990467, 249.0000000
nan, 0.0983994, -0.0345675, -0.1990979, 249.0000000
nan, 0.0983221, -0.0341272, -0.1991508, 249.0000000
nan, 0.0984582, -0.0344950, -0.1991955, 249.0000000
nan, 0.0985516, -0.0347508, -0.1992368, 249.0000000
nan, 0.0989944, -0.0361760, -0.1992929, 249.0000000
nan, 0.0988909, -0.0356602, -0.1993342, 249.0000000
nan, 0.0986187, -0.0344536, -0.1993837, 250.0000000
nan, 0.0986400, -0.0343279, -0.1994323, 249.0000000
nan, 0.0986321, -0.0341868, -0.1994710, 249.0000000
nan, 0.0987255, -0.0344183, -0.1995182, 249.0000000
nan, 0.0989926, -0.0352474, -0.1995647, 250.0000000
nan, 0.0992912, -0.0362031, -0.1996188, 249.0000000
nan, 0.0990574, -0.0352227, -0.1996670, 249.0000000
nan, 0.0989182, -0.0344671, -0.1997176, 249.0000000
nan, 0.0988610, -0.0341041, -0.1997672, 249.0000000
nan, 0.0989993, -0.0344538, -0.1998139, 249.0000000
nan, 0.0989683, -0.0342696, -0.1998550, 249.0000000
nan, 0.0993969, -0.0356830, -0.1999028, 249.0000000
nan, 0.0995367, -0.0360677, -0.1999596, 249.0000000
nan, 0.0991543, -0.0344678, -0.2000047, 250.0000000
nan, 0.0992146, -0.0345004, -0.2000602, 249.0000000
nan, 0.0991351, -0.0340478, -0.2001051, 249.0000000
nan, 0.0992676, -0.0343986, -0.2001513, 250.0000000
nan, 0.0994340, -0.0348756, -0.2001966, 249.0000000
nan, 0.0998076, -0.0361098, -0.2002442, 249.0000000
nan, 0.0996780, -0.0355105, -0.2002879, 249.0000000
nan, 0.0994256, -0.0343696, -0.2003373, 249.0000000
nan, 0.0994253, -0.0341955, -0.2003848, 250.0000000
nan, 0.0994786, -0.0342449, -0.2004298, 249.0000000
nan, 0.0995222, -0.0343081, -0.2004729, 249.0000000
nan, 0.0998385, -0.0353419, -0.2005204, 249.0000000
nan, 0.1000929, -0.0361362, -0.2005697, 249.0000000
nan, 0.0998027, -0.0349185, -0.2006147, 250.0000000
nan, 0.0997090, -0.0343734, -0.2006647, 249.0000000
nan, 0.0996534, -0.0340327, -0.2007099, 249.0000000
nan, 0.0997885, -0.0343522, -0.2007569, 249.0000000
nan, 0.0997643, -0.0341837, -0.2008006, 249.0000000
nan, 0.1002506, -0.0358097, -0.2008518, 249.0000000
nan, 0.1003175, -0.0359374, -0.2009000, 249.0000000
nan, 0.0999664, -0.0344963, -0.2009398, 249.0000000
nan, 0.1000024, -0.0343975, -0.2009912, 249.0000000
nan, 0.0999245, -0.0339797, -0.2010295, 250.0000000
nan, 0.1000597, -0.0343485, -0.2010713, 249.0000000
nan, 0.1000551, -0.0342693, -0.2011125, 249.0000000
nan, 0.1005400, -0.0358749, -0.2011595, 249.0000000
nan, 0.1005288, -0.0357107, -0.2012126, 249.0000000
nan, 0.1001991, -0.0343076, -0.2012600, 249.0000000
nan, 0.1003023, -0.0342600, -0.2013981, 249.0000000
nan, 0.1005231, -0.0349363, -0.2014459, 249.0000000
nan, 0.1008621, -0.0360134, -0.2014920, 250.0000000
nan, 0.1006774, -0.0352004, -0.2015330, 249.0000000
nan, 0.1004759, -0.0342585, -0.2015847, 249.0000000
nan, 0.1005475, -0.0342152, -0.2016809, 249.0000000
nan, 0.1005571, -0.0341361, -0.2017218, 249.0000000
nan, 0.1009308, -0.0353676, -0.2017708, 249.0000000
nan, 0.1011376, -0.0359893, -0.2018162, 249.0000000
nan, 0.1007942, -0.0345907, -0.2018580, 249.0000000
nan, 0.1007071, -0.0338728, -0.2019628, 249.0000000
nan, 0.1008388, -0.0342524, -0.2020025, 249.0000000
nan, 0.1008646, -0.0342433, -0.2020462, 249.0000000
nan, 0.1013901, -0.0359604, -0.2021145, 249.0000000
nan, 0.1010692, -0.0345865, -0.2021652, 249.0000000
nan, 0.1010432, -0.0342711, -0.2022212, 249.0000000
nan, 0.1009721, -0.0338385, -0.2022664, 249.0000000
nan, 0.1011016, -0.0341876, -0.2023141, 249.0000000
nan, 0.1012464, -0.0346318, -0.2023559, 249.0000000
nan, 0.1016327, -0.0358811, -0.2024068, 249.0000000
nan, 0.1015162, -0.0353053, -0.2024490, 249.0000000
nan, 0.1012586, -0.0341484, -0.2024986, 249.0000000
nan, 0.1012798, -0.0341062, -0.2025441, 249.0000000
nan, 0.1012763, -0.0339261, -0.2025851, 249.0000000
nan, 0.1013496, -0.0341086, -0.2026283, 249.0000000
nan, 0.1015854, -0.0348500, -0.2026686, 250.0000000
nan, 0.1019042, -0.0358900, -0.2027130, 249.0000000
nan, 0.1017071, -0.0350230, -0.2027599, 249.0000000
nan, 0.1015222, -0.0341265, -0.2028029, 249.0000000
nan, 0.1014841, -0.0338151, -0.2028536, 249.0000000
nan, 0.1016024, -0.0340958, -0.2028987, 249.0000000
nan, 0.1015836, -0.0339480, -0.2029412, 249.0000000
nan, 0.1020236, -0.0354134, -0.2029852, 250.0000000
nan, 0.1021632, -0.0357973, -0.2030342, 249.0000000
nan, 0.1017734, -0.0341931, -0.2030796, 249.0000000
nan, 0.1018297, -0.0341759, -0.2031288, 249.0000000
nan, 0.1017538, -0.0337372, -0.2031701, 250.0000000
nan, 0.1018827, -0.0341149, -0.2032153, 249.0000000
nan, 0.1019613, -0.0343142, -0.2032520, 249.0000000
nan, 0.1023919, -0.0357366, -0.2033031, 249.0000000
nan, 0.1023064, -0.0352938, -0.2033502, 249.0000000
nan, 0.1020331, -0.0340652, -0.2033946, 249.0000000
nan, 0.1020297, -0.0338496, -0.2034404, 250.0000000
nan, 0.1021006, -0.0339556, -0.2034804, 249.0000000
nan, 0.1021285, -0.0339862, -0.2035199, 249.0000000
nan, 0.1024957, -0.0351668, -0.2035710, 249.0000000
nan, 0.1027005, -0.0358062, -0.2036158, 249.0000000
nan, 0.1023260, -0.0342587, -0.2036599, 249.0000000
nan, 0.1023579, -0.0341193, -0.2037156, 249.0000000
nan, 0.1022824, -0.0336905, -0.2037662, 249.0000000
nan, 0.1023970, -0.0339903, -0.2038099, 250.0000000
nan, 0.1026770, -0.0348895, -0.2038622, 250.0000000
nan, 0.1029556, -0.0357807, -0.2039098, 249.0000000
nan, 0.1026978, -0.0347119, -0.2039531, 249.0000000
nan, 0.1025649, -0.0340212, -0.2039947, 249.0000000
nan, 0.1025151, -0.0336913, -0.2040408, 249.0000000
nan, 0.1026164, -0.0339426, -0.2040867, 249.0000000
nan, 0.1026260, -0.0339070, -0.2041258, 249.0000000
nan, 0.1029817, -0.0350796, -0.2041721, 249.0000000
nan, 0.1032061, -0.0357602, -0.2042179, 249.0000000
nan, 0.1028721, -0.0344055, -0.2042589, 249.0000000
nan, 0.1028307, -0.0340322, -0.2043088, 249.0000000
nan, 0.1029042, -0.0340110, -0.2043921, 249.0000000
nan, 0.1029025, -0.0339536, -0.2044359, 249.0000000
nan, 0.1033923, -0.0356078, -0.2044849, 249.0000000
nan, 0.1033591, -0.0353781, -0.2045280, 249.0000000
nan, 0.1030309, -0.0339564, -0.2045786, 249.0000000
nan, 0.1030397, -0.0338180, -0.2046209, 249.0000000
nan, 0.1030942, -0.0338728, -0.2046638, 249.0000000
nan, 0.1031001, -0.0338245, -0.2047044, 249.0000000
nan, 0.1035300, -0.0352519, -0.2047572, 250.0000000
nan, 0.1036747, -0.0356329, -0.2047956, 249.0000000
nan, 0.1032976, -0.0341194, -0.2048338, 249.0000000
nan, 0.1033254, -0.0340078, -0.2048850, 249.0000000
nan, 0.1032421, -0.0335801, -0.2049242, 249.0000000
nan, 0.1033778, -0.0339520, -0.2049672, 249.0000000
nan, 0.1034636, -0.0341584, -0.2050101, 250.0000000
nan, 0.1038956, -0.0356091, -0.2050552, 249.0000000
nan, 0.1038020, -0.0351369, -0.2050985, 249.0000000
nan, 0.1035222, -0.0339055, -0.2051474, 249.0000000
nan, 0.1035397, -0.0338093, -0.2051946, 250.0000000
nan, 0.1035233, -0.0336344, -0.2052280, 249.0000000
nan, 0.1036201, -0.0338876, -0.2052679, 249.0000000
nan, 0.1038234, -0.0345287, -0.2053095, 249.0000000
nan, 0.1041605, -0.0356288, -0.2053516, 249.0000000
nan, 0.1039815, -0.0348530, -0.2053942, 249.0000000
nan, 0.1037765, -0.0338879, -0.2054398, 249.0000000
nan, 0.1037358, -0.0335933, -0.2054815, 249.0000000
nan, 0.1038361, -0.0338249, -0.2055276, 249.0000000
nan, 0.1038476, -0.0337696, -0.2055606, 249.0000000
nan, 0.1042071, -0.0349665, -0.2056087, 249.0000000
nan, 0.1044212, -0.0356232, -0.2056565, 249.0000000
nan, 0.1040876, -0.0342504, -0.2056972, 250.0000000
nan, 0.1040546, -0.0339011, -0.2057439, 249.0000000
nan, 0.1039871, -0.0335031, -0.2057872, 249.0000000
nan, 0.1041221, -0.0338821, -0.2058269, 250.0000000
nan, 0.1041814, -0.0339996, -0.2058709, 249.0000000
nan, 0.1046305, -0.0355145, -0.2059234, 249.0000000
nan, 0.1045291, -0.0349885, -0.2059644, 249.0000000
nan, 0.1042736, -0.0338274, -0.2060172, 249.0000000
nan, 0.1042334, -0.0335038, -0.2060636, 249.0000000
nan, 0.1043467, -0.0337926, -0.2061046, 249.0000000
nan, 0.1043336, -0.0336788, -0.2061402, 249.0000000
nan, 0.1046939, -0.0348632, -0.2061834, 249.0000000
nan, 0.1049204, -0.0355698, -0.2062305, 250.0000000
nan, 0.1045903, -0.0342394, -0.2062718, 249.0000000
nan, 0.1045399, -0.0338345, -0.2063169, 249.0000000
nan, 0.1044663, -0.0334381, -0.2063600, 250.0000000
nan, 0.1046179, -0.0338103, -0.2064124, 250.0000000
nan, 0.1046569, -0.0338820, -0.2064496, 249.0000000
nan, 0.1051318, -0.0354589, -0.2065020, 249.0000000
nan, 0.1049519, -0.0346732, -0.2065492, 249.0000000
nan, 0.1047801, -0.0337888, -0.2066013, 249.0000000
nan, 0.1047088, -0.0334100, -0.2066526, 249.0000000
nan, 0.1048478, -0.0337831, -0.2066946, 250.0000000
nan, 0.1048853, -0.0338279, -0.2067303, 249.0000000
nan, 0.1053608, -0.0354003, -0.2067805, 249.0000000
nan, 0.1052992, -0.0350763, -0.2068223, 249.0000000
nan, 0.1049807, -0.0337294, -0.2068621, 249.0000000
nan, 0.1050260, -0.0337344, -0.2069107, 249.0000000
nan, 0.1050169, -0.0335359, -0.2069589, 249.0000000
nan, 0.1050690, -0.0336386, -0.2069968, 249.0000000
nan, 0.1053930, -0.0347086, -0.2070404, 249.0000000
nan, 0.1056290, -0.0354625, -0.2070888, 249.0000000
nan, 0.1052848, -0.0340681, -0.2071274, 250.0000000
nan, 0.1052508, -0.0337347, -0.2071724, 249.0000000
nan, 0.1051834, -0.0333497, -0.2072200, 249.0000000
nan, 0.1053232, -0.0337263, -0.2072586, 250.0000000
nan, 0.1053433, -0.0337203, -0.2072932, 249.0000000
nan, 0.1058277, -0.0353592, -0.2073456, 250.0000000
nan, 0.1057211, -0.0348065, -0.2073873, 249.0000000
nan, 0.1054663, -0.0336699, -0.2074334, 249.0000000
nan, 0.1054382, -0.0333978, -0.2074770, 249.0000000
nan, 0.1055493, -0.0336486, -0.2075232, 249.0000000
nan, 0.1055197, -0.0334806, -0.2075564, 249.0000000
nan, 0.1060087, -0.0351398, -0.2076046, 249.0000000
nan, 0.1060449, -0.0351454, -0.2076459, 249.0000000
nan, 0.1056945, -0.0336754, -0.2076858, 249.0000000
nan, 0.1057603, -0.0337295, -0.2077380, 249.0000000
nan, 0.1056857, -0.0333328, -0.2077808, 249.0000000
nan, 0.1057874, -0.0336094, -0.2078181, 249.0000000
nan, 0.1059750, -0.0341864, -0.2078569, 249.0000000
nan, 0.1063131, -0.0353119, -0.2078984, 250.0000000
nan, 0.1062014, -0.0347908, -0.2079354, 249.0000000
nan, 0.1059336, -0.0336015, -0.2079802, 249.0000000
nan, 0.1059384, -0.0334703, -0.2080271, 249.0000000
nan, 0.1059712, -0.0334479, -0.2080668, 249.0000000
nan, 0.1060239, -0.0335579, -0.2081026, 249.0000000
nan, 0.1062415, -0.0342656, -0.2081403, 249.0000000
nan, 0.1065692, -0.0353273, -0.2081836, 249.0000000
nan, 0.1063814, -0.0345000, -0.2082223, 249.0000000
nan, 0.1061834, -0.0335909, -0.2082652, 249.0000000
nan, 0.1061304, -0.0332802, -0.2083073, 249.0000000
nan, 0.1062400, -0.0335395, -0.2083522, 249.0000000
nan, 0.1062366, -0.0334597, -0.2083860, 249.0000000
nan, 0.1066227, -0.0347121, -0.2084307, 249.0000000
nan, 0.1068136, -0.0353261, -0.2084733, 249.0000000
nan, 0.1064692, -0.0339084, -0.2085117, 249.0000000
nan, 0.1064460, -0.0336159, -0.2085562, 249.0000000
nan, 0.1063688, -0.0332114, -0.2085988, 249.0000000
nan, 0.1065004, -0.0335742, -0.2086449, 249.0000000
nan, 0.1066105, -0.0339095, -0.2086828, 249.0000000
nan, 0.1070050, -0.0352360, -0.2087273, 249.0000000
nan, 0.1069136, -0.0347888, -0.2087661, 249.0000000
nan, 0.1066178, -0.0335347, -0.2087970, 249.0000000
nan, 0.1066771, -0.0335583, -0.2088438, 249.0000000
nan, 0.1066235, -0.0332476, -0.2088825, 249.0000000
nan, 0.1067101, -0.0334811, -0.2089266, 249.0000000
nan, 0.1069895, -0.0343870, -0.2089675, 249.0000000
nan, 0.1072644, -0.0352828, -0.2090126, 249.0000000
nan, 0.1070099, -0.0342120, -0.2090475, 249.0000000
nan, 0.1068788, -0.0335282, -0.2090853, 249.0000000
nan, 0.1068182, -0.0331927, -0.2091281, 249.0000000
nan, 0.1069508, -0.0335198, -0.2091724, 249.0000000
nan, 0.1069214, -0.0333613, -0.2092127, 249.0000000
nan, 0.1074029, -0.0349829, -0.2092596, 250.0000000
nan, 0.1074345, -0.0349948, -0.2093061, 250.0000000
nan, 0.1070822, -0.0335162, -0.2093401, 249.0000000
nan, 0.1071450, -0.0335793, -0.2093859, 249.0000000
nan, 0.1070592, -0.0331429, -0.2094264, 249.0000000
nan, 0.1071794, -0.0334806, -0.2094620, 249.0000000
nan, 0.1073627, -0.0340453, -0.2094985, 249.0000000
nan, 0.1077078, -0.0352018, -0.2095475, 249.0000000
nan, 0.1075192, -0.0343578, -0.2095858, 249.0000000
nan, 0.1073276, -0.0334783, -0.2096240, 249.0000000
nan, 0.1072855, -0.0332212, -0.2096673, 249.0000000
nan, 0.1073443, -0.0333074, -0.2097044, 249.0000000
nan, 0.1073947, -0.0334052, -0.2097408, 249.0000000
nan, 0.1079474, -0.0352049, -0.2098228, 249.0000000
nan, 0.1077449, -0.0343625, -0.2098581, 249.0000000
nan, 0.1075529, -0.0334459, -0.2098946, 249.0000000
nan, 0.1075068, -0.0331380, -0.2099365, 249.0000000
nan, 0.1076115, -0.0333142, -0.2100154, 249.0000000
nan, 0.1079913, -0.0345625, -0.2100521, 249.0000000
nan, 0.1081872, -0.0351768, -0.2100932, 249.0000000
nan, 0.1078426, -0.0337618, -0.2101330, 249.0000000
nan, 0.1078231, -0.0334737, -0.2101789, 249.0000000
nan, 0.1078741, -0.0334421, -0.2102562, 249.0000000
nan, 0.1078943, -0.0334621, -0.2103005, 249.0000000
nan, 0.1083508, -0.0350188, -0.2103417, 249.0000000
nan, 0.1083408, -0.0348631, -0.2103800, 249.0000000
nan, 0.1079810, -0.0333908, -0.2104167, 249.0000000
nan, 0.1080191, -0.0333112, -0.2104666, 249.0000000
nan, 0.1080474, -0.0332732, -0.2105145, 249.0000000
nan, 0.1080720, -0.0332824, -0.2105502, 249.0000000
nan, 0.1084661, -0.0346032, -0.2105979, 249.0000000
nan, 0.1086414, -0.0350973, -0.2106350, 249.0000000
nan, 0.1082461, -0.0335045, -0.2106730, 249.0000000
nan, 0.1082805, -0.0334379, -0.2107153, 249.0000000
nan, 0.1081970, -0.0330008, -0.2107544, 249.0000000
nan, 0.1083250, -0.0333874, -0.2107856, 249.0000000
nan, 0.1083829, -0.0335069, -0.2108194, 249.0000000
nan, 0.1088349, -0.0350293, -0.2108658, 250.0000000
nan, 0.1087581, -0.0346347, -0.2109090, 249.0000000
nan, 0.1084501, -0.0333273, -0.2109437, 249.0000000
nan, 0.1084867, -0.0332869, -0.2109845, 249.0000000
nan, 0.1084493, -0.0330306, -0.2110141, 249.0000000
nan, 0.1085451, -0.0333087, -0.2110548, 249.0000000
nan, 0.1087763, -0.0340255, -0.2110924, 249.0000000
nan, 0.1090892, -0.0350654, -0.2111388, 249.0000000
nan, 0.1088771, -0.0342076, -0.2111726, 249.0000000
nan, 0.1086870, -0.0333254, -0.2112139, 249.0000000
nan, 0.1086433, -0.0330040, -0.2112505, 249.0000000
nan, 0.1087485, -0.0332839, -0.2112883, 250.0000000
nan, 0.1087294, -0.0331353, -0.2113295, 249.0000000
nan, 0.1092045, -0.0347411, -0.2113760, 249.0000000
nan, 0.1092579, -0.0348264, -0.2114224, 249.0000000
nan, 0.1088896, -0.0333013, -0.2114587, 249.0000000
nan, 0.1089546, -0.0333646, -0.2115049, 249.0000000
nan, 0.1088787, -0.0329690, -0.2115449, 249.0000000
nan, 0.1089815, -0.0332757, -0.2115771, 250.0000000
nan, 0.1091878, -0.0339441, -0.2116149, 249.0000000
nan, 0.1095117, -0.0350241, -0.2116585, 249.0000000
nan, 0.1092854, -0.0340698, -0.2116935, 249.0000000
nan, 0.1091276, -0.0332932, -0.2117354, 250.0000000
nan, 0.1090742, -0.0329532, -0.2117767, 249.0000000
nan, 0.1091856, -0.0332387, -0.2118187, 249.0000000
nan, 0.1091713, -0.0331155, -0.2118540, 249.0000000
nan, 0.1095888, -0.0345232, -0.2118934, 249.0000000
nan, 0.1097431, -0.0349748, -0.2119370, 249.0000000
nan, 0.1093740, -0.0334789, -0.2119756, 249.0000000
nan, 0.1093869, -0.0333213, -0.2120179, 250.0000000
nan, 0.1093050, -0.0328995, -0.2120607, 249.0000000
nan, 0.1094352, -0.0332877, -0.2120934, 249.0000000
nan, 0.1094527, -0.0332844, -0.2121305, 249.0000000
nan, 0.1099168, -0.0348532, -0.2121717, 249.0000000
nan, 0.1099084, -0.0347155, -0.2122101, 249.0000000
nan, 0.1095577, -0.0332347, -0.2122496, 249.0000000
nan, 0.1096074, -0.0332671, -0.2122942, 249.0000000
nan, 0.1095478, -0.0329316, -0.2123237, 249.0000000
nan, 0.1096386, -0.0332014, -0.2123572, 249.0000000
nan, 0.1098659, -0.0339446, -0.2124013, 249.0000000
nan, 0.1101805, -0.0349750, -0.2124409, 249.0000000
nan, 0.1099273, -0.0339228, -0.2124792, 249.0000000
nan, 0.1097910, -0.0332297, -0.2125141, 249.0000000
nan, 0.1097309, -0.0328761, -0.2125501, 249.0000000
nan, 0.1098493, -0.0331781, -0.2125824, 249.0000000
nan, 0.1098381, -0.0330590, -0.2126143, 249.0000000
nan, 0.1102273, -0.0343763, -0.2126552, 249.0000000
nan, 0.1104069, -0.0349223, -0.2126904, 249.0000000
nan, 0.1100409, -0.0334646, -0.2127266, 249.0000000
nan, 0.1100353, -0.0332331, -0.2127657, 250.0000000
nan, 0.1099585, -0.0328222, -0.2128001, 249.0000000
nan, 0.1100876, -0.0331965, -0.2128372, 249.0000000
nan, 0.1101238, -0.0332758, -0.2128653, 249.0000000
nan, 0.1105889, -0.0348305, -0.2129100, 250.0000000
nan, 0.1105232, -0.0344782, -0.2129445, 249.0000000
nan, 0.1102046, -0.0331477, -0.2129790, 249.0000000
nan, 0.1102715, -0.0332168, -0.2130164, 249.0000000
nan, 0.1101946, -0.0328264, -0.2130562, 249.0000000
nan, 0.1102953, -0.0331179, -0.2130891, 249.0000000
nan, 0.1105456, -0.0339397, -0.2131315, 249.0000000
nan, 0.1108367, -0.0348989, -0.2131702, 250.0000000
nan, 0.1106012, -0.0339211, -0.2132100, 249.0000000
nan, 0.1104387, -0.0331362, -0.2132463, 249.0000000
nan, 0.1103889, -0.0328332, -0.2132856, 249.0000000
nan, 0.1104751, -0.0330327, -0.2133220, 249.0000000
nan, 0.1104997, -0.0330185, -0.2133568, 249.0000000
nan, 0.1108625, -0.0342482, -0.2133939, 249.0000000
nan, 0.1110662, -0.0348746, -0.2134312, 249.0000000
nan, 0.1107574, -0.0336253, -0.2134609, 249.0000000
nan, 0.1107364, -0.0331387, -0.2135764, 249.0000000
nan, 0.1107109, -0.0329800, -0.2136072, 249.0000000
nan, 0.1111917, -0.0346089, -0.2136450, 250.0000000
nan, 0.1112368, -0.0346652, -0.2136777, 249.0000000
nan, 0.1108585, -0.0331516, -0.2137158, 249.0000000
nan, 0.1109138, -0.0331675, -0.2137568, 249.0000000
nan, 0.1108189, -0.0327231, -0.2137896, 249.0000000
nan, 0.1109397, -0.0330771, -0.2138230, 249.0000000
nan, 0.1110896, -0.0335255, -0.2138563, 249.0000000
nan, 0.1114570, -0.0347678, -0.2138968, 249.0000000
nan, 0.1113299, -0.0342019, -0.2139322, 249.0000000
nan, 0.1110629, -0.0330439, -0.2139663, 249.0000000
nan, 0.1110652, -0.0328768, -0.2140070, 249.0000000
nan, 0.1111289, -0.0329713, -0.2140464, 249.0000000
nan, 0.1111130, -0.0328666, -0.2140828, 249.0000000
nan, 0.1115986, -0.0345179, -0.2141327, 249.0000000
nan, 0.1116421, -0.0345482, -0.2141671, 249.0000000
nan, 0.1112738, -0.0330416, -0.2142085, 249.0000000
nan, 0.1113290, -0.0330881, -0.2142419, 250.0000000
nan, 0.1112796, -0.0327787, -0.2142837, 250.0000000
nan, 0.1113522, -0.0329897, -0.2143174, 249.0000000
nan, 0.1116060, -0.0338331, -0.2143551, 249.0000000
nan, 0.1118910, -0.0347588, -0.2143912, 249.0000000
nan, 0.1116523, -0.0337629, -0.2144251, 249.0000000
nan, 0.1115015, -0.0330169, -0.2144595, 249.0000000
nan, 0.1114472, -0.0326711, -0.2144968, 249.0000000
nan, 0.1115739, -0.0329921, -0.2145347, 250.0000000
nan, 0.1115319, -0.0328250, -0.2145620, 249.0000000
nan, 0.1119237, -0.0341363, -0.2145986, 249.0000000
nan, 0.1121174, -0.0347327, -0.2146335, 249.0000000
nan, 0.1117610, -0.0333066, -0.2146725, 249.0000000
nan, 0.1117415, -0.0330330, -0.2147155, 249.0000000
nan, 0.1116594, -0.0326275, -0.2147464, 249.0000000
nan, 0.1117826, -0.0330070, -0.2147821, 249.0000000
nan, 0.1118081, -0.0330342, -0.2148120, 250.0000000
nan, 0.1122678, -0.0345824, -0.2148510, 249.0000000
nan, 0.1122549, -0.0344232, -0.2148851, 249.0000000
nan, 0.1119033, -0.0329756, -0.2149226, 249.0000000
nan, 0.1119606, -0.0330401, -0.2149576, 249.0000000
nan, 0.1118720, -0.0326110, -0.2149902, 249.0000000
nan, 0.1119840, -0.0329308, -0.2150235, 249.0000000
nan, 0.1121813, -0.0335697, -0.2150538, 249.0000000
nan, 0.1125172, -0.0346967, -0.2150907, 249.0000000
nan, 0.1122523, -0.0336152, -0.2151277, 249.0000000
nan, 0.1121218, -0.0329631, -0.2151684, 249.0000000
nan, 0.1120599, -0.0326022, -0.2152020, 249.0000000
nan, 0.1121786, -0.0329141, -0.2152358, 249.0000000
nan, 0.1121547, -0.0327889, -0.2152658, 249.0000000
nan, 0.1125565, -0.0341419, -0.2153027, 249.0000000
nan, 0.1127268, -0.0346886, -0.2153379, 249.0000000
nan, 0.1123892, -0.0333285, -0.2153708, 249.0000000
nan, 0.1123341, -0.0329511, -0.2154066, 249.0000000
nan, 0.1122626, -0.0325680, -0.2154444, 249.0000000
nan, 0.1123949, -0.0329507, -0.2154781, 249.0000000
nan, 0.1123889, -0.0328924, -0.2155078, 249.0000000
nan, 0.1128761, -0.0345445, -0.2155479, 249.0000000
nan, 0.1128430, -0.0343104, -0.2155821, 249.0000000
nan, 0.1125061, -0.0328951, -0.2156106, 249.0000000
nan, 0.1125403, -0.0328474, -0.2156585, 249.0000000
nan, 0.1125118, -0.0326389, -0.2156923, 249.0000000
nan, 0.1125876, -0.0328657, -0.2157186, 250.0000000
nan, 0.1128074, -0.0335720, -0.2157581, 249.0000000
nan, 0.1131237, -0.0346308, -0.2157952, 249.0000000
nan, 0.1129610, -0.0339132, -0.2158245, 249.0000000
nan, 0.1127279, -0.0328743, -0.2158634, 249.0000000
nan, 0.1126773, -0.0325625, -0.2158975, 249.0000000
nan, 0.1127859, -0.0328357, -0.2159329, 249.0000000
nan, 0.1127776, -0.0327527, -0.2159628, 249.0000000
nan, 0.1131597, -0.0340163, -0.2160007, 249.0000000
nan, 0.1133411, -0.0346108, -0.2160376, 249.0000000
nan, 0.1129893, -0.0331906, -0.2160673, 249.0000000
nan, 0.1129638, -0.0329144, -0.2161008, 249.0000000
nan, 0.1128781, -0.0325052, -0.2161320, 249.0000000
nan, 0.1130132, -0.0328864, -0.2161668, 249.0000000
nan, 0.1130323, -0.0329134, -0.2161973, 249.0000000
nan, 0.1134857, -0.0344594, -0.2162347, 249.0000000
nan, 0.1134411, -0.0341980, -0.2162746, 249.0000000
nan, 0.1131145, -0.0328387, -0.2163090, 249.0000000
nan, 0.1131781, -0.0329177, -0.2163456, 249.0000000
nan, 0.1130879, -0.0324945, -0.2163798, 249.0000000
nan, 0.1131907, -0.0328023, -0.2164143, 249.0000000
nan, 0.1134339, -0.0335853, -0.2164506, 249.0000000
nan, 0.1137379, -0.0345830, -0.2164866, 249.0000000
nan, 0.1135191, -0.0336541, -0.2165262, 249.0000000
nan, 0.1133268, -0.0328181, -0.2165598, 249.0000000
nan, 0.1132846, -0.0325305, -0.2165953, 249.0000000
nan, 0.1133571, -0.0326862, -0.2166305, 249.0000000
nan, 0.1133822, -0.0327481, -0.2166631, 249.0000000
nan, 0.1136617, -0.0336632, -0.2166935, 249.0000000
nan, 0.1139329, -0.0345665, -0.2167290, 249.0000000
nan, 0.1136734, -0.0335046, -0.2167619, 250.0000000
nan, 0.1135329, -0.0328167, -0.2168059, 249.0000000
nan, 0.1134704, -0.0324650, -0.2168421, 249.0000000
nan, 0.1135957, -0.0328045, -0.2168758, 249.0000000
nan, 0.1135603, -0.0326519, -0.2169009, 249.0000000
nan, 0.1139224, -0.0338618, -0.2169379, 249.0000000
nan, 0.1141278, -0.0345170, -0.2169758, 250.0000000
nan, 0.1137357, -0.0329369, -0.2170086, 249.0000000
nan, 0.1137633, -0.0328471, -0.2170511, 249.0000000
nan, 0.1136744, -0.0324281, -0.2170775, 249.0000000
nan, 0.1138035, -0.0328105, -0.2171072, 249.0000000
nan, 0.1138517, -0.0329014, -0.2171347, 249.0000000
nan, 0.1142871, -0.0344063, -0.2171745, 249.0000000
nan, 0.1142532, -0.0341884, -0.2172097, 249.0000000
nan, 0.1139041, -0.0327708, -0.2172367, 249.0000000
nan, 0.1139410, -0.0327404, -0.2172790, 249.0000000
nan, 0.1139104, -0.0325064, -0.2173132, 249.0000000
nan, 0.1139890, -0.0327186, -0.2173418, 249.0000000
nan, 0.1142374, -0.0335519, -0.2173787, 249.0000000
nan, 0.1145186, -0.0344969, -0.2174125, 249.0000000
nan, 0.1143184, -0.0336656, -0.2174414, 249.0000000
nan, 0.1141155, -0.0327493, -0.2174760, 249.0000000
nan, 0.1140615, -0.0324353, -0.2175149, 249.0000000
nan, 0.1141636, -0.0326962, -0.2175498, 249.0000000
nan, 0.1141643, -0.0326228, -0.2175754, 250.0000000
nan, 0.1145363, -0.0338674, -0.2176064, 249.0000000
nan, 0.1147297, -0.0344857, -0.2176404, 249.0000000
nan, 0.1143731, -0.0330725, -0.2176687, 250.0000000
nan, 0.1143284, -0.0327582, -0.2176996, 249.0000000
nan, 0.1142576, -0.0323741, -0.2177347, 249.0000000
nan, 0.1143924, -0.0327528, -0.2177756, 249.0000000
nan, 0.1144528, -0.0329154, -0.2178101, 250.0000000
nan, 0.1148850, -0.0343669, -0.2178460, 249.0000000
nan, 0.1148340, -0.0340803, -0.2178770, 249.0000000
nan, 0.1144992, -0.0327210, -0.2179112, 249.0000000
nan, 0.1145630, -0.0327851, -0.2179458, 249.0000000
nan, 0.1144891, -0.0324062, -0.2179815, 249.0000000
nan, 0.1145794, -0.0326583, -0.2180160, 249.0000000
nan, 0.1148487, -0.0335630, -0.2180497, 249.0000000
nan, 0.1151243, -0.0344666, -0.2180808, 250.0000000
nan, 0.1148633, -0.0334008, -0.2181107, 249.0000000
nan, 0.1147172, -0.0327119, -0.2181452, 250.0000000
nan, 0.1146539, -0.0323577, -0.2181830, 249.0000000
nan, 0.1147664, -0.0326660, -0.2182138, 249.0000000
nan, 0.1147617, -0.0325983, -0.2182370, 250.0000000
nan, 0.1151054, -0.0337701, -0.2182691, 249.0000000
nan, 0.1153162, -0.0344619, -0.2183069, 249.0000000
nan, 0.1149813, -0.0331131, -0.2183348, 249.0000000
nan, 0.1149281, -0.0327156, -0.2183739, 249.0000000
nan, 0.1148491, -0.0323241, -0.2184069, 249.0000000
nan, 0.1149768, -0.0327020, -0.2184340, 249.0000000
nan, 0.1149741, -0.0326355, -0.2184628, 250.0000000
nan, 0.1154459, -0.0342420, -0.2184963, 249.0000000
nan, 0.1154506, -0.0341806, -0.2185305, 249.0000000
nan, 0.1150762, -0.0326811, -0.2185639, 250.0000000
nan, 0.1151371, -0.0327317, -0.2186040, 249.0000000
nan, 0.1151515, -0.0326280, -0.2186682, 249.0000000
nan, 0.1153695, -0.0333156, -0.2186966, 249.0000000
nan, 0.1156954, -0.0343919, -0.2187333, 249.0000000
nan, 0.1154609, -0.0334156, -0.2187671, 250.0000000
nan, 0.1153061, -0.0326466, -0.2187968, 249.0000000
nan, 0.1152403, -0.0322920, -0.2188302, 249.0000000
nan, 0.1153541, -0.0326182, -0.2188649, 249.0000000
nan, 0.1153345, -0.0325108, -0.2188869, 249.0000000
nan, 0.1157440, -0.0339011, -0.2189258, 250.0000000
nan, 0.1158846, -0.0343371, -0.2189646, 249.0000000
nan, 0.1155434, -0.0329728, -0.2189900, 249.0000000
nan, 0.1155107, -0.0326643, -0.2190244, 249.0000000
nan, 0.1154300, -0.0322656, -0.2190579, 249.0000000
nan, 0.1155597, -0.0326450, -0.2190930, 249.0000000
nan, 0.1155782, -0.0326575, -0.2191223, 249.0000000
nan, 0.1160358, -0.0342249, -0.2191543, 249.0000000
nan, 0.1160168, -0.0340753, -0.2191817, 249.0000000
nan, 0.1156599, -0.0326114, -0.2192147, 249.0000000
nan, 0.1157137, -0.0326703, -0.2192519, 249.0000000
nan, 0.1156278, -0.0322481, -0.2192809, 250.0000000
nan, 0.1157416, -0.0325871, -0.2193095, 249.0000000
nan, 0.1159321, -0.0332003, -0.2193416, 250.0000000
nan, 0.1162690, -0.0343346, -0.2193790, 249.0000000
nan, 0.1160918, -0.0335849, -0.2194065, 250.0000000
nan, 0.1158609, -0.0325910, -0.2194386, 249.0000000
nan, 0.1158232, -0.0323122, -0.2194744, 249.0000000
nan, 0.1159104, -0.0325163, -0.2195100, 249.0000000
nan, 0.1159166, -0.0324926, -0.2195332, 250.0000000
nan, 0.1162651, -0.0336682, -0.2195641, 249.0000000
nan, 0.1164765, -0.0343612, -0.2196006, 249.0000000
nan, 0.1161368, -0.0330072, -0.2196282, 249.0000000
nan, 0.1160848, -0.0326260, -0.2196637, 249.0000000
nan, 0.1159997, -0.0322132, -0.2197013, 249.0000000
nan, 0.1161244, -0.0325975, -0.2197330, 249.0000000
nan, 0.1161701, -0.0327039, -0.2197607, 249.0000000
nan, 0.1165894, -0.0341511, -0.2197906, 249.0000000
nan, 0.1166223, -0.0341798, -0.2198231, 249.0000000
nan, 0.1162412, -0.0326401, -0.2198506, 249.0000000
nan, 0.1162870, -0.0326259, -0.2198792, 249.0000000
nan, 0.1162631, -0.0323752, -0.2199591, 249.0000000
nan, 0.1167987, -0.0341928, -0.2200001, 249.0000000
nan, 0.1167064, -0.0337381, -0.2200325, 250.0000000
nan, 0.1164330, -0.0325349, -0.2200735, 249.0000000
nan, 0.1163749, -0.0321822, -0.2201117, 249.0000000
nan, 0.1169974, -0.0341980, -0.2202125, 249.0000000
nan, 0.1169294, -0.0338717, -0.2202416, 249.0000000
nan, 0.1166020, -0.0325298, -0.2202743, 249.0000000
nan, 0.1166604, -0.0325839, -0.2203120, 249.0000000
nan, 0.1165979, -0.0322240, -0.2203484, 250.0000000
nan, 0.1166799, -0.0324750, -0.2203744, 249.0000000
nan, 0.1169184, -0.0332693, -0.2204094, 249.0000000
nan, 0.1172120, -0.0342663, -0.2204399, 249.0000000
nan, 0.1170197, -0.0334540, -0.2204643, 249.0000000
nan, 0.1168053, -0.0324898, -0.2204999, 249.0000000
nan, 0.1167596, -0.0321874, -0.2205282, 250.0000000
nan, 0.1168486, -0.0324306, -0.2205639, 249.0000000
nan, 0.1168410, -0.0323836, -0.2205883, 249.0000000
nan, 0.1171981, -0.0335972, -0.2206250, 249.0000000
nan, 0.1174053, -0.0342633, -0.2206584, 249.0000000
nan, 0.1170195, -0.0327290, -0.2206831, 249.0000000
nan, 0.1170211, -0.0325336, -0.2207199, 249.0000000
nan, 0.1169255, -0.0321103, -0.2207468, 249.0000000
nan, 0.1170550, -0.0325010, -0.2207827, 249.0000000
nan, 0.1170612, -0.0324755, -0.2208064, 249.0000000
nan, 0.1175460, -0.0341319, -0.2208441, 250.0000000
nan, 0.1171917, -0.0325014, -0.2209223, 249.0000000
nan, 0.1171099, -0.0320873, -0.2209548, 250.0000000
nan, 0.1172244, -0.0324145, -0.2209874, 249.0000000
nan, 0.1177363, -0.0341292, -0.2210439, 249.0000000
nan, 0.1174024, -0.0327237, -0.2210923, 249.0000000
nan, 0.1173026, -0.0320714, -0.2211584, 249.0000000
nan, 0.1173917, -0.0323010, -0.2212112, 249.0000000
nan, 0.1179499, -0.0341817, -0.2212731, 249.0000000
nan, 0.1175202, -0.0324090, -0.2213235, 249.0000000
nan, 0.1175619, -0.0323174, -0.2213885, 249.0000000
nan, 0.1177568, -0.0329384, -0.2214344, 249.0000000
nan, 0.1179570, -0.0334693, -0.2214932, 249.0000000
nan, 0.1177568, -0.0324702, -0.2215463, 249.0000000
nan, 0.1177749, -0.0323872, -0.2216021, 249.0000000
nan, 0.1178892, -0.0323792, -0.2217381, 249.0000000
nan, 0.1178360, -0.0320170, -0.2217813, 249.0000000
nan, 0.1180158, -0.0325688, -0.2218363, 249.0000000
nan, 0.1184829, -0.0341540, -0.2218898, 249.0000000
nan, 0.1180950, -0.0324157, -0.2219486, 249.0000000
nan, 0.1180930, -0.0322270, -0.2220023, 249.0000000
nan, 0.1184661, -0.0334605, -0.2220649, 250.0000000
nan, 0.1185219, -0.0335119, -0.2221121, 249.0000000
nan, 0.1182324, -0.0321790, -0.2221739, 250.0000000
nan, 0.1183207, -0.0323669, -0.2222170, 249.0000000
nan, 0.1188151, -0.0340320, -0.2222785, 249.0000000
nan, 0.1184343, -0.0323342, -0.2223448, 249.0000000
nan, 0.1184982, -0.0323438, -0.2224204, 249.0000000
nan, 0.1189703, -0.0339066, -0.2224749, 249.0000000
nan, 0.1185985, -0.0323249, -0.2225359, 249.0000000
nan, 0.1185551, -0.0319614, -0.2225896, 250.0000000
nan, 0.1187087, -0.0324052, -0.2226484, 249.0000000
nan, 0.1192089, -0.0340857, -0.2226996, 249.0000000
nan, 0.1188134, -0.0323593, -0.2227621, 249.0000000
nan, 0.1188126, -0.0321930, -0.2228107, 249.0000000
nan, 0.1191647, -0.0333215, -0.2228601, 249.0000000
nan, 0.1192228, -0.0333989, -0.2229090, 249.0000000
nan, 0.1189431, -0.0320726, -0.2229665, 250.0000000
nan, 0.1189813, -0.0321007, -0.2230253, 249.0000000
nan, 0.1195660, -0.0340730, -0.2230797, 249.0000000
nan, 0.1191708, -0.0323300, -0.2231404, 249.0000000
nan, 0.1192072, -0.0322568, -0.2232076, 249.0000000
nan, 0.1197084, -0.0339641, -0.2232613, 249.0000000
nan, 0.1193089, -0.0322517, -0.2233241, 249.0000000
nan, 0.1193801, -0.0322618, -0.2233839, 249.0000000
nan, 0.1196725, -0.0332232, -0.2234300, 249.0000000
nan, 0.1195793, -0.0326943, -0.2234890, 249.0000000
nan, 0.1194557, -0.0319827, -0.2235421, 249.0000000
nan, 0.1195423, -0.0321755, -0.2235933, 249.0000000
nan, 0.1200583, -0.0339241, -0.2236362, 249.0000000
nan, 0.1196551, -0.0322266, -0.2236942, 249.0000000
nan, 0.1196145, -0.0318647, -0.2237436, 250.0000000
nan, 0.1198123, -0.0324744, -0.2237972, 249.0000000
nan, 0.1202552, -0.0339384, -0.2238482, 249.0000000
nan, 0.1198721, -0.0322828, -0.2239043, 249.0000000
nan, 0.1198908, -0.0321573, -0.2239461, 249.0000000
nan, 0.1202427, -0.0333513, -0.2240023, 249.0000000
nan, 0.1202312, -0.0331560, -0.2240514, 249.0000000
nan, 0.1199667, -0.0318912, -0.2241136, 250.0000000
nan, 0.1200798, -0.0321848, -0.2241553, 249.0000000
nan, 0.1205882, -0.0339115, -0.2242172, 249.0000000
nan, 0.1201903, -0.0322482, -0.2242604, 249.0000000
nan, 0.1201383, -0.0318066, -0.2243193, 249.0000000
nan, 0.1205901, -0.0331805, -0.2244382, 249.0000000
nan, 0.1202939, -0.0318294, -0.2245051, 249.0000000
nan, 0.1204089, -0.0321167, -0.2245535, 249.0000000
nan, 0.1209366, -0.0339352, -0.2246142, 250.0000000
nan, 0.1205479, -0.0322154, -0.2246836, 249.0000000
nan, 0.1205651, -0.0321368, -0.2247329, 249.0000000
nan, 0.1209704, -0.0334795, -0.2247852, 249.0000000
nan, 0.1208913, -0.0330595, -0.2248292, 249.0000000
nan, 0.1206342, -0.0318234, -0.2248883, 249.0000000
nan, 0.1207374, -0.0321086, -0.2249332, 249.0000000
nan, 0.1212597, -0.0338973, -0.2249920, 249.0000000
nan, 0.1208405, -0.0321865, -0.2250295, 249.0000000
nan, 0.1207902, -0.0317507, -0.2250842, 249.0000000
nan, 0.1212339, -0.0330830, -0.2252008, 249.0000000
nan, 0.1210465, -0.0321867, -0.2252428, 249.0000000
nan, 0.1210638, -0.0321280, -0.2252906, 249.0000000
nan, 0.1213623, -0.0331252, -0.2253345, 249.0000000
nan, 0.1212827, -0.0326581, -0.2253832, 249.0000000
nan, 0.1211310, -0.0318896, -0.2254293, 249.0000000
nan, 0.1212044, -0.0320193, -0.2254839, 249.0000000
nan, 0.1217394, -0.0338161, -0.2255280, 249.0000000
nan, 0.1213330, -0.0320950, -0.2255865, 249.0000000
nan, 0.1214921, -0.0323722, -0.2256852, 249.0000000
nan, 0.1219257, -0.0338488, -0.2257284, 249.0000000
nan, 0.1215382, -0.0321439, -0.2257905, 249.0000000
nan, 0.1215312, -0.0319587, -0.2258393, 249.0000000
nan, 0.1218858, -0.0331323, -0.2258853, 249.0000000
nan, 0.1219153, -0.0331268, -0.2259342, 249.0000000
nan, 0.1216283, -0.0317815, -0.2259884, 249.0000000
nan, 0.1217209, -0.0319779, -0.2260495, 249.0000000
nan, 0.1220128, -0.0328371, -0.2261149, 249.0000000
nan, 0.1217940, -0.0317763, -0.2261652, 249.0000000
nan, 0.1218459, -0.0318414, -0.2262218, 250.0000000
nan, 0.1224236, -0.0338054, -0.2262745, 249.0000000
nan, 0.1224172, -0.0315864, -0.2269063, 249.0000000
nan, 0.1228193, -0.0323284, -0.2271344, 250.0000000
nan, 0.1238354, -0.0329865, -0.2280502, 249.0000000
nan, 0.1235976, -0.0317116, -0.2281659, 249.0000000
nan, 0.1237508, -0.0319029, -0.2282579, 249.0000000
nan, 0.1238065, -0.0318886, -0.2283239, 249.0000000
nan, 0.1243325, -0.0336890, -0.2283849, 249.0000000
nan, 0.1238989, -0.0318876, -0.2284270, 249.0000000
nan, 0.1239457, -0.0318542, -0.2284880, 249.0000000
nan, 0.1242625, -0.0328875, -0.2285285, 250.0000000
nan, 0.1241604, -0.0323561, -0.2285719, 249.0000000
nan, 0.1240220, -0.0316317, -0.2286170, 249.0000000
nan, 0.1240880, -0.0317486, -0.2286637, 250.0000000
nan, 0.1246154, -0.0335554, -0.2287257, 249.0000000
nan, 0.1241442, -0.0315440, -0.2287909, 249.0000000
nan, 0.1242270, -0.0317644, -0.2288267, 249.0000000
nan, 0.1247890, -0.0336638, -0.2288824, 249.0000000
nan, 0.1243467, -0.0318479, -0.2289196, 249.0000000
nan, 0.1243590, -0.0316675, -0.2289734, 249.0000000
nan, 0.1248521, -0.0333344, -0.2290281, 249.0000000
nan, 0.1245379, -0.0320835, -0.2290730, 250.0000000
nan, 0.1244453, -0.0314434, -0.2291306, 249.0000000
nan, 0.1248462, -0.0327817, -0.2291814, 249.0000000
nan, 0.1249169, -0.0329115, -0.2292224, 249.0000000
nan, 0.1246014, -0.0314984, -0.2292733, 249.0000000
nan, 0.1247021, -0.0317876, -0.2293160, 249.0000000
nan, 0.1252277, -0.0335774, -0.2293651, 249.0000000
nan, 0.1248118, -0.0318707, -0.2294024, 249.0000000
nan, 0.1247410, -0.0314216, -0.2294590, 249.0000000
nan, 0.1248325, -0.0317003, -0.2294938, 249.0000000
nan, 0.1253443, -0.0334055, -0.2295451, 250.0000000
nan, 0.1249890, -0.0318507, -0.2295876, 249.0000000
nan, 0.1250122, -0.0317924, -0.2296372, 249.0000000
nan, 0.1252782, -0.0326860, -0.2296679, 249.0000000
nan, 0.1252713, -0.0325032, -0.2297148, 249.0000000
nan, 0.1251366, -0.0318016, -0.2297570, 249.0000000
nan, 0.1251380, -0.0317227, -0.2297973, 249.0000000
nan, 0.1256421, -0.0334728, -0.2298391, 249.0000000
nan, 0.1252356, -0.0317996, -0.2298788, 249.0000000
nan, 0.1251769, -0.0313943, -0.2299258, 249.0000000
nan, 0.1252575, -0.0316009, -0.2299688, 249.0000000
nan, 0.1258318, -0.0335776, -0.2300074, 249.0000000
nan, 0.1254164, -0.0318032, -0.2300590, 249.0000000
nan, 0.1253407, -0.0314236, -0.2301046, 249.0000000
nan, 0.1256561, -0.0324590, -0.2301483, 250.0000000
nan, 0.1259248, -0.0333336, -0.2301826, 249.0000000
nan, 0.1255827, -0.0318436, -0.2302285, 249.0000000
nan, 0.1255763, -0.0316676, -0.2302827, 250.0000000
nan, 0.1261253, -0.0335371, -0.2303267, 249.0000000
nan, 0.1257058, -0.0317768, -0.2303789, 249.0000000
nan, 0.1256594, -0.0314474, -0.2304212, 249.0000000
nan, 0.1259806, -0.0325182, -0.2304698, 249.0000000
nan, 0.1262072, -0.0332367, -0.2305080, 249.0000000
nan, 0.1258767, -0.0318047, -0.2305592, 249.0000000
nan, 0.1258937, -0.0317272, -0.2305990, 249.0000000
nan, 0.1263406, -0.0332876, -0.2306481, 249.0000000
nan, 0.1261444, -0.0324357, -0.2306828, 249.0000000
nan, 0.1259214, -0.0313867, -0.2307357, 249.0000000
nan, 0.1260355, -0.0316811, -0.2307686, 249.0000000
nan, 0.1265572, -0.0335001, -0.2308159, 249.0000000
nan, 0.1261365, -0.0318113, -0.2308508, 249.0000000
nan, 0.1260687, -0.0313290, -0.2309064, 249.0000000
nan, 0.1261333, -0.0314980, -0.2309324, 249.0000000
nan, 0.1266937, -0.0334314, -0.2309839, 249.0000000
nan, 0.1262831, -0.0317252, -0.2310246, 249.0000000
nan, 0.1263078, -0.0316414, -0.2310769, 249.0000000
nan, 0.1264914, -0.0322628, -0.2311079, 249.0000000
nan, 0.1266756, -0.0327757, -0.2311571, 250.0000000
nan, 0.1264581, -0.0317758, -0.2311961, 250.0000000
nan, 0.1264580, -0.0316672, -0.2312367, 249.0000000
nan, 0.1268497, -0.0330071, -0.2312725, 249.0000000
nan, 0.1265798, -0.0318877, -0.2313160, 249.0000000
nan, 0.1265184, -0.0313910, -0.2313706, 249.0000000
nan, 0.1270179, -0.0331244, -0.2314298, 249.0000000
nan, 0.1267424, -0.0319874, -0.2314661, 249.0000000
nan, 0.1266216, -0.0312849, -0.2315177, 249.0000000
nan, 0.1271495, -0.0329734, -0.2316121, 249.0000000
nan, 0.1268649, -0.0317092, -0.2316447, 249.0000000
nan, 0.1268853, -0.0316319, -0.2316975, 249.0000000
nan, 0.1270691, -0.0322638, -0.2317264, 249.0000000
nan, 0.1272184, -0.0326896, -0.2317771, 250.0000000
nan, 0.1268967, -0.0312751, -0.2318247, 249.0000000
nan, 0.1269721, -0.0315061, -0.2318618, 249.0000000
nan, 0.1275286, -0.0333614, -0.2319185, 249.0000000
nan, 0.1271219, -0.0316672, -0.2319588, 249.0000000
nan, 0.1271486, -0.0316137, -0.2320075, 249.0000000
nan, 0.1274644, -0.0327040, -0.2320482, 250.0000000
nan, 0.1272888, -0.0318925, -0.2320901, 249.0000000
nan, 0.1272089, -0.0313550, -0.2321321, 249.0000000
nan, 0.1272612, -0.0315018, -0.2321780, 250.0000000
nan, 0.1277963, -0.0332940, -0.2322232, 249.0000000
nan, 0.1274139, -0.0316766, -0.2322642, 249.0000000
nan, 0.1274384, -0.0315956, -0.2323116, 250.0000000
nan, 0.1278162, -0.0329158, -0.2323492, 250.0000000
nan, 0.1275658, -0.0318333, -0.2323959, 249.0000000
nan, 0.1274717, -0.0312858, -0.2324328, 249.0000000
nan, 0.1275427, -0.0314518, -0.2324756, 249.0000000
nan, 0.1280621, -0.0332156, -0.2325256, 249.0000000
nan, 0.1277056, -0.0316620, -0.2325631, 249.0000000
nan, 0.1277141, -0.0315777, -0.2326146, 249.0000000
nan, 0.1280525, -0.0327161, -0.2326518, 249.0000000
nan, 0.1278781, -0.0319434, -0.2326958, 249.0000000
nan, 0.1277485, -0.0312836, -0.2327354, 249.0000000
nan, 0.1278256, -0.0314507, -0.2327757, 249.0000000
nan, 0.1283709, -0.0333400, -0.2328150, 249.0000000
nan, 0.1279552, -0.0315917, -0.2328529, 250.0000000
nan, 0.1278894, -0.0311804, -0.2328871, 250.0000000
nan, 0.1281297, -0.0319945, -0.2329181, 250.0000000
nan, 0.1284967, -0.0332297, -0.2329577, 249.0000000
nan, 0.1281358, -0.0316548, -0.2329999, 250.0000000
nan, 0.1281337, -0.0315338, -0.2330293, 249.0000000
nan, 0.1285258, -0.0329013, -0.2330720, 249.0000000
nan, 0.1284091, -0.0323607, -0.2331064, 249.0000000
nan, 0.1281498, -0.0311717, -0.2331666, 249.0000000
nan, 0.1282895, -0.0316274, -0.2332013, 249.0000000
nan, 0.1286876, -0.0329468, -0.2332426, 249.0000000
nan, 0.1283929, -0.0316232, -0.2332848, 249.0000000
nan, 0.1283805, -0.0314860, -0.2333291, 250.0000000
nan, 0.1284840, -0.0316668, -0.2333998, 249.0000000
nan, 0.1283998, -0.0311592, -0.2334384, 249.0000000
nan, 0.1284663, -0.0312941, -0.2334770, 249.0000000
nan, 0.1290477, -0.0333428, -0.2335189, 249.0000000
nan, 0.1286257, -0.0315475, -0.2335635, 250.0000000
nan, 0.1285771, -0.0312614, -0.2335926, 249.0000000
nan, 0.1289046, -0.0323761, -0.2336312, 249.0000000
nan, 0.1287782, -0.0317558, -0.2336718, 250.0000000
nan, 0.1286652, -0.0311432, -0.2337147, 249.0000000
nan, 0.1287308, -0.0313203, -0.2337513, 249.0000000
nan, 0.1292010, -0.0328606, -0.2338022, 249.0000000
nan, 0.1289051, -0.0315778, -0.2338413, 249.0000000
nan, 0.1289037, -0.0314492, -0.2338816, 249.0000000
nan, 0.1293751, -0.0331079, -0.2339174, 249.0000000
nan, 0.1289951, -0.0315611, -0.2339532, 249.0000000
nan, 0.1290089, -0.0313698, -0.2340070, 249.0000000
nan, 0.1292478, -0.0321656, -0.2340394, 249.0000000
nan, 0.1293151, -0.0323232, -0.2340711, 249.0000000
nan, 0.1290571, -0.0311104, -0.2341237, 250.0000000
nan, 0.1291100, -0.0312765, -0.2341622, 249.0000000
nan, 0.1296448, -0.0330998, -0.2342081, 249.0000000
nan, 0.1292744, -0.0315157, -0.2342435, 249.0000000
nan, 0.1292964, -0.0314497, -0.2342802, 250.0000000
nan, 0.1298058, -0.0332097, -0.2343311, 250.0000000
nan, 0.1293886, -0.0315115, -0.2343678, 249.0000000
nan, 0.1293330, -0.0311403, -0.2344085, 250.0000000
nan, 0.1294390, -0.0314636, -0.2344342, 249.0000000
nan, 0.1298912, -0.0330116, -0.2344808, 249.0000000
nan, 0.1294804, -0.0312696, -0.2345289, 249.0000000
nan, 0.1295998, -0.0315888, -0.2345747, 250.0000000
nan, 0.1300391, -0.0331028, -0.2346174, 249.0000000
nan, 0.1296844, -0.0314953, -0.2346611, 249.0000000
nan, 0.1296845, -0.0314414, -0.2346921, 249.0000000
nan, 0.1301754, -0.0331250, -0.2347331, 249.0000000
nan, 0.1298606, -0.0318782, -0.2347662, 249.0000000
nan, 0.1297027, -0.0310601, -0.2348135, 249.0000000
nan, 0.1297985, -0.0313373, -0.2348445, 249.0000000
nan, 0.1303507, -0.0332598, -0.2348896, 249.0000000
nan, 0.1299424, -0.0314960, -0.2349402, 249.0000000
nan, 0.1299337, -0.0313597, -0.2349807, 250.0000000
nan, 0.1304847, -0.0332402, -0.2350281, 249.0000000
nan, 0.1300447, -0.0314586, -0.2350677, 249.0000000
nan, 0.1300645, -0.0313899, -0.2351012, 249.0000000
nan, 0.1301599, -0.0314887, -0.2351830, 249.0000000
nan, 0.1300930, -0.0310790, -0.2352351, 249.0000000
nan, 0.1304381, -0.0322745, -0.2352732, 249.0000000
nan, 0.1302900, -0.0315651, -0.2353197, 249.0000000
nan, 0.1301939, -0.0310148, -0.2353558, 250.0000000
nan, 0.1303962, -0.0316763, -0.2353948, 249.0000000
nan, 0.1308299, -0.0331884, -0.2354324, 250.0000000
nan, 0.1304166, -0.0314501, -0.2354734, 249.0000000
nan, 0.1303973, -0.0312632, -0.2355023, 249.0000000
nan, 0.1307399, -0.0324519, -0.2355412, 249.0000000
nan, 0.1307725, -0.0324678, -0.2355763, 249.0000000
nan, 0.1304559, -0.0311129, -0.2356169, 249.0000000
nan, 0.1305414, -0.0313425, -0.2356513, 249.0000000
nan, 0.1310526, -0.0331133, -0.2356883, 250.0000000
nan, 0.1306383, -0.0314960, -0.2357142, 249.0000000
nan, 0.1305556, -0.0309751, -0.2357600, 249.0000000
nan, 0.1306220, -0.0311483, -0.2357924, 249.0000000
nan, 0.1311796, -0.0330675, -0.2358350, 250.0000000
nan, 0.1307810, -0.0314094, -0.2358734, 249.0000000
nan, 0.1307976, -0.0313391, -0.2359175, 249.0000000
nan, 0.1310331, -0.0321321, -0.2359436, 249.0000000
nan, 0.1310920, -0.0322425, -0.2359843, 249.0000000
nan, 0.1309213, -0.0313131, -0.2360540, 250.0000000
nan, 0.1313722, -0.0329086, -0.2360901, 249.0000000
nan, 0.1310160, -0.0314477, -0.2361248, 249.0000000
nan, 0.1309375, -0.0309830, -0.2361586, 249.0000000
nan, 0.1310065, -0.0311772, -0.2361931, 249.0000000
nan, 0.1314592, -0.0326923, -0.2362406, 249.0000000
nan, 0.1310580, -0.0309685, -0.2362903, 249.0000000
nan, 0.1311183, -0.0311298, -0.2363157, 249.0000000
nan, 0.1316359, -0.0329235, -0.2363611, 249.0000000
nan, 0.1312763, -0.0314015, -0.2363964, 249.0000000
nan, 0.1312918, -0.0313282, -0.2364401, 249.0000000
nan, 0.1315614, -0.0322761, -0.2364609, 249.0000000
nan, 0.1315184, -0.0319589, -0.2365009, 249.0000000
nan, 0.1313612, -0.0311950, -0.2365349, 249.0000000
nan, 0.1314023, -0.0312408, -0.2365725, 249.0000000
nan, 0.1319285, -0.0330789, -0.2366072, 249.0000000
nan, 0.1315038, -0.0313470, -0.2366487, 249.0000000
nan, 0.1314298, -0.0309353, -0.2366840, 249.0000000
nan, 0.1316005, -0.0315197, -0.2367126, 249.0000000
nan, 0.1320523, -0.0330962, -0.2367443, 249.0000000
nan, 0.1316499, -0.0313860, -0.2367816, 249.0000000
nan, 0.1316580, -0.0312978, -0.2368199, 249.0000000
nan, 0.1321684, -0.0330774, -0.2368547, 249.0000000
nan, 0.1317446, -0.0313604, -0.2368837, 250.0000000
nan, 0.1316834, -0.0309672, -0.2369318, 249.0000000
nan, 0.1319988, -0.0320349, -0.2369706, 249.0000000
nan, 0.1319313, -0.0316982, -0.2370166, 249.0000000
nan, 0.1317907, -0.0309680, -0.2370537, 250.0000000
nan, 0.1318638, -0.0311201, -0.2370890, 249.0000000
nan, 0.1323734, -0.0328775, -0.2371402, 249.0000000
nan, 0.1320172, -0.0313671, -0.2371772, 249.0000000
nan, 0.1320231, -0.0312789, -0.2372092, 249.0000000
nan, 0.1323672, -0.0324806, -0.2372362, 249.0000000
nan, 0.1321590, -0.0316003, -0.2372719, 250.0000000
nan, 0.1320556, -0.0310261, -0.2373089, 249.0000000
nan, 0.1321034, -0.0311709, -0.2373389, 249.0000000
nan, 0.1326413, -0.0330338, -0.2373685, 249.0000000
nan, 0.1322238, -0.0313055, -0.2374047, 250.0000000
nan, 0.1321457, -0.0308914, -0.2374386, 250.0000000
nan, 0.1323632, -0.0316445, -0.2374711, 249.0000000
nan, 0.1327489, -0.0329915, -0.2374963, 249.0000000
nan, 0.1323683, -0.0313556, -0.2375350, 249.0000000
nan, 0.1323497, -0.0312078, -0.2375742, 250.0000000
nan, 0.1328460, -0.0329185, -0.2376195, 249.0000000
nan, 0.1324728, -0.0313498, -0.2376593, 249.0000000
nan, 0.1324756, -0.0312382, -0.2376981, 249.0000000
nan, 0.1330161, -0.0331012, -0.2377443, 249.0000000
nan, 0.1325711, -0.0313004, -0.2377760, 249.0000000
nan, 0.1325975, -0.0312366, -0.2378157, 249.0000000
nan, 0.1328534, -0.0321133, -0.2378477, 249.0000000
nan, 0.1328537, -0.0320296, -0.2378834, 249.0000000
nan, 0.1326513, -0.0310857, -0.2379127, 249.0000000
nan, 0.1326869, -0.0311333, -0.2379466, 249.0000000
nan, 0.1332212, -0.0330004, -0.2379740, 249.0000000
nan, 0.1328011, -0.0312657, -0.2380108, 249.0000000
nan, 0.1327202, -0.0308526, -0.2380452, 250.0000000
nan, 0.1329424, -0.0316322, -0.2380810, 249.0000000
nan, 0.1333241, -0.0329394, -0.2381107, 250.0000000
nan, 0.1329513, -0.0313292, -0.2381421, 249.0000000
nan, 0.1329447, -0.0311932, -0.2381708, 249.0000000
nan, 0.1333193, -0.0325356, -0.2382077, 249.0000000
nan, 0.1329639, -0.0309150, -0.2382709, 249.0000000
nan, 0.1330613, -0.0311920, -0.2382968, 250.0000000
nan, 0.1335740, -0.0330011, -0.2383353, 249.0000000
nan, 0.1331464, -0.0313210, -0.2383546, 249.0000000
nan, 0.1330647, -0.0308331, -0.2383917, 249.0000000
nan, 0.1331189, -0.0310080, -0.2384108, 249.0000000
nan, 0.1336865, -0.0329622, -0.2384531, 249.0000000
nan, 0.1332676, -0.0312640, -0.2384855, 249.0000000
nan, 0.1332788, -0.0311738, -0.2385152, 249.0000000
nan, 0.1334612, -0.0318162, -0.2385358, 249.0000000
nan, 0.1336248, -0.0323003, -0.2385745, 249.0000000
nan, 0.1334120, -0.0313150, -0.2386106, 249.0000000
nan, 0.1333964, -0.0311906, -0.2386397, 249.0000000
nan, 0.1338242, -0.0327179, -0.2386707, 249.0000000
nan, 0.1334851, -0.0313342, -0.2387019, 249.0000000
nan, 0.1333967, -0.0308467, -0.2387346, 249.0000000
nan, 0.1334523, -0.0309997, -0.2387640, 249.0000000
nan, 0.1340439, -0.0330329, -0.2387996, 249.0000000
nan, 0.1336055, -0.0312475, -0.2388275, 249.0000000
nan, 0.1335615, -0.0309850, -0.2388538, 249.0000000
nan, 0.1338884, -0.0321251, -0.2388839, 249.0000000
nan, 0.1337384, -0.0314358, -0.2389241, 249.0000000
nan, 0.1336911, -0.0310465, -0.2389772, 249.0000000
nan, 0.1339482, -0.0319624, -0.2390019, 249.0000000
nan, 0.1339014, -0.0317022, -0.2390359, 250.0000000
nan, 0.1337926, -0.0310930, -0.2390728, 249.0000000
nan, 0.1338121, -0.0310806, -0.2391020, 249.0000000
nan, 0.1343342, -0.0329188, -0.2391324, 249.0000000
nan, 0.1339068, -0.0312072, -0.2391621, 249.0000000
nan, 0.1338352, -0.0308054, -0.2391878, 249.0000000
nan, 0.1339875, -0.0313240, -0.2392262, 249.0000000
nan, 0.1340457, -0.0312355, -0.2392950, 249.0000000
nan, 0.1339996, -0.0309766, -0.2393211, 249.0000000
nan, 0.1343284, -0.0321293, -0.2393497, 249.0000000
nan, 0.1341548, -0.0313474, -0.2393883, 249.0000000
nan, 0.1341267, -0.0310286, -0.2394312, 249.0000000
nan, 0.1344059, -0.0319640, -0.2394563, 249.0000000
nan, 0.1343767, -0.0317678, -0.2394879, 249.0000000
nan, 0.1341712, -0.0307561, -0.2395273, 249.0000000
nan, 0.1342492, -0.0310438, -0.2395548, 249.0000000
nan, 0.1347201, -0.0326523, -0.2395954, 249.0000000
nan, 0.1343755, -0.0311887, -0.2396174, 249.0000000
nan, 0.1343869, -0.0311213, -0.2396540, 250.0000000
nan, 0.1346491, -0.0320363, -0.2396802, 249.0000000
nan, 0.1346027, -0.0317964, -0.2397112, 250.0000000
nan, 0.1344795, -0.0311295, -0.2397426, 249.0000000
nan, 0.1344753, -0.0310481, -0.2397788, 249.0000000
nan, 0.1350276, -0.0329548, -0.2398170, 250.0000000
nan, 0.1345698, -0.0311460, -0.2398420, 249.0000000
nan, 0.1345956, -0.0310837, -0.2398758, 249.0000000
nan, 0.1348528, -0.0319707, -0.2398967, 249.0000000
nan, 0.1348416, -0.0318408, -0.2399319, 249.0000000
nan, 0.1347041, -0.0311430, -0.2399601, 249.0000000
nan, 0.1346902, -0.0310345, -0.2399903, 249.0000000
nan, 0.1352310, -0.0329368, -0.2400223, 249.0000000
nan, 0.1348166, -0.0311483, -0.2400627, 249.0000000
nan, 0.1348085, -0.0310683, -0.2400807, 250.0000000
nan, 0.1353240, -0.0328801, -0.2401099, 249.0000000
nan, 0.1348979, -0.0311660, -0.2401320, 250.0000000
nan, 0.1348213, -0.0307032, -0.2401688, 249.0000000
nan, 0.1349094, -0.0310019, -0.2401888, 250.0000000
nan, 0.1353934, -0.0326958, -0.2402219, 249.0000000
nan, 0.1350141, -0.0311232, -0.2402493, 249.0000000
nan, 0.1350322, -0.0310547, -0.2402803, 249.0000000
nan, 0.1355356, -0.0328121, -0.2403156, 249.0000000
nan, 0.1351155, -0.0311068, -0.2403523, 249.0000000
nan, 0.1351383, -0.0310671, -0.2403941, 249.0000000
nan, 0.1355024, -0.0323462, -0.2404159, 249.0000000
nan, 0.1352342, -0.0312293, -0.2404484, 250.0000000
nan, 0.1351332, -0.0307186, -0.2404815, 250.0000000
nan, 0.1351893, -0.0308784, -0.2405067, 249.0000000
nan, 0.1356983, -0.0326128, -0.2405427, 249.0000000
nan, 0.1353379, -0.0311283, -0.2405689, 249.0000000
nan, 0.1353404, -0.0310358, -0.2406015, 249.0000000
nan, 0.1356939, -0.0322791, -0.2406336, 249.0000000
nan, 0.1354703, -0.0313574, -0.2406566, 249.0000000
nan, 0.1353614, -0.0307652, -0.2406841, 249.0000000
nan, 0.1354102, -0.0309207, -0.2407167, 250.0000000
nan, 0.1359413, -0.0327921, -0.2407452, 249.0000000
nan, 0.1355190, -0.0310493, -0.2407670, 249.0000000
nan, 0.1354384, -0.0306360, -0.2407909, 250.0000000
nan, 0.1356645, -0.0314152, -0.2408196, 249.0000000
nan, 0.1360369, -0.0327163, -0.2408495, 249.0000000
nan, 0.1356574, -0.0311070, -0.2408836, 249.0000000
nan, 0.1356423, -0.0309759, -0.2409100, 249.0000000
nan, 0.1360245, -0.0323224, -0.2409440, 249.0000000
nan, 0.1359146, -0.0318587, -0.2409637, 250.0000000
nan, 0.1356410, -0.0306596, -0.2409960, 249.0000000
nan, 0.1357400, -0.0309532, -0.2410214, 249.0000000
nan, 0.1362595, -0.0327990, -0.2410533, 249.0000000
nan, 0.1358213, -0.0310571, -0.2410734, 249.0000000
nan, 0.1357455, -0.0306244, -0.2411092, 249.0000000
nan, 0.1358104, -0.0308550, -0.2411283, 249.0000000
nan, 0.1363326, -0.0326607, -0.2411674, 249.0000000
nan, 0.1359477, -0.0309604, -0.2412254, 249.0000000
nan, 0.1364399, -0.0327121, -0.2412591, 249.0000000
nan, 0.1360288, -0.0310576, -0.2412821, 249.0000000
nan, 0.1359466, -0.0306225, -0.2413195, 249.0000000
nan, 0.1360364, -0.0309491, -0.2413408, 249.0000000
nan, 0.1365092, -0.0325859, -0.2413767, 249.0000000
nan, 0.1361326, -0.0309322, -0.2414344, 249.0000000
nan, 0.1365323, -0.0323408, -0.2414585, 249.0000000
nan, 0.1362855, -0.0313432, -0.2414850, 249.0000000
nan, 0.1362204, -0.0308956, -0.2415389, 249.0000000
nan, 0.1367270, -0.0326921, -0.2415606, 249.0000000
nan, 0.1363101, -0.0310131, -0.2415870, 249.0000000
nan, 0.1363389, -0.0309234, -0.2416303, 249.0000000
nan, 0.1366398, -0.0320148, -0.2416505, 249.0000000
nan, 0.1364625, -0.0312412, -0.2416794, 250.0000000
nan, 0.1363500, -0.0306590, -0.2417058, 250.0000000
nan, 0.1364017, -0.0308291, -0.2417300, 249.0000000
nan, 0.1369477, -0.0327206, -0.2417535, 250.0000000
nan, 0.1365068, -0.0309938, -0.2417799, 249.0000000
nan, 0.1364303, -0.0305739, -0.2418075, 249.0000000
nan, 0.1366391, -0.0312762, -0.2418373, 249.0000000
nan, 0.1370446, -0.0327258, -0.2418568, 250.0000000
nan, 0.1366464, -0.0310494, -0.2418931, 249.0000000
nan, 0.1366289, -0.0308920, -0.2419301, 249.0000000
nan, 0.1371164, -0.0325561, -0.2419671, 249.0000000
nan, 0.1367550, -0.0310395, -0.2419939, 250.0000000
nan, 0.1367497, -0.0309312, -0.2420269, 249.0000000
nan, 0.1371371, -0.0323109, -0.2420528, 249.0000000
nan, 0.1368362, -0.0310827, -0.2420806, 249.0000000
nan, 0.1367822, -0.0307184, -0.2421103, 249.0000000
nan, 0.1370391, -0.0316238, -0.2421352, 249.0000000
nan, 0.1371026, -0.0317793, -0.2421643, 249.0000000
nan, 0.1369260, -0.0309190, -0.2421972, 249.0000000
nan, 0.1369282, -0.0308733, -0.2422210, 249.0000000
nan, 0.1370302, -0.0309873, -0.2422887, 249.0000000
nan, 0.1369328, -0.0305518, -0.2423192, 249.0000000
nan, 0.1371812, -0.0314153, -0.2423421, 249.0000000
nan, 0.1371377, -0.0310175, -0.2423942, 249.0000000
nan, 0.1371165, -0.0308749, -0.2424151, 249.0000000
nan, 0.1374844, -0.0321891, -0.2424435, 249.0000000
nan, 0.1374505, -0.0319838, -0.2424639, 249.0000000
nan, 0.1371319, -0.0306385, -0.2424926, 249.0000000
nan, 0.1371856, -0.0307596, -0.2425193, 249.0000000
nan, 0.1377570, -0.0327715, -0.2425424, 249.0000000
nan, 0.1373317, -0.0310109, -0.2425798, 250.0000000
nan, 0.1373025, -0.0308150, -0.2426001, 249.0000000
nan, 0.1376381, -0.0320051, -0.2426275, 249.0000000
nan, 0.1376946, -0.0321703, -0.2426505, 249.0000000
nan, 0.1373719, -0.0307755, -0.2426803, 249.0000000
nan, 0.1379153, -0.0326444, -0.2427348, 249.0000000
nan, 0.1375581, -0.0312673, -0.2427536, 249.0000000
nan, 0.1374056, -0.0305380, -0.2427799, 249.0000000
nan, 0.1374884, -0.0308028, -0.2428020, 249.0000000
nan, 0.1380400, -0.0327489, -0.2428310, 249.0000000
nan, 0.1375875, -0.0309188, -0.2428543, 249.0000000
nan, 0.1375508, -0.0306693, -0.2428863, 249.0000000
nan, 0.1377105, -0.0312463, -0.2429030, 249.0000000
nan, 0.1380071, -0.0322123, -0.2429312, 250.0000000
nan, 0.1377210, -0.0309858, -0.2429560, 249.0000000
nan, 0.1376744, -0.0307933, -0.2429796, 250.0000000
nan, 0.1382216, -0.0327086, -0.2430069, 249.0000000
nan, 0.1377841, -0.0309375, -0.2430330, 249.0000000
nan, 0.1382275, -0.0324113, -0.2430861, 249.0000000
nan, 0.1378652, -0.0309489, -0.2431110, 249.0000000
nan, 0.1377798, -0.0305148, -0.2431425, 249.0000000
nan, 0.1378690, -0.0308395, -0.2431709, 249.0000000
nan, 0.1383986, -0.0327218, -0.2431922, 249.0000000
nan, 0.1379628, -0.0309384, -0.2432195, 249.0000000
nan, 0.1379609, -0.0308491, -0.2432521, 249.0000000
nan, 0.1384850, -0.0327155, -0.2432878, 249.0000000
nan, 0.1380381, -0.0309078, -0.2433122, 249.0000000
nan, 0.1380483, -0.0308562, -0.2433396, 249.0000000
nan, 0.1383220, -0.0318014, -0.2433623, 249.0000000
nan, 0.1382199, -0.0313415, -0.2433858, 249.0000000
nan, 0.1381114, -0.0307476, -0.2434152, 249.0000000
nan, 0.1381289, -0.0307746, -0.2434392, 249.0000000
nan, 0.1382353, -0.0309190, -0.2435015, 249.0000000
nan, 0.1382449, -0.0308539, -0.2435286, 250.0000000
nan, 0.1385632, -0.0319954, -0.2435507, 249.0000000
nan, 0.1383847, -0.0312490, -0.2435755, 249.0000000
nan, 0.1382263, -0.0304664, -0.2436126, 249.0000000
nan, 0.1383782, -0.0310093, -0.2436348, 249.0000000
nan, 0.1387295, -0.0322018, -0.2436632, 249.0000000
nan, 0.1384328, -0.0309357, -0.2436968, 249.0000000
nan, 0.1384187, -0.0308292, -0.2437232, 249.0000000
nan, 0.1388052, -0.0322222, -0.2437401, 249.0000000
nan, 0.1385171, -0.0310469, -0.2437580, 249.0000000
nan, 0.1383991, -0.0304978, -0.2437814, 249.0000000
nan, 0.1384579, -0.0306496, -0.2438102, 249.0000000
nan, 0.1390209, -0.0326589, -0.2438324, 249.0000000
nan, 0.1385874, -0.0308893, -0.2438634, 249.0000000
nan, 0.1389360, -0.0320339, -0.2439183, 248.0000000
nan, 0.1390154, -0.0322518, -0.2439392, 249.0000000
nan, 0.1387003, -0.0309327, -0.2439694, 249.0000000
nan, 0.1386762, -0.0307963, -0.2439835, 249.0000000
nan, 0.1390104, -0.0320011, -0.2440113, 249.0000000
nan, 0.1390201, -0.0319924, -0.2440320, 250.0000000
nan, 0.1386953, -0.0306066, -0.2440544, 249.0000000
nan, 0.1387058, -0.0306171, -0.2440878, 249.0000000
nan, 0.1392818, -0.0326637, -0.2441116, 250.0000000
nan, 0.1388608, -0.0309151, -0.2441422, 249.0000000
nan, 0.1388253, -0.0307411, -0.2441620, 249.0000000
nan, 0.1391640, -0.0319596, -0.2441823, 249.0000000
nan, 0.1389137, -0.0308926, -0.2442079, 249.0000000
nan, 0.1388363, -0.0304485, -0.2442372, 249.0000000
nan, 0.1390196, -0.0311217, -0.2442576, 249.0000000
nan, 0.1394283, -0.0325741, -0.2442836, 249.0000000
nan, 0.1390316, -0.0309174, -0.2443128, 249.0000000
nan, 0.1390235, -0.0308158, -0.2443362, 249.0000000
nan, 0.1395276, -0.0326444, -0.2443660, 249.0000000
nan, 0.1391187, -0.0309172, -0.2443946, 250.0000000
nan, 0.1391125, -0.0308301, -0.2444184, 249.0000000
nan, 0.1395971, -0.0325554, -0.2444511, 249.0000000
nan, 0.1391891, -0.0308781, -0.2444756, 249.0000000
nan, 0.1391533, -0.0306332, -0.2445028, 249.0000000
nan, 0.1394943, -0.0318871, -0.2445306, 249.0000000
nan, 0.1395782, -0.0321389, -0.2445541, 249.0000000
nan, 0.1392464, -0.0307485, -0.2445851, 249.0000000
nan, 0.1392250, -0.0306416, -0.2446076, 249.0000000
nan, 0.1398000, -0.0326993, -0.2446336, 249.0000000
nan, 0.1393715, -0.0309177, -0.2446637, 249.0000000
nan, 0.1393206, -0.0306608, -0.2447001, 249.0000000
nan, 0.1398749, -0.0326367, -0.2447259, 249.0000000
nan, 0.1394680, -0.0309241, -0.2447625, 249.0000000
nan, 0.1393965, -0.0306485, -0.2447804, 249.0000000
nan, 0.1398893, -0.0323923, -0.2448079, 250.0000000
nan, 0.1394498, -0.0305429, -0.2448448, 249.0000000
nan, 0.1395170, -0.0307615, -0.2448671, 249.0000000
nan, 0.1400538, -0.0326716, -0.2448981, 249.0000000
nan, 0.1395911, -0.0308469, -0.2449180, 249.0000000
nan, 0.1395674, -0.0306393, -0.2449463, 249.0000000
nan, 0.1396902, -0.0310862, -0.2449611, 249.0000000
nan, 0.1400235, -0.0322174, -0.2449874, 249.0000000
nan, 0.1397109, -0.0309032, -0.2450109, 249.0000000
nan, 0.1401197, -0.0322816, -0.2450635, 249.0000000
nan, 0.1400415, -0.0319447, -0.2450777, 249.0000000
nan, 0.1397195, -0.0305820, -0.2451114, 249.0000000
nan, 0.1397896, -0.0307937, -0.2451346, 249.0000000
nan, 0.1402802, -0.0325643, -0.2451551, 249.0000000
nan, 0.1398745, -0.0309705, -0.2451765, 249.0000000
nan, 0.1397602, -0.0304274, -0.2452071, 249.0000000
nan, 0.1398761, -0.0308410, -0.2452282, 249.0000000
nan, 0.1402823, -0.0322514, -0.2452550, 249.0000000
nan, 0.1399559, -0.0308901, -0.2452781, 249.0000000
nan, 0.1399400, -0.0307700, -0.2453011, 249.0000000
nan, 0.1404157, -0.0324523, -0.2453220, 249.0000000
nan, 0.1400118, -0.0308359, -0.2453424, 249.0000000
nan, 0.1400167, -0.0306969, -0.2453705, 249.0000000
nan, 0.1402791, -0.0316486, -0.2453895, 250.0000000
nan, 0.1401781, -0.0312137, -0.2454131, 250.0000000
nan, 0.1400644, -0.0306166, -0.2454556, 250.0000000
nan, 0.1406245, -0.0325844, -0.2454807, 249.0000000
nan, 0.1401816, -0.0308225, -0.2455013, 250.0000000
nan, 0.1401157, -0.0305020, -0.2455228, 249.0000000
nan, 0.1404260, -0.0315870, -0.2455500, 249.0000000
nan, 0.1406030, -0.0321789, -0.2455705, 249.0000000
nan, 0.1402405, -0.0306575, -0.2455947, 249.0000000
nan, 0.1402748, -0.0307544, -0.2456181, 249.0000000
nan, 0.1407749, -0.0325570, -0.2456391, 249.0000000
nan, 0.1403469, -0.0308604, -0.2456526, 249.0000000
nan, 0.1402593, -0.0303884, -0.2456784, 249.0000000
nan, 0.1402983, -0.0305578, -0.2456870, 249.0000000
nan, 0.1408529, -0.0324873, -0.2457138, 249.0000000
nan, 0.1404483, -0.0308277, -0.2457428, 249.0000000
nan, 0.1404501, -0.0307538, -0.2457597, 249.0000000
nan, 0.1409543, -0.0325538, -0.2457917, 249.0000000
nan, 0.1405067, -0.0307852, -0.2458109, 249.0000000
nan, 0.1405127, -0.0306734, -0.2458485, 249.0000000
nan, 0.1407412, -0.0314951, -0.2458676, 249.0000000
nan, 0.1407568, -0.0314935, -0.2458915, 250.0000000
nan, 0.1405134, -0.0304084, -0.2459149, 249.0000000
nan, 0.1406507, -0.0308839, -0.2459416, 249.0000000
nan, 0.1410894, -0.0324233, -0.2459667, 249.0000000
nan, 0.1407130, -0.0308466, -0.2459927, 249.0000000
nan, 0.1406872, -0.0307448, -0.2460156, 249.0000000
nan, 0.1411482, -0.0323629, -0.2460380, 249.0000000
nan, 0.1408866, -0.0313632, -0.2460521, 250.0000000
nan, 0.1406702, -0.0303934, -0.2460874, 249.0000000
nan, 0.1407473, -0.0306801, -0.2460960, 249.0000000
nan, 0.1412794, -0.0325685, -0.2461262, 249.0000000
nan, 0.1408219, -0.0307933, -0.2461425, 250.0000000
nan, 0.1407512, -0.0303876, -0.2461718, 249.0000000
nan, 0.1408665, -0.0308131, -0.2461903, 249.0000000
nan, 0.1412839, -0.0322882, -0.2462149, 249.0000000
nan, 0.1408633, -0.0305443, -0.2462466, 249.0000000
nan, 0.1409126, -0.0307035, -0.2462667, 250.0000000
nan, 0.1414359, -0.0325498, -0.2462960, 249.0000000
nan, 0.1409909, -0.0308045, -0.2463147, 249.0000000
nan, 0.1409116, -0.0303750, -0.2463413, 249.0000000
nan, 0.1411891, -0.0313585, -0.2463580, 249.0000000
nan, 0.1411822, -0.0312836, -0.2463819, 249.0000000
nan, 0.1410004, -0.0304513, -0.2464049, 250.0000000
nan, 0.1410511, -0.0305992, -0.2464275, 249.0000000
nan, 0.1415931, -0.0325178, -0.2464509, 249.0000000
nan, 0.1411500, -0.0307554, -0.2464682, 249.0000000
nan, 0.1410630, -0.0303462, -0.2464847, 249.0000000
nan, 0.1413332, -0.0312964, -0.2465074, 249.0000000
nan, 0.1413592, -0.0313274, -0.2465286, 249.0000000
nan, 0.1411780, -0.0304681, -0.2465488, 249.0000000
nan, 0.1412153, -0.0306145, -0.2465674, 249.0000000
nan, 0.1417476, -0.0325222, -0.2465882, 250.0000000
nan, 0.1413087, -0.0307552, -0.2466066, 250.0000000
nan, 0.1412210, -0.0303363, -0.2466259, 249.0000000
nan, 0.1414410, -0.0311093, -0.2466498, 249.0000000
nan, 0.1418087, -0.0324280, -0.2466719, 250.0000000
nan, 0.1414251, -0.0308160, -0.2466964, 249.0000000
nan, 0.1414077, -0.0306792, -0.2467142, 249.0000000
nan, 0.1417785, -0.0320141, -0.2467355, 249.0000000
nan, 0.1414691, -0.0307620, -0.2467575, 249.0000000
nan, 0.1413867, -0.0303373, -0.2467768, 249.0000000
nan, 0.1416288, -0.0311984, -0.2467881, 250.0000000
nan, 0.1419573, -0.0323602, -0.2468117, 249.0000000
nan, 0.1415787, -0.0307848, -0.2468404, 249.0000000
nan, 0.1415615, -0.0306904, -0.2468543, 249.0000000
nan, 0.1420076, -0.0322397, -0.2468733, 249.0000000
nan, 0.1417887, -0.0314170, -0.2468842, 250.0000000
nan, 0.1415426, -0.0303408, -0.2469067, 249.0000000
nan, 0.1417256, -0.0309775, -0.2469260, 249.0000000
nan, 0.1421222, -0.0323665, -0.2469476, 249.0000000
nan, 0.1417414, -0.0307782, -0.2469695, 249.0000000
nan, 0.1417193, -0.0306822, -0.2469897, 249.0000000
nan, 0.1421781, -0.0323194, -0.2470081, 250.0000000
nan, 0.1416952, -0.0303389, -0.2470495, 249.0000000
nan, 0.1417791, -0.0306249, -0.2470711, 249.0000000
nan, 0.1423206, -0.0325159, -0.2470920, 249.0000000
nan, 0.1418650, -0.0307247, -0.2471030, 249.0000000
nan, 0.1418124, -0.0303905, -0.2471290, 249.0000000
nan, 0.1422155, -0.0318602, -0.2471551, 250.0000000
nan, 0.1420970, -0.0313540, -0.2471750, 249.0000000
nan, 0.1418571, -0.0303233, -0.2472082, 249.0000000
nan, 0.1419284, -0.0305927, -0.2472140, 249.0000000
nan, 0.1424685, -0.0325370, -0.2472424, 249.0000000
nan, 0.1420068, -0.0307111, -0.2472567, 249.0000000
nan, 0.1419714, -0.0304399, -0.2472848, 249.0000000
nan, 0.1421212, -0.0310110, -0.2472907, 249.0000000
nan, 0.1424176, -0.0320257, -0.2473117, 249.0000000
nan, 0.1421296, -0.0307655, -0.2473327, 250.0000000
nan, 0.1421129, -0.0306528, -0.2473538, 249.0000000
nan, 0.1424647, -0.0319105, -0.2473739, 249.0000000
nan, 0.1422322, -0.0309773, -0.2473931, 250.0000000
nan, 0.1420935, -0.0303325, -0.2474125, 249.0000000
nan, 0.1421452, -0.0304961, -0.2474288, 249.0000000
nan, 0.1426946, -0.0324488, -0.2474517, 249.0000000
nan, 0.1422539, -0.0306837, -0.2474741, 249.0000000
nan, 0.1422776, -0.0306487, -0.2474965, 249.0000000
nan, 0.1425822, -0.0317366, -0.2475124, 249.0000000
nan, 0.1424208, -0.0311086, -0.2475350, 249.0000000
nan, 0.1422683, -0.0304037, -0.2475518, 249.0000000
nan, 0.1423148, -0.0305521, -0.2475722, 250.0000000
nan, 0.1428418, -0.0324139, -0.2475934, 249.0000000
nan, 0.1423991, -0.0306878, -0.2476163, 249.0000000
nan, 0.1423101, -0.0302760, -0.2476299, 249.0000000
nan, 0.1424761, -0.0308708, -0.2476483, 249.0000000
nan, 0.1429296, -0.0324886, -0.2476686, 249.0000000
nan, 0.1425013, -0.0307330, -0.2476883, 249.0000000
nan, 0.1424983, -0.0306532, -0.2477015, 250.0000000
nan, 0.1429858, -0.0323939, -0.2477297, 249.0000000
nan, 0.1425747, -0.0307170, -0.2477564, 249.0000000
nan, 0.1425523, -0.0305550, -0.2477781, 249.0000000
nan, 0.1429200, -0.0319104, -0.2477938, 249.0000000
nan, 0.1426228, -0.0307124, -0.2478179, 249.0000000
nan, 0.1425376, -0.0302692, -0.2478323, 249.0000000
nan, 0.1427197, -0.0309459, -0.2478561, 249.0000000
nan, 0.1428605, -0.0313973, -0.2478707, 250.0000000
nan, 0.1426119, -0.0302847, -0.2478957, 249.0000000
nan, 0.1428338, -0.0310727, -0.2479177, 249.0000000
nan, 0.1431440, -0.0321427, -0.2479334, 249.0000000
nan, 0.1427757, -0.0306127, -0.2479585, 249.0000000
nan, 0.1427916, -0.0306443, -0.2479737, 249.0000000
nan, 0.1432768, -0.0323774, -0.2479920, 249.0000000
nan, 0.1428929, -0.0308886, -0.2480068, 249.0000000
nan, 0.1427635, -0.0302771, -0.2480253, 249.0000000
nan, 0.1427993, -0.0304569, -0.2480333, 249.0000000
nan, 0.1433527, -0.0324310, -0.2480587, 249.0000000
nan, 0.1429203, -0.0306816, -0.2480713, 249.0000000
nan, 0.1429093, -0.0305653, -0.2480917, 249.0000000
nan, 0.1431056, -0.0312890, -0.2481105, 249.0000000
nan, 0.1432281, -0.0316738, -0.2481263, 249.0000000
nan, 0.1429033, -0.0303353, -0.2481446, 249.0000000
nan, 0.1429279, -0.0304309, -0.2481615, 249.0000000
nan, 0.1435093, -0.0324928, -0.2481802, 250.0000000
nan, 0.1430663, -0.0307155, -0.2482039, 249.0000000
nan, 0.1430616, -0.0306464, -0.2482198, 249.0000000
nan, 0.1435463, -0.0324190, -0.2482366, 250.0000000
nan, 0.1431362, -0.0307192, -0.2482589, 250.0000000
nan, 0.1431119, -0.0305877, -0.2482875, 249.0000000
nan, 0.1435085, -0.0320319, -0.2482952, 249.0000000
nan, 0.1431820, -0.0306753, -0.2483146, 250.0000000
nan, 0.1431103, -0.0303031, -0.2483356, 249.0000000
nan, 0.1436139, -0.0321549, -0.2483581, 249.0000000
nan, 0.1432454, -0.0306791, -0.2483770, 249.0000000
nan, 0.1432554, -0.0306069, -0.2484022, 249.0000000
nan, 0.1435590, -0.0317077, -0.2484211, 250.0000000
nan, 0.1433860, -0.0310044, -0.2484327, 249.0000000
nan, 0.1432621, -0.0303997, -0.2484475, 249.0000000
nan, 0.1432994, -0.0305324, -0.2484571, 249.0000000
nan, 0.1438269, -0.0324190, -0.2484800, 249.0000000
nan, 0.1433883, -0.0306702, -0.2484990, 249.0000000
nan, 0.1433024, -0.0302487, -0.2485152, 249.0000000
nan, 0.1435091, -0.0309873, -0.2485313, 249.0000000
nan, 0.1439058, -0.0324293, -0.2485495, 249.0000000
nan, 0.1434814, -0.0307190, -0.2485710, 249.0000000
nan, 0.1434520, -0.0305447, -0.2485845, 249.0000000
nan, 0.1437887, -0.0317764, -0.2486047, 249.0000000
nan, 0.1437782, -0.0316861, -0.2486182, 249.0000000
nan, 0.1434588, -0.0303411, -0.2486429, 250.0000000
nan, 0.1440386, -0.0323978, -0.2486789, 250.0000000
nan, 0.1436129, -0.0306795, -0.2487047, 249.0000000
nan, 0.1435684, -0.0304500, -0.2487255, 249.0000000
nan, 0.1439177, -0.0317227, -0.2487462, 249.0000000
nan, 0.1436212, -0.0304678, -0.2487803, 249.0000000
nan, 0.1436691, -0.0306109, -0.2487963, 250.0000000
nan, 0.1441547, -0.0323508, -0.2488124, 249.0000000
nan, 0.1437281, -0.0306544, -0.2488313, 249.0000000
nan, 0.1437341, -0.0305502, -0.2488447, 249.0000000
nan, 0.1439723, -0.0314281, -0.2488623, 249.0000000
nan, 0.1439413, -0.0312587, -0.2488786, 249.0000000
nan, 0.1437782, -0.0305026, -0.2489020, 249.0000000
nan, 0.1437882, -0.0305363, -0.2489219, 249.0000000
nan, 0.1442930, -0.0323447, -0.2489390, 249.0000000
nan, 0.1438131, -0.0304036, -0.2489663, 249.0000000
nan, 0.1439797, -0.0309826, -0.2489916, 249.0000000
nan, 0.1443004, -0.0320665, -0.2490117, 249.0000000
nan, 0.1438994, -0.0304151, -0.2490316, 249.0000000
nan, 0.1439482, -0.0305867, -0.2490508, 249.0000000
nan, 0.1444380, -0.0323841, -0.2490709, 249.0000000
nan, 0.1440151, -0.0306675, -0.2490917, 249.0000000
nan, 0.1439997, -0.0305732, -0.2491190, 249.0000000
nan, 0.1444804, -0.0322908, -0.2491438, 249.0000000
nan, 0.1441041, -0.0307098, -0.2491602, 249.0000000
nan, 0.1440313, -0.0304500, -0.2491794, 249.0000000
nan, 0.1445308, -0.0322035, -0.2491976, 249.0000000
nan, 0.1441396, -0.0305509, -0.2492296, 249.0000000
nan, 0.1445320, -0.0319584, -0.2492447, 249.0000000
nan, 0.1442737, -0.0309488, -0.2492644, 249.0000000
nan, 0.1441561, -0.0303506, -0.2492775, 249.0000000
nan, 0.1441954, -0.0304867, -0.2492969, 249.0000000
nan, 0.1447269, -0.0323591, -0.2493064, 249.0000000
nan, 0.1442824, -0.0306258, -0.2493256, 249.0000000
nan, 0.1441971, -0.0302164, -0.2493413, 249.0000000
nan, 0.1443528, -0.0308188, -0.2493544, 249.0000000
nan, 0.1447903, -0.0323908, -0.2493723, 249.0000000
nan, 0.1443727, -0.0306834, -0.2493875, 249.0000000
nan, 0.1448570, -0.0323493, -0.2494271, 249.0000000
nan, 0.1445028, -0.0309912, -0.2494361, 249.0000000
nan, 0.1443385, -0.0302454, -0.2494609, 249.0000000
nan, 0.1444101, -0.0305220, -0.2494711, 249.0000000
nan, 0.1449452, -0.0324366, -0.2494936, 249.0000000
nan, 0.1444829, -0.0306292, -0.2495156, 249.0000000
nan, 0.1444326, -0.0303432, -0.2495381, 249.0000000
nan, 0.1445385, -0.0307436, -0.2495492, 249.0000000
nan, 0.1449211, -0.0320745, -0.2495694, 249.0000000
nan, 0.1445799, -0.0306747, -0.2495890, 249.0000000
nan, 0.1445805, -0.0305968, -0.2496050, 249.0000000
nan, 0.1450713, -0.0323893, -0.2496306, 249.0000000
nan, 0.1446175, -0.0306416, -0.2496422, 249.0000000
nan, 0.1445559, -0.0303195, -0.2496727, 249.0000000
nan, 0.1446600, -0.0307033, -0.2496769, 249.0000000
nan, 0.1450639, -0.0321043, -0.2497019, 249.0000000
nan, 0.1446411, -0.0303474, -0.2497270, 249.0000000
nan, 0.1447028, -0.0305304, -0.2497386, 249.0000000
nan, 0.1452146, -0.0324086, -0.2497565, 249.0000000
nan, 0.1447581, -0.0306176, -0.2497708, 249.0000000
nan, 0.1446983, -0.0302757, -0.2497858, 249.0000000
nan, 0.1447847, -0.0306313, -0.2497939, 249.0000000
nan, 0.1452029, -0.0321163, -0.2498174, 249.0000000
nan, 0.1447714, -0.0303617, -0.2498329, 249.0000000
nan, 0.1448178, -0.0305247, -0.2498529, 249.0000000
nan, 0.1453319, -0.0323733, -0.2498687, 249.0000000
nan, 0.1448894, -0.0306787, -0.2498847, 249.0000000
nan, 0.1447839, -0.0301785, -0.2499052, 249.0000000
nan, 0.1448480, -0.0304070, -0.2499141, 249.0000000
nan, 0.1453590, -0.0322243, -0.2499300, 249.0000000
nan, 0.1449691, -0.0306250, -0.2499475, 249.0000000
nan, 0.1449644, -0.0305581, -0.2499673, 250.0000000
nan, 0.1452371, -0.0315526, -0.2499777, 249.0000000
nan, 0.1451294, -0.0311356, -0.2499973, 249.0000000
nan, 0.1449978, -0.0305061, -0.2500162, 249.0000000
nan, 0.1450026, -0.0304851, -0.2500288, 249.0000000
nan, 0.1454965, -0.0322882, -0.2500462, 249.0000000
nan, 0.1451068, -0.0306619, -0.2500740, 249.0000000
nan, 0.1450713, -0.0305146, -0.2500880, 249.0000000
nan, 0.1455936, -0.0323947, -0.2501130, 249.0000000
nan, 0.1451797, -0.0306574, -0.2501374, 249.0000000
nan, 0.1450932, -0.0303564, -0.2501577, 249.0000000
nan, 0.1454747, -0.0317035, -0.2501822, 249.0000000
nan, 0.1451035, -0.0301700, -0.2502029, 249.0000000
nan, 0.1455341, -0.0317245, -0.2502233, 249.0000000
nan, 0.1452508, -0.0305905, -0.2502485, 249.0000000
nan, 0.1452782, -0.0305539, -0.2502690, 249.0000000
nan, 0.1457822, -0.0323904, -0.2502811, 249.0000000
nan, 0.1453019, -0.0304514, -0.2503081, 249.0000000
nan, 0.1454203, -0.0308620, -0.2503216, 249.0000000
nan, 0.1454446, -0.0308463, -0.2503434, 249.0000000
nan, 0.1453848, -0.0304879, -0.2503749, 249.0000000
nan, 0.1458951, -0.0323590, -0.2503979, 250.0000000
nan, 0.1454802, -0.0306480, -0.2504184, 249.0000000
nan, 0.1454043, -0.0303649, -0.2504373, 249.0000000
nan, 0.1456896, -0.0313396, -0.2504658, 250.0000000
nan, 0.1455121, -0.0305327, -0.2504946, 249.0000000
nan, 0.1460098, -0.0323272, -0.2505164, 249.0000000
nan, 0.1454747, -0.0301821, -0.2505397, 249.0000000
nan, 0.1458317, -0.0314689, -0.2505573, 249.0000000
nan, 0.1456130, -0.0305632, -0.2505796, 250.0000000
nan, 0.1456367, -0.0305237, -0.2505985, 249.0000000
nan, 0.1461451, -0.0323637, -0.2506238, 249.0000000
nan, 0.1456897, -0.0305332, -0.2506407, 249.0000000
nan, 0.1457454, -0.0306967, -0.2506607, 249.0000000
nan, 0.1457886, -0.0307996, -0.2506795, 249.0000000
nan, 0.1457515, -0.0304611, -0.2507045, 249.0000000
nan, 0.1462626, -0.0323385, -0.2507239, 249.0000000
nan, 0.1458310, -0.0305665, -0.2507474, 249.0000000
nan, 0.1458631, -0.0306602, -0.2507645, 250.0000000
nan, 0.1459565, -0.0309492, -0.2507846, 249.0000000
nan, 0.1458413, -0.0303288, -0.2508106, 249.0000000
nan, 0.1463752, -0.0322828, -0.2508338, 249.0000000
nan, 0.1459789, -0.0306048, -0.2508529, 249.0000000
nan, 0.1459169, -0.0303634, -0.2508696, 249.0000000
nan, 0.1460834, -0.0308714, -0.2508915, 249.0000000
nan, 0.1460286, -0.0305017, -0.2509256, 249.0000000
nan, 0.1465347, -0.0323515, -0.2509404, 249.0000000
nan, 0.1460822, -0.0305119, -0.2509620, 249.0000000
nan, 0.1461467, -0.0307044, -0.2509743, 249.0000000
nan, 0.1462200, -0.0308805, -0.2509940, 249.0000000
nan, 0.1461410, -0.0304158, -0.2510250, 249.0000000
nan, 0.1466528, -0.0322725, -0.2510426, 249.0000000
nan, 0.1462367, -0.0305964, -0.2510756, 249.0000000
nan, 0.1461433, -0.0302850, -0.2510838, 249.0000000
nan, 0.1464175, -0.0312330, -0.2511005, 249.0000000
nan, 0.1462607, -0.0304560, -0.2511231, 249.0000000
nan, 0.1467760, -0.0323225, -0.2511444, 249.0000000
nan, 0.1462519, -0.0302073, -0.2511658, 249.0000000
nan, 0.1464787, -0.0310218, -0.2511825, 249.0000000
nan, 0.1463727, -0.0305375, -0.2512089, 249.0000000
nan, 0.1463834, -0.0304597, -0.2512305, 249.0000000
nan, 0.1468977, -0.0323063, -0.2512482, 249.0000000
nan, 0.1463743, -0.0302208, -0.2512662, 249.0000000
nan, 0.1465909, -0.0309754, -0.2512842, 249.0000000
nan, 0.1465228, -0.0306059, -0.2513049, 250.0000000
nan, 0.1465093, -0.0304187, -0.2513273, 249.0000000
nan, 0.1470069, -0.0322568, -0.2513494, 249.0000000
nan, 0.1465847, -0.0305534, -0.2513736, 249.0000000
nan, 0.1464979, -0.0302427, -0.2513903, 249.0000000
nan, 0.1467684, -0.0311646, -0.2514093, 249.0000000
nan, 0.1466173, -0.0304376, -0.2514353, 250.0000000
nan, 0.1471338, -0.0323079, -0.2514563, 249.0000000
nan, 0.1465924, -0.0301866, -0.2514797, 249.0000000
nan, 0.1468310, -0.0310456, -0.2514994, 249.0000000
nan, 0.1467242, -0.0305223, -0.2515208, 249.0000000
nan, 0.1467370, -0.0304507, -0.2515423, 249.0000000
nan, 0.1472472, -0.0322982, -0.2515626, 249.0000000
nan, 0.1467179, -0.0301962, -0.2515808, 250.0000000
nan, 0.1469404, -0.0309937, -0.2515963, 249.0000000
nan, 0.1468316, -0.0305285, -0.2516187, 249.0000000
nan, 0.1468328, -0.0304342, -0.2516509, 249.0000000
nan, 0.1473513, -0.0322862, -0.2516696, 249.0000000
nan, 0.1468677, -0.0303404, -0.2516886, 249.0000000
nan, 0.1469965, -0.0308007, -0.2517104, 249.0000000
nan, 0.1469589, -0.0306118, -0.2517295, 250.0000000
nan, 0.1469405, -0.0303964, -0.2517525, 249.0000000
nan, 0.1474461, -0.0322349, -0.2517650, 249.0000000
nan, 0.1470276, -0.0305348, -0.2517859, 249.0000000
nan, 0.1469406, -0.0302207, -0.2517998, 249.0000000
nan, 0.1470733, -0.0306328, -0.2518185, 249.0000000
nan, 0.1470560, -0.0304301, -0.2518461, 249.0000000
nan, 0.1475708, -0.0322874, -0.2518656, 250.0000000
nan, 0.1471063, -0.0303949, -0.2518839, 249.0000000
nan, 0.1471508, -0.0305426, -0.2518958, 249.0000000
nan, 0.1472325, -0.0307742, -0.2519141, 249.0000000
nan, 0.1471606, -0.0303701, -0.2519497, 249.0000000
nan, 0.1476720, -0.0322338, -0.2519681, 250.0000000
nan, 0.1472418, -0.0305065, -0.2519866, 249.0000000
nan, 0.1472402, -0.0304879, -0.2520039, 250.0000000
nan, 0.1473342, -0.0307934, -0.2520198, 249.0000000
nan, 0.1472564, -0.0303550, -0.2520434, 249.0000000
nan, 0.1477671, -0.0322379, -0.2520654, 249.0000000
nan, 0.1473234, -0.0304546, -0.2520853, 249.0000000
nan, 0.1473678, -0.0306006, -0.2520933, 249.0000000
nan, 0.1473997, -0.0306037, -0.2521117, 249.0000000
nan, 0.1473889, -0.0304166, -0.2521333, 249.0000000
nan, 0.1478953, -0.0322651, -0.2521545, 249.0000000
nan, 0.1474229, -0.0303681, -0.2521741, 250.0000000
nan, 0.1475260, -0.0307115, -0.2521922, 249.0000000
nan, 0.1475202, -0.0306361, -0.2522133, 250.0000000
nan, 0.1474965, -0.0304099, -0.2522435, 249.0000000
nan, 0.1479972, -0.0322631, -0.2522595, 249.0000000
nan, 0.1475376, -0.0304151, -0.2522824, 249.0000000
nan, 0.1476529, -0.0308289, -0.2523100, 249.0000000
nan, 0.1476089, -0.0305812, -0.2523207, 249.0000000
nan, 0.1476064, -0.0304190, -0.2523410, 249.0000000
nan, 0.1481140, -0.0322620, -0.2523618, 249.0000000
nan, 0.1475875, -0.0301991, -0.2523798, 250.0000000
nan, 0.1478345, -0.0310608, -0.2523949, 249.0000000
nan, 0.1477025, -0.0304825, -0.2524080, 250.0000000
nan, 0.1477075, -0.0304131, -0.2524411, 249.0000000
nan, 0.1482096, -0.0322214, -0.2524484, 250.0000000
nan, 0.1476723, -0.0300923, -0.2524693, 249.0000000
nan, 0.1480061, -0.0312938, -0.2524831, 249.0000000
nan, 0.1478112, -0.0304599, -0.2525022, 250.0000000
nan, 0.1478271, -0.0304160, -0.2525222, 249.0000000
nan, 0.1483244, -0.0321872, -0.2525415, 249.0000000
nan, 0.1477938, -0.0300850, -0.2525700, 250.0000000
nan, 0.1481190, -0.0312567, -0.2525855, 249.0000000
nan, 0.1479263, -0.0304544, -0.2525978, 250.0000000
nan, 0.1479296, -0.0304035, -0.2526164, 249.0000000
nan, 0.1484061, -0.0321023, -0.2526304, 249.0000000
nan, 0.1478918, -0.0300527, -0.2526490, 249.0000000
nan, 0.1482473, -0.0313325, -0.2526607, 249.0000000
nan, 0.1480381, -0.0304255, -0.2526794, 249.0000000
nan, 0.1480470, -0.0303744, -0.2527040, 250.0000000
nan, 0.1485271, -0.0321163, -0.2527202, 249.0000000
nan, 0.1480091, -0.0300449, -0.2527366, 250.0000000
nan, 0.1483425, -0.0312860, -0.2527583, 249.0000000
nan, 0.1481482, -0.0304242, -0.2527763, 249.0000000
nan, 0.1481579, -0.0303682, -0.2527964, 249.0000000
nan, 0.1486246, -0.0320551, -0.2528145, 249.0000000
nan, 0.1481211, -0.0300361, -0.2528324, 249.0000000
nan, 0.1484861, -0.0313711, -0.2528480, 249.0000000
nan, 0.1482555, -0.0304200, -0.2528691, 249.0000000
nan, 0.1482668, -0.0303679, -0.2528839, 249.0000000
nan, 0.1487276, -0.0320663, -0.2529047, 249.0000000
nan, 0.1482248, -0.0300260, -0.2529222, 249.0000000
nan, 0.1485767, -0.0313278, -0.2529336, 249.0000000
nan, 0.1483512, -0.0304103, -0.2529621, 249.0000000
nan, 0.1483611, -0.0303637, -0.2529875, 249.0000000
nan, 0.1488154, -0.0320033, -0.2530028, 249.0000000
nan, 0.1483155, -0.0300236, -0.2530178, 249.0000000
nan, 0.1486619, -0.0312926, -0.2530321, 249.0000000
nan, 0.1484546, -0.0304184, -0.2530496, 249.0000000
nan, 0.1484584, -0.0303825, -0.2530706, 249.0000000
nan, 0.1489448, -0.0321246, -0.2530811, 249.0000000
nan, 0.1484218, -0.0300488, -0.2531016, 249.0000000
nan, 0.1487578, -0.0312690, -0.2531199, 249.0000000
nan, 0.1485682, -0.0304339, -0.2531327, 249.0000000
nan, 0.1485766, -0.0303759, -0.2531550, 249.0000000
nan, 0.1490456, -0.0320599, -0.2531739, 249.0000000
nan, 0.1485225, -0.0300298, -0.2531898, 249.0000000
nan, 0.1488904, -0.0313440, -0.2532030, 249.0000000
nan, 0.1486725, -0.0304092, -0.2532192, 249.0000000
nan, 0.1486809, -0.0303633, -0.2532448, 249.0000000
nan, 0.1491517, -0.0320812, -0.2532585, 249.0000000
nan, 0.1486256, -0.0300167, -0.2532810, 249.0000000
nan, 0.1490125, -0.0314191, -0.2532967, 249.0000000
nan, 0.1487695, -0.0304064, -0.2533102, 249.0000000
nan, 0.1487675, -0.0303528, -0.2533318, 249.0000000
nan, 0.1492317, -0.0320207, -0.2533469, 249.0000000
nan, 0.1487238, -0.0300282, -0.2533643, 249.0000000
nan, 0.1491090, -0.0313967, -0.2533758, 249.0000000
nan, 0.1488630, -0.0304163, -0.2533965, 249.0000000
nan, 0.1488654, -0.0303636, -0.2534037, 250.0000000
nan, 0.1493322, -0.0320590, -0.2534235, 249.0000000
nan, 0.1488252, -0.0300304, -0.2534406, 249.0000000
nan, 0.1491966, -0.0313689, -0.2534513, 249.0000000
nan, 0.1489590, -0.0304089, -0.2534650, 249.0000000
nan, 0.1489604, -0.0303655, -0.2534878, 250.0000000
nan, 0.1494291, -0.0320768, -0.2535031, 250.0000000
nan, 0.1489185, -0.0300212, -0.2535232, 249.0000000
nan, 0.1492679, -0.0313208, -0.2535411, 250.0000000
nan, 0.1490521, -0.0304112, -0.2535555, 249.0000000
nan, 0.1490623, -0.0303605, -0.2535770, 249.0000000
nan, 0.1495349, -0.0320944, -0.2535984, 250.0000000
nan, 0.1490119, -0.0300237, -0.2536192, 249.0000000
nan, 0.1493647, -0.0312963, -0.2536330, 249.0000000
nan, 0.1491558, -0.0304204, -0.2536469, 249.0000000
nan, 0.1491547, -0.0303547, -0.2536571, 249.0000000
nan, 0.1496286, -0.0320363, -0.2536771, 250.0000000
nan, 0.1491228, -0.0300277, -0.2537030, 249.0000000
nan, 0.1494130, -0.0311050, -0.2537203, 249.0000000
nan, 0.1492545, -0.0304360, -0.2537347, 249.0000000
nan, 0.1492592, -0.0303673, -0.2537517, 250.0000000
nan, 0.1497697, -0.0322216, -0.2537679, 250.0000000
nan, 0.1492360, -0.0301106, -0.2537923, 249.0000000
nan, 0.1494951, -0.0310683, -0.2538030, 249.0000000
nan, 0.1493425, -0.0304187, -0.2538162, 249.0000000
nan, 0.1493514, -0.0303745, -0.2538355, 249.0000000
nan, 0.1498390, -0.0321445, -0.2538480, 249.0000000
nan, 0.1493096, -0.0300307, -0.2538597, 249.0000000
nan, 0.1496132, -0.0311630, -0.2538721, 250.0000000
nan, 0.1494277, -0.0304082, -0.2538850, 250.0000000
nan, 0.1494376, -0.0303582, -0.2539025, 249.0000000
nan, 0.1499386, -0.0321584, -0.2539261, 249.0000000
nan, 0.1493832, -0.0300241, -0.2539492, 249.0000000
nan, 0.1496830, -0.0311196, -0.2539668, 249.0000000
nan, 0.1495094, -0.0304214, -0.2539813, 249.0000000
nan, 0.1495206, -0.0303567, -0.2540057, 250.0000000
nan, 0.1500204, -0.0321974, -0.2540188, 249.0000000
nan, 0.1495826, -0.0304103, -0.2540331, 249.0000000
nan, 0.1495611, -0.0303423, -0.2540465, 249.0000000
nan, 0.1497411, -0.0309675, -0.2540610, 249.0000000
nan, 0.1495213, -0.0300102, -0.2540797, 249.0000000
nan, 0.1500560, -0.0319791, -0.2540932, 249.0000000
nan, 0.1496624, -0.0304170, -0.2541054, 249.0000000
nan, 0.1496466, -0.0302946, -0.2541160, 249.0000000
nan, 0.1500853, -0.0318743, -0.2541333, 249.0000000
nan, 0.1496009, -0.0299888, -0.2541483, 249.0000000
nan, 0.1499216, -0.0311543, -0.2541581, 249.0000000
nan, 0.1497438, -0.0304139, -0.2541713, 250.0000000
nan, 0.1497512, -0.0303540, -0.2541877, 249.0000000
nan, 0.1502568, -0.0321892, -0.2542088, 249.0000000
nan, 0.1497997, -0.0303534, -0.2542192, 249.0000000
nan, 0.1497889, -0.0303516, -0.2542315, 249.0000000
nan, 0.1499020, -0.0307051, -0.2542484, 249.0000000
nan, 0.1498203, -0.0302462, -0.2542716, 249.0000000
nan, 0.1503251, -0.0320945, -0.2542870, 249.0000000
nan, 0.1499064, -0.0304190, -0.2543018, 249.0000000
nan, 0.1498345, -0.0301668, -0.2543087, 250.0000000
nan, 0.1502190, -0.0315348, -0.2543299, 249.0000000
nan, 0.1498299, -0.0299386, -0.2543485, 249.0000000
nan, 0.1503073, -0.0316710, -0.2543688, 249.0000000
nan, 0.1499814, -0.0303500, -0.2543800, 250.0000000
nan, 0.1499759, -0.0302699, -0.2543970, 249.0000000
nan, 0.1503995, -0.0318073, -0.2544106, 249.0000000
nan, 0.1499321, -0.0299394, -0.2544245, 249.0000000
nan, 0.1502731, -0.0312183, -0.2544377, 249.0000000
nan, 0.1500560, -0.0302877, -0.2544585, 250.0000000
nan, 0.1500610, -0.0302677, -0.2544689, 249.0000000
nan, 0.1505402, -0.0320160, -0.2544858, 249.0000000
nan, 0.1500141, -0.0299434, -0.2545091, 249.0000000
nan, 0.1502677, -0.0308569, -0.2545190, 249.0000000
nan, 0.1501420, -0.0303033, -0.2545421, 249.0000000
nan, 0.1501499, -0.0302509, -0.2545608, 249.0000000
nan, 0.1506323, -0.0320272, -0.2545763, 250.0000000
nan, 0.1501652, -0.0301484, -0.2545867, 249.0000000
nan, 0.1502569, -0.0305268, -0.2545998, 249.0000000
nan, 0.1502643, -0.0304901, -0.2546140, 250.0000000
nan, 0.1502283, -0.0302044, -0.2546355, 249.0000000
nan, 0.1507126, -0.0320023, -0.2546446, 249.0000000
nan, 0.1503038, -0.0303335, -0.2546657, 249.0000000
nan, 0.1502315, -0.0300880, -0.2546730, 249.0000000
nan, 0.1505357, -0.0311839, -0.2546895, 250.0000000
nan, 0.1503180, -0.0302220, -0.2546996, 249.0000000
nan, 0.1508218, -0.0320574, -0.2547154, 249.0000000
nan, 0.1503745, -0.0302825, -0.2547328, 250.0000000
nan, 0.1504303, -0.0304972, -0.2547457, 249.0000000
nan, 0.1504442, -0.0304831, -0.2547544, 249.0000000
nan, 0.1504180, -0.0302682, -0.2547745, 249.0000000
nan, 0.1508930, -0.0320341, -0.2547928, 250.0000000
nan, 0.1504813, -0.0303707, -0.2548132, 249.0000000
nan, 0.1504106, -0.0301576, -0.2548163, 249.0000000
nan, 0.1506589, -0.0309881, -0.2548329, 249.0000000
nan, 0.1504219, -0.0299795, -0.2548482, 249.0000000
nan, 0.1509801, -0.0320530, -0.2548589, 249.0000000
nan, 0.1505070, -0.0301398, -0.2548790, 249.0000000
nan, 0.1506709, -0.0307295, -0.2548878, 249.0000000
nan, 0.1506139, -0.0304553, -0.2548922, 249.0000000
nan, 0.1506258, -0.0303118, -0.2549330, 249.0000000
nan, 0.1505540, -0.0299872, -0.2549429, 249.0000000
nan, 0.1508229, -0.0309763, -0.2549503, 249.0000000
nan, 0.1507661, -0.0307520, -0.2549629, 249.0000000
nan, 0.1506133, -0.0300451, -0.2549804, 250.0000000
nan, 0.1510997, -0.0318725, -0.2549916, 249.0000000
nan, 0.1507168, -0.0303357, -0.2550041, 249.0000000
nan, 0.1507225, -0.0303137, -0.2550187, 249.0000000
nan, 0.1511775, -0.0319848, -0.2550322, 249.0000000
nan, 0.1506902, -0.0300441, -0.2550420, 249.0000000
nan, 0.1508547, -0.0306592, -0.2550546, 249.0000000
nan, 0.1508278, -0.0305383, -0.2550698, 250.0000000
nan, 0.1507993, -0.0302689, -0.2550853, 249.0000000
nan, 0.1512801, -0.0320551, -0.2550962, 249.0000000
nan, 0.1508673, -0.0304124, -0.2551182, 250.0000000
nan, 0.1508247, -0.0302529, -0.2551279, 249.0000000
nan, 0.1511741, -0.0315134, -0.2551404, 249.0000000
nan, 0.1507867, -0.0299817, -0.2551506, 249.0000000
nan, 0.1512025, -0.0315199, -0.2551639, 249.0000000
nan, 0.1509182, -0.0303320, -0.2551743, 249.0000000
nan, 0.1509471, -0.0303624, -0.2551898, 249.0000000
nan, 0.1514149, -0.0321107, -0.2552011, 249.0000000
nan, 0.1509021, -0.0301120, -0.2552151, 249.0000000
nan, 0.1511191, -0.0308469, -0.2552263, 249.0000000
nan, 0.1510150, -0.0304369, -0.2552383, 249.0000000
nan, 0.1510062, -0.0303142, -0.2552589, 249.0000000
nan, 0.1514865, -0.0320810, -0.2552742, 250.0000000
nan, 0.1510627, -0.0304031, -0.2552882, 250.0000000
nan, 0.1509988, -0.0301830, -0.2552936, 249.0000000
nan, 0.1513265, -0.0313232, -0.2553141, 249.0000000
nan, 0.1509999, -0.0299670, -0.2553343, 249.0000000
nan, 0.1515147, -0.0318398, -0.2553409, 249.0000000
nan, 0.1511551, -0.0303853, -0.2553628, 249.0000000
nan, 0.1511284, -0.0302895, -0.2553751, 249.0000000
nan, 0.1515171, -0.0316621, -0.2553827, 249.0000000
nan, 0.1510830, -0.0299521, -0.2553923, 249.0000000
nan, 0.1515133, -0.0315248, -0.2554048, 249.0000000
nan, 0.1512062, -0.0303233, -0.2554158, 249.0000000
nan, 0.1512194, -0.0303244, -0.2554361, 249.0000000
nan, 0.1516834, -0.0320158, -0.2554500, 250.0000000
nan, 0.1511628, -0.0299710, -0.2554695, 249.0000000
nan, 0.1514777, -0.0311084, -0.2554865, 249.0000000
nan, 0.1512854, -0.0303435, -0.2554938, 249.0000000
nan, 0.1513124, -0.0303404, -0.2555144, 249.0000000
nan, 0.1517878, -0.0321138, -0.2555239, 249.0000000
nan, 0.1513401, -0.0303288, -0.2555379, 249.0000000
nan, 0.1513778, -0.0304976, -0.2555502, 249.0000000
nan, 0.1514036, -0.0305602, -0.2555681, 249.0000000
nan, 0.1513561, -0.0302420, -0.2555869, 249.0000000
nan, 0.1518492, -0.0320673, -0.2556002, 249.0000000
nan, 0.1514388, -0.0304116, -0.2556119, 249.0000000
nan, 0.1513664, -0.0301855, -0.2556177, 250.0000000
nan, 0.1515331, -0.0307294, -0.2556300, 249.0000000
nan, 0.1514459, -0.0302638, -0.2556459, 249.0000000
nan, 0.1519318, -0.0320904, -0.2556655, 249.0000000
nan, 0.1514978, -0.0303721, -0.2556804, 249.0000000
nan, 0.1515012, -0.0304042, -0.2556856, 249.0000000
nan, 0.1515679, -0.0306079, -0.2557025, 249.0000000
nan, 0.1515162, -0.0302503, -0.2557211, 249.0000000
nan, 0.1520098, -0.0320830, -0.2557342, 249.0000000
nan, 0.1515797, -0.0303876, -0.2557592, 249.0000000
nan, 0.1515687, -0.0303632, -0.2557621, 249.0000000
nan, 0.1516604, -0.0306510, -0.2557774, 249.0000000
nan, 0.1515595, -0.0301799, -0.2557927, 249.0000000
nan, 0.1520578, -0.0320468, -0.2557983, 250.0000000
nan, 0.1516441, -0.0304053, -0.2558153, 249.0000000
nan, 0.1515991, -0.0302342, -0.2558109, 249.0000000
nan, 0.1519937, -0.0316526, -0.2558286, 249.0000000
nan, 0.1515656, -0.0299579, -0.2558441, 249.0000000
nan, 0.1519490, -0.0314030, -0.2558565, 250.0000000
nan, 0.1516817, -0.0303163, -0.2558642, 249.0000000
nan, 0.1516967, -0.0303291, -0.2558776, 249.0000000
nan, 0.1521878, -0.0321122, -0.2558892, 249.0000000
nan, 0.1516865, -0.0301663, -0.2558991, 249.0000000
nan, 0.1518254, -0.0306820, -0.2559142, 249.0000000
nan, 0.1517720, -0.0304132, -0.2559231, 249.0000000
nan, 0.1517596, -0.0302729, -0.2559391, 249.0000000
nan, 0.1522593, -0.0320758, -0.2559526, 249.0000000
nan, 0.1518273, -0.0303658, -0.2559702, 249.0000000
nan, 0.1518114, -0.0303160, -0.2559779, 249.0000000
nan, 0.1518976, -0.0306154, -0.2559893, 249.0000000
nan, 0.1518301, -0.0302052, -0.2560117, 249.0000000
nan, 0.1523241, -0.0320179, -0.2560210, 249.0000000
nan, 0.1519100, -0.0303566, -0.2560313, 249.0000000
nan, 0.1518647, -0.0301767, -0.2560422, 249.0000000
nan, 0.1521840, -0.0313354, -0.2560566, 249.0000000
nan, 0.1518409, -0.0299133, -0.2560711, 249.0000000
nan, 0.1523132, -0.0316293, -0.2560827, 249.0000000
nan, 0.1519786, -0.0303109, -0.2560934, 249.0000000
nan, 0.1519670, -0.0302443, -0.2561068, 249.0000000
nan, 0.1523569, -0.0316595, -0.2561239, 249.0000000
nan, 0.1519222, -0.0299304, -0.2561283, 249.0000000
nan, 0.1523754, -0.0316080, -0.2561353, 249.0000000
nan, 0.1520585, -0.0303240, -0.2561470, 249.0000000
nan, 0.1520592, -0.0302807, -0.2561550, 249.0000000
nan, 0.1525156, -0.0319116, -0.2561630, 249.0000000
nan, 0.1520164, -0.0299560, -0.2561796, 249.0000000
nan, 0.1523592, -0.0311968, -0.2561851, 249.0000000
nan, 0.1521457, -0.0303130, -0.2561980, 249.0000000
nan, 0.1521771, -0.0303291, -0.2562114, 249.0000000
nan, 0.1526379, -0.0320694, -0.2562280, 250.0000000
nan, 0.1521089, -0.0300075, -0.2562400, 249.0000000
nan, 0.1522966, -0.0307271, -0.2562452, 250.0000000
nan, 0.1522373, -0.0304397, -0.2562499, 249.0000000
