0.321741, 1;
0.0165645, 1;
0.0162694, 1;
0.0156456, 1;
0.0144535, 1;
0.014961, 1;
0.0150192, 1;
0.0160495, 1;
0.016002, 1;
0.0159663, 1;
0.0162872, 1;
0.0156706, 1;
0.0159962, 1;
0.0149434, 1;
0.0154276, 1;
0.0155687, 1;
0.015023, 1;
0.0159666, 1;
0.0150095, 1;
0.0160145, 1;
0.0159522, 1;
0.0160507, 1;
0.0159912, 1;
0.0148963, 1;
0.0150045, 1;
0.0162211, 1;
0.0158511, 1;
0.0159429, 1;
0.015978, 1;
0.0159938, 1;
0.0149621, 1;
0.0150467, 1;
0.015999, 1;
0.0159709, 1;
0.015942, 1;
0.0160051, 1;
0.0160026, 1;
0.0149412, 1;
0.015001, 1;
0.01607, 1;
0.0159181, 1;
0.0149495, 1;
0.0150102, 1;
0.0150763, 1;
0.0149953, 1;
0.0148863, 1;
0.0150566, 1;
0.0150589, 1;
0.0148568, 1;
0.0160128, 1;
0.0159622, 1;
0.0150329, 1;
0.0160388, 1;
0.0149343, 1;
0.0160088, 1;
0.0160343, 1;
0.0159262, 1;
0.0159896, 1;
0.0149636, 1;
0.0160301, 1;
0.0149462, 1;
0.0149972, 1;
0.0160368, 1;
0.014938, 1;
0.0149738, 1;
0.0149358, 1;
0.0149935, 1;
0.0159594, 1;
0.0149895, 1;
0.0149844, 1;
0.0150502, 1;
0.0160333, 1;
0.0275605, 1;
0.0435756, 1;
0.0228587, 1;
0.0149098, 1;
0.0155192, 1;
0.0144479, 1;
0.0149939, 1;
0.0163635, 1;
0.014948, 1;
0.0156929, 1;
0.0161686, 1;
0.015802, 1;
0.0160186, 1;
0.0152277, 1;
0.0150471, 1;
0.0155239, 1;
0.0154705, 1;
0.0164898, 1;
0.0152007, 1;
0.0154407, 1;
0.0152745, 1;
0.0146366, 1;
0.0157931, 1;
0.0150371, 1;
0.0163129, 1;
0.0156654, 1;
0.0160251, 1;
0.0159533, 1;
0.0159078, 1;
0.0162279, 1;
0.0157193, 1;
0.0186007, 1;
0.0121964, 1;
0.016365, 1;
0.0144869, 1;
0.0158999, 1;
0.0156359, 1;
0.0182636, 1;
0.0138297, 1;
0.0139572, 1;
0.0149118, 1;
0.014985, 1;
0.0159808, 1;
0.0161911, 1;
0.0158618, 1;
0.0148985, 1;
0.01609, 1;
0.0148837, 1;
0.0149829, 1;
0.0160477, 1;
0.0149749, 1;
0.0159937, 1;
0.0160309, 1;
0.016269, 1;
0.0157135, 1;
0.0159728, 1;
0.0149235, 1;
0.0150019, 1;
0.0149845, 1;
0.0150049, 1;
0.0160791, 1;
0.0150169, 1;
0.0148468, 1;
0.0160544, 1;
0.0159965, 1;
0.01602, 1;
0.0149868, 1;
0.0149223, 1;
0.0150095, 1;
0.0149436, 1;
0.0160343, 1;
0.0149459, 1;
0.0150124, 1;
0.0160326, 1;
0.0149455, 1;
0.0150163, 1;
0.0159603, 1;
0.0149596, 1;
0.015011, 1;
0.0160272, 1;
0.0152767, 1;
0.0147489, 1;
0.0162962, 1;
0.014574, 1;
0.0161995, 1;
0.0158459, 1;
0.0159609, 1;
0.0160403, 1;
0.0159738, 1;
0.0149765, 1;
0.0149892, 1;
0.0159797, 1;
0.015985, 1;
0.0149764, 1;
0.0155915, 1;
0.0150146, 1;
0.0151122, 1;
0.0158872, 1;
0.0150618, 1;
0.0153675, 1;
0.0145157, 1;
0.0160572, 1;
0.0154824, 1;
0.0154208, 1;
0.0149951, 1;
0.0150073, 1;
0.0159275, 1;
0.0150507, 1;
0.0149478, 1;
0.0312822, 2;
0.0309752, 2;
0.0303028, 2;
0.0319201, 2;
0.0299829, 2;
0.0310377, 2;
0.0309879, 2;
0.0309514, 2;
0.0328801, 2;
0.0310222, 2;
0.0291001, 2;
0.0297408, 2;
0.0319772, 2;
0.0310227, 2;
0.0299168, 2;
0.031086, 2;
0.0321165, 2;
0.0304484, 2;
0.0311888, 2;
0.0299801, 2;
0.0308782, 2;
0.02994, 2;
0.0315416, 2;
0.0300197, 2;
0.031948, 2;
0.031265, 2;
0.030944, 2;
0.0310202, 2;
0.0306835, 2;
0.0320402, 2;
0.0321627, 2;
0.0318873, 2;
0.0310862, 2;
0.0309519, 2;
0.032201, 2;
0.0310111, 2;
0.0380699, 2;
0.0531171, 2;
0.0339188, 2;
0.0315235, 2;
0.0299614, 2;
0.0300732, 2;
0.0303205, 2;
0.0316719, 2;
0.0319455, 2;
0.0319072, 2;
0.029994, 2;
0.0299699, 2;
0.0320848, 2;
0.0315716, 2;
0.0293149, 2;
0.031999, 2;
0.0319592, 2;
0.0312273, 2;
0.0307253, 2;
0.0320748, 2;
0.0318903, 2;
0.0299636, 2;
0.0299863, 2;
0.0299702, 2;
0.030004, 2;
0.0319623, 2;
0.0320571, 2;
0.0319102, 2;
0.0320241, 2;
0.0319524, 2;
0.0296332, 2;
0.0305943, 2;
0.0305008, 2;
0.0320401, 2;
0.0308457, 2;
0.0309447, 2;
0.0319566, 2;
0.0319552, 2;
0.0318104, 2;
0.0320044, 2;
0.0320749, 2;
0.0315208, 2;
0.0313439, 2;
0.0319716, 2;
0.0319805, 2;
0.0309448, 2;
0.0319764, 2;
0.0298815, 2;
0.0303958, 2;
0.0310888, 2;
0.0303443, 2;
0.030939, 2;
0.0310637, 2;
0.0319319, 2;
0.0318896, 2;
0.0319257, 2;
0.0316639, 2;
0.0312589, 2;
0.0309597, 2;
0.0310488, 2;
0.0309713, 2;
0.029849, 2;
0.0310313, 2;
0.0310039, 2;
0.0324738, 2;
0.0297576, 2;
0.0307474, 2;
0.031, 2;
0.0299895, 2;
0.0309498, 2;
0.0309911, 2;
0.0300221, 2;
0.0309339, 2;
0.030985, 4;
0.030002, 4;
0.0309518, 4;
0.0300609, 4;
0.0319106, 4;
0.0320126, 4;
0.0319304, 4;
0.0320009, 4;
0.0299712, 4;
0.0320036, 4;
0.0309456, 4;
0.0309855, 4;
0.0324205, 4;
0.0305737, 4;
0.0300253, 4;
0.0299266, 4;
0.0299729, 4;
0.0309679, 4;
0.0309805, 4;
0.0299981, 4;
0.0317349, 4;
0.0300219, 4;
0.0319567, 4;
0.0319099, 4;
0.0320777, 4;
0.0328395, 4;
0.0306855, 4;
0.0303313, 4;
0.0320176, 4;
0.0318274, 4;
0.0320674, 4;
0.0308204, 4;
0.031021, 4;
0.0318731, 4;
0.0309909, 4;
0.0310175, 4;
0.0298028, 4;
0.0320434, 4;
0.031788, 4;
0.0314975, 4;
0.0309871, 4;
0.030977, 4;
0.0320445, 4;
0.0312428, 4;
0.0310365, 4;
0.0320252, 4;
0.0299969, 4;
0.0318138, 4;
0.031975, 4;
0.0320061, 4;
0.0319345, 4;
0.0309418, 4;
0.0304606, 4;
0.0313567, 4;
0.0317103, 4;
0.0312347, 4;
0.0319821, 4;
0.031122, 4;
0.0296367, 4;
0.0297851, 4;
0.0312285, 4;
0.0298494, 4;
0.0309324, 4;
0.0309675, 4;
0.0299076, 4;
0.0317882, 4;
0.0323113, 4;
0.0437281, 4;
0.0309783, 4;
0.0309592, 4;
0.0311269, 4;
0.0318765, 4;
0.0318735, 4;
0.0315822, 2;
0.0304163, 2;
0.0308588, 2;
0.0309187, 2;
0.0319193, 2;
0.0320706, 2;
0.0303344, 2;
0.0299405, 2;
0.0309281, 2;
0.0319482, 2;
0.03021, 2;
0.0302317, 2;
0.031966, 2;
0.0317841, 2;
0.0301002, 2;
0.0309475, 2;
0.0299489, 2;
0.0309383, 2;
0.0319806, 2;
0.0316144, 2;
0.0442163, 2;
0.0310683, 2;
0.031919, 2;
0.0318981, 2;
0.0319566, 2;
0.0321568, 2;
0.0318335, 2;
0.0298281, 2;
0.0300103, 2;
0.0301901, 2;
0.0306901, 2;
0.0299313, 2;
0.030493, 2;
0.0304133, 2;
0.03005, 2;
0.0304975, 2;
0.0442645, 2;
0.029979, 2;
0.0296606, 2;
0.0312116, 2;
0.0320198, 2;
0.0318959, 2;
0.0320253, 2;
0.031864, 2;
0.0309838, 2;
0.0309314, 2;
0.0320182, 2;
0.0308916, 2;
0.0299113, 2;
0.0309675, 2;
0.0311121, 2;
0.0304244, 2;
0.0302952, 2;
0.0309336, 2;
0.0313211, 2;
0.0299649, 2;
0.031918, 2;
0.0316543, 2;
0.0309351, 2;
0.0310529, 2;
0.0320259, 2;
0.0312313, 2;
0.0314312, 2;
0.0310019, 2;
0.031894, 2;
0.0309937, 2;
0.0304746, 2;
0.0315434, 2;
0.0318594, 2;
0.031085, 2;
0.0315273, 2;
0.0310078, 2;
0.0311406, 2;
0.0319572, 2;
0.0320192, 2;
0.0314183, 2;
0.0304154, 2;
0.0309535, 2;
0.0299364, 2;
0.0309521, 2;
0.0299823, 2;
0.0309136, 2;
0.0319289, 2;
0.0300543, 2;
0.02984, 2;
0.0301829, 2;
0.0307375, 2;
0.0301644, 2;
0.031809, 2;
0.0320345, 2;
0.0317915, 2;
0.0319633, 2;
0.0317946, 2;
0.0337917, 2;
0.0444116, 2;
0.031778, 2;
0.0319425, 2;
0.0319556, 2;
0.0320569, 2;
0.0318283, 2;
0.0334445, 4;
0.0288954, 4;
0.0319778, 4;
0.0299044, 4;
0.0310023, 2;
0.0314284, 2;
0.0319866, 2;
0.0296223, 4;
0.0320151, 4;
0.0322805, 4;
0.0355276, 4;
0.0412051, 4;
0.0300988, 4;
0.0314132, 4;
0.0315529, 4;
0.0318202, 4;
0.0298548, 4;
0.0321079, 4;
0.0318913, 4;
0.0309102, 4;
0.0313704, 4;
0.0316524, 4;
0.0308297, 4;
0.0309755, 4;
0.030945, 4;
0.030444, 4;
0.0308968, 4;
0.030099, 4;
0.0314703, 4;
0.0319607, 4;
0.0319248, 4;
0.0306416, 4;
0.0311962, 4;
0.0305225, 4;
0.0304137, 4;
0.0320337, 4;
0.0318125, 4;
0.0319283, 4;
0.0318879, 4;
0.0319974, 4;
0.0315084, 4;
0.030395, 4;
0.0309425, 4;
0.0298957, 4;
0.0320503, 4;
0.029963, 4;
0.0319166, 4;
0.0309895, 4;
0.0319061, 4;
0.0319022, 4;
0.0319993, 4;
0.0318937, 4;
0.0319221, 4;
0.0320649, 4;
0.0319696, 4;
0.0319011, 4;
0.0299048, 4;
0.0299171, 4;
0.0310418, 4;
0.030885, 4;
0.0299216, 4;
0.0299797, 4;
0.0299534, 4;
0.0308576, 4;
0.0324013, 4;
0.031555, 4;
0.031733, 2;
0.0320424, 2;
0.0325251, 2;
0.0304586, 2;
0.0310354, 2;
0.0319763, 2;
0.031564, 2;
0.030439, 2;
0.0318326, 2;
0.0318825, 2;
0.0319488, 2;
0.0310199, 2;
0.0309763, 2;
0.0308452, 2;
0.0309876, 2;
0.0320106, 2;
0.0319765, 2;
0.0308522, 2;
0.0299692, 2;
0.0310316, 2;
0.0307753, 2;
0.0321362, 2;
0.0311896, 2;
0.031496, 2;
0.0300927, 2;
0.0310407, 2;
0.0319108, 2;
0.0314818, 2;
0.0311289, 2;
0.0312237, 2;
0.0303316, 2;
0.0305684, 2;
0.0319468, 2;
0.0309438, 2;
0.0309363, 2;
0.0299108, 2;
0.0319188, 2;
0.0314704, 2;
0.0303506, 2;
0.0299534, 2;
0.0310219, 2;
0.0314055, 2;
0.0297701, 2;
0.0300056, 2;
0.0322578, 2;
0.0301453, 2;
0.0310149, 2;
0.031924, 2;
0.0306166, 2;
0.0309825, 2;
0.0315346, 2;
0.0294, 2;
0.0312457, 2;
0.0296848, 2;
0.0312461, 2;
0.0310168, 2;
0.03187, 2;
0.0310371, 2;
0.0308565, 2;
0.030961, 2;
0.0309867, 2;
0.0309903, 2;
0.0303371, 2;
0.0315668, 2;
0.0318973, 2;
0.0310002, 2;
0.0298533, 2;
0.0310643, 2;
0.029883, 2;
0.0309072, 2;
0.0319799, 2;
0.0319232, 2;
0.0319544, 2;
0.0309386, 2;
0.0307854, 2;
0.0312497, 2;
0.0298653, 2;
0.0297995, 2;
0.0320918, 2;
0.030883, 2;
0.0299496, 2;
0.0316103, 2;
0.0304327, 2;
0.0318234, 2;
0.0299757, 2;
0.0319022, 2;
0.031191, 2;
0.0293837, 2;
0.0314434, 2;
0.0319225, 2;
0.0318389, 2;
0.0300085, 2;
0.0318725, 2;
0.0320153, 2;
0.0309148, 2;
0.0320931, 2;
0.0317776, 2;
0.0299723, 2;
0.0299689, 2;
0.0310117, 2;
0.0298531, 2;
0.0327693, 2;
0.0308091, 2;
0.0321924, 2;
0.0310159, 2;
0.0299673, 4;
0.0319498, 4;
0.0320261, 4;
0.0314223, 4;
0.033206, 2;
0.0295018, 2;
0.030543, 2;
0.032069, 4;
0.0318621, 4;
0.0319456, 4;
0.0308713, 4;
0.0312885, 4;
0.0314841, 4;
0.0325208, 4;
0.0316982, 4;
0.030883, 4;
0.0309282, 4;
0.0312936, 4;
0.0306257, 4;
0.0318998, 4;
0.0312165, 4;
0.0303135, 4;
0.032215, 4;
0.0300655, 4;
0.029981, 4;
0.0305334, 4;
0.0314225, 4;
0.0318861, 4;
0.0296385, 4;
0.0326674, 4;
0.0446824, 4;
0.0307603, 4;
0.0319899, 4;
0.032028, 4;
0.0308558, 4;
0.0309585, 4;
0.0320109, 4;
0.0318854, 4;
0.0299785, 4;
0.0319533, 4;
0.0320087, 4;
0.0319197, 4;
0.031847, 4;
0.03199, 4;
0.0317365, 4;
0.0300982, 4;
0.0309939, 4;
0.0299172, 4;
0.0300318, 4;
0.0299504, 4;
0.0313141, 4;
0.0318756, 4;
0.0306739, 4;
0.0314544, 4;
0.0317615, 4;
0.0445562, 4;
0.0309381, 4;
0.0321398, 4;
0.0312495, 4;
0.0315611, 2;
0.0318698, 2;
0.0299443, 2;
0.0299806, 2;
0.0321499, 2;
0.0302947, 2;
0.030369, 2;
0.0319636, 2;
0.0319193, 2;
0.0309853, 2;
0.030947, 2;
0.0320039, 2;
0.0319309, 2;
0.0309402, 2;
0.0307379, 2;
0.0320705, 2;
0.0319637, 2;
0.0300303, 2;
0.0309606, 2;
0.0296956, 2;
0.0307142, 2;
0.0311794, 2;
0.0312491, 2;
0.0298319, 2;
0.0299706, 2;
0.0319479, 2;
0.0320528, 2;
0.0317632, 2;
0.0319359, 2;
0.0320385, 2;
0.0310885, 2;
0.0301227, 2;
0.0309394, 2;
0.0317414, 2;
0.0308855, 2;
0.0308463, 2;
0.0306125, 2;
0.0305775, 2;
0.030723, 2;
0.0309997, 2;
0.031959, 2;
0.0306691, 2;
0.031196, 2;
0.0319559, 2;
0.031944, 2;
0.0314854, 2;
0.0334067, 2;
0.0298908, 2;
0.0317191, 2;
0.0308386, 2;
0.0313525, 2;
0.031399, 2;
0.0309388, 2;
0.0315554, 2;
0.031521, 2;
0.0292203, 2;
0.0309989, 2;
0.0309291, 2;
0.0309722, 2;
0.0300637, 2;
0.0307286, 2;
0.0314954, 2;
0.0311723, 2;
0.0303001, 2;
0.0317602, 2;
0.0311437, 2;
0.0309151, 2;
0.0319609, 2;
0.0320706, 2;
0.0305007, 2;
0.0313637, 2;
0.0311931, 2;
0.0295658, 2;
0.0310454, 2;
0.0299221, 2;
0.0310063, 2;
0.0307963, 2;
0.0310857, 2;
0.0319797, 2;
0.0316056, 2;
0.0319729, 2;
0.0318819, 2;
0.032051, 2;
0.0320753, 2;
0.030965, 2;
0.0312858, 2;
0.0300115, 2;
0.0318839, 2;
0.0309928, 2;
0.0315868, 2;
0.0319921, 2;
0.0312613, 2;
0.0301191, 2;
0.0309303, 2;
0.0299886, 2;
0.0310644, 2;
0.0311164, 2;
0.0299409, 2;
0.0311376, 2;
0.0319394, 2;
0.0319988, 2;
0.0299384, 2;
0.0322103, 2;
0.0306755, 2;
0.0298852, 2;
0.0309294, 2;
0.0299806, 2;
0.0310961, 2;
0.0298856, 2;
0.0318825, 2;
0.03218, 2;
0.0312154, 2;
0.0319916, 2;
0.0309743, 2;
0.031068, 2;
0.0301649, 2;
0.0319721, 2;
0.030121, 2;
0.0302919, 2;
0.0302687, 2;
0.0302491, 2;
0.0309775, 2;
0.0299597, 4;
0.0318094, 4;
0.0311314, 4;
0.0298831, 4;
0.0307563, 4;
0.0309693, 4;
0.02994, 4;
0.0310708, 4;
0.0310605, 4;
0.0298958, 4;
0.0309181, 4;
0.0309549, 4;
0.0301092, 4;
0.0298303, 4;
0.0297482, 4;
0.0300418, 4;
0.0311231, 4;
0.0308828, 4;
0.0309918, 4;
0.0318281, 4;
0.0320138, 4;
0.0319822, 4;
0.029874, 4;
0.032036, 4;
0.0309738, 4;
0.0308504, 4;
0.0319723, 4;
0.0310043, 4;
0.0309022, 4;
0.0320094, 4;
0.0318609, 4;
0.0306918, 4;
0.0299132, 4;
0.0312717, 4;
0.0319668, 4;
0.0299057, 4;
0.0319851, 4;
0.0318635, 4;
0.0300202, 4;
0.0309364, 4;
0.0311155, 4;
0.0318356, 4;
0.029887, 4;
0.0309437, 4;
0.0310117, 4;
0.0309629, 4;
0.0299171, 4;
0.0301841, 4;
0.0311245, 4;
0.0315143, 4;
0.0299542, 4;
0.0319534, 4;
0.0310304, 4;
0.0308629, 4;
0.0319753, 4;
0.0298628, 4;
0.0299729, 4;
0.0320129, 4;
0.0302581, 4;
0.0310975, 4;
0.0308567, 4;
0.0315302, 4;
0.0313087, 4;
0.0306671, 2;
0.0297344, 2;
0.0300144, 2;
0.0302532, 2;
0.0318356, 2;
0.0319031, 2;
0.0319855, 2;
0.0319739, 2;
0.0318798, 2;
0.0313124, 2;
0.0441432, 2;
0.0295265, 2;
0.029596, 2;
0.0311354, 2;
0.0299567, 2;
0.0315344, 2;
0.0318843, 2;
0.0314532, 2;
0.0311173, 2;
0.0309398, 2;
0.0307815, 2;
0.0309176, 2;
0.0313381, 2;
0.031524, 2;
0.0310734, 2;
0.0299157, 2;
0.0309236, 2;
0.029912, 2;
0.0309667, 2;
0.0302921, 2;
0.031611, 2;
0.0299844, 2;
0.0319252, 2;
0.0319723, 2;
0.0317298, 2;
0.0304326, 2;
0.03105, 2;
0.0313246, 2;
0.0299828, 2;
0.0319468, 2;
0.03212, 2;
0.0311917, 2;
0.0314299, 2;
0.0305529, 2;
0.0316735, 2;
0.0298992, 2;
0.0312853, 2;
0.0316859, 2;
0.0317592, 2;
0.0306371, 2;
0.0315778, 2;
0.0318232, 2;
0.0299387, 2;
0.0323776, 2;
0.0317678, 2;
0.0307163, 2;
0.0299479, 2;
0.0310304, 2;
0.0308809, 2;
0.0310068, 2;
0.0320051, 2;
0.0338126, 2;
0.0449171, 2;
0.0310337, 2;
0.0319675, 2;
0.0315426, 2;
0.030306, 2;
0.0309518, 2;
0.0309759, 2;
0.029962, 2;
0.0318919, 2;
0.0320018, 2;
0.0320079, 2;
0.0311673, 2;
0.0504984, 2;
0.038484, 2;
0.0385794, 2;
0.0320454, 2;
0.0307678, 2;
0.0309595, 2;
0.0319544, 2;
0.0319364, 2;
0.0319819, 2;
0.0299729, 2;
0.0298921, 2;
0.0300231, 2;
0.0318268, 2;
0.0309813, 2;
0.0312067, 2;
0.0320145, 2;
0.0319564, 2;
0.0310809, 2;
0.0315305, 2;
0.0323195, 2;
0.0330246, 2;
0.0295061, 2;
0.0299319, 2;
0.0320864, 2;
0.031799, 2;
0.0310006, 2;
0.0308928, 2;
0.0321214, 2;
0.0327287, 2;
0.031136, 2;
0.031959, 2;
0.0307941, 2;
0.0310267, 2;
0.0319542, 2;
0.0308734, 2;
0.0306774, 2;
0.0311189, 2;
0.032076, 2;
0.0319091, 2;
0.0309779, 2;
0.0298929, 4;
0.0307674, 4;
0.0311594, 4;
0.0301763, 2;
0.0314372, 2;
0.0314722, 2;
0.0300024, 2;
0.03168, 4;
0.0319275, 4;
0.031926, 4;
0.0299707, 4;
0.0319512, 4;
0.0310204, 4;
0.0296498, 4;
0.0319779, 4;
0.0299282, 4;
0.029886, 4;
0.0309816, 4;
0.0323357, 4;
0.0307116, 4;
0.0309122, 4;
0.0319922, 4;
0.0320475, 4;
0.0319079, 4;
0.0319782, 4;
0.0309516, 4;
0.0299232, 4;
0.0299579, 4;
0.0310284, 4;
0.0319335, 4;
0.0318795, 4;
0.0300588, 4;
0.0309334, 4;
0.0303566, 4;
0.0310033, 4;
0.0314064, 4;
0.031427, 4;
0.0314943, 4;
0.0319623, 4;
0.0319391, 4;
0.0321479, 4;
0.0298852, 4;
0.031305, 4;
0.0314559, 4;
0.0298986, 4;
0.03004, 4;
0.0308718, 4;
0.0318131, 4;
0.0321248, 4;
0.0318821, 4;
0.0310163, 4;
0.0309976, 4;
0.0319816, 2;
0.0298562, 2;
0.0321344, 2;
0.0305943, 2;
0.0310566, 2;
0.0311479, 2;
0.0298134, 2;
0.030988, 2;
0.0308644, 2;
0.0311174, 2;
0.0320724, 2;
0.0317173, 2;
0.0319676, 2;
0.0314867, 2;
0.0304442, 2;
0.0304251, 2;
0.032007, 2;
0.0306327, 2;
0.030615, 2;
0.0309032, 2;
0.0315989, 2;
0.0304504, 2;
0.0301966, 2;
0.0316562, 2;
0.0319214, 2;
0.0300157, 2;
0.0298799, 2;
0.0317246, 2;
0.0305055, 2;
0.0315066, 2;
0.0312675, 2;
0.030677, 2;
0.0319892, 2;
0.0319754, 2;
0.0319734, 2;
0.0299317, 2;
0.0333945, 2;
0.0306397, 2;
0.0320184, 2;
0.0317722, 2;
0.0319358, 2;
0.0309756, 2;
0.0303216, 2;
0.0305779, 2;
0.0314477, 2;
0.0304654, 2;
0.0319208, 2;
0.0319431, 2;
0.0319535, 2;
0.0305575, 2;
0.0315418, 2;
0.0317688, 2;
0.030766, 2;
0.0313122, 2;
0.0316885, 2;
0.0319736, 2;
0.0309603, 2;
0.032043, 2;
0.0309405, 2;
0.0309141, 2;
0.0310434, 2;
0.0316362, 2;
0.0325566, 2;
0.0301572, 2;
0.031268, 2;
0.0321691, 2;
0.030791, 2;
0.0303624, 2;
0.030855, 2;
0.0308601, 2;
0.031197, 2;
0.0294648, 2;
0.0309861, 2;
0.030896, 2;
0.0299502, 2;
0.0299589, 2;
0.0314319, 2;
0.0311122, 2;
0.031278, 2;
0.0299713, 2;
0.0309587, 2;
0.0309165, 2;
0.0310184, 2;
0.0299089, 2;
0.0309639, 2;
0.0305378, 2;
0.0304212, 2;
0.0304649, 2;
0.0315424, 2;
0.0317642, 2;
0.0301555, 2;
0.0309167, 2;
0.0303496, 2;
0.0304145, 2;
0.0299927, 2;
0.0320083, 2;
0.030984, 2;
0.0308336, 2;
0.0308858, 2;
0.0299409, 2;
0.0299867, 2;
0.0299116, 2;
0.0319597, 2;
0.0320173, 2;
0.0321106, 2;
0.029805, 2;
0.0319896, 2;
0.0318363, 2;
0.0312867, 2;
0.0313534, 2;
0.0319995, 2;
0.0323673, 2;
0.0306449, 2;
0.0309432, 2;
0.0320392, 2;
0.0319076, 2;
0.0319552, 4;
0.030943, 4;
0.0317145, 4;
0.0315825, 4;
0.0305454, 4;
0.0309435, 4;
0.0309926, 4;
0.0309753, 2;
0.02991, 2;
0.0314388, 2;
0.0305788, 4;
0.0313415, 4;
0.0316115, 4;
0.0307786, 4;
0.0299621, 4;
0.0319747, 4;
0.0319216, 4;
0.0325437, 4;
0.0313277, 4;
0.0362243, 4;
0.0426992, 4;
0.0318838, 4;
0.0320271, 4;
0.0309033, 4;
0.0309503, 4;
0.0319667, 4;
0.03213, 4;
0.0309876, 4;
0.031761, 4;
0.0319988, 4;
0.0308675, 4;
0.030908, 4;
0.0320521, 4;
0.0297226, 4;
0.031878, 4;
0.0313661, 4;
0.0305439, 4;
0.0310817, 4;
0.0310333, 4;
0.0299268, 4;
0.0313804, 4;
0.0315388, 4;
0.0319618, 4;
0.0319152, 4;
0.029916, 4;
0.0320153, 4;
0.0316355, 4;
0.0313099, 4;
0.030851, 4;
0.0309645, 4;
0.0315129, 4;
0.0316351, 4;
0.0318034, 4;
0.0319157, 4;
0.0318959, 4;
0.0319681, 4;
0.0318972, 4;
0.0311791, 4;
0.0307297, 4;
0.0306687, 4;
0.0315755, 4;
0.0306148, 4;
0.0297495, 2;
0.0312847, 2;
0.0308311, 2;
0.030051, 2;
0.0305355, 2;
0.0319262, 2;
0.0315984, 2;
0.0310736, 2;
0.0315956, 2;
0.0319215, 2;
0.0319307, 2;
0.0321403, 2;
0.0308235, 2;
0.0298995, 2;
0.030038, 2;
0.0295572, 2;
0.0308154, 2;
0.0303672, 2;
0.0299179, 2;
0.030953, 2;
0.0309966, 2;
0.0309373, 2;
0.0309691, 2;
0.0319482, 2;
0.0319215, 2;
0.0319376, 2;
0.0319311, 2;
0.0317521, 2;
0.0299968, 2;
0.0321322, 2;
0.032103, 2;
0.0307885, 2;
0.0314004, 2;
0.0315965, 2;
0.0323274, 2;
0.0315347, 2;
0.0301472, 2;
0.0308238, 2;
0.031236, 2;
0.0305624, 2;
0.0319628, 2;
0.0320175, 2;
0.0308605, 2;
0.0309548, 2;
0.0309346, 2;
0.0308275, 2;
0.031047, 2;
0.031953, 2;
0.031878, 2;
0.0310441, 2;
0.0309477, 2;
0.029923, 2;
0.0309807, 2;
0.0299522, 2;
0.0309011, 2;
0.0309901, 2;
0.0302229, 2;
0.0309544, 2;
0.0317546, 2;
0.0308605, 2;
0.0299424, 2;
0.0299606, 2;
0.0319509, 2;
0.0319596, 2;
0.0316335, 2;
0.0322178, 2;
0.0307172, 2;
0.0310377, 2;
0.032007, 2;
0.0320088, 2;
0.0300103, 2;
0.0309752, 2;
0.0309779, 2;
0.0326942, 2;
0.0441663, 2;
0.0309695, 2;
0.030819, 2;
0.0320159, 2;
0.0320172, 2;
0.0309085, 2;
0.0309218, 2;
0.0342567, 2;
0.0426202, 2;
0.0323433, 2;
0.0316378, 2;
0.0322204, 2;
0.0322081, 2;
0.0313292, 2;
0.0312788, 2;
0.031933, 2;
0.0306488, 2;
0.0318888, 2;
0.0321294, 2;
0.0308874, 2;
0.0299525, 2;
0.0300686, 2;
0.0306882, 2;
0.0320253, 2;
0.0309583, 2;
0.0300329, 2;
0.030886, 2;
0.0300215, 2;
0.0308928, 2;
0.0309052, 2;
0.0299521, 2;
0.0309779, 2;
0.0319871, 2;
0.0318943, 2;
0.0319389, 2;
0.031955, 2;
0.0320748, 2;
0.0319066, 2;
0.0312576, 2;
0.0305698, 2;
0.0310539, 2;
0.0308997, 4;
0.0309187, 4;
0.030971, 4;
0.0305843, 4;
0.030931, 4;
0.0325206, 4;
0.0433707, 4;
0.0299935, 4;
0.0322001, 4;
0.0308425, 4;
0.0317333, 4;
0.030315, 4;
0.0299, 4;
0.0303428, 4;
0.0310576, 4;
0.0315194, 4;
0.0300308, 4;
0.0311173, 4;
0.0324591, 4;
0.0300899, 4;
0.0300246, 4;
0.03126, 4;
0.0298888, 4;
0.0317223, 4;
0.0312989, 4;
0.029555, 4;
0.0309778, 4;
0.030927, 4;
0.030959, 4;
0.0328206, 4;
0.0293667, 4;
0.0307111, 4;
0.0299658, 4;
0.0299814, 4;
0.0298591, 4;
0.0298667, 4;
0.0310731, 4;
0.0320464, 4;
0.030777, 4;
0.0299811, 4;
0.0309707, 4;
0.0304987, 4;
0.0309082, 4;
0.0314192, 4;
0.0325847, 4;
0.0303468, 4;
0.0319619, 4;
0.0319896, 4;
0.031904, 4;
0.0319188, 4;
0.0299678, 4;
0.0309465, 4;
0.0319619, 4;
0.0319271, 4;
0.0319897, 4;
0.0298628, 2;
0.0320347, 2;
0.032058, 2;
0.0308359, 2;
0.030659, 2;
0.030709, 2;
0.0305396, 2;
0.0298371, 2;
0.0316723, 2;
0.0302884, 2;
0.0311201, 2;
0.0317733, 2;
0.0319798, 2;
0.0318913, 2;
0.0319962, 2;
0.0315173, 2;
0.0328664, 2;
0.0303006, 2;
0.030972, 2;
0.0317064, 2;
0.0305994, 2;
0.0306309, 2;
0.0319845, 2;
0.0310609, 2;
0.0318241, 2;
0.0320783, 2;
0.0318304, 2;
0.031957, 2;
0.0297305, 2;
0.0312392, 2;
0.0299482, 2;
0.0309176, 2;
0.0299102, 2;
0.0298715, 2;
0.0310928, 2;
0.0320846, 2;
0.031759, 2;
0.0310647, 2;
0.0298092, 2;
0.0311403, 2;
0.0309891, 2;
0.0307774, 2;
0.0299314, 2;
0.0323734, 2;
0.0315266, 2;
0.0320559, 2;
0.0318391, 2;
0.0320957, 2;
0.0318248, 2;
0.0310114, 2;
0.0302167, 2;
0.0317195, 2;
0.0303845, 2;
0.0299481, 2;
0.0312877, 2;
0.031881, 2;
0.0311741, 2;
0.0313754, 2;
0.0322428, 2;
0.0313864, 2;
0.0317528, 2;
0.0318752, 2;
0.0320049, 2;
0.0298162, 2;
0.0309554, 2;
0.030037, 2;
0.031552, 2;
0.0316285, 2;
0.0316992, 2;
0.0319759, 2;
0.0299521, 2;
0.0321718, 2;
0.0308716, 2;
0.0298475, 2;
0.0309923, 2;
0.0326365, 2;
0.043118, 2;
0.0309483, 2;
0.0320555, 2;
0.0308898, 2;
0.029948, 2;
0.0309607, 2;
0.0302727, 2;
0.0306441, 2;
0.0312622, 2;
0.0316859, 2;
0.0319657, 2;
0.0297799, 2;
0.0320013, 2;
0.0300259, 2;
0.030837, 2;
0.0311476, 2;
0.0307415, 2;
0.0309632, 2;
0.0308952, 2;
0.0311879, 2;
0.0318012, 2;
0.029934, 2;
0.030957, 2;
0.0299636, 2;
0.0314996, 2;
0.031271, 2;
0.0320656, 2;
0.031791, 2;
0.0302123, 2;
0.0298303, 2;
0.0309742, 2;
0.0309522, 2;
0.030801, 2;
0.0301143, 2;
0.0304577, 2;
0.0294085, 2;
0.0309398, 4;
0.0309337, 4;
0.0310001, 4;
0.0309881, 4;
0.0319179, 4;
0.0324888, 4;
0.0304029, 4;
0.0309613, 4;
0.0314233, 4;
0.0305148, 4;
0.0298668, 4;
0.0319608, 4;
0.0302671, 4;
0.0318986, 4;
0.0318391, 4;
0.0308502, 4;
0.0299567, 4;
0.029898, 4;
0.0319049, 4;
0.0310054, 4;
0.0309494, 4;
0.0316806, 4;
0.0303561, 4;
0.0308413, 4;
0.0299211, 4;
0.030699, 4;
0.0312845, 4;
0.0308569, 4;
0.0300318, 4;
0.0298892, 4;
0.0300192, 4;
0.0308732, 4;
0.0310083, 4;
0.0299499, 4;
0.0298823, 4;
0.0299436, 4;
0.0319818, 4;
0.0319794, 4;
0.0319234, 4;
0.0319581, 4;
0.029947, 4;
0.0299704, 4;
0.0299802, 4;
0.030961, 4;
0.0308411, 4;
0.03044, 4;
0.0310987, 4;
0.031905, 4;
0.0309612, 4;
0.0313817, 4;
0.0318635, 4;
0.0301129, 4;
0.0310122, 4;
0.0298642, 4;
0.0299719, 4;
0.0302608, 4;
0.0314215, 4;
0.0301545, 4;
0.0309997, 4;
0.0309402, 4;
0.0309555, 4;
0.0308161, 4;
0.0295719, 4;
0.0313977, 2;
0.0318847, 2;
0.03093, 2;
0.0309313, 2;
0.0320744, 2;
0.0318823, 2;
0.0318981, 2;
0.0319592, 2;
0.0309497, 2;
0.0305596, 2;
0.03029, 2;
0.0319265, 2;
0.0310194, 2;
0.0309488, 2;
0.0309435, 2;
0.0301941, 2;
0.0308894, 2;
0.0308835, 2;
0.0297648, 2;
0.0311514, 2;
0.0308296, 2;
0.0299216, 2;
0.0309961, 2;
0.0309646, 2;
0.0300315, 2;
0.0316509, 2;
0.0321541, 2;
0.0309398, 2;
0.0300544, 2;
0.0307824, 2;
0.0309694, 2;
0.0309756, 2;
0.0317942, 2;
0.0319968, 2;
0.0305626, 2;
0.0313497, 2;
0.0312321, 2;
0.0317541, 2;
0.0309411, 2;
0.0299829, 2;
0.0309903, 2;
0.030939, 2;
0.0301742, 2;
0.031812, 2;
0.0308826, 2;
0.0298142, 2;
0.031016, 2;
0.0309689, 2;
0.0299432, 2;
0.0317288, 2;
0.0312679, 2;
0.0298401, 2;
0.0309969, 2;
0.0309084, 2;
0.0310305, 2;
0.0299644, 2;
0.0319852, 2;
0.0307553, 2;
0.0309941, 2;
0.0299617, 2;
0.0319007, 2;
0.031963, 2;
0.0308492, 2;
0.0306516, 2;
0.0316473, 2;
0.0316575, 2;
0.0300911, 2;
0.0308756, 2;
0.0309835, 2;
0.0299731, 2;
0.0303113, 2;
0.0309753, 2;
0.031409, 2;
0.032014, 2;
0.0319235, 2;
0.0320081, 2;
0.031903, 2;
0.0319535, 2;
0.0299333, 2;
0.0320049, 2;
0.0300215, 2;
0.0309205, 2;
0.0304438, 2;
0.0304075, 2;
0.0309495, 2;
0.0309749, 2;
0.0309536, 2;
0.0309019, 2;
0.0309579, 2;
0.0319805, 2;
0.0319158, 2;
0.0300014, 2;
0.0319586, 2;
0.0319063, 2;
0.0302073, 2;
0.0313157, 2;
0.0321129, 2;
0.0309671, 2;
0.0309134, 4;
0.0308967, 4;
0.0299632, 4;
0.0310271, 4;
0.0308115, 2;
0.0313393, 2;
0.0309189, 2;
0.0309716, 4;
0.02993, 4;
0.03195, 4;
0.0302464, 4;
0.0297165, 4;
0.0311025, 4;
0.0296288, 4;
0.0310302, 4;
0.0305567, 4;
0.0313373, 4;
0.0319629, 4;
0.0372382, 4;
0.0426721, 4;
0.0310388, 4;
0.0298962, 4;
0.031004, 4;
0.029817, 4;
0.0314558, 4;
0.0308151, 4;
0.0306558, 4;
0.0300349, 4;
0.0299444, 4;
0.0319605, 4;
0.0319546, 4;
0.032087, 4;
0.0308949, 4;
0.0306869, 4;
0.029888, 4;
0.0310461, 4;
0.0309537, 4;
0.0317197, 4;
0.0322352, 4;
0.0318828, 4;
0.0309932, 4;
0.0309427, 4;
0.0310598, 4;
0.030902, 4;
0.0300016, 4;
0.031055, 4;
0.030854, 4;
0.0317281, 4;
0.0296981, 4;
0.0312873, 4;
0.0299725, 4;
0.0320621, 4;
0.0298067, 4;
0.0298858, 4;
0.0299229, 4;
0.0310151, 4;
0.0320136, 4;
0.0323574, 4;
0.0295308, 4;
0.0322567, 4;
0.0297007, 4;
0.0311853, 4;
0.0299275, 4;
0.0315914, 4;
0.0320464, 4;
0.0319477, 4;
0.0298791, 4;
0.0309525, 4;
0.0300215, 4;
0.0299481, 2;
0.029922, 2;
0.030206, 2;
0.0325931, 2;
0.0370022, 2;
0.0394887, 2;
0.0295082, 2;
0.0310192, 2;
0.0318905, 2;
0.0336965, 2;
0.0440942, 2;
0.0299184, 2;
0.0309866, 2;
0.0310819, 2;
0.0308029, 2;
0.03142, 2;
0.029235, 2;
0.0320989, 2;
0.0321413, 2;
0.0320645, 2;
0.0319085, 2;
0.0318095, 2;
0.030955, 2;
0.0299603, 2;
0.030961, 2;
0.0299428, 2;
0.0299408, 2;
0.0309399, 2;
0.0310328, 2;
0.031593, 2;
0.0302347, 2;
0.0309275, 2;
0.0299797, 2;
0.0309886, 2;
0.0308799, 2;
0.0299852, 2;
0.0311758, 2;
0.0296998, 2;
0.0309361, 2;
0.0320126, 2;
0.0319046, 2;
0.0320104, 2;
0.030095, 2;
0.0307884, 2;
0.0319326, 2;
0.0304686, 2;
0.0304507, 2;
0.031931, 2;
0.0319039, 2;
0.0318626, 2;
0.0318472, 2;
0.029425, 2;
0.0305889, 2;
0.0317179, 2;
0.0319809, 2;
0.0309893, 2;
0.0309484, 2;
0.031, 2;
0.0308907, 2;
0.0318461, 2;
0.0320137, 2;
0.0300964, 2;
0.0308334, 2;
0.0319853, 2;
0.0309334, 2;
0.0319497, 2;
0.0318829, 2;
0.0319435, 2;
0.0323258, 2;
0.0299315, 2;
0.0295724, 2;
0.0299963, 2;
0.0299426, 2;
0.0298887, 2;
0.0300566, 2;
0.0299277, 2;
0.0298933, 2;
0.0297411, 2;
0.0312526, 2;
0.0310693, 2;
0.0297508, 2;
0.0309742, 2;
0.0309249, 2;
0.0309603, 2;
0.0299369, 2;
0.0299804, 2;
0.030964, 2;
0.0309473, 2;
0.0309247, 2;
0.0309803, 2;
0.0310645, 2;
0.0308351, 2;
0.0309773, 2;
0.0299002, 2;
0.0314854, 2;
0.0312725, 2;
0.0316191, 2;
0.0307654, 2;
0.0315531, 2;
0.0319359, 2;
0.0320685, 2;
0.0315333, 2;
0.0313216, 2;
0.0314884, 2;
0.0309263, 2;
0.0308134, 2;
0.0300077, 2;
0.0304652, 2;
0.0310163, 2;
0.0318997, 2;
0.0322317, 2;
0.032428, 2;
0.0441548, 2;
0.0308888, 2;
0.0307625, 2;
0.0312467, 4;
0.030007, 4;
0.030914, 4;
0.0308871, 4;
0.0299792, 4;
0.0312393, 4;
0.0306513, 4;
0.0309547, 4;
0.0313099, 4;
0.031667, 4;
0.0309194, 4;
0.030574, 4;
0.0304683, 4;
0.031928, 4;
0.031789, 4;
0.0312981, 4;
0.0306411, 4;
0.0299778, 4;
0.0308794, 4;
0.0301889, 4;
0.0320776, 4;
0.0316417, 4;
0.0309432, 4;
0.0299138, 4;
0.0309523, 4;
0.0309442, 4;
0.0309851, 4;
0.0318487, 4;
0.0321902, 4;
0.0319525, 4;
0.030883, 4;
0.0308601, 4;
0.031935, 4;
0.0321524, 4;
0.0307419, 4;
0.0306577, 4;
0.031991, 4;
0.0312272, 4;
0.0300173, 4;
0.0318198, 4;
0.0320032, 4;
0.0318963, 4;
0.0312084, 4;
0.0298091, 4;
0.0309344, 4;
0.0319769, 4;
0.032017, 4;
0.0319599, 4;
0.0307139, 4;
0.0317389, 4;
0.031167, 4;
0.0310188, 4;
0.0309206, 4;
0.0299325, 4;
0.0310431, 4;
0.0301842, 4;
0.0314752, 4;
0.0301725, 4;
0.0304158, 4;
0.0304569, 4;
0.0309624, 4;
0.0319396, 4;
0.0315733, 4;
0.0313951, 4;
0.0318916, 4;
0.0319484, 4;
0.031969, 4;
0.0319155, 4;
0.0310097, 4;
0.0315814, 4;
0.0295151, 2;
0.0296646, 2;
0.0299892, 2;
0.0296748, 2;
0.0312322, 2;
0.0299537, 2;
0.0310135, 2;
0.0308806, 2;
0.0310744, 2;
0.0315326, 2;
0.0318148, 2;
0.0308841, 2;
0.030966, 2;
0.0304824, 2;
0.031221, 2;
0.0306272, 2;
0.0309282, 2;
0.0304615, 2;
0.0305098, 2;
0.0319262, 2;
0.0308967, 2;
0.0309174, 2;
0.0299989, 2;
0.0299891, 2;
0.0299083, 2;
0.0309436, 2;
0.0311991, 2;
0.0301153, 2;
0.0305886, 2;
0.0309716, 2;
0.0299984, 2;
0.0309003, 2;
0.0309356, 2;
0.0299972, 2;
0.030885, 2;
0.0319682, 2;
0.0315554, 2;
0.0314488, 2;
0.0317857, 2;
0.0298005, 2;
0.030909, 2;
0.0303875, 2;
0.0319146, 2;
0.0314251, 2;
0.0311574, 2;
0.0321283, 2;
0.0319339, 2;
0.0318677, 2;
0.0311335, 2;
0.0298726, 2;
0.0310159, 2;
0.0308299, 2;
0.0309588, 2;
0.0300172, 2;
0.0320338, 2;
0.0307891, 2;
0.0309382, 2;
0.0319675, 2;
0.0319898, 2;
0.0319444, 2;
0.0314872, 2;
0.0304789, 2;
0.0308546, 2;
0.030002, 2;
0.0299078, 2;
0.0309432, 2;
0.030017, 2;
0.0309426, 2;
0.0302093, 2;
0.0309991, 2;
0.0309702, 2;
0.0309419, 2;
0.0309265, 2;
0.030604, 2;
0.0310057, 2;
0.0310951, 2;
0.029928, 2;
0.0309777, 2;
0.0317117, 2;
0.0319962, 2;
0.0309546, 2;
0.0319531, 2;
0.0300504, 2;
0.0297954, 2;
0.0310176, 2;
0.0318861, 2;
0.0319991, 2;
0.031179, 2;
0.0324001, 2;
0.0445136, 2;
0.0307139, 2;
0.0300186, 2;
0.0298593, 2;
0.0328696, 2;
0.0442219, 2;
0.0315662, 2;
0.0319742, 2;
0.0318966, 2;
0.0313629, 2;
0.0311879, 2;
0.0310137, 2;
0.0313797, 2;
0.030778, 2;
0.0316544, 2;
0.0311532, 2;
0.0310694, 2;
0.0319568, 2;
0.0316769, 2;
0.0302406, 2;
0.0308952, 2;
0.030067, 2;
0.0298034, 2;
0.0300922, 2;
0.0318564, 2;
0.0314994, 4;
0.032915, 4;
0.0307979, 4;
0.0309655, 4;
0.0309633, 4;
0.0315248, 4;
0.0319767, 4;
0.0315944, 4;
0.0305545, 4;
0.0366414, 4;
0.0409174, 4;
0.031027, 4;
0.0311111, 4;
0.0297428, 4;
0.0309485, 4;
0.0309761, 4;
0.0308644, 4;
0.0310236, 4;
0.0319619, 4;
0.0319346, 4;
0.0299065, 4;
0.031965, 4;
0.0320059, 4;
0.0319219, 4;
0.0303348, 4;
0.0315078, 4;
0.0311171, 4;
0.0297763, 4;
0.0299687, 4;
0.0300599, 4;
0.030955, 4;
0.0309062, 4;
0.0319009, 4;
0.0320109, 4;
0.0299661, 4;
0.0318956, 4;
0.0320388, 4;
0.0307039, 4;
0.0310703, 4;
0.0319941, 4;
0.0314882, 4;
0.0304269, 4;
0.03091, 4;
0.0301003, 4;
0.0308006, 4;
0.0300749, 4;
0.0310444, 4;
0.0297615, 4;
0.0298953, 4;
0.0300174, 4;
0.0300327, 4;
0.0299237, 4;
0.0307944, 4;
0.0319679, 4;
0.0319838, 4;
0.0319344, 4;
0.0299802, 4;
0.0299029, 4;
0.0299885, 4;
0.02997, 4;
0.0309442, 4;
0.031044, 4;
0.0308151, 4;
0.0308816, 4;
0.0310485, 4;
0.0299598, 4;
0.0310694, 2;
0.0316958, 2;
0.0320992, 2;
0.0309322, 2;
0.0299104, 2;
0.0310892, 2;
0.0310407, 2;
0.030255, 2;
0.0297121, 2;
0.0306884, 2;
0.0309988, 2;
0.0315336, 2;
0.0314876, 2;
0.0307898, 2;
0.029944, 2;
0.0309868, 2;
0.0318654, 2;
0.0320683, 2;
0.0308447, 2;
0.0309927, 2;
0.0319953, 2;
0.0308581, 2;
0.0300928, 2;
0.0308658, 2;
0.0299167, 2;
0.0307218, 2;
0.031212, 2;
0.0299569, 2;
0.0309026, 2;
0.0310005, 2;
0.0298665, 2;
0.0309678, 2;
0.0319797, 2;
0.0320062, 2;
0.0318897, 2;
0.0297456, 2;
0.031894, 2;
0.0301741, 2;
0.0301977, 2;
0.0315383, 2;
0.0307535, 2;
0.0313681, 2;
0.0315643, 2;
0.0313336, 2;
0.0320178, 2;
0.0308315, 2;
0.0309964, 2;
0.0318391, 2;
0.0312362, 2;
0.0307012, 2;
0.030995, 2;
0.0310135, 2;
0.0298846, 2;
0.0309402, 2;
0.0308914, 2;
0.0304426, 2;
0.0310771, 2;
0.0314952, 2;
0.0308721, 2;
0.0309676, 2;
0.0320448, 2;
0.0317964, 2;
0.0319433, 2;
0.0300318, 2;
0.0309851, 2;
0.0300093, 2;
0.0308901, 2;
0.0318865, 2;
0.0319065, 2;
0.0311683, 2;
0.0318932, 2;
0.0318223, 2;
0.0299778, 2;
0.0309599, 2;
0.0298961, 2;
0.0310343, 2;
0.0308047, 2;
0.0301231, 2;
0.0307007, 2;
0.0319313, 2;
0.0309481, 2;
0.030892, 2;
0.0319605, 2;
0.0313923, 2;
0.0308468, 2;
0.0300696, 2;
0.0304492, 2;
0.0310594, 2;
0.0308903, 2;
0.0309868, 2;
0.0305397, 2;
0.0313773, 2;
0.0306776, 2;
0.0313009, 2;
0.030996, 2;
0.0317711, 2;
0.0319756, 2;
0.0318077, 2;
0.0304211, 2;
0.0312425, 2;
0.0313151, 2;
0.0309514, 2;
0.0309656, 2;
0.0316087, 2;
0.0302732, 2;
0.0304242, 2;
0.0312643, 2;
0.030222, 2;
0.0299044, 2;
0.0319501, 2;
0.0317298, 2;
0.0311723, 2;
0.0309449, 2;
0.0315241, 2;
0.0320997, 2;
0.0302184, 2;
0.0309782, 4;
0.0309259, 4;
0.0317662, 4;
0.0301368, 4;
0.0304996, 4;
0.0314185, 4;
0.0319062, 4;
0.0299725, 4;
0.0319956, 4;
0.0319535, 4;
0.0299566, 4;
0.031972, 4;
0.0320437, 4;
0.0307541, 4;
0.0307474, 4;
0.0317023, 4;
0.0312296, 4;
0.0326395, 4;
0.0303402, 4;
0.0298217, 4;
0.0312212, 4;
0.0308499, 4;
0.0310499, 4;
0.0312558, 4;
0.0320692, 4;
0.0314501, 4;
0.0320263, 4;
0.0319826, 4;
0.0318494, 4;
0.0309674, 4;
0.0299688, 4;
0.0309268, 4;
0.0312604, 4;
0.0317003, 4;
0.0318707, 4;
0.0305139, 4;
0.0313559, 4;
0.0320022, 4;
0.0299829, 4;
0.0323524, 4;
0.0316268, 4;
0.0307629, 4;
0.0311592, 4;
0.031821, 4;
0.0318998, 4;
0.0320041, 4;
0.0318718, 4;
0.0320992, 4;
0.0318711, 4;
0.0319496, 4;
0.0300159, 4;
0.0308353, 4;
0.0309669, 2;
0.0300639, 2;
0.0308718, 2;
0.0319209, 2;
0.0320354, 2;
0.031403, 2;
0.0314979, 2;
0.0299815, 2;
0.0318454, 2;
0.0315178, 2;
0.0325473, 2;
0.0307824, 2;
0.0324274, 2;
0.0305628, 2;
0.0301849, 2;
0.031676, 2;
0.0314206, 2;
0.0296344, 2;
0.0309463, 2;
0.0306759, 2;
0.031936, 2;
0.0315233, 2;
0.0312992, 2;
0.0305034, 2;
0.03156, 2;
0.0309397, 2;
0.0309694, 2;
0.0319888, 2;
0.0309433, 2;
0.0301102, 2;
0.0318615, 2;
0.0450359, 2;
0.0297204, 2;
0.0310318, 2;
0.0309206, 2;
0.0302541, 2;
0.0306743, 2;
0.0299071, 2;
0.0301179, 2;
0.0316038, 2;
0.0322016, 2;
0.0308227, 2;
0.0298703, 2;
0.0311315, 2;
0.0300364, 2;
0.0308255, 2;
0.032074, 2;
0.0317777, 2;
0.0320564, 2;
0.0308655, 2;
0.02993, 2;
0.0312604, 2;
0.0304987, 2;
0.0311542, 2;
0.0308808, 2;
0.0302577, 2;
0.0317021, 2;
0.0318985, 2;
0.0319089, 2;
0.0319423, 2;
0.0310067, 2;
0.0313167, 2;
0.0299418, 2;
0.0316965, 2;
0.0298337, 2;
0.0318257, 2;
0.0303527, 2;
0.0316596, 2;
0.0310729, 2;
0.0311446, 2;
0.031639, 2;
0.0320027, 2;
0.0318961, 2;
0.0299021, 2;
0.0319508, 2;
0.0306171, 2;
0.030368, 2;
0.0308883, 2;
0.0299802, 2;
0.0309215, 2;
0.0309789, 2;
0.0298643, 2;
0.0317189, 2;
0.0292288, 2;
0.0310465, 2;
0.0308522, 2;
0.0300002, 2;
0.030947, 2;
0.0319308, 2;
0.0320309, 2;
0.0319209, 2;
0.0309983, 2;
0.0299575, 2;
0.0299828, 2;
0.0298334, 2;
0.0299776, 2;
0.0311848, 2;
0.0305717, 2;
0.0300911, 2;
0.0309293, 2;
0.0299663, 2;
0.0308403, 2;
0.0311346, 2;
0.0308416, 2;
0.0309498, 2;
0.0309724, 2;
0.0319998, 2;
0.0308754, 2;
0.029717, 2;
0.0304735, 2;
0.0306791, 2;
0.0299519, 2;
0.0299613, 2;
0.0310066, 2;
0.0317167, 2;
0.0311614, 2;
0.0316392, 2;
0.0295345, 2;
0.0306286, 2;
0.0309674, 2;
0.0309395, 2;
0.0316605, 2;
0.0301697, 2;
0.030026, 2;
0.0315685, 2;
0.0293155, 2;
0.0317788, 4;
0.0313992, 4;
0.0322189, 4;
0.0301578, 4;
0.0301375, 4;
0.0315006, 4;
0.0302983, 4;
0.0300133, 4;
0.0309893, 4;
0.0319795, 4;
0.0309649, 4;
0.0311124, 4;
0.0315865, 4;
0.030123, 4;
0.0308647, 4;
0.0311011, 4;
0.0319403, 4;
0.0306255, 4;
0.0313126, 4;
0.0319169, 4;
0.0313534, 4;
0.0305288, 4;
0.0317508, 4;
0.0309491, 4;
0.0302231, 4;
0.0318239, 4;
0.0309974, 4;
0.02994, 4;
0.0300461, 4;
0.0310842, 4;
0.0306632, 4;
0.0310049, 4;
0.0299605, 4;
0.031012, 4;
0.0298839, 4;
0.0309115, 4;
0.0309426, 4;
0.0311624, 4;
0.0308164, 4;
0.0298996, 4;
0.0310867, 4;
0.0308448, 4;
0.0305269, 4;
0.0313114, 4;
0.0362919, 4;
0.0435721, 4;
0.031972, 4;
0.0309039, 4;
0.0299527, 4;
0.0299927, 4;
0.0303092, 4;
0.0306435, 4;
0.0296943, 4;
0.0311562, 4;
0.0319809, 4;
0.0321442, 4;
0.0317336, 4;
0.0313801, 4;
0.0305075, 4;
0.0308835, 4;
0.0299574, 4;
0.0310223, 4;
0.0306486, 2;
0.0309816, 2;
0.0312027, 2;
0.0297037, 2;
0.0318668, 2;
0.0302193, 2;
0.0299486, 2;
0.0309751, 2;
0.0309361, 2;
0.0320227, 2;
0.030919, 2;
0.03092, 2;
0.0299299, 2;
0.0309572, 2;
0.0320217, 2;
0.0312669, 2;
0.031041, 2;
0.030468, 2;
0.0309589, 2;
0.0307286, 2;
0.0312297, 2;
0.0318865, 2;
0.0317988, 2;
0.0312509, 2;
0.0298177, 2;
0.0309866, 2;
0.0308807, 2;
0.0298713, 2;
0.031085, 2;
0.0318164, 2;
0.0310803, 2;
0.0298974, 2;
0.0300023, 2;
0.0320229, 2;
0.0308288, 2;
0.0309393, 2;
0.0343807, 2;
0.0296157, 2;
0.0304753, 2;
0.0302842, 2;
0.0323369, 2;
0.0317378, 2;
0.0298237, 2;
0.0309627, 2;
0.031993, 2;
0.031559, 2;
0.0306165, 2;
0.0316067, 2;
0.0319639, 2;
0.0308683, 2;
0.0300349, 2;
0.0310437, 2;
0.0297964, 2;
0.0310399, 2;
0.0309232, 2;
0.0309237, 2;
0.0319497, 2;
0.0309763, 2;
0.0299884, 2;
0.0308938, 2;
0.0299423, 2;
0.0318922, 2;
0.032028, 2;
0.0307037, 2;
0.0312636, 2;
0.0319708, 2;
0.0317821, 2;
0.0318707, 2;
0.0320736, 2;
0.0319081, 2;
0.0299764, 2;
0.0310289, 2;
0.0319352, 2;
0.0308751, 2;
0.0309952, 2;
0.0310241, 2;
0.0299197, 2;
0.0299357, 2;
0.0428094, 2;
0.0370727, 2;
0.0319846, 2;
0.0303381, 2;
0.031188, 2;
0.0301038, 2;
0.0310496, 2;
0.0307918, 2;
0.0309492, 2;
0.0300986, 2;
0.030131, 2;
0.0318774, 2;
0.0318672, 2;
0.0320085, 2;
0.0318871, 2;
0.0319953, 2;
0.03193, 2;
0.0319246, 2;
0.0313162, 2;
0.0305872, 2;
0.029912, 2;
0.0319619, 2;
0.0309796, 2;
0.0309554, 2;
0.0319678, 2;
0.0322104, 2;
0.0306784, 2;
0.0318996, 2;
0.0306863, 2;
0.0313455, 2;
0.0297572, 2;
0.0310127, 2;
0.0300352, 2;
0.0319169, 2;
0.0318858, 2;
0.0319424, 2;
0.0309488, 2;
0.0319263, 2;
0.031373, 2;
0.0306306, 2;
0.0308407, 2;
0.0299891, 4;
0.03155, 4;
0.0313361, 4;
0.0310094, 4;
0.0310583, 4;
0.0319446, 4;
0.0299058, 4;
0.03099, 4;
0.0315692, 4;
0.0297899, 4;
0.0322208, 4;
0.030768, 4;
0.0299562, 4;
0.0308845, 4;
0.0312319, 4;
0.0321306, 4;
0.0319705, 4;
0.0327049, 4;
0.0292952, 4;
0.031704, 4;
0.0309384, 4;
0.0309688, 4;
0.0299439, 4;
0.0299607, 4;
0.0332959, 4;
0.0296309, 4;
0.0309253, 4;
0.0296636, 4;
0.0312838, 4;
0.0318583, 4;
0.0318715, 4;
0.0299117, 4;
0.0321332, 4;
0.0317711, 4;
0.0310008, 4;
0.0298906, 4;
0.0309723, 4;
0.0299795, 4;
0.0309942, 4;
0.0298354, 4;
0.0310186, 4;
0.0310774, 4;
0.0308864, 4;
0.0308625, 4;
0.0301127, 4;
0.0310486, 2;
0.0298095, 2;
0.0298845, 2;
0.0309902, 2;
0.0319678, 2;
0.0309517, 2;
0.030322, 2;
0.0305106, 2;
0.0320796, 2;
0.0307601, 2;
0.0310169, 2;
0.0319532, 2;
0.0299675, 2;
0.0314588, 2;
0.0325459, 2;
0.0309527, 2;
0.0308713, 2;
0.0308826, 2;
0.0310735, 2;
0.0308172, 2;
0.0310284, 2;
0.0298529, 2;
0.0310358, 2;
0.0315838, 2;
0.0443538, 2;
0.0318551, 2;
0.0315282, 2;
0.0303722, 2;
0.0309304, 2;
0.0300068, 2;
0.0309101, 2;
0.0309709, 2;
0.0299498, 2;
0.031826, 2;
0.0311275, 2;
0.0302679, 2;
0.0305693, 2;
0.0309506, 2;
0.0309367, 2;
0.0316546, 2;
0.0320674, 2;
0.0303649, 2;
0.0297911, 2;
0.0318886, 2;
0.032079, 2;
0.0298019, 2;
0.0311019, 2;
0.0294859, 2;
0.0324958, 2;
0.0308568, 2;
0.0298416, 2;
0.0309258, 2;
0.0320115, 2;
0.0299298, 2;
0.0337693, 2;
0.0441378, 2;
0.030073, 2;
0.0308204, 2;
0.02984, 2;
0.0318939, 2;
0.0319895, 2;
0.0320007, 2;
0.0298754, 2;
0.0319639, 2;
0.0320378, 2;
0.0308545, 2;
0.030961, 2;
0.031991, 2;
0.0319266, 2;
0.0305934, 2;
0.0314143, 2;
0.0308685, 2;
0.03002, 2;
0.030965, 2;
0.0318451, 2;
0.0310013, 2;
0.0303672, 2;
0.0305332, 2;
0.0319256, 2;
0.0306918, 2;
0.0313011, 2;
0.0319913, 2;
0.0318949, 2;
0.0298584, 2;
0.0317765, 2;
0.0310852, 2;
0.0309928, 2;
0.0309734, 2;
0.0309886, 2;
0.0308372, 2;
0.03096, 2;
0.0320178, 2;
0.0311832, 2;
0.0316999, 2;
0.0319263, 2;
0.032012, 2;
0.0319568, 2;
0.0308954, 2;
0.0316551, 2;
0.0305214, 2;
0.0306391, 2;
0.0311165, 2;
0.0318484, 2;
0.0318709, 2;
0.0300061, 4;
0.0309236, 4;
0.0347339, 4;
0.0440487, 4;
0.0301523, 4;
0.0308515, 4;
0.0300019, 4;
0.0314352, 2;
0.0315989, 2;
0.0318512, 2;
0.0308741, 4;
0.0299099, 4;
0.0300149, 4;
0.0299174, 4;
0.0309871, 4;
0.030912, 4;
0.0309263, 4;
0.0309305, 4;
0.0311059, 4;
0.0320546, 4;
0.0307305, 4;
0.0309937, 4;
0.0309408, 4;
0.0300374, 4;
0.0317951, 4;
0.0319817, 4;
0.0320059, 4;
0.0307594, 4;
0.0302816, 4;
0.030838, 4;
0.0299302, 4;
0.0296253, 4;
0.0312314, 4;
0.0319912, 4;
0.0324897, 4;
0.0314113, 4;
0.0319566, 4;
0.0308617, 4;
0.0301858, 4;
0.0307944, 4;
0.0309087, 4;
0.0299545, 4;
0.0316897, 4;
0.0319825, 4;
0.0310043, 4;
0.030956, 4;
0.0319713, 4;
0.0319542, 4;
0.0307142, 4;
0.0311896, 2;
0.0310514, 2;
0.0304523, 2;
0.0311817, 2;
0.0300778, 2;
0.0306998, 2;
0.0304386, 2;
0.0322428, 2;
0.0305424, 2;
0.0299469, 2;
0.0311691, 2;
0.0317655, 2;
0.0310642, 2;
0.0309732, 2;
0.0317498, 2;
0.0299924, 2;
0.0299773, 2;
0.0309299, 2;
0.0319397, 2;
0.0312301, 2;
0.0312218, 2;
0.0313995, 2;
0.0319801, 2;
0.0319412, 2;
0.0319716, 2;
0.0309043, 2;
0.0308356, 2;
0.0301257, 2;
0.0309094, 2;
0.0306012, 2;
0.0303164, 2;
0.0299224, 2;
0.0319632, 2;
0.0309697, 2;
0.0309305, 2;
0.0309171, 2;
0.0309639, 2;
0.0307188, 2;
0.0301728, 2;
0.0321658, 2;
0.0309525, 2;
0.0298036, 2;
0.0309889, 2;
0.0319629, 2;
0.0305889, 2;
0.0312371, 2;
0.032057, 2;
0.0317145, 2;
0.0300825, 2;
0.0320307, 2;
0.0317481, 2;
0.0309568, 2;
0.03101, 2;
0.0318616, 2;
0.0319547, 2;
0.030896, 2;
0.0308494, 2;
0.0312615, 2;
0.0298788, 2;
0.0299737, 2;
0.0320079, 2;
0.0318648, 2;
0.0319434, 2;
0.0319805, 2;
0.0319232, 2;
0.0320969, 2;
0.030259, 2;
0.0315087, 2;
0.031978, 2;
0.0319203, 2;
0.0320218, 2;
0.0311195, 2;
0.0296105, 2;
0.0297677, 2;
0.0313355, 2;
0.0319324, 2;
0.0304745, 2;
0.0309086, 2;
0.0306409, 2;
0.0306447, 2;
0.0306039, 2;
0.0316173, 2;
0.030583, 2;
0.0299953, 2;
0.0309249, 2;
0.0320058, 2;
0.0312945, 2;
0.031591, 2;
0.0319642, 2;
0.0320811, 2;
0.0318496, 2;
0.0309348, 2;
0.0309062, 2;
0.0320228, 2;
0.0304784, 2;
0.0309582, 2;
0.0299962, 2;
0.0311533, 2;
0.0310262, 2;
0.0308546, 2;
0.0305044, 2;
0.0316181, 2;
0.0318684, 2;
0.0398385, 2;
0.03944, 2;
0.0314371, 2;
0.0315218, 2;
0.0315598, 2;
0.0319424, 2;
0.0318797, 2;
0.0319569, 2;
0.0319536, 2;
0.0299652, 2;
0.0307902, 2;
0.0300833, 2;
0.0319894, 4;
0.0299853, 4;
0.0319418, 4;
0.0309006, 4;
0.0309188, 4;
0.0302977, 4;
0.0324789, 4;
0.0443783, 2;
0.0306234, 2;
0.0320048, 2;
0.0316297, 4;
0.0312589, 4;
0.0317841, 4;
0.0310924, 4;
0.029924, 4;
0.0310613, 4;
0.0319055, 4;
0.0318917, 4;
0.0316127, 4;
0.0315267, 4;
0.0306549, 4;
0.0310146, 4;
0.0319402, 4;
0.0322049, 4;
0.0317108, 4;
0.0299562, 4;
0.0299577, 4;
0.0297037, 4;
0.031105, 4;
0.0310347, 4;
0.0299806, 4;
0.0308892, 4;
0.0309817, 4;
0.0299617, 4;
0.0310452, 4;
0.0318828, 4;
0.0318434, 4;
0.0321429, 4;
0.0315147, 4;
0.0304634, 4;
0.0316646, 4;
0.0309745, 4;
0.0309993, 4;
0.030945, 4;
0.0300541, 4;
0.0327586, 4;
0.0300831, 4;
0.0303547, 4;
0.0321212, 4;
0.0310378, 4;
0.0312353, 4;
0.0309418, 4;
0.0301519, 4;
0.031802, 4;
0.0308776, 4;
0.031002, 4;
0.0299226, 4;
0.0318913, 4;
0.0320484, 4;
0.0310114, 4;
0.0299245, 4;
0.0308806, 4;
0.0299622, 4;
0.0309338, 4;
0.0299454, 4;
0.0309191, 4;
0.0309958, 4;
0.0317758, 4;
0.0300957, 4;
0.0318869, 4;
0.0302342, 2;
0.031936, 2;
0.0317679, 2;
0.0320063, 2;
0.0308291, 2;
0.0308444, 2;
0.0309674, 2;
0.0310176, 2;
0.0309129, 2;
0.031806, 2;
0.0300667, 2;
0.0308889, 2;
0.0319102, 2;
0.0310674, 2;
0.0309845, 2;
0.0300826, 2;
0.031865, 2;
0.0309331, 2;
0.031042, 2;
0.0318216, 2;
0.0313507, 2;
0.0315356, 2;
0.0319794, 2;
0.0320322, 2;
0.0318124, 2;
0.0311028, 2;
0.0298447, 2;
0.0309782, 2;
0.0309241, 2;
0.0310156, 2;
0.0309063, 2;
0.0300231, 2;
0.0319052, 2;
0.0319109, 2;
0.0309405, 2;
0.029795, 2;
0.031384, 2;
0.0311277, 2;
0.0301961, 2;
0.0313537, 2;
0.031899, 2;
0.0318948, 2;
0.0309352, 2;
0.0319846, 2;
0.0319788, 2;
0.0298889, 2;
0.0299366, 2;
0.0321838, 2;
0.0317018, 2;
0.0308928, 2;
0.0310242, 2;
0.0320904, 2;
0.0308401, 2;
0.030899, 2;
0.0307432, 2;
0.031461, 2;
0.0308571, 2;
0.0301935, 2;
0.030554, 2;
0.0298755, 2;
0.0319561, 2;
0.03093, 2;
0.0319657, 2;
0.0321842, 2;
0.0319399, 2;
0.0319527, 2;
0.0299589, 2;
0.03195, 2;
0.0316863, 2;
0.030617, 2;
0.0325202, 2;
0.0316304, 2;
0.0332734, 2;
0.0306555, 2;
0.0319726, 2;
0.0299769, 2;
0.0299332, 2;
0.0310643, 2;
0.0316719, 2;
0.0321449, 2;
0.0300323, 2;
0.0319806, 2;
0.030982, 2;
0.0308868, 2;
0.0319988, 2;
0.0308491, 2;
0.0309721, 2;
0.0318305, 2;
0.0299268, 2;
0.0307528, 2;
0.0302009, 2;
0.0299067, 2;
0.0303253, 2;
0.032123, 2;
0.0313552, 2;
0.0321116, 2;
0.0307606, 2;
0.0300308, 2;
0.0308627, 2;
0.031004, 2;
0.0299568, 2;
0.0309681, 2;
0.0308695, 2;
0.031641, 2;
0.0319968, 2;
0.0312314, 4;
0.0309335, 4;
0.0304394, 4;
0.031529, 4;
0.0310804, 4;
0.030824, 4;
0.0310285, 4;
0.0299203, 4;
0.0304884, 4;
0.0306714, 4;
0.0316173, 4;
0.0319163, 4;
0.0310059, 4;
0.0309317, 4;
0.0309454, 4;
0.0301055, 4;
0.0309452, 4;
0.0309625, 4;
0.0310297, 4;
0.0311994, 4;
0.0307453, 4;
0.0306163, 4;
0.0320058, 4;
0.0309565, 4;
0.0311311, 4;
0.0317828, 4;
0.0301177, 4;
0.0317223, 4;
0.0319643, 4;
0.0320063, 4;
0.0321113, 4;
0.0307546, 4;
0.0315163, 4;
0.0304682, 4;
0.0318567, 4;
0.0319227, 4;
0.0319262, 4;
0.0320142, 4;
0.0315113, 4;
0.0305107, 4;
0.0464031, 4;
0.0313063, 4;
0.03192, 4;
0.0321666, 4;
0.0304829, 4;
0.0302101, 2;
0.0310967, 2;
0.0308652, 2;
0.029988, 2;
0.0307365, 2;
0.0311186, 2;
0.029938, 2;
0.0316759, 2;
0.0312404, 2;
0.0319796, 2;
0.0298701, 2;
0.0300184, 2;
0.0309772, 2;
0.0309082, 2;
0.0299938, 2;
0.0309374, 2;
0.0323358, 2;
0.0316133, 2;
0.0309692, 2;
0.0308779, 2;
0.0319608, 2;
0.0317421, 2;
0.0319168, 2;
0.0320644, 2;
0.0319637, 2;
0.0320442, 2;
0.0298283, 2;
0.0310307, 2;
0.0310085, 2;
0.0320098, 2;
0.0300303, 2;
0.0318014, 2;
0.0319487, 2;
0.0318597, 2;
0.0313936, 2;
0.0319016, 2;
0.0314739, 2;
0.0330146, 2;
0.031006, 2;
0.0319403, 2;
0.0319644, 2;
0.0309328, 2;
0.0301121, 2;
0.0307994, 2;
0.0312452, 2;
0.0308434, 2;
0.031789, 2;
0.0319212, 2;
0.0319765, 2;
0.0309488, 2;
0.0299074, 2;
0.0321328, 2;
0.0307894, 2;
0.0299134, 2;
0.0302794, 2;
0.0307121, 2;
0.0318689, 2;
0.0319177, 2;
0.032044, 2;
0.0314057, 2;
0.0303929, 2;
0.0310596, 2;
0.0297967, 2;
0.0309787, 2;
0.030967, 2;
0.0299543, 2;
0.0308882, 2;
0.0310311, 2;
0.0317914, 2;
0.0307464, 2;
0.0309513, 2;
0.0310926, 2;
0.0300422, 2;
0.0300133, 2;
0.0320161, 2;
0.0308774, 2;
0.0299327, 2;
0.0310513, 2;
0.0303901, 2;
0.0313595, 2;
0.0320235, 2;
0.0319417, 2;
0.0320071, 2;
0.0319319, 2;
0.0319591, 2;
0.029847, 2;
0.0320793, 2;
0.0318567, 2;
0.0313153, 2;
0.0319538, 2;
0.031578, 2;
0.032186, 2;
0.0315199, 2;
0.0311105, 2;
0.0299395, 2;
0.0310129, 2;
0.0307852, 2;
0.0311477, 2;
0.0308754, 2;
0.0309462, 2;
0.0300338, 2;
0.029912, 2;
0.0320131, 2;
0.0297494, 2;
0.0308406, 2;
0.0301912, 2;
0.0318962, 2;
0.0319585, 2;
0.0318638, 2;
0.0311673, 2;
0.0298138, 2;
0.0315564, 2;
0.0315727, 2;
0.0317559, 2;
0.0319263, 2;
0.0299681, 4;
0.032005, 4;
0.0298829, 4;
0.0299999, 4;
0.0312117, 2;
0.0315625, 2;
0.0321919, 2;
0.0307919, 4;
0.0308986, 4;
0.0315097, 4;
0.029354, 4;
0.030973, 4;
0.02999, 4;
0.0314472, 4;
0.030497, 4;
0.0318537, 4;
0.0319705, 4;
0.0319756, 4;
0.0321199, 4;
0.0307229, 4;
0.0301335, 4;
0.0298924, 4;
0.029955, 4;
0.0299046, 4;
0.0299458, 4;
0.0298719, 4;
0.0310137, 4;
0.0309802, 4;
0.0309115, 4;
0.0312902, 4;
0.0311765, 4;
0.0313962, 4;
0.0319096, 4;
0.0309414, 4;
0.0321743, 4;
0.0318892, 4;
0.0318309, 4;
0.0320953, 4;
0.0297744, 4;
0.0310091, 4;
0.0308703, 4;
0.0313337, 4;
0.0296041, 4;
0.0309964, 4;
0.0309205, 4;
0.029996, 4;
0.0314412, 4;
0.0321045, 4;
0.0444724, 4;
0.0308459, 2;
0.0299387, 2;
0.0309641, 2;
0.030758, 2;
0.0320428, 2;
0.0310913, 2;
0.0309542, 2;
0.0317976, 2;
0.0307386, 2;
0.0320056, 2;
0.0319048, 2;
0.030808, 2;
0.030974, 2;
0.0311628, 2;
0.0299644, 2;
0.0299913, 2;
0.0299673, 2;
0.0319291, 2;
0.0300495, 2;
0.0308262, 2;
0.0319576, 2;
0.0319786, 2;
0.0309002, 2;
0.031089, 2;
0.0308109, 2;
0.0310278, 2;
0.0320257, 2;
0.0319294, 2;
0.0321182, 2;
0.0318191, 2;
0.0303273, 2;
0.0305334, 2;
0.0308862, 2;
0.0319225, 2;
0.0310243, 2;
0.030835, 2;
0.0309951, 2;
0.0308869, 2;
0.0304807, 2;
0.0304839, 2;
0.029985, 2;
0.0308746, 2;
0.0319531, 2;
0.0309568, 2;
0.0311118, 2;
0.0308198, 2;
0.0312912, 2;
0.02969, 2;
0.0308788, 2;
0.0299296, 2;
0.0318838, 2;
0.0320019, 2;
0.0301369, 2;
0.0307691, 2;
0.0332934, 2;
0.0295905, 2;
0.0311931, 2;
0.0317078, 2;
0.0316994, 2;
0.0313081, 2;
0.0319309, 2;
0.0318664, 2;
0.0315181, 2;
0.0312229, 2;
0.0298179, 2;
0.0312695, 2;
0.031183, 2;
0.030414, 2;
0.0302958, 2;
0.0303719, 2;
0.0315158, 2;
0.0309407, 2;
0.0299452, 2;
0.0298747, 2;
0.0302527, 2;
0.0314738, 2;
0.0312397, 2;
0.0298796, 2;
0.0315339, 2;
0.0314435, 2;
0.0308834, 2;
0.0308859, 2;
0.0319929, 2;
0.0299861, 2;
0.0309328, 2;
0.0309506, 2;
0.0320512, 2;
0.0308351, 2;
0.0310149, 2;
0.0313187, 2;
0.0297236, 2;
0.0307622, 2;
0.0310619, 2;
0.0298783, 2;
0.030729, 2;
0.030941, 2;
0.0300091, 2;
0.0309629, 2;
0.0308412, 2;
0.031015, 2;
0.030917, 2;
0.0299797, 2;
0.0310467, 4;
0.0308092, 4;
0.0319824, 4;
0.0318822, 2;
0.0319011, 2;
0.0299973, 2;
0.0299342, 2;
0.0299893, 4;
0.0312885, 4;
0.0317277, 4;
0.0299025, 4;
0.0319076, 4;
0.0312055, 4;
0.0307465, 4;
0.0309204, 4;
0.0309144, 4;
0.0297489, 4;
0.0309889, 4;
0.0312546, 4;
0.0298705, 4;
0.0308995, 4;
0.0309594, 4;
0.0309597, 4;
0.0319167, 4;
0.031977, 4;
0.0319797, 4;
0.0299782, 4;
0.0298605, 4;
0.0310032, 4;
0.0300975, 4;
0.0317978, 4;
0.0319167, 4;
0.0320109, 4;
0.0319177, 4;
0.0310477, 4;
0.0309071, 4;
0.0319854, 4;
0.030462, 4;
0.0304734, 4;
0.031743, 4;
0.0319563, 4;
0.0319861, 4;
0.0319545, 4;
0.0319177, 4;
0.0301815, 4;
0.0308004, 4;
0.031101, 4;
0.0307952, 4;
0.0305164, 4;
0.0314973, 4;
0.0309296, 4;
0.0299988, 4;
0.0309584, 4;
0.0309675, 4;
0.0308697, 4;
0.0297667, 4;
0.0319826, 4;
0.031875, 4;
0.0321699, 4;
0.0296104, 4;
0.0311128, 4;
0.0300001, 4;
0.0299447, 4;
0.0319674, 4;
0.0315585, 4;
0.0303501, 4;
0.0311417, 2;
0.0299315, 2;
0.0298546, 2;
0.0308723, 2;
0.0310162, 2;
0.0314002, 2;
0.0314304, 2;
0.0309208, 2;
0.0309988, 2;
0.0319183, 2;
0.0309281, 2;
0.0297213, 2;
0.0316257, 2;
0.0305438, 2;
0.0308689, 2;
0.0319372, 2;
0.0319806, 2;
0.031948, 2;
0.0320014, 2;
0.0299132, 2;
0.0299555, 2;
0.0305156, 2;
0.0304166, 2;
0.0319502, 2;
0.0319551, 2;
0.0319855, 2;
0.0308586, 2;
0.0302547, 2;
0.0307234, 2;
0.0318953, 2;
0.0322719, 2;
0.0305415, 2;
0.0310674, 2;
0.0315482, 2;
0.0313509, 2;
0.0318551, 2;
0.0319017, 2;
0.0319562, 2;
0.0315078, 2;
0.0305147, 2;
0.0308942, 2;
0.0299388, 2;
0.0309427, 2;
0.0309747, 2;
0.0300005, 2;
0.03095, 2;
0.0320366, 2;
0.0298442, 2;
0.0309593, 2;
0.0298766, 2;
0.0319752, 2;
0.0310949, 2;
0.029617, 2;
0.0303531, 2;
0.0318037, 2;
0.0319823, 2;
0.0308169, 2;
0.0299732, 2;
0.0311014, 2;
0.0308049, 2;
0.0310401, 2;
0.0318675, 2;
0.029971, 2;
0.0299402, 2;
0.0304425, 2;
0.0305968, 2;
0.0297949, 2;
0.0309547, 2;
0.0319742, 2;
0.0319095, 2;
0.0299562, 2;
0.031979, 2;
0.0317595, 2;
0.030216, 2;
0.0308173, 2;
0.0310547, 2;
0.0319004, 2;
0.0309775, 2;
0.0298644, 2;
0.030743, 2;
0.0299369, 2;
0.0313949, 2;
0.0297832, 2;
0.0319806, 2;
0.0299147, 2;
0.0299816, 2;
0.0310027, 2;
0.0311417, 2;
0.029693, 2;
0.0309925, 2;
0.0298353, 2;
0.0308362, 2;
0.0307956, 2;
0.0312599, 2;
0.0309488, 2;
0.0305139, 2;
0.0303813, 2;
0.031406, 2;
0.0316436, 4;
0.0300439, 4;
0.0316809, 4;
0.0309967, 4;
0.032039, 2;
0.0318425, 2;
0.0319908, 2;
0.0319611, 4;
0.031363, 4;
0.0314401, 4;
0.0306041, 4;
0.0313339, 4;
0.0319875, 4;
0.0319702, 4;
0.029907, 4;
0.0298902, 4;
0.0312442, 4;
0.029917, 4;
0.0318128, 4;
0.0318824, 4;
0.0319178, 4;
0.0319524, 4;
0.0319936, 4;
0.0319268, 4;
0.0296431, 4;
0.0312524, 4;
0.0320023, 4;
0.0309001, 4;
0.0300276, 4;
0.0319295, 4;
0.0310659, 4;
0.0309427, 4;
0.0299054, 4;
0.0303157, 4;
0.0313876, 4;
0.0300264, 4;
0.0309784, 4;
0.0298648, 4;
0.03073, 4;
0.0312011, 4;
0.0310514, 4;
0.0318225, 4;
0.02997, 4;
0.0300303, 4;
0.0319172, 4;
0.0316342, 4;
0.0302408, 4;
0.0309466, 4;
0.0299296, 4;
0.0303058, 2;
0.0306231, 2;
0.0310229, 2;
0.0308739, 2;
0.0319311, 2;
0.0319387, 2;
0.0319337, 2;
0.0296305, 2;
0.0310463, 2;
0.0318502, 2;
0.0314751, 2;
0.0320808, 2;
0.0306454, 2;
0.0299619, 2;
0.0314784, 2;
0.0313756, 2;
0.0315371, 2;
0.031452, 2;
0.0319042, 2;
0.0310606, 2;
0.0298301, 2;
0.0309565, 2;
0.0309841, 2;
0.0298298, 2;
0.0310414, 2;
0.0310474, 2;
0.0299018, 2;
0.0311417, 2;
0.030734, 2;
0.0299031, 2;
0.0300504, 2;
0.0319867, 2;
0.0319262, 2;
0.0318511, 2;
0.0320211, 2;
0.0317358, 2;
0.0440893, 2;
0.0309012, 2;
0.0299162, 2;
0.0311122, 2;
0.0322094, 2;
0.0449452, 2;
0.0298912, 2;
0.0306112, 2;
0.0310147, 2;
0.0301927, 2;
0.0306994, 2;
0.0309222, 2;
0.0299641, 2;
0.0310607, 2;
0.0321716, 2;
0.0297254, 2;
0.0298628, 2;
0.029766, 2;
0.0311868, 2;
0.0298709, 2;
0.0309855, 2;
0.0309812, 2;
0.0299744, 2;
0.0309287, 2;
0.0310856, 2;
0.0300792, 2;
0.0315303, 2;
0.032137, 2;
0.0310124, 2;
0.029804, 2;
0.0304861, 2;
0.0314094, 2;
0.0309628, 2;
0.0299457, 2;
0.0309189, 2;
0.030876, 2;
0.0299661, 2;
0.0309802, 2;
0.030968, 2;
0.0305117, 2;
0.0318448, 2;
0.0320902, 2;
0.0318491, 2;
0.0319587, 2;
0.0313737, 2;
0.0314489, 2;
0.0319008, 2;
0.0319075, 2;
0.0309967, 2;
0.0308585, 2;
0.0306223, 2;
0.0309323, 2;
0.0309502, 2;
0.0309512, 2;
0.0309647, 2;
0.0300035, 2;
0.0313599, 2;
0.0304811, 2;
0.0299789, 2;
0.0309933, 2;
0.0319027, 2;
0.0304972, 2;
0.0313575, 2;
0.0314534, 2;
0.0297994, 2;
0.0301335, 2;
0.0314409, 2;
0.0307828, 2;
0.031117, 2;
0.0309997, 2;
0.0309186, 2;
0.0319554, 2;
0.0303915, 2;
0.0315736, 2;
0.031872, 2;
0.0319137, 2;
0.0319747, 2;
0.0321231, 2;
0.0307978, 2;
0.0310124, 2;
0.0319517, 2;
0.0319789, 2;
0.0320048, 2;
0.0319823, 2;
0.0319111, 2;
0.0310699, 2;
0.0309169, 2;
0.03196, 2;
0.0309815, 2;
0.0306435, 2;
0.0319153, 2;
0.0322237, 2;
0.0311055, 2;
0.0305732, 2;
0.029944, 2;
0.029959, 2;
0.0299769, 2;
0.0310134, 2;
0.0308873, 2;
0.0300349, 2;
0.0306685, 2;
0.0298626, 2;
0.0311266, 2;
0.0319882, 2;
0.0327123, 2;
0.0312483, 2;
0.031673, 2;
0.0312102, 2;
0.0298626, 2;
0.0310643, 2;
0.0308694, 2;
0.0309788, 2;
0.0319691, 2;
0.0307849, 2;
0.0300051, 2;
0.0300922, 2;
0.0308605, 2;
0.0309518, 2;
0.0319369, 2;
0.0318325, 2;
0.0306089, 2;
0.030484, 2;
0.0319165, 2;
0.031936, 2;
0.030001, 2;
0.0319852, 2;
0.0320276, 2;
0.0307716, 2;
0.031856, 2;
0.0320168, 2;
0.0319702, 2;
0.0300092, 2;
0.030925, 2;
0.0310934, 2;
0.0312666, 2;
0.031004, 2;
0.0313873, 2;
0.0320266, 2;
0.0310009, 2;
0.03092, 2;
0.0319394, 2;
0.0320931, 2;
0.0298617, 2;
0.0309217, 2;
0.0317656, 2;
0.0300644, 2;
0.0300743, 2;
0.032018, 2;
0.0314242, 2;
0.0303463, 4;
0.0151156, 9;
0.0158996, 9;
0.0157731, 9;
0.0149658, 9;
0.0153759, 9;
0.0156223, 9;
0.0159576, 9;
0.0152918, 9;
0.0149496, 9;
0.0150991, 9;
0.0156433, 9;
0.0152587, 9;
0.0148601, 9;
0.0150288, 9;
0.0159743, 9;
0.0159625, 9;
0.0160249, 9;
0.0160394, 9;
0.0155475, 9;
0.016013, 9;
0.0160352, 9;
0.0152492, 9;
0.0154862, 9;
0.0166266, 9;
0.0158809, 9;
0.0143776, 9;
0.0168909, 9;
0.0130566, 9;
0.0160313, 9;
0.0150329, 9;
0.0150541, 9;
0.0158748, 9;
0.0149712, 9;
0.0149452, 9;
0.0159373, 9;
0.0151396, 9;
0.0160381, 9;
0.0159899, 9;
0.0168138, 9;
0.0137138, 9;
0.0152522, 9;
0.0160441, 9;
0.0159647, 9;
0.0162349, 9;
0.0157665, 9;
0.0149257, 9;
0.015013, 9;
0.0162866, 9;
0.0156908, 9;
0.0173824, 9;
0.0135417, 9;
0.0159643, 9;
0.0150336, 9;
0.0160145, 9;
0.0148857, 9;
0.01502, 9;
0.0159651, 9;
0.015828, 9;
0.0160225, 9;
0.0161495, 9;
0.0147742, 9;
0.0150104, 9;
0.0160227, 9;
0.0152622, 9;
0.0159577, 9;
0.0152064, 9;
0.0148443, 9;
0.0150323, 9;
0.0159157, 9;
0.0160216, 9;
0.0159072, 9;
0.0160093, 9;
0.0160314, 9;
0.0159445, 9;
0.015972, 9;
0.016009, 9;
0.0159763, 9;
0.0153507, 9;
0.0157416, 9;
0.0149091, 9;
0.0149845, 9;
0.0151897, 9;
0.0160489, 9;
0.0160762, 9;
0.0159929, 9;
0.0153387, 9;
0.0156863, 9;
0.0160088, 9;
0.0148877, 9;
0.015445, 9;
0.0159302, 9;
0.0154575, 9;
0.0150136, 9;
0.0166291, 9;
0.0155348, 9;
0.0148985, 9;
0.0161383, 9;
0.0138297, 9;
0.0158656, 9;
0.0152422, 9;
0.0157877, 9;
0.0149325, 9;
0.0150378, 9;
0.0159619, 9;
0.0163697, 9;
0.0153925, 9;
0.0160184, 9;
0.0159802, 9;
0.0150391, 9;
0.014918, 9;
0.0149373, 9;
0.0161615, 9;
0.0148397, 9;
0.0159722, 9;
0.0160239, 9;
0.0159885, 9;
0.0149964, 9;
0.0149665, 9;
0.0159707, 9;
0.0159687, 9;
0.0160359, 9;
0.0157724, 9;
0.0159683, 9;
0.0149575, 9;
0.0151331, 9;
0.0159652, 9;
0.0150771, 9;
0.0150713, 9;
0.0159875, 9;
0.0153162, 9;
0.0146949, 9;
0.0160159, 9;
0.0157911, 9;
0.014969, 9;
0.0159452, 9;
0.0149822, 9;
0.0150037, 9;
0.0158518, 9;
0.0158441, 9;
0.0160267, 9;
0.0159668, 9;
0.0160096, 9;
0.01558, 9;
0.0153927, 9;
0.0150305, 9;
0.0150113, 9;
0.0159497, 9;
0.0149282, 9;
0.0149343, 9;
0.0149964, 9;
0.0159573, 9;
0.0149402, 9;
0.0160121, 9;
0.0159576, 9;
0.0150012, 9;
0.0159809, 9;
0.0150045, 9;
0.0149976, 9;
0.0148265, 9;
0.0149788, 9;
0.0160031, 9;
0.0160225, 9;
0.0161203, 9;
0.0158568, 9;
0.0160328, 9;
0.0153327, 9;
0.0160373, 9;
0.0153438, 9;
0.0152375, 9;
0.0167504, 9;
0.0140457, 9;
0.0161157, 9;
0.0158838, 9;
0.0159698, 9;
0.0159008, 9;
0.0160454, 9;
0.0159658, 9;
0.0157792, 9;
0.016031, 9;
0.0149384, 9;
0.015046, 9;
0.0151003, 9;
0.0158576, 9;
0.0163732, 9;
0.0156225, 9;
0.0160073, 9;
0.0160047, 9;
0.0160584, 9;
0.0159858, 9;
0.0158218, 9;
0.0158092, 9;
0.0151886, 9;
0.0158253, 9;
0.0146058, 9;
0.0153855, 9;
0.0160438, 9;
0.0152641, 9;
0.0160516, 9;
0.0145528, 9;
0.0149561, 9;
0.0159496, 9;
0.0151172, 9;
0.0148639, 9;
0.0150586, 9;
0.0158583, 9;
0.0159556, 9;
0.0160011, 9;
0.0160796, 9;
0.0158538, 9;
0.016216, 9;
0.01566, 9;
0.016068, 9;
0.015973, 9;
0.015959, 9;
0.0150848, 9;
0.0150716, 9;
0.0156373, 9;
0.0160297, 9;
0.016001, 9;
0.0161509, 9;
0.0158035, 9;
0.0159223, 9;
0.0153497, 9;
0.0156196, 9;
0.0149698, 9;
0.0149814, 9;
0.0161214, 9;
0.0147803, 9;
0.0149677, 9;
0.0149519, 9;
0.015356, 9;
0.0148533, 9;
0.0203103, 9;
0.0108982, 9;
0.0147848, 9;
0.0159325, 9;
0.0146392, 9;
0.0162561, 9;
0.0224824, 9;
0.0081722, 9;
0.0160229, 9;
0.0149781, 9;
0.0150879, 9;
0.0159916, 9;
0.0149786, 9;
0.0159188, 9;
0.0161025, 9;
0.015901, 9;
0.0159865, 9;
0.0158388, 9;
0.0159691, 9;
0.015635, 9;
0.0160881, 9;
0.0160866, 9;
0.0158581, 9;
0.0151537, 9;
0.015003, 9;
0.014925, 9;
0.0149978, 9;
0.01505, 9;
0.0151853, 9;
0.0157962, 9;
0.0159009, 9;
0.0159894, 9;
0.0160852, 9;
0.0161562, 9;
0.0146327, 9;
0.0177731, 9;
0.0133897, 9;
0.0158192, 9;
0.0150054, 9;
0.0149251, 9;
0.0160283, 9;
0.0160158, 9;
0.0160606, 9;
0.0160273, 9;
0.0155169, 9;
0.0155299, 9;
0.0162368, 9;
0.0166696, 9;
0.0150402, 9;
0.01601, 9;
0.0159531, 9;
0.0165877, 9;
0.015384, 9;
0.0149674, 9;
0.015416, 9;
0.0159643, 9;
0.0163869, 9;
0.0155885, 9;
0.0160144, 9;
0.0149499, 9;
0.0150326, 9;
0.0159558, 9;
0.0151988, 9;
0.0150545, 9;
0.0161578, 9;
0.0148312, 9;
0.0149211, 9;
0.0162116, 9;
0.0163932, 9;
0.0143164, 9;
0.0150067, 9;
0.0161035, 9;
0.0160273, 9;
0.0148929, 9;
0.015044, 9;
0.0160016, 9;
0.0159605, 9;
0.0159743, 9;
0.0159919, 9;
0.015981, 9;
0.0160106, 9;
0.0150499, 9;
0.0154472, 9;
0.0150809, 9;
0.016104, 9;
0.0154181, 9;
0.0146684, 9;
0.0155594, 9;
0.0167925, 9;
0.0151831, 9;
0.0149343, 9;
0.0149779, 9;
0.0149947, 9;
0.0148955, 9;
0.0150565, 9;
0.01558, 9;
0.0154319, 9;
0.0148555, 9;
0.0149668, 9;
0.0162194, 9;
0.014893, 9;
0.0148384, 9;
0.0160735, 9;
0.0158059, 9;
0.014953, 9;
0.0149442, 9;
0.0161574, 9;
0.0159561, 9;
0.0149021, 9;
0.0149491, 9;
0.0152312, 9;
0.0158064, 9;
0.0149519, 9;
0.0156154, 9;
0.0152962, 9;
0.0149933, 9;
0.0149459, 9;
0.0159593, 9;
0.0158968, 9;
0.0153884, 9;
0.0155179, 9;
0.0150768, 9;
0.0160183, 9;
0.0156419, 9;
0.0153898, 9;
0.0162855, 9;
0.0178407, 9;
0.0158999, 9;
0.0137948, 9;
0.0160128, 9;
0.0149659, 9;
0.0149708, 9;
0.0149769, 9;
0.0150204, 9;
0.014938, 9;
0.015003, 9;
0.01503, 9;
0.0154757, 9;
0.0152701, 9;
0.0160747, 9;
0.0147795, 9;
0.0150729, 9;
0.0149906, 9;
0.0148072, 9;
0.0151551, 9;
0.0149483, 9;
0.0150136, 9;
0.0160761, 9;
0.0153532, 9;
0.0156707, 9;
0.0148112, 9;
0.0149774, 9;
0.0156552, 9;
0.015862, 9;
0.0158223, 9;
0.0155923, 9;
0.0150506, 9;
0.0153311, 9;
0.0155276, 9;
0.0160678, 9;
0.0159402, 9;
0.0159076, 9;
0.0160164, 9;
0.015972, 9;
0.0158103, 9;
0.0154184, 9;
0.0157787, 9;
0.0148295, 9;
0.0159681, 9;
0.0150012, 9;
0.0149253, 9;
0.0157326, 9;
0.0160534, 9;
0.0158979, 9;
0.0151853, 9;
0.0149474, 9;
0.0150025, 9;
0.0155511, 9;
0.0161183, 9;
0.0152848, 9;
0.0162255, 9;
0.0152354, 9;
0.0157214, 9;
0.015815, 9;
0.0159119, 9;
0.015954, 9;
0.0161362, 9;
0.0149449, 9;
0.0151302, 9;
0.0155291, 9;
0.0180017, 9;
0.0314378, 9;
0.0140765, 9;
0.0185087, 9;
0.0122009, 9;
0.0149738, 9;
0.0166472, 9;
0.0148986, 9;
0.0153478, 9;
0.0156969, 9;
0.014964, 9;
0.0148268, 9;
0.016225, 9;
0.0149853, 9;
0.0159684, 9;
0.0160039, 9;
0.0152191, 9;
0.0146778, 9;
0.0155584, 9;
0.0153694, 9;
0.0160225, 9;
0.0157931, 9;
0.0151385, 9;
0.0150329, 9;
0.0148745, 9;
0.0159731, 9;
0.0150287, 9;
0.0149543, 9;
0.0154676, 9;
0.0148522, 9;
0.0156092, 9;
0.0158109, 9;
0.0164999, 9;
0.0154536, 9;
0.0149703, 9;
0.0160397, 9;
0.0149757, 9;
0.0149104, 9;
0.0159895, 9;
0.0150028, 9;
0.0149433, 9;
0.0162526, 9;
0.014825, 9;
0.0155507, 9;
0.0167383, 9;
0.0179388, 9;
0.0111834, 9;
0.0161493, 9;
0.0162911, 9;
0.0148606, 9;
0.0149976, 9;
0.0160095, 9;
0.0150904, 9;
0.0159097, 9;
0.0160152, 9;
0.0159334, 9;
0.0160163, 9;
0.015485, 9;
0.0155054, 9;
0.0148185, 9;
0.0151012, 9;
0.0166598, 9;
0.014609, 9;
0.0157745, 9;
0.0158322, 9;
0.0159641, 9;
0.0160088, 9;
0.0159695, 9;
0.0159794, 9;
0.016022, 9;
0.0151041, 9;
0.0149978, 9;
0.0147079, 9;
0.0160973, 9;
0.0160082, 9;
0.0160854, 9;
0.0160835, 9;
0.0154881, 9;
0.016037, 9;
0.0162934, 9;
0.0157174, 9;
0.015902, 9;
0.0151694, 9;
0.0151617, 9;
0.014642, 9;
0.0160674, 9;
0.0151801, 9;
0.0157976, 9;
0.0159137, 9;
0.0159066, 9;
0.0160466, 9;
0.0159296, 9;
0.0150377, 9;
0.0148914, 9;
0.0149873, 9;
0.0149472, 9;
0.0159765, 9;
0.0160306, 9;
0.0151914, 9;
0.01535, 9;
0.0161355, 9;
0.0151659, 9;
0.0160047, 9;
0.0159931, 9;
0.0162979, 9;
0.0156586, 9;
0.0149691, 9;
0.0149807, 9;
0.0148718, 9;
0.014993, 9;
0.0153168, 9;
0.0175633, 9;
0.0142313, 9;
0.0145882, 9;
0.0151975, 9;
0.0159782, 9;
0.0161276, 9;
0.0158493, 9;
0.0159285, 9;
0.0160472, 9;
0.0158989, 9;
0.0161424, 9;
0.015912, 9;
0.0159423, 9;
0.0171582, 9;
0.0149086, 9;
0.0162478, 9;
0.0172224, 9;
0.0136019, 9;
0.0156544, 9;
0.0149548, 9;
0.0149537, 9;
0.0163337, 9;
0.014642, 9;
0.0149085, 9;
0.0159785, 9;
0.016153, 9;
0.0155609, 9;
0.0160322, 9;
0.0162719, 9;
0.0149111, 9;
0.0148882, 9;
0.0160054, 9;
0.0158873, 9;
0.0161716, 9;
0.0148586, 9;
0.0149528, 9;
0.0159537, 9;
0.0150692, 9;
0.0149392, 9;
0.0159017, 9;
0.0160221, 9;
0.0153798, 9;
0.0155527, 9;
0.0151312, 9;
0.0153392, 9;
0.0156163, 9;
0.0148268, 9;
0.0148965, 9;
0.016035, 9;
0.0148891, 9;
0.0149754, 9;
0.0159626, 9;
0.0150372, 9;
0.0149325, 9;
0.0149395, 9;
0.0154163, 9;
0.0156705, 9;
0.0149268, 9;
0.0149927, 9;
0.01502, 9;
0.0148224, 9;
0.0150143, 9;
0.0149542, 9;
0.0154863, 9;
0.015524, 9;
0.0160081, 9;
0.0160544, 9;
0.0159854, 9;
0.0155328, 9;
0.015854, 9;
0.0161521, 9;
0.0149647, 9;
0.0152186, 9;
0.0160126, 9;
0.0159617, 9;
0.0160111, 9;
0.0158935, 9;
0.0160252, 9;
0.0150375, 9;
0.0148639, 9;
0.0159365, 9;
0.0162062, 9;
0.0159139, 9;
0.0154992, 9;
0.0168696, 9;
0.0151867, 9;
0.0156198, 9;
0.0156845, 9;
0.0161982, 9;
0.0157494, 9;
0.0148749, 9;
0.0150448, 9;
0.0148682, 9;
0.0149762, 9;
0.0149864, 9;
0.0155258, 9;
0.0154628, 9;
0.0149927, 9;
0.0150158, 9;
0.0159483, 9;
0.015064, 9;
0.0158676, 9;
0.0158926, 9;
0.0159704, 9;
0.0160395, 9;
0.0159172, 9;
0.016033, 9;
0.0158872, 9;
0.0147522, 9;
0.0156278, 9;
0.0152119, 9;
0.0153384, 9;
0.0167124, 9;
0.0152859, 9;
0.015038, 9;
0.0148503, 9;
0.0159146, 9;
0.0159203, 9;
0.0160475, 9;
0.0149436, 9;
0.0149989, 9;
0.0149787, 9;
0.0149515, 9;
0.0152663, 9;
0.0157316, 9;
0.0159743, 9;
0.0159539, 9;
0.0159864, 9;
0.0148687, 9;
0.0150355, 9;
0.016068, 9;
0.0158719, 9;
0.0159741, 9;
0.0150387, 9;
0.0149583, 9;
0.015054, 9;
0.0148256, 9;
0.0150395, 9;
0.015084, 9;
0.0159362, 9;
0.0156696, 9;
0.0149857, 9;
0.0151519, 9;
0.0164897, 9;
0.0154625, 9;
0.0150083, 9;
0.0150005, 9;
0.0150114, 9;
0.0151261, 9;
0.0168511, 9;
0.0139829, 9;
0.014918, 9;
0.0157695, 9;
0.0155563, 9;
0.0156289, 9;
0.0150571, 9;
0.014777, 9;
0.0160301, 9;
0.0149255, 9;
0.0151134, 9;
0.0159411, 9;
0.0148966, 9;
0.0149573, 9;
0.0160325, 9;
0.0148898, 9;
0.0150271, 9;
0.0160193, 9;
0.0160377, 9;
0.0150522, 9;
0.0148243, 9;
0.0149672, 9;
0.0149801, 9;
0.0159475, 9;
0.0149792, 9;
0.0149488, 9;
0.0153247, 9;
0.0157253, 9;
0.0148526, 9;
0.0149714, 9;
0.0156833, 9;
0.016256, 9;
0.0150651, 9;
0.0161267, 9;
0.0158703, 9;
0.0149157, 9;
0.0149825, 9;
0.0149471, 9;
0.0154749, 9;
0.0155251, 9;
0.0150065, 9;
0.0149204, 9;
0.015114, 9;
0.0157523, 9;
0.0150271, 9;
0.0159029, 9;
0.015143, 9;
0.0158986, 9;
0.0161651, 9;
0.0157769, 9;
0.0159571, 9;
0.0159125, 9;
0.0161051, 9;
0.0158503, 9;
0.0160218, 9;
0.0160184, 9;
0.0159156, 9;
0.0149643, 9;
0.0149447, 9;
0.0161014, 9;
0.0159164, 9;
0.0161683, 9;
0.0157508, 9;
0.014921, 9;
0.0150732, 9;
0.0150545, 9;
0.0158898, 9;
0.0149751, 9;
0.0149825, 9;
0.0160432, 9;
0.0149385, 9;
0.0150151, 9;
0.0153856, 9;
0.0158733, 9;
0.0163978, 9;
0.0158351, 9;
0.0160228, 9;
0.0146682, 9;
0.0150071, 9;
0.015397, 9;
0.0160404, 9;
0.0160447, 9;
0.0159034, 9;
0.0160332, 9;
0.0159365, 9;
0.0160209, 9;
0.0153982, 9;
0.0144557, 9;
0.0150487, 9;
0.0153331, 9;
0.0156136, 9;
0.0160118, 9;
0.0151353, 9;
0.0147827, 9;
0.0149722, 9;
0.0159269, 9;
0.0149712, 9;
0.0149455, 9;
0.0149863, 9;
0.0149705, 9;
0.0160743, 9;
0.0156956, 9;
0.0155365, 9;
0.0162898, 9;
0.0143528, 9;
0.015347, 9;
0.0145226, 9;
0.015103, 9;
0.0158445, 9;
0.0160533, 9;
0.0160705, 9;
0.0158562, 9;
0.0159606, 9;
0.0157311, 9;
0.0152085, 9;
0.0160625, 9;
0.0148456, 9;
0.0149915, 9;
0.0167504, 9;
0.0145271, 9;
0.015708, 9;
0.0159697, 9;
0.0159013, 9;
0.0150163, 9;
0.0149639, 9;
0.0159684, 9;
0.0150492, 9;
0.0157971, 9;
0.0151225, 9;
0.0162934, 9;
0.0159724, 9;
0.0150258, 9;
0.0154428, 9;
0.0150814, 9;
0.015997, 9;
0.0160091, 9;
0.0160371, 9;
0.0158237, 9;
0.0160892, 9;
0.0159225, 9;
0.0159983, 9;
0.0157244, 9;
0.0161676, 9;
0.0159161, 9;
0.0160484, 9;
0.0159534, 9;
0.0159352, 9;
0.0149538, 9;
0.0149989, 9;
0.0159891, 9;
0.0157453, 9;
0.01588, 9;
0.0160542, 9;
0.015128, 9;
0.0149927, 9;
0.015084, 9;
0.0159211, 9;
0.0153572, 9;
0.0157781, 9;
0.0147502, 9;
0.0150413, 9;
0.0149472, 9;
0.0158295, 9;
0.0159968, 9;
0.0159377, 9;
0.0150807, 9;
0.0149639, 9;
0.0161158, 9;
0.0160935, 9;
0.0157417, 9;
0.0160333, 9;
0.0158637, 9;
0.0149608, 9;
0.0160582, 9;
0.0159061, 9;
0.0159344, 9;
0.0160228, 9;
0.0159971, 9;
0.015945, 9;
0.0160583, 9;
0.0160589, 9;
0.01593, 9;
0.0146654, 9;
0.0152147, 9;
0.0163452, 9;
0.0151754, 9;
0.0154572, 9;
0.01491, 9;
0.0150705, 9;
0.0148637, 9;
0.0150105, 9;
0.0159202, 9;
0.0159826, 9;
0.0161387, 9;
0.0159938, 9;
0.0157085, 9;
0.0150374, 9;
0.01688, 9;
0.0130166, 9;
0.0160594, 9;
0.0150447, 9;
0.0155723, 9;
0.0152471, 9;
0.0149943, 9;
0.0149441, 9;
0.0150731, 9;
0.0146077, 9;
0.0153422, 9;
0.0158832, 9;
0.0150903, 9;
0.0160321, 9;
0.0159255, 9;
0.0158809, 9;
0.0159664, 9;
0.0159344, 9;
0.0149772, 9;
0.0147299, 9;
0.0152681, 9;
0.0151865, 9;
0.0160296, 9;
0.0156801, 9;
0.0154386, 9;
0.0155765, 9;
0.0161022, 9;
0.0157558, 9;
0.0159549, 9;
0.0160058, 9;
0.016111, 9;
0.0157019, 9;
0.0161029, 9;
0.0158759, 9;
0.0164115, 9;
0.0156293, 9;
0.0159053, 9;
0.0160196, 9;
0.0159778, 9;
0.0158903, 9;
0.0150221, 9;
0.0158542, 9;
0.0150045, 9;
0.0149851, 9;
0.0159413, 9;
0.0150842, 9;
0.0153658, 9;
0.0157867, 9;
0.0147397, 9;
0.0149394, 9;
0.0159935, 9;
0.0149486, 9;
0.0150611, 9;
0.0150068, 9;
0.0176203, 9;
0.0142904, 9;
0.0159637, 9;
0.0159709, 9;
0.0159952, 9;
0.0159958, 9;
0.0160302, 9;
0.0158737, 9;
0.0157745, 9;
0.0152388, 9;
0.0159914, 9;
0.0149075, 9;
0.0155813, 9;
0.0161593, 9;
0.015153, 9;
0.0152357, 9;
0.0147234, 9;
0.0160425, 9;
0.0159863, 9;
0.0160693, 9;
0.015884, 9;
0.015937, 9;
0.0160361, 9;
0.0154375, 9;
0.0153029, 9;
0.0150141, 9;
0.0150296, 9;
0.0159842, 9;
0.0148626, 9;
0.0149857, 9;
0.0150565, 9;
0.0160983, 9;
0.0157977, 9;
0.0152958, 9;
0.0161659, 9;
0.0154763, 9;
0.0156763, 9;
0.0155116, 9;
0.0154507, 9;
0.0152677, 9;
0.0160235, 9;
0.0159639, 9;
0.0160469, 9;
0.0158249, 9;
0.0149257, 9;
0.0150272, 9;
0.0160104, 9;
0.0159477, 9;
0.0151236, 9;
0.0148649, 9;
0.0149191, 9;
0.0163767, 9;
0.0156205, 9;
0.015978, 9;
0.0160865, 9;
0.0147871, 9;
0.0160408, 9;
0.0149323, 9;
0.0149677, 9;
0.0159459, 9;
0.0150962, 9;
0.0155777, 9;
0.0153538, 9;
0.0149124, 9;
0.015027, 9;
0.0159155, 9;
0.0147673, 9;
0.0150133, 9;
0.0160181, 9;
0.0150581, 9;
0.0161383, 9;
0.0159094, 9;
0.0181726, 9;
0.0132852, 9;
0.0153905, 9;
0.0160747, 9;
0.0158778, 9;
0.0160957, 9;
0.0149203, 9;
0.0147209, 9;
0.0153554, 9;
0.0159055, 9;
0.0150718, 9;
0.0148186, 9;
0.0149007, 9;
0.0151031, 9;
0.014925, 9;
0.0148275, 9;
0.0151335, 9;
0.0159125, 9;
0.0160472, 9;
0.0160009, 9;
0.0146669, 9;
0.0153826, 9;
0.016457, 9;
0.015296, 9;
0.0158054, 9;
0.0152262, 9;
0.0147766, 9;
0.0149127, 9;
0.0161506, 9;
0.0160216, 9;
0.0154947, 9;
0.0155101, 9;
0.0148188, 9;
0.0150547, 9;
0.0156814, 9;
0.0152367, 9;
0.016617, 9;
0.0152855, 9;
0.0149887, 9;
0.0159665, 9;
0.0149365, 9;
0.0150338, 9;
0.0160197, 9;
0.0150502, 9;
0.0157838, 9;
0.0161811, 9;
0.0147807, 9;
0.0149958, 9;
0.0149793, 9;
0.0186361, 9;
0.0122793, 9;
0.0150943, 9;
0.0159806, 9;
0.0161273, 9;
0.0167112, 9;
0.0148828, 9;
0.016074, 9;
0.0159368, 9;
0.015929, 9;
0.0158927, 9;
0.015829, 9;
0.0153128, 9;
0.0147757, 9;
0.0150236, 9;
0.0162399, 9;
0.0149246, 9;
0.0173827, 9;
0.0144869, 9;
0.0148451, 9;
0.0150557, 9;
0.0159744, 9;
0.0159763, 9;
0.0160593, 9;
0.0160675, 9;
0.015542, 9;
0.0154375, 9;
0.0158672, 9;
0.0158577, 9;
0.016045, 9;
0.0158555, 9;
0.0150271, 9;
0.0161529, 9;
0.0147298, 9;
0.0149484, 9;
0.0160256, 9;
0.0160818, 9;
0.01579, 9;
0.0157994, 9;
0.0152172, 9;
0.014961, 9;
0.0149347, 9;
0.0159961, 9;
0.0149527, 9;
0.0150715, 9;
0.0158543, 9;
0.0156458, 9;
0.0159953, 9;
0.0149977, 9;
0.0152862, 9;
0.0159771, 9;
0.0158623, 9;
0.0151113, 9;
0.0163052, 9;
0.0145884, 9;
0.0148359, 9;
0.015163, 9;
0.0160255, 9;
0.0158911, 9;
0.0160104, 9;
0.0159548, 9;
0.0159597, 9;
0.0147296, 9;
0.0152057, 9;
0.0160233, 9;
0.0149731, 9;
0.0150057, 9;
0.0160671, 9;
0.0159585, 9;
0.0148779, 9;
0.0148353, 9;
0.0150324, 9;
0.0160471, 9;
0.0149213, 9;
0.0154527, 9;
0.0155013, 9;
0.0150249, 9;
0.014965, 9;
0.015861, 9;
0.0150069, 9;
0.0164062, 9;
0.016372, 9;
0.0148707, 9;
0.0152591, 9;
0.0149588, 9;
0.0149989, 9;
0.0151591, 9;
0.0155117, 9;
0.0153166, 9;
0.016591, 9;
0.0152965, 9;
0.0147536, 9;
0.0152385, 9;
0.0154657, 9;
0.0146875, 9;
0.0157357, 9;
0.014997, 9;
0.0149873, 9;
0.0149719, 9;
0.0152427, 9;
0.0160103, 9;
0.0147301, 9;
0.0149458, 9;
0.0150166, 9;
0.0158741, 9;
0.015972, 9;
0.0159694, 9;
0.01592, 9;
0.0160883, 9;
0.0170312, 9;
0.0148083, 9;
0.015136, 9;
0.0148455, 9;
0.0150472, 9;
0.0147185, 9;
0.0149667, 9;
0.0154732, 9;
0.0157526, 9;
0.0148887, 9;
0.0149702, 9;
0.0152242, 9;
0.0152503, 9;
0.0156017, 9;
0.016362, 9;
0.0154324, 9;
0.0149439, 9;
0.0154377, 9;
0.0156591, 9;
0.0159775, 9;
0.0159742, 9;
0.0159062, 9;
0.016084, 9;
0.0158545, 9;
0.0159995, 9;
0.0155875, 9;
0.01538, 9;
0.016004, 9;
0.0159871, 9;
0.0159235, 9;
0.0150763, 9;
0.0148587, 9;
0.0159513, 9;
0.0159691, 9;
0.0160105, 9;
0.0159966, 9;
0.0161416, 9;
0.0148937, 9;
0.017536, 9;
0.0141174, 9;
0.0249727, 9;
0.0058094, 9;
0.0152367, 9;
0.0160282, 9;
0.0160274, 9;
0.0161004, 9;
0.0147485, 9;
0.015018, 9;
0.01599, 9;
0.0160644, 9;
0.0158699, 9;
0.0148473, 9;
0.0150433, 9;
0.0165483, 9;
0.0155274, 9;
0.0160562, 9;
0.0158752, 9;
0.015924, 9;
0.0150216, 9;
0.0149351, 9;
0.0160344, 9;
0.0159865, 9;
0.0158596, 9;
0.0160473, 9;
0.0160908, 9;
0.0150947, 9;
0.0147582, 9;
0.01554, 9;
0.0161308, 9;
0.0151991, 9;
0.015945, 9;
0.0150067, 9;
0.0149969, 9;
0.0150922, 9;
0.0160101, 9;
0.0158185, 9;
0.0159619, 9;
0.0160919, 9;
0.0162815, 9;
0.0157071, 9;
0.0158037, 9;
0.0150861, 9;
0.0158925, 9;
0.0150323, 9;
0.015989, 9;
0.0149747, 9;
0.0149092, 9;
0.015033, 9;
0.0149767, 9;
0.015986, 9;
0.0159033, 9;
0.0159404, 9;
0.0160298, 9;
0.0148739, 9;
0.0149986, 9;
0.0163881, 9;
0.015677, 9;
0.0148637, 9;
0.0148289, 9;
0.0150732, 9;
0.0149673, 9;
0.0159693, 9;
0.0149293, 9;
0.014999, 9;
0.0161906, 9;
0.0148641, 9;
0.0150231, 9;
0.0159217, 9;
0.0154828, 9;
0.0160533, 9;
0.0151152, 9;
0.0151655, 9;
0.0160492, 9;
0.0149025, 9;
0.0149812, 9;
0.0150496, 9;
0.015873, 9;
0.0150332, 9;
0.0150242, 9;
0.0162897, 9;
0.0150241, 9;
0.0145334, 9;
0.01502, 9;
0.0150418, 9;
0.0163037, 9;
0.0156167, 9;
0.0159042, 9;
0.0159776, 9;
0.0160093, 9;
0.0160813, 9;
0.0159221, 9;
0.0149, 9;
0.0150494, 9;
0.014898, 9;
0.0151444, 9;
0.0158203, 9;
0.0160984, 9;
0.0158765, 9;
0.015936, 9;
0.0159605, 9;
0.0158233, 9;
0.016083, 9;
0.0150029, 9;
0.0152869, 9;
0.0156731, 9;
0.0159369, 9;
0.0160783, 9;
0.0159527, 9;
0.0149245, 9;
0.0149814, 9;
0.0149574, 9;
0.0160924, 9;
0.0148856, 9;
0.0147541, 9;
0.0152182, 9;
0.0161332, 9;
0.0147275, 9;
0.0154325, 9;
0.0161848, 9;
0.0153236, 9;
0.0157342, 9;
0.0153228, 9;
0.0153131, 9;
0.0145497, 9;
0.0149964, 9;
0.0163061, 9;
0.0158749, 9;
0.0156466, 9;
0.0156516, 9;
0.014398, 9;
0.0150099, 9;
0.0161069, 9;
0.0148796, 9;
0.0158507, 9;
0.0162504, 9;
0.0147702, 9;
0.0146991, 9;
0.0149992, 9;
0.0146619, 9;
0.0155742, 9;
0.0158164, 9;
0.0151165, 9;
0.0159435, 9;
0.01513, 9;
0.0147831, 9;
0.0150052, 9;
0.0160485, 9;
0.0159331, 9;
0.016051, 9;
0.0148521, 9;
0.0150005, 9;
0.0149708, 9;
0.0148791, 9;
0.0160022, 9;
0.0149088, 9;
0.0160099, 9;
0.0155712, 9;
0.0154103, 9;
0.0159698, 9;
0.0161028, 9;
0.0159633, 9;
0.0152278, 9;
0.0164339, 9;
0.0144641, 9;
0.0146958, 9;
0.0150307, 9;
0.0148982, 9;
0.0159757, 9;
0.0161551, 9;
0.0157311, 9;
0.0160705, 9;
0.0149589, 9;
0.0149261, 9;
0.0151373, 9;
0.0153114, 9;
0.0154798, 9;
0.0150079, 9;
0.0150322, 9;
0.0161783, 9;
0.014731, 9;
0.0149808, 9;
0.0160487, 9;
0.0148625, 9;
0.0149844, 9;
0.0151731, 9;
0.0149858, 9;
0.0158121, 9;
0.0165987, 9;
0.0150952, 9;
0.0151835, 9;
0.0150723, 9;
0.0149526, 9;
0.0160635, 9;
0.0148753, 9;
0.0159973, 9;
0.0159384, 9;
0.0150177, 9;
0.0150044, 9;
0.0160301, 9;
0.0160021, 9;
0.0160175, 9;
0.0145619, 9;
0.0149837, 9;
0.0161017, 9;
0.0160411, 9;
0.0160424, 9;
0.015908, 9;
0.014968, 9;
0.0150649, 9;
0.0158771, 9;
0.0160539, 9;
0.0159857, 9;
0.0158963, 9;
0.0160313, 9;
0.0147033, 9;
0.0151396, 9;
0.0162211, 9;
0.0152778, 9;
0.0155973, 9;
0.015154, 9;
0.0160972, 9;
0.0160193, 9;
0.0156499, 9;
0.0158579, 9;
0.0154591, 9;
0.0154375, 9;
0.0161586, 9;
0.0156942, 9;
0.0153712, 9;
0.0154746, 9;
0.0160988, 9;
0.0159031, 9;
0.0161162, 9;
0.0158567, 9;
0.0160475, 9;
0.0149034, 9;
0.0158998, 9;
0.0149841, 9;
0.0149584, 9;
0.0160578, 9;
0.0158989, 9;
0.0158557, 9;
0.0161285, 9;
0.0160104, 9;
0.0159465, 9;
0.0160745, 9;
0.0158682, 9;
0.0160387, 9;
0.0139393, 9;
0.0149481, 9;
0.0158922, 9;
0.016086, 9;
0.0159268, 9;
0.0159224, 9;
0.0149447, 9;
0.015082, 9;
0.0154687, 9;
0.015927, 9;
0.0160846, 9;
0.0158527, 9;
0.0159752, 9;
0.0163365, 9;
0.015171, 9;
0.0160134, 9;
0.015953, 9;
0.0157815, 9;
0.0161328, 9;
0.0159494, 9;
0.0159589, 9;
0.0149208, 9;
0.0142913, 9;
0.0159173, 9;
0.0150853, 9;
0.014569, 9;
0.0158645, 9;
0.0151333, 9;
0.0159982, 9;
0.0159922, 9;
0.0156921, 9;
0.0151868, 9;
0.0150392, 9;
0.0152186, 9;
0.0158392, 9;
0.0148251, 9;
0.0150021, 9;
0.0160274, 9;
0.0148983, 9;
0.0149735, 9;
0.0158514, 9;
0.0150649, 9;
0.0159655, 9;
0.0149946, 9;
0.0149641, 9;
0.0160496, 9;
0.0155078, 9;
0.0155115, 9;
0.0160064, 9;
0.0158923, 9;
0.0148922, 9;
0.0150419, 9;
0.0149423, 9;
0.0149301, 9;
0.0147679, 9;
0.0156918, 9;
0.0154468, 9;
0.0149304, 9;
0.0148371, 9;
0.0161755, 9;
0.014907, 9;
0.0149981, 9;
0.0158587, 9;
0.0159188, 9;
0.0152087, 9;
0.0157398, 9;
0.0152639, 9;
0.0158977, 9;
0.0160937, 9;
0.0148879, 9;
0.0148522, 9;
0.0150225, 9;
0.0152859, 9;
0.0152332, 9;
0.0165778, 9;
0.0151047, 9;
0.0158049, 9;
0.0161066, 9;
0.0146398, 9;
0.0157421, 9;
0.0154748, 9;
0.0160264, 9;
0.0157122, 9;
0.0149456, 9;
0.0149845, 9;
0.0149528, 9;
0.0159637, 9;
0.01501, 9;
0.0152575, 9;
0.0161824, 9;
0.0159785, 9;
0.0156419, 9;
0.0149142, 9;
0.0153285, 9;
0.0155742, 9;
0.0160835, 9;
0.0160035, 9;
0.0157941, 9;
0.0159841, 9;
0.0149768, 9;
0.0150364, 9;
0.0150461, 9;
0.0147882, 9;
0.0151564, 9;
0.016494, 9;
0.0144155, 9;
0.0159376, 9;
0.0149956, 9;
0.0149063, 9;
0.0160112, 9;
0.0149782, 9;
0.014991, 9;
0.0161973, 9;
0.014732, 9;
0.0149269, 9;
0.0168167, 9;
0.0150668, 9;
0.0162574, 9;
0.0157281, 9;
0.0153429, 9;
0.0158275, 9;
0.0158039, 9;
0.0141488, 9;
0.0156582, 9;
0.0160356, 9;
0.0160027, 9;
0.0160666, 9;
0.0148928, 9;
0.0149146, 9;
0.015544, 9;
0.0158145, 9;
0.01577, 9;
0.0158863, 9;
0.0162741, 9;
0.0157059, 9;
0.015984, 9;
0.0158862, 9;
0.0161054, 9;
0.0157964, 9;
0.0161225, 9;
0.0156461, 9;
0.0151621, 9;
0.015014, 9;
0.0165097, 9;
0.0154572, 9;
0.0149974, 9;
0.0164268, 9;
0.0144314, 9;
0.0150204, 9;
0.0159096, 9;
0.0155371, 9;
0.0151764, 9;
0.0153366, 9;
0.0159328, 9;
0.0156433, 9;
0.0165454, 9;
0.0153403, 9;
0.0149571, 9;
0.0154278, 9;
0.0159236, 9;
0.0160131, 9;
0.015918, 9;
0.015916, 9;
0.0161411, 9;
0.0159133, 9;
0.015886, 9;
0.0160788, 9;
0.0159652, 9;
0.0157541, 9;
0.0151861, 9;
0.015084, 9;
0.0149982, 9;
0.0154002, 9;
0.0152983, 9;
0.0160866, 9;
0.0160457, 9;
0.0149338, 9;
0.0148421, 9;
0.0159385, 9;
0.0165025, 9;
0.0155423, 9;
0.0159885, 9;
0.0157586, 9;
0.0152119, 9;
0.0148754, 9;
0.014765, 9;
0.0152174, 9;
0.0161578, 9;
0.0158583, 9;
0.0155021, 9;
0.0153612, 9;
0.0161585, 9;
0.0158243, 9;
0.0160316, 9;
0.0159507, 9;
0.0159185, 9;
0.0161274, 9;
0.0158034, 9;
0.0149504, 9;
0.0149223, 9;
0.0149498, 9;
0.0150988, 9;
0.0148928, 9;
0.0150059, 9;
0.0150831, 9;
0.0169023, 9;
0.014185, 9;
0.015395, 9;
0.0153979, 9;
0.0168075, 9;
0.015133, 9;
0.0165141, 9;
0.0154812, 9;
0.015847, 9;
0.0160081, 9;
0.0160385, 9;
0.0160027, 9;
0.01526, 9;
0.0154962, 9;
0.0166433, 9;
0.0155093, 9;
0.0148624, 9;
0.0151443, 9;
0.0160297, 9;
0.0161534, 9;
0.0156071, 9;
0.0149002, 9;
0.0150856, 9;
0.0148903, 9;
0.015013, 9;
0.0149264, 9;
0.0149515, 9;
0.0149509, 9;
0.0150069, 9;
0.0150476, 9;
0.0149615, 9;
0.0159688, 9;
0.0160619, 9;
0.0151886, 9;
0.0159741, 9;
0.0151263, 9;
0.0155336, 9;
0.0159195, 9;
0.015897, 9;
0.0157939, 9;
0.0152658, 9;
0.014924, 9;
0.0148882, 9;
0.0161668, 9;
0.0148473, 9;
0.0157679, 9;
0.0152672, 9;
0.0149139, 9;
0.015008, 9;
0.0159547, 9;
0.0150553, 9;
0.0163726, 9;
0.0146873, 9;
0.0148747, 9;
0.0159126, 9;
0.0150818, 9;
0.0149322, 9;
0.0160585, 9;
0.0148351, 9;
0.0149062, 9;
0.0161009, 9;
0.0159747, 9;
0.0149141, 9;
0.0160425, 9;
0.0145034, 9;
0.0152066, 9;
0.0165879, 9;
0.0154767, 9;
0.0149247, 9;
0.0149469, 9;
0.0153808, 9;
0.0161103, 9;
0.0147665, 9;
0.0151037, 9;
0.0156012, 9;
0.0159471, 9;
0.0149184, 9;
0.0149735, 9;
0.0160747, 9;
0.0158097, 9;
0.0163625, 9;
0.0157762, 9;
0.0148909, 9;
0.0150541, 9;
0.0149609, 9;
0.0151936, 9;
0.0148097, 9;
0.0161721, 9;
0.0159917, 9;
0.0156732, 9;
0.0149799, 9;
0.0149913, 9;
0.0149919, 9;
0.0149428, 9;
0.0150573, 9;
0.0148381, 9;
0.0149351, 9;
0.0150021, 9;
0.0148961, 9;
0.0152334, 9;
0.0159702, 9;
0.0164666, 9;
0.0133387, 9;
0.0161969, 9;
0.0147355, 9;
0.0149605, 9;
0.0159597, 9;
0.0150051, 9;
0.0149807, 9;
0.0159256, 9;
0.0149996, 9;
0.0149661, 9;
0.0160903, 9;
0.0166813, 9;
0.0132708, 9;
0.0188348, 9;
0.0127627, 9;
0.0154475, 9;
0.0149556, 9;
0.0148947, 9;
0.0149676, 9;
0.0160302, 9;
0.015761, 9;
0.0160152, 9;
0.0159744, 9;
0.0148877, 9;
0.0147429, 9;
0.0178483, 9;
0.0148893, 9;
0.0149183, 9;
0.0161215, 9;
0.0170887, 9;
0.0142142, 9;
0.0150803, 9;
0.0148849, 9;
0.0159898, 9;
0.0162859, 9;
0.015637, 9;
0.0149496, 9;
0.0149148, 9;
0.0150229, 9;
0.0154067, 9;
0.0160161, 9;
0.015485, 9;
0.0149902, 9;
0.0161495, 9;
0.0148313, 9;
0.0150303, 9;
0.0159115, 9;
0.0150061, 9;
0.0149664, 9;
0.0160745, 9;
0.0152589, 9;
0.0148491, 9;
0.0153015, 9;
0.016319, 9;
0.0157359, 9;
0.0162484, 9;
0.0151048, 9;
0.0161532, 9;
0.0146481, 9;
0.0149901, 9;
0.0159973, 9;
0.0160133, 9;
0.0159373, 9;
0.0160416, 9;
0.0159229, 9;
0.0154685, 9;
0.0154725, 9;
0.0160125, 9;
0.0160795, 9;
0.0157297, 9;
0.0150381, 9;
0.0147708, 9;
0.0153832, 9;
0.0159074, 9;
0.0158228, 9;
0.0159055, 9;
0.0161065, 9;
0.0159718, 9;
0.0149747, 9;
0.0155224, 9;
0.0155071, 9;
0.0149526, 9;
0.0159523, 9;
0.0158426, 9;
0.0149865, 9;
0.015739, 9;
0.016083, 9;
0.0152307, 9;
0.0155347, 9;
0.0152576, 9;
0.0150134, 9;
0.0150914, 9;
0.0160129, 9;
0.0160516, 9;
0.0158665, 9;
0.0138431, 9;
0.0154281, 9;
0.0158341, 9;
0.0157791, 9;
0.0156171, 9;
0.0151621, 9;
0.0149739, 9;
0.0150071, 9;
0.0149553, 9;
0.0150955, 9;
0.0158701, 9;
0.0149688, 9;
0.0146459, 9;
0.015358, 9;
0.0152866, 9;
0.0153616, 9;
0.0152373, 9;
0.0159759, 9;
0.0151201, 9;
0.0157657, 9;
0.0160292, 9;
0.0159454, 9;
0.0149616, 9;
0.0146935, 9;
0.0149429, 9;
0.0154605, 9;
0.0156311, 9;
0.0152665, 9;
0.016083, 9;
0.0147991, 9;
0.0149309, 9;
0.0159932, 9;
0.0149514, 9;
0.0150175, 9;
0.0160146, 9;
0.015887, 9;
0.0154375, 9;
0.0154935, 9;
0.017211, 9;
0.0181227, 9;
0.015233, 9;
0.0305228, 9;
0.0123711, 9;
0.0166511, 9;
0.0153574, 9;
0.0149243, 9;
0.0149645, 9;
0.0149944, 9;
0.0149901, 9;
0.0149691, 9;
0.0150441, 9;
0.016143, 9;
0.015866, 9;
0.0159692, 9;
0.0160072, 9;
0.0163433, 9;
0.0156192, 9;
0.0159434, 9;
0.0150947, 9;
0.0148952, 9;
0.0151074, 9;
0.0149048, 9;
0.0150642, 9;
0.014888, 9;
0.0150383, 9;
0.0160285, 9;
0.0160376, 9;
0.0161414, 9;
0.0159515, 9;
0.0157573, 9;
0.0150113, 9;
0.015942, 9;
0.0150325, 9;
0.0149942, 9;
0.0162783, 9;
0.0147156, 9;
0.0150714, 9;
0.0148808, 9;
0.0150232, 9;
0.0163425, 9;
0.0156627, 9;
0.0159393, 9;
0.01602, 9;
0.0161697, 9;
0.014755, 9;
0.0150208, 9;
0.0161421, 9;
0.0158309, 9;
0.0159727, 9;
0.0160098, 9;
0.0162608, 9;
0.0157205, 9;
0.015961, 9;
0.015021, 9;
0.0149464, 9;
0.0150311, 9;
0.0149943, 9;
0.0160248, 9;
0.0148972, 9;
0.0150761, 9;
0.0159972, 9;
0.015935, 9;
0.0162586, 9;
0.0161485, 9;
0.014555, 9;
0.0149788, 9;
0.0161015, 9;
0.0164636, 9;
0.0159477, 9;
0.0154586, 9;
0.0155244, 9;
0.015817, 9;
0.014964, 9;
0.0150431, 9;
0.015479, 9;
0.0154828, 9;
0.0159318, 9;
0.0155239, 9;
0.0157465, 9;
0.0150632, 9;
0.0181266, 9;
0.0164004, 9;
0.0133343, 9;
0.0149447, 9;
0.0149451, 9;
0.0149611, 9;
0.0150174, 9;
0.0159986, 9;
0.0159995, 9;
0.0160826, 9;
0.0155203, 9;
0.0159785, 9;
0.0169504, 9;
0.0157138, 9;
0.0148086, 9;
0.0144734, 9;
0.0159762, 9;
0.0161324, 9;
0.0156604, 9;
0.0159557, 9;
0.0150654, 9;
0.0147166, 9;
0.0152332, 9;
0.0149314, 9;
0.0150229, 9;
0.0154648, 9;
0.0182905, 9;
0.0234299, 9;
0.0287087, 9;
0.0225082, 9;
0.0149625, 9;
0.0149867, 9;
0.0152981, 9;
0.0150172, 9;
0.0149654, 9;
0.0160822, 9;
0.0149318, 9;
0.0164459, 9;
0.0144782, 9;
0.0162289, 9;
0.0157877, 9;
0.0160165, 9;
0.0159061, 9;
0.0159211, 9;
0.0154166, 9;
0.0160351, 9;
0.0155084, 9;
0.0159908, 9;
0.0155741, 9;
0.0159169, 9;
0.0153702, 9;
0.0155708, 9;
0.0158814, 9;
0.0154569, 9;
0.0160585, 9;
0.015669, 9;
0.015997, 9;
0.0152223, 9;
0.0159396, 9;
0.0153282, 9;
0.0157578, 9;
0.0153599, 9;
0.0155137, 9;
0.0160477, 9;
0.0159726, 9;
0.0157904, 9;
0.0160626, 9;
0.0150881, 9;
0.0158858, 9;
0.0149492, 9;
0.0150106, 9;
0.0153525, 9;
0.0155004, 9;
0.0150025, 9;
0.0150247, 9;
0.0149658, 9;
0.0162066, 9;
0.0156911, 9;
0.015002, 9;
0.0146289, 9;
0.0150585, 9;
0.0154281, 9;
0.0150771, 9;
0.0146338, 9;
0.0151588, 9;
0.0148575, 9;
0.0160317, 9;
0.0151603, 9;
0.0155671, 9;
0.0151748, 9;
0.0362785, 9;
0.0179242, 9;
0.0229029, 9;
0.0188016, 9;
0.0159498, 9;
0.0158278, 9;
0.0159736, 9;
0.0154019, 9;
0.015479, 9;
0.0161627, 9;
0.0158553, 9;
0.0160471, 9;
0.0159923, 9;
0.0158085, 9;
0.0159755, 9;
0.0160791, 9;
0.01593, 9;
0.0160254, 9;
0.0152244, 9;
0.0146517, 9;
0.0160479, 9;
0.0159302, 9;
0.0159552, 9;
0.0160641, 9;
0.0161138, 9;
0.0158406, 9;
0.0160625, 9;
0.0159896, 9;
0.0160804, 9;
0.0157538, 9;
0.0152156, 9;
0.0146907, 9;
0.0149556, 9;
0.0150714, 9;
0.0148707, 9;
0.0150042, 9;
0.016031, 9;
0.0149324, 9;
0.0150729, 9;
0.0159236, 9;
0.0154686, 9;
0.0154677, 9;
0.0169626, 9;
0.0143935, 9;
0.0156244, 9;
0.0148407, 9;
0.0147174, 9;
0.0152552, 9;
0.0160142, 9;
0.0161487, 9;
0.015728, 9;
0.0159768, 9;
0.0160975, 9;
0.0154164, 9;
0.0154529, 9;
0.0150932, 9;
0.014767, 9;
0.0160877, 9;
0.0149554, 9;
0.0149221, 9;
0.0149844, 9;
0.015027, 9;
0.0160534, 9;
0.0158514, 9;
0.0159799, 9;
0.0160599, 9;
0.0159492, 9;
0.0159391, 9;
0.0160254, 9;
0.0152026, 9;
0.0156066, 9;
0.0160261, 9;
0.016032, 9;
0.0160351, 9;
0.0148579, 9;
0.0150184, 9;
0.0152557, 9;
0.016092, 9;
0.0161219, 9;
0.0153178, 9;
0.0156531, 9;
0.0157925, 9;
0.0159271, 9;
0.015252, 9;
0.0152403, 9;
0.0155167, 9;
0.0154795, 9;
0.0157588, 9;
0.0153107, 9;
0.014976, 9;
0.0146075, 9;
0.0153072, 9;
0.0159133, 9;
0.0160129, 9;
0.0157687, 9;
0.0152115, 9;
0.0157675, 9;
0.0151243, 9;
0.0147545, 9;
0.0159582, 9;
0.0150979, 9;
0.0150329, 9;
0.0149808, 9;
0.0149758, 9;
0.0160267, 9;
0.0160826, 9;
0.0161425, 9;
0.0154862, 9;
0.0180202, 9;
0.0138199, 9;
