0.108497;
0.123475;
0.109872;
0.109969;
0.10993;
0.109957;
0.106895;
0.106974;
0.10987;
0.106935;
0.106907;
0.10889;
0.108162;
0.10956;
0.107723;
0.119876;
0.115206;
0.108574;
0.1091;
0.107794;
0.107855;
0.106966;
0.106924;
0.110966;
0.107559;
0.107272;
0.106826;
0.10993;
0.107342;
0.10791;
0.10777;
0.108421;
0.107269;
0.108464;
0.108921;
0.111282;
0.108881;
0.125052;
0.122779;
0.110954;
0.107916;
0.109036;
0.109992;
0.105738;
0.109987;
0.109559;
0.10834;
0.110581;
0.111645;
0.110996;
0.10774;
0.107945;
0.110782;
0.109852;
0.107833;
0.108085;
0.107894;
0.106936;
0.106915;
0.111042;
0.109847;
0.108945;
0.105899;
0.107758;
0.109977;
0.109911;
0.111741;
0.108797;
0.108845;
0.109312;
0.11121;
0.10893;
0.110136;
0.110416;
0.106735;
0.106981;
0.107582;
0.108149;
0.109961;
0.107645;
0.1103;
0.108121;
0.111294;
0.103856;
0.108661;
0.109752;
0.110925;
0.105727;
0.105768;
0.104898;
0.108009;
0.11195;
0.108586;
0.106865;
0.10887;
0.108622;
0.112371;
0.106308;
0.109949;
0.108738;
0.111372;
0.1074;
0.107766;
0.105791;
0.108884;
0.111739;
0.109875;
0.112027;
0.109031;
0.109491;
0.110619;
0.105948;
0.108763;
0.110892;
0.108906;
0.107129;
0.110603;
0.107241;
0.111362;
0.110829;
0.107841;
0.108836;
0.111743;
0.111811;
0.106795;
0.10578;
0.109929;
0.111629;
0.109656;
0.110187;
0.108791;
0.110896;
0.106778;
0.109868;
0.109373;
0.108257;
0.10892;
0.108782;
0.109903;
0.104626;
0.108769;
0.106926;
0.108385;
0.109451;
0.107213;
0.109346;
0.106941;
0.111623;
0.106942;
0.10787;
0.108836;
0.107883;
0.109817;
0.109692;
0.1089;
0.106495;
0.11121;
0.109816;
0.108779;
0.111849;
0.110459;
0.109246;
0.10901;
0.10785;
0.108713;
0.106749;
0.110713;
0.109912;
0.109736;
0.111708;
0.106;
0.108213;
0.10845;
0.108804;
0.108835;
0.107617;
0.110075;
0.11092;
0.109783;
0.105464;
0.108113;
0.109699;
0.111053;
0.108782;
0.106842;
0.109794;
0.109852;
0.11081;
0.109396;
0.108222;
0.10802;
0.107776;
0.108874;
0.110277;
0.107243;
0.107855;
0.109546;
0.111835;
0.10856;
0.110357;
0.108464;
0.106966;
0.110054;
0.107829;
0.106969;
0.109746;
0.109369;
0.107286;
0.106808;
0.107673;
0.10693;
0.110602;
0.103102;
0.106684;
0.110586;
0.109249;
0.108805;
0.110634;
0.108092;
0.108831;
0.108888;
0.108309;
0.105788;
0.109355;
0.107699;
0.10704;
0.110016;
0.105836;
0.110584;
0.108808;
0.104803;
0.109396;
0.109407;
0.108663;
0.106766;
0.107959;
0.109773;
0.108657;
0.110035;
0.108723;
0.108966;
0.109946;
0.109073;
0.107506;
0.11067;
0.109977;
0.107805;
0.109781;
0.112575;
0.109974;
0.110032;
0.10675;
0.110755;
0.109435;
0.110293;
0.109816;
0.110007;
0.109645;
0.1095;
0.111124;
0.106932;
0.107746;
0.110942;
0.107753;
0.106532;
0.109009;
0.111967;
0.107741;
0.109939;
0.106743;
0.109857;
0.110919;
0.107687;
0.108778;
0.109914;
0.109685;
0.106963;
0.11415;
0.106189;
0.1082;
0.108418;
0.108221;
0.107586;
0.108045;
0.1119;
0.10991;
0.110785;
0.107701;
0.110971;
0.109766;
0.109848;
0.109857;
0.111227;
0.108374;
0.106877;
0.107809;
0.106431;
0.108163;
0.106837;
0.106838;
0.108886;
0.106756;
0.108986;
0.105695;
0.112233;
0.108369;
0.110639;
0.110167;
0.110435;
0.109149;
0.107288;
0.109328;
0.10892;
0.111801;
0.11096;
0.109855;
0.110764;
0.107902;
0.109762;
0.107272;
0.110116;
0.110107;
0.109253;
0.111382;
0.109636;
0.108896;
0.106801;
0.109264;
0.110413;
0.108901;
0.105741;
0.106867;
0.109899;
0.111535;
0.110055;
0.111569;
0.107123;
0.109871;
0.108685;
0.109861;
0.107782;
0.106986;
0.108644;
0.107019;
0.111566;
0.109987;
0.108128;
0.10742;
0.11163;
0.106266;
0.112059;
0.110786;
0.110492;
0.105811;
0.107819;
0.10782;
0.108863;
0.112042;
0.108604;
0.108942;
0.107702;
0.107766;
0.106924;
0.107883;
0.108677;
0.106889;
0.10792;
0.10877;
0.105932;
0.106964;
0.107632;
0.108928;
0.110825;
0.109054;
0.111552;
0.109841;
0.10683;
0.106925;
0.111751;
0.111448;
0.108421;
0.109648;
0.111892;
0.106801;
0.105755;
0.109863;
0.10778;
0.109854;
0.111884;
0.108219;
0.108156;
0.110674;
0.111254;
0.106854;
0.110727;
0.107769;
0.10686;
0.108882;
0.106763;
0.109998;
0.107667;
0.107871;
0.110575;
0.105626;
0.110342;
0.106784;
0.1056;
0.108136;
0.110977;
0.107603;
0.108039;
0.108735;
0.107696;
0.10898;
0.107007;
0.105606;
0.106764;
0.108896;
0.108763;
0.106937;
0.10926;
0.108338;
0.105736;
0.10804;
0.107788;
0.108808;
0.110834;
0.109357;
0.108243;
0.108056;
0.107609;
0.107;
0.109617;
0.10687;
0.110407;
0.10936;
0.10678;
0.108845;
0.106797;
0.107869;
0.107841;
0.108705;
0.109942;
0.108745;
0.106924;
0.107783;
0.112066;
0.109618;
0.10676;
0.107948;
0.110553;
0.10903;
0.109593;
0.106955;
0.10897;
0.107942;
0.105669;
0.107928;
0.111786;
0.106754;
0.108035;
0.108126;
0.109395;
0.107653;
0.110971;
0.107937;
0.108668;
0.107042;
0.105672;
0.110059;
0.10802;
0.109498;
0.106768;
0.111361;
0.117308;
0.111984;
0.105668;
0.106579;
0.112122;
0.10888;
0.106699;
0.107874;
0.107711;
0.106081;
0.110895;
0.108623;
0.109004;
0.110394;
0.110232;
0.108143;
0.109476;
0.109786;
0.111047;
0.104578;
0.104831;
0.107117;
0.106979;
0.10647;
0.108807;
0.106788;
0.109788;
0.110975;
0.110321;
0.106184;
0.111356;
0.107335;
0.106853;
0.107846;
0.10891;
0.107713;
0.109952;
0.107028;
0.108566;
0.108773;
0.111076;
0.110728;
0.10873;
0.109854;
0.10792;
0.111771;
0.108892;
0.106748;
0.107398;
0.108984;
0.111206;
0.110314;
0.105243;
0.106556;
0.108897;
0.108556;
0.108383;
0.108927;
0.105787;
0.106765;
0.106808;
0.10785;
0.110071;
0.107677;
0.110078;
0.110558;
0.107643;
0.108943;
0.109855;
0.108894;
0.106791;
0.107066;
0.107897;
0.107656;
0.109695;
0.107916;
0.109885;
0.107842;
0.106253;
0.109367;
0.110654;
0.1089;
0.10997;
0.107721;
0.106902;
0.111124;
0.109438;
0.109909;
0.107326;
0.107084;
0.110236;
0.110615;
0.107734;
0.105925;
0.109813;
0.109601;
0.11004;
0.106783;
0.10593;
0.104808;
0.111153;
0.105376;
0.107979;
0.106723;
0.110876;
0.106881;
0.106691;
0.108812;
0.108918;
0.109907;
0.106738;
0.106839;
0.106703;
0.111976;
0.106756;
0.108918;
0.110786;
0.108821;
0.107833;
0.107303;
0.108338;
0.111851;
0.106772;
0.110467;
0.108222;
0.107913;
0.108751;
0.109231;
0.107467;
0.107381;
0.108243;
0.111683;
0.108912;
0.107817;
0.106919;
0.109857;
0.109783;
0.108686;
0.107961;
0.111628;
0.108146;
0.108554;
0.108008;
0.109165;
0.111511;
0.111369;
0.107298;
0.109801;
0.109882;
0.109751;
0.112242;
0.10865;
0.10759;
0.11091;
0.108724;
0.110918;
0.10797;
0.108531;
0.108938;
0.109946;
0.107032;
0.107468;
0.105852;
0.109828;
0.105883;
0.110738;
0.110394;
0.105414;
0.110738;
0.108829;
0.108715;
0.108658;
0.111111;
0.10787;
0.106745;
0.106913;
0.106877;
0.110772;
0.106818;
0.106823;
0.105853;
0.108823;
0.108872;
0.105754;
0.107869;
0.107764;
0.108618;
0.106041;
0.110551;
0.106909;
0.108139;
0.108671;
0.109039;
0.10974;
0.108226;
0.10835;
0.106815;
0.10726;
0.108283;
0.107009;
0.113144;
0.106449;
0.105889;
0.107917;
0.110802;
0.106776;
0.107516;
0.107049;
0.109889;
0.106905;
0.109836;
0.107848;
0.109902;
0.1066;
0.108897;
0.107769;
0.110571;
0.109286;
0.108376;
0.110183;
0.106761;
0.107918;
0.108657;
0.108998;
0.109872;
0.11167;
0.10934;
0.106419;
0.109854;
0.108706;
0.107798;
0.10783;
0.111948;
0.110901;
0.107717;
0.110789;
0.109719;
0.106029;
0.110801;
0.108804;
0.108821;
0.108887;
0.1074;
0.108896;
0.110264;
0.10966;
0.10583;
0.108834;
0.109785;
0.109909;
0.105709;
0.107893;
0.106925;
0.106798;
0.108236;
0.108306;
0.111144;
0.107585;
0.108903;
0.106706;
0.108911;
0.106757;
0.108532;
0.107216;
0.109018;
0.109643;
0.106439;
0.108202;
0.108713;
0.106685;
0.110933;
0.109826;
0.109885;
0.10786;
0.108795;
0.108776;
0.109926;
0.108385;
0.108175;
0.109954;
0.111897;
0.108657;
0.109838;
0.108646;
0.106947;
0.109969;
0.105711;
0.107824;
0.109886;
0.106953;
0.11143;
0.106152;
0.108932;
0.110598;
0.106917;
0.109706;
0.110959;
0.107561;
0.106681;
0.108268;
0.109621;
0.106926;
0.110429;
0.110349;
0.108754;
0.106885;
0.10887;
0.107521;
0.108219;
0.108418;
0.110115;
0.109713;
0.110899;
0.106819;
0.109934;
0.111852;
0.110194;
0.108343;
0.108408;
0.107306;
0.107878;
0.109216;
0.111631;
0.109692;
0.107415;
0.107679;
0.111373;
0.126008;
0.111944;
0.106458;
0.109801;
0.10825;
0.107459;
0.109941;
0.108764;
0.111167;
0.109497;
0.106734;
0.106868;
0.107792;
0.111703;
0.108881;
0.106997;
0.109282;
0.109437;
0.108722;
0.108943;
0.106728;
0.106736;
0.108009;
0.110716;
0.109757;
0.108816;
0.108728;
0.108087;
0.109734;
0.110917;
0.108771;
0.107994;
0.109521;
0.108069;
0.108653;
0.110941;
0.107842;
0.109962;
0.108066;
0.107373;
0.10899;
0.111897;
0.109135;
0.111057;
0.109073;
0.10996;
0.108292;
0.109206;
0.108349;
0.106953;
0.109265;
0.106749;
0.109882;
0.108306;
0.109324;
0.107244;
0.109617;
0.106752;
0.109057;
0.108448;
0.108851;
0.112084;
0.108662;
0.111881;
0.11308;
0.106478;
0.106824;
0.106843;
0.109979;
0.105606;
0.10943;
0.109367;
0.112637;
0.10813;
0.108852;
0.111596;
0.110904;
0.111417;
0.108081;
0.110073;
0.109189;
0.106288;
0.111386;
0.107364;
0.10681;
0.110249;
0.106353;
0.107889;
0.107834;
0.111904;
0.109894;
0.111148;
0.110389;
0.107609;
0.107001;
0.106859;
0.109836;
0.108415;
0.111255;
0.10681;
0.110175;
0.107559;
0.107813;
0.109766;
0.108867;
0.10477;
0.10785;
0.108459;
0.110406;
0.110644;
0.107757;
0.106862;
0.108627;
0.106279;
0.111309;
0.123995;
0.108906;
0.106076;
0.108961;
0.109475;
0.110017;
0.109499;
0.110237;
0.106567;
0.106772;
0.110118;
0.106593;
0.108987;
0.108581;
0.110087;
0.111602;
0.10769;
0.106595;
0.10724;
0.107969;
0.107919;
0.108679;
0.109836;
0.107859;
0.106755;
0.106819;
0.107834;
0.108919;
0.108701;
0.107939;
0.108801;
0.106616;
0.10806;
0.108868;
0.108776;
0.107929;
0.111818;
0.107844;
0.110626;
0.110109;
0.108568;
0.108747;
0.105901;
0.11105;
0.10572;
0.108807;
0.10679;
0.109011;
0.109618;
0.107273;
0.110417;
0.107868;
0.109027;
0.109558;
0.109959;
0.108823;
0.111722;
0.106894;
0.107651;
0.107971;
0.107969;
0.108794;
0.106662;
0.108859;
0.105781;
0.109938;
0.108762;
0.108905;
0.106459;
0.108528;
0.106372;
0.105832;
0.108499;
0.107696;
0.108903;
0.111395;
0.109712;
0.110814;
0.105925;
0.11101;
0.110537;
0.108839;
0.108039;
0.107687;
0.106766;
0.109014;
0.107718;
0.106778;
0.107644;
0.111152;
0.108052;
0.108485;
0.110294;
0.108344;
0.107772;
0.107059;
0.106767;
0.111737;
0.106822;
0.106886;
0.107387;
0.107359;
0.107743;
0.105899;
0.106754;
0.107283;
0.109412;
0.107913;
0.106832;
0.107357;
0.111794;
0.112674;
0.107378;
0.107818;
0.106921;
0.108815;
0.108114;
0.10724;
0.109204;
0.109725;
0.111821;
0.110015;
0.111825;
0.108936;
0.110618;
0.105781;
0.106985;
0.106578;
0.112071;
0.107726;
0.109831;
0.105767;
0.110835;
0.108818;
0.109715;
0.110868;
0.107955;
0.11056;
0.109127;
0.108605;
0.106978;
