0.108584;
0.110093;
0.109575;
0.10609;
0.107211;
0.114329;
0.117238;
0.109238;
0.106605;
0.104894;
0.109509;
0.111373;
0.106332;
0.10795;
0.109458;
0.11004;
0.106596;
0.105884;
0.109753;
0.108675;
0.106355;
0.106956;
0.110071;
0.106827;
0.1069;
0.106919;
0.109978;
0.11175;
0.110053;
0.109024;
0.111494;
0.110472;
0.106777;
0.10602;
0.107883;
0.109929;
0.112643;
0.108872;
0.105886;
0.108717;
0.10789;
0.107064;
0.109804;
0.105745;
0.109659;
0.106874;
0.108097;
0.108503;
0.108854;
0.109919;
0.110483;
0.108974;
0.108244;
0.109406;
0.106578;
0.111135;
0.106594;
0.110601;
0.107184;
0.110813;
0.106805;
0.107911;
0.107378;
0.10929;
0.10781;
0.105387;
0.111136;
0.108962;
0.111877;
0.10959;
0.107736;
0.108009;
0.106695;
0.113176;
0.118546;
0.107835;
0.109899;
0.107792;
0.106838;
0.106641;
0.112401;
0.108404;
0.111761;
0.107509;
0.108092;
0.109798;
0.109788;
0.106331;
0.107344;
0.106779;
0.111413;
0.109081;
0.110041;
0.108732;
0.108236;
0.109367;
0.109368;
0.10843;
0.106832;
0.109755;
0.110008;
0.106593;
0.108777;
0.107796;
0.108846;
0.107471;
0.109245;
0.111858;
0.106805;
0.111253;
0.10927;
0.107707;
0.110911;
0.109823;
0.110258;
0.105428;
0.106754;
0.110649;
0.108888;
0.110943;
0.107773;
0.108817;
0.106772;
0.10934;
0.107316;
0.106774;
0.109975;
0.110999;
0.110485;
0.106774;
0.10781;
0.108856;
0.108847;
0.110784;
0.108788;
0.109814;
0.110004;
0.107586;
0.111897;
0.107787;
0.109824;
0.109676;
0.110869;
0.115113;
0.101455;
0.109951;
0.107783;
0.109854;
0.113468;
0.108067;
0.109893;
0.109776;
0.109825;
0.107133;
0.108534;
0.107633;
0.145914;
0.10798;
0.107585;
0.109301;
0.109326;
0.108808;
0.110869;
0.110089;
0.108207;
0.107259;
0.106688;
0.105925;
0.108696;
0.114457;
0.1052;
0.113947;
0.103655;
0.108919;
0.11056;
0.111358;
0.111504;
0.107181;
0.111518;
0.109351;
0.111261;
0.108798;
0.112162;
0.110444;
0.109305;
0.110305;
0.108754;
0.107844;
0.106395;
0.108293;
0.110804;
0.109231;
0.10842;
0.108739;
0.107945;
0.111793;
0.109769;
0.106753;
0.11058;
0.108108;
0.107895;
0.10472;
0.109844;
0.106625;
0.108043;
0.109618;
0.111068;
0.109674;
0.106834;
0.110078;
0.108643;
0.11;
0.10918;
0.10783;
0.111276;
0.110837;
0.108768;
0.10857;
0.110042;
0.109099;
0.105923;
0.111476;
0.108817;
0.107477;
0.111094;
0.109353;
0.106624;
0.111334;
0.107864;
0.108852;
0.108096;
0.108763;
0.107646;
0.108828;
0.110762;
0.109942;
0.110001;
0.108678;
0.108705;
0.108742;
0.110846;
0.107429;
0.109782;
0.111239;
0.109249;
0.107437;
0.108759;
0.107886;
0.107759;
0.107343;
0.109573;
0.11059;
0.107653;
0.110004;
0.109776;
0.108838;
0.107023;
0.107654;
0.108933;
0.110854;
0.111181;
0.110215;
0.108871;
0.108791;
0.107838;
0.1094;
0.106265;
0.110878;
0.106959;
0.109377;
0.107932;
0.110137;
0.106048;
0.109438;
0.107407;
0.108024;
0.111419;
0.106418;
0.106727;
0.109986;
0.110862;
0.105971;
0.110948;
0.107942;
0.109884;
0.107941;
0.110036;
0.106838;
0.10769;
0.109256;
0.108399;
0.10682;
0.105489;
0.111369;
0.109499;
0.104396;
0.108801;
0.110954;
0.108094;
0.111822;
0.111326;
0.110547;
0.111916;
0.107603;
0.110911;
0.111712;
0.107825;
0.107774;
0.108896;
0.109781;
0.108937;
0.108749;
0.106801;
0.105975;
0.109695;
0.10876;
0.109911;
0.110468;
0.109643;
0.111079;
0.112011;
0.112536;
0.107118;
0.108237;
0.107992;
0.111807;
0.107165;
0.106122;
0.108504;
0.107033;
0.109637;
0.108893;
0.108772;
0.107814;
0.107753;
0.107837;
0.10581;
0.107832;
0.109793;
0.108132;
0.109535;
0.107552;
0.107192;
0.107836;
0.108773;
0.108721;
0.106829;
0.108099;
0.106118;
0.108146;
0.106926;
0.108837;
0.106783;
0.107934;
0.109744;
0.108534;
0.109049;
0.109856;
0.105748;
0.111854;
0.111837;
0.108821;
0.109641;
0.105698;
0.108943;
0.106744;
0.108136;
0.111865;
0.107375;
0.110057;
0.110844;
0.108931;
0.109661;
0.104816;
0.107976;
0.108803;
0.110016;
0.107705;
0.111769;
0.11074;
0.112472;
0.1072;
0.108997;
0.107696;
0.112529;
0.106006;
0.107328;
0.108323;
0.107808;
0.107812;
0.106904;
0.106879;
0.110858;
0.109569;
0.109894;
0.110129;
0.111533;
0.110312;
0.108299;
0.108782;
0.108834;
0.108877;
0.110928;
0.107504;
0.110858;
0.105832;
0.109948;
0.110013;
0.11069;
0.108609;
0.110909;
0.107863;
0.109618;
0.108092;
0.10883;
0.107926;
0.110619;
0.109447;
0.104998;
0.107961;
0.10869;
0.108897;
0.105839;
0.109776;
0.109937;
0.110919;
0.110724;
0.108734;
0.106962;
0.106957;
0.106373;
0.109627;
0.107884;
0.110111;
0.111947;
0.108769;
0.106795;
0.106923;
0.11022;
0.107381;
0.109849;
0.107752;
0.106748;
0.107809;
0.10676;
0.110136;
0.108648;
0.110352;
0.110173;
0.109798;
0.107715;
0.106134;
0.110008;
0.109888;
0.109991;
0.109896;
0.110464;
0.109366;
0.107937;
0.110916;
0.106791;
0.108746;
0.108749;
0.107562;
0.111297;
0.109646;
0.111875;
0.111845;
0.109799;
0.109889;
0.111049;
0.105584;
0.1076;
0.109912;
0.108982;
0.108527;
0.10993;
0.11166;
0.108059;
0.108661;
0.107653;
0.110231;
0.109696;
0.108652;
0.109925;
0.111356;
0.110257;
0.10983;
0.107975;
0.105476;
0.110075;
0.110844;
0.109706;
0.110677;
0.107701;
0.108668;
0.107077;
0.106464;
0.109161;
0.107808;
0.109867;
0.108676;
0.107024;
0.106705;
0.107316;
0.109259;
0.109474;
0.108148;
0.107367;
0.109437;
0.110829;
0.108209;
0.110413;
0.106729;
0.11106;
0.109014;
0.109313;
0.109903;
0.109831;
0.107865;
0.107665;
0.110908;
0.108825;
0.112016;
0.109659;
0.107837;
0.106802;
0.108675;
0.111917;
0.106797;
0.107808;
0.107882;
0.110859;
0.110644;
0.110772;
0.107648;
0.109152;
0.106387;
0.108283;
0.107403;
0.111154;
0.107419;
0.106878;
0.108644;
0.107408;
0.107846;
0.107923;
0.111154;
0.109306;
0.108522;
0.108077;
0.109032;
0.108704;
0.106782;
0.109888;
0.108747;
0.107829;
0.106909;
0.110889;
0.106612;
0.108666;
0.107015;
0.107598;
0.106996;
0.107829;
0.110906;
0.109674;
0.105982;
0.106701;
0.107997;
0.11162;
0.109108;
0.108368;
0.1068;
0.107092;
0.111863;
0.107712;
0.107893;
0.108674;
0.109968;
0.110089;
0.107516;
0.109554;
0.109868;
0.108797;
0.107496;
0.108463;
0.111695;
0.108015;
0.108269;
0.106921;
0.111044;
0.109916;
0.110452;
0.109177;
0.109143;
0.108659;
0.107677;
0.108021;
0.105525;
0.107848;
0.109366;
0.110352;
0.107057;
0.10851;
0.106917;
0.106921;
0.108026;
0.107486;
0.108981;
0.107533;
0.108927;
0.107948;
0.109127;
0.108585;
0.108809;
0.108612;
0.111935;
0.109726;
0.107728;
0.109909;
0.107852;
0.109815;
0.107615;
0.107042;
0.108801;
0.107893;
0.109943;
0.10666;
0.10787;
0.106816;
0.111877;
0.108674;
0.108416;
0.108234;
0.108292;
0.109369;
0.110007;
0.108241;
0.109163;
0.1098;
0.108874;
0.111881;
0.108374;
0.107972;
0.108019;
0.108369;
0.107225;
0.107971;
0.10988;
0.109446;
0.107032;
0.106044;
0.109662;
0.106805;
0.109775;
0.105896;
0.10799;
0.111555;
0.104738;
0.109078;
0.10963;
0.105969;
0.107856;
0.108711;
0.10677;
0.108415;
0.11115;
0.110167;
0.110593;
0.108653;
0.112168;
0.110964;
0.108702;
0.108389;
0.108041;
0.105614;
0.106937;
0.109898;
0.108649;
0.108969;
0.107383;
0.107241;
0.109849;
0.109986;
0.107633;
0.109949;
0.106388;
0.108046;
0.107821;
0.110839;
0.106101;
0.107313;
0.108033;
0.107746;
0.107902;
0.110761;
0.106754;
0.10998;
0.10753;
0.105217;
0.109722;
0.106693;
0.108835;
0.109755;
0.106896;
0.106788;
0.111952;
0.109722;
0.109841;
0.107509;
0.109073;
0.107632;
0.109776;
0.109072;
0.109155;
0.110303;
0.10879;
0.105757;
0.110243;
0.108413;
0.108885;
0.109416;
0.110333;
0.106681;
0.106843;
0.10978;
0.106965;
0.109921;
0.109664;
0.108743;
0.111488;
0.108992;
0.11199;
0.107971;
0.109682;
0.109468;
0.110062;
0.107899;
0.109931;
0.108671;
0.111487;
0.106223;
0.111766;
0.109844;
0.108896;
0.107672;
0.110001;
0.110652;
0.105919;
0.107784;
0.107805;
0.106822;
0.110347;
0.110328;
0.107835;
0.112169;
0.108511;
0.107729;
0.107748;
0.110303;
0.110454;
0.109005;
0.109001;
0.10852;
0.109227;
0.109276;
0.108271;
0.106298;
0.10895;
0.108737;
0.109059;
0.105785;
0.109581;
0.107566;
0.107022;
0.108553;
0.10969;
0.107389;
0.108645;
0.110941;
0.1067;
0.106864;
0.107791;
0.109444;
0.106166;
0.108953;
0.106703;
0.11107;
0.108635;
0.107884;
0.108811;
0.107897;
0.111046;
0.107665;
0.108912;
0.107566;
0.110082;
0.109617;
0.108308;
0.110283;
0.109833;
0.107781;
0.111716;
0.108894;
0.107865;
0.108803;
0.110885;
0.110793;
0.107886;
0.105723;
0.109945;
0.111591;
0.105913;
0.109789;
0.108873;
0.107809;
0.108812;
0.107834;
0.108755;
0.105566;
0.108214;
0.106735;
0.108902;
0.109777;
0.109179;
0.108466;
0.107682;
0.10807;
0.10682;
0.107659;
0.109847;
0.109874;
0.108678;
0.110932;
0.109029;
0.108561;
0.108197;
0.110569;
0.105948;
0.108496;
0.111911;
0.108961;
0.10763;
0.110828;
0.109717;
0.108815;
0.108021;
0.107722;
0.105372;
0.109343;
0.109685;
0.105928;
0.107562;
0.107483;
0.111425;
0.106737;
0.10708;
0.110688;
0.10795;
0.108736;
0.10978;
0.10772;
0.10583;
0.109863;
0.107722;
0.11024;
0.110427;
0.108999;
0.108602;
0.109891;
0.109837;
0.111822;
0.107729;
0.107932;
0.106778;
0.107851;
0.108867;
0.106798;
0.109323;
0.10934;
0.107486;
0.110372;
0.107621;
0.110623;
0.106924;
0.107302;
0.1103;
0.107889;
0.109857;
0.109816;
0.109899;
0.111703;
0.107978;
0.10951;
0.104874;
0.110916;
0.107352;
0.107855;
0.108302;
0.109399;
0.109293;
0.109709;
0.107541;
0.111381;
0.107932;
0.111021;
0.107109;
0.107888;
0.109282;
0.1063;
0.10872;
0.112012;
0.109866;
0.109786;
0.109786;
0.107873;
0.106816;
0.106799;
0.108758;
0.109947;
0.109791;
0.107914;
0.108047;
0.1084;
0.108497;
0.109355;
0.108691;
0.11203;
0.108724;
0.108782;
0.110732;
0.109125;
0.106506;
0.104839;
0.109968;
0.105652;
0.106912;
0.109408;
0.108128;
0.110969;
0.108693;
0.10785;
0.10853;
0.110593;
0.107374;
0.107902;
0.109842;
0.109963;
0.106506;
0.110646;
0.106893;
0.108637;
0.108232;
0.109917;
0.11172;
0.108722;
0.107591;
0.109407;
0.111473;
0.109566;
0.108966;
0.107066;
0.109711;
0.110726;
0.105845;
0.10894;
0.106709;
0.108725;
0.105887;
0.106972;
0.105753;
0.107825;
0.109789;
0.106805;
0.109253;
0.107363;
0.109974;
0.110686;
0.108893;
0.110225;
0.110493;
0.109718;
0.108611;
0.106081;
0.108846;
0.110741;
0.107829;
0.110747;
0.111396;
0.106264;
0.108154;
0.109508;
0.116559;
0.117025;
0.108383;
0.109179;
0.106932;
0.109997;
0.109642;
0.109322;
0.108381;
0.107965;
0.107648;
0.108806;
0.109928;
0.107108;
0.107793;
0.110563;
0.109781;
0.106977;
0.105645;
0.108827;
0.107802;
0.106783;
0.109821;
0.110806;
0.109775;
0.107861;
0.106859;
0.108784;
0.10903;
0.109736;
0.107327;
0.109167;
0.109851;
0.108852;
0.107647;
0.111921;
0.107042;
0.107575;
0.109581;
0.122724;
0.108493;
0.111474;
0.108672;
0.107826;
0.108217;
0.108572;
0.107901;
0.106785;
0.10869;
0.107958;
0.108743;
0.109679;
0.107423;
0.111396;
0.109857;
0.109732;
0.10919;
0.107467;
0.108794;
0.110628;
0.1081;
0.108465;
0.107671;
0.107748;
0.108402;
0.109006;
0.109609;
0.109481;
0.10513;
0.107885;
0.107868;
0.108867;
0.105668;
0.108148;
0.111283;
0.106646;
0.107044;
0.106894;
0.107771;
0.106846;
0.109835;
0.108716;
0.109934;
0.106753;
0.108093;
0.108712;
0.105944;
0.109517;
0.109879;
0.109729;
0.109632;
0.109108;
0.109222;
0.107073;
0.10704;
0.106877;
0.107778;
0.108125;
0.108813;
0.109538;
0.107992;
0.109671;
0.110811;
0.107946;
0.108073;
0.108413;
0.108946;
0.111452;
0.109206;
0.107774;
0.108029;
0.111562;
0.108116;
0.109621;
0.108758;
0.107376;
0.108719;
0.108467;
0.106906;
0.111713;
0.107125;
0.110821;
0.109543;
0.10681;
0.10683;
0.109874;
0.110864;
