0.282738, 1;
0.0149813, 1;
0.0159234, 1;
0.0149957, 1;
0.0150042, 1;
0.0159773, 1;
0.0159698, 1;
0.0149711, 1;
0.0159917, 1;
0.0149915, 1;
0.0149934, 1;
0.015995, 1;
0.0149933, 1;
0.0149737, 1;
0.0159956, 1;
0.0150146, 1;
0.0149611, 1;
0.0150176, 1;
0.0159768, 1;
0.0160067, 1;
0.0149581, 1;
0.01501, 1;
0.0159696, 1;
0.0159999, 1;
0.0159817, 1;
0.0160041, 1;
0.0149723, 1;
0.0149987, 1;
0.0159855, 1;
0.0150245, 1;
0.0149769, 1;
0.0159894, 1;
0.0159878, 1;
0.0150529, 1;
0.0149375, 1;
0.014994, 1;
0.0159748, 1;
0.0149878, 1;
0.0149945, 1;
0.0159931, 1;
0.0150641, 1;
0.0160045, 1;
0.0160257, 1;
0.0161349, 1;
0.0158189, 1;
0.0158726, 1;
0.0160274, 1;
0.0150433, 1;
0.0149268, 1;
0.0160953, 1;
0.0159249, 1;
0.0149391, 1;
0.0149918, 1;
0.015013, 1;
0.0149955, 1;
0.0155096, 1;
0.015141, 1;
0.0143212, 1;
0.0159711, 1;
0.0149617, 1;
0.0150446, 1;
0.0150074, 1;
0.0159783, 1;
0.0162145, 1;
0.0158301, 1;
0.0160436, 1;
0.0149448, 1;
0.0159899, 1;
0.0148916, 1;
0.0160105, 1;
0.0149677, 1;
0.0150026, 1;
0.0157108, 1;
0.016696, 1;
0.0173985, 1;
0.0387205, 1;
0.0244807, 1;
0.01448, 1;
0.0139007, 1;
0.0170106, 1;
0.0149118, 1;
0.0160483, 1;
0.015911, 1;
0.0160612, 1;
0.0149338, 1;
0.016159, 1;
0.0148046, 1;
0.015981, 1;
0.0160165, 1;
0.014942, 1;
0.0150095, 1;
0.0157875, 1;
0.015912, 1;
0.0160528, 1;
0.0158875, 1;
0.0150186, 1;
0.0149568, 1;
0.0150223, 1;
0.0146426, 1;
0.0153256, 1;
0.016123, 1;
0.0158308, 1;
0.015999, 1;
0.0161631, 1;
0.0158781, 1;
0.0192715, 1;
0.0320251, 1;
0.010539, 1;
0.0173553, 1;
0.0181859, 1;
0.0114229, 1;
0.015067, 1;
0.0160132, 1;
0.0156566, 1;
0.0163277, 1;
0.0152612, 1;
0.0148969, 1;
0.0163399, 1;
0.0145889, 1;
0.0151141, 1;
0.014887, 1;
0.0159672, 1;
0.0159829, 1;
0.0160307, 1;
0.0161106, 1;
0.0158114, 1;
0.0152888, 1;
0.014754, 1;
0.0149444, 1;
0.0150175, 1;
0.0149407, 1;
0.0151206, 1;
0.0148439, 1;
0.0150468, 1;
0.0160588, 1;
0.0159641, 1;
0.0159649, 1;
0.015959, 1;
0.0162995, 1;
0.01566, 1;
0.0149807, 1;
0.0150077, 1;
0.01499, 1;
0.0149662, 1;
0.0149945, 1;
0.0150539, 1;
0.0149382, 1;
0.0160305, 1;
0.0160192, 1;
0.0159683, 1;
0.0159866, 1;
0.0161284, 1;
0.0157861, 1;
0.0150032, 1;
0.0149743, 1;
0.0149886, 1;
0.0150427, 1;
0.0160101, 1;
0.0159911, 1;
0.0161939, 1;
0.0147419, 1;
0.0150251, 1;
0.0159786, 1;
0.0160208, 1;
0.0149583, 1;
0.0149689, 1;
0.0150584, 1;
0.0149092, 1;
0.0149748, 1;
0.0149894, 1;
0.0149952, 1;
0.0150209, 1;
0.0149634, 1;
0.0151148, 1;
0.0149252, 1;
0.0160481, 1;
0.0160497, 1;
0.0152675, 1;
0.0155315, 1;
0.0154108, 1;
0.0161618, 1;
0.0153544, 1;
0.0168565, 1;
0.0301861, 2;
0.0308699, 2;
0.0299453, 2;
0.0299665, 2;
0.0299895, 2;
0.0315004, 2;
0.0295892, 2;
0.0319297, 2;
0.0332411, 2;
0.0298924, 2;
0.0297364, 2;
0.0309893, 2;
0.0310715, 2;
0.0297578, 2;
0.0306, 2;
0.0304236, 2;
0.0311279, 2;
0.0308015, 2;
0.0312068, 2;
0.0314355, 2;
0.0313205, 2;
0.0308964, 2;
0.0309739, 2;
0.0310152, 2;
0.030697, 2;
0.0314912, 2;
0.0325896, 2;
0.0303139, 2;
0.0314604, 2;
0.0317758, 2;
0.0319895, 2;
0.0318965, 2;
0.0319939, 2;
0.0319838, 2;
0.0299813, 2;
0.0310618, 2;
0.0323311, 2;
0.0306991, 2;
0.0437824, 2;
0.0309708, 2;
0.0300224, 2;
0.0310237, 2;
0.0319086, 2;
0.0324778, 2;
0.0305812, 2;
0.0308672, 2;
0.0319795, 2;
0.031109, 2;
0.0309408, 2;
0.0322326, 2;
0.0319959, 2;
0.0306437, 2;
0.0299808, 2;
0.0310248, 2;
0.0318903, 2;
0.0440717, 2;
0.0309695, 2;
0.0320095, 2;
0.031932, 2;
0.0320166, 2;
0.0318899, 2;
0.0300256, 2;
0.0309862, 2;
0.0309915, 2;
0.0309485, 2;
0.0309918, 2;
0.0320513, 2;
0.0316768, 2;
0.0299335, 2;
0.0320754, 2;
0.0298606, 2;
0.0310667, 2;
0.0309465, 2;
0.0318769, 2;
0.0401962, 2;
0.0385934, 2;
0.0320022, 2;
0.0319233, 2;
0.0308851, 2;
0.0309955, 2;
0.0322595, 2;
0.0304173, 2;
0.032047, 2;
0.0309221, 2;
0.0304097, 2;
0.0305238, 2;
0.0301756, 2;
0.0310192, 2;
0.0310079, 2;
0.0312364, 2;
0.0320463, 2;
0.0312371, 2;
0.0324517, 2;
0.0320021, 2;
0.0298043, 2;
0.0320117, 2;
0.0306858, 2;
0.0320396, 2;
0.032271, 2;
0.0431628, 2;
0.0355854, 2;
0.0392206, 2;
0.0376654, 2;
0.0319529, 2;
0.0327597, 2;
0.0441636, 2;
0.0309736, 2;
0.0299348, 2;
0.0310149, 2;
0.0309912, 2;
0.0301729, 2;
0.0307723, 2;
0.0310196, 2;
0.0299287, 2;
0.0300173, 2;
0.0299947, 2;
0.0299128, 2;
0.0300026, 2;
0.030011, 2;
0.030941, 2;
0.031065, 2;
0.0321884, 2;
0.0297758, 2;
0.0308923, 2;
0.0319938, 2;
0.0319857, 2;
0.0309442, 2;
0.0311776, 2;
0.032092, 2;
0.0307153, 2;
0.0311224, 2;
0.0304809, 2;
0.0299677, 2;
0.0309863, 2;
0.0299616, 2;
0.0310225, 2;
0.0307635, 2;
0.0320762, 2;
0.0318026, 2;
0.0299517, 2;
0.0299728, 2;
0.0319815, 2;
0.0319236, 2;
0.0305756, 2;
0.0305757, 2;
0.0326527, 2;
0.0293102, 2;
0.0299802, 2;
0.0310992, 2;
0.0315033, 2;
0.0319572, 2;
0.0308522, 2;
0.0309752, 2;
0.0320891, 2;
0.0318822, 2;
0.0318753, 2;
0.0319923, 2;
0.0309813, 2;
0.0300524, 2;
0.0308367, 2;
0.0309534, 2;
0.0319702, 2;
0.031972, 2;
0.0320669, 2;
0.0303692, 2;
0.0314463, 2;
0.0318629, 2;
0.0306184, 2;
0.0307968, 2;
0.0304138, 2;
0.0310005, 2;
0.0298725, 2;
0.0309171, 2;
0.030102, 2;
0.0317874, 2;
0.0319535, 2;
0.0319447, 2;
0.0319779, 2;
0.0309615, 2;
0.0309827, 2;
0.03186, 2;
0.0299187, 2;
0.0299741, 2;
0.0310514, 2;
0.031563, 2;
0.0311838, 2;
0.0301237, 2;
0.0297824, 2;
0.0309712, 2;
0.0301347, 2;
0.0317468, 2;
0.0319998, 2;
0.0309023, 2;
0.03095, 2;
0.0299686, 2;
0.0310456, 2;
0.0299559, 2;
0.0311051, 2;
0.0308709, 2;
0.0308945, 2;
0.0318379, 2;
0.0319681, 2;
0.0313055, 2;
0.0316289, 2;
0.0318576, 2;
0.031535, 2;
0.030206, 2;
0.0320553, 2;
0.0318949, 2;
0.0319852, 2;
0.0299599, 2;
0.0308795, 2;
0.0310758, 2;
0.0297962, 2;
0.0309816, 2;
0.0300119, 2;
0.0308722, 2;
0.0308214, 2;
0.0303512, 2;
0.0308122, 2;
0.031846, 2;
0.0319759, 2;
0.0308427, 2;
0.0309995, 2;
0.0318785, 2;
0.029968, 2;
0.0310339, 2;
0.0298713, 2;
0.0317115, 2;
0.0310621, 2;
0.0305908, 2;
0.0313567, 2;
0.0309636, 2;
0.0309872, 2;
0.0309243, 2;
0.0309605, 2;
0.0299292, 2;
0.0319645, 2;
0.0329199, 2;
0.0328529, 2;
0.0295315, 2;
0.0310427, 2;
0.0313206, 2;
0.0319583, 2;
0.0319627, 2;
0.0317098, 2;
0.0308788, 2;
0.03094, 2;
0.0320943, 2;
0.0300156, 2;
0.0320178, 2;
0.0325033, 2;
0.0304335, 2;
0.0309945, 2;
0.0319074, 2;
0.0308697, 2;
0.0312726, 2;
0.0320746, 2;
0.0316869, 2;
0.0307698, 2;
0.0299045, 2;
0.0311311, 2;
0.0309785, 2;
0.0298254, 2;
0.0309829, 2;
0.0317812, 2;
0.0303173, 2;
0.0316414, 2;
0.0321422, 2;
0.0307535, 2;
0.0300007, 2;
0.0317931, 2;
0.0344103, 2;
0.043592, 2;
0.0318781, 2;
0.0310053, 2;
0.0298852, 2;
0.0317168, 2;
0.0315065, 2;
0.0306525, 2;
0.0310229, 2;
0.0317444, 2;
0.0320456, 2;
0.0319549, 2;
0.0319109, 2;
0.0310181, 2;
0.0297397, 2;
0.031204, 2;
0.0304163, 2;
0.0303478, 2;
0.0309718, 2;
0.0309688, 2;
0.0310392, 2;
0.0322724, 2;
0.0296404, 2;
0.0309147, 2;
0.0299802, 2;
0.0297754, 2;
0.0319187, 2;
0.0323699, 2;
0.0295483, 2;
0.0309812, 2;
0.0301351, 2;
0.0306718, 2;
0.0305828, 2;
0.0302771, 2;
0.030405, 2;
0.0305979, 2;
0.0299469, 2;
0.0299553, 2;
0.0319549, 2;
0.029929, 2;
0.0315936, 2;
0.0315635, 2;
0.0297489, 2;
0.0319367, 2;
0.0298859, 2;
0.0309489, 2;
0.0304844, 2;
0.0321332, 2;
0.0303114, 2;
0.0308305, 2;
0.0299585, 2;
0.0309165, 2;
0.0299767, 2;
0.0300184, 2;
0.0318697, 2;
0.0321023, 2;
0.0307664, 2;
0.0300104, 2;
0.0319468, 2;
0.0318946, 2;
0.0310134, 2;
0.030237, 2;
0.0307186, 2;
0.0298688, 2;
0.0318809, 2;
0.0310371, 2;
0.0308363, 2;
0.0299438, 2;
0.0320444, 2;
0.032169, 2;
0.0306568, 2;
0.0299769, 2;
0.0300044, 2;
0.0298176, 2;
0.0309995, 2;
0.0320017, 2;
0.0309954, 2;
0.0298791, 2;
0.0310962, 2;
0.031776, 2;
0.0319966, 2;
0.0312075, 2;
0.0316163, 2;
0.0309278, 2;
0.0307425, 2;
0.0301395, 2;
0.0309674, 2;
0.0296641, 2;
0.0312576, 2;
0.0318956, 2;
0.031999, 2;
0.0298789, 2;
0.031687, 2;
0.0312338, 2;
0.0309562, 2;
0.0299586, 2;
0.0310035, 2;
0.0309102, 2;
0.0299375, 2;
0.0311245, 2;
0.0298258, 2;
0.0305795, 2;
0.031495, 2;
0.0296852, 2;
0.0310395, 2;
0.0321184, 2;
0.0316863, 2;
0.0319375, 2;
0.0300928, 2;
0.0313887, 2;
0.0314467, 2;
0.0318795, 2;
0.0319426, 2;
0.031914, 2;
0.0320206, 2;
0.0318872, 2;
0.0312933, 2;
0.0306374, 2;
0.0299775, 2;
0.030962, 2;
0.0318194, 2;
0.0310151, 2;
0.0299225, 2;
0.0313969, 2;
0.0320436, 2;
0.0313831, 2;
0.0308996, 2;
0.0300479, 2;
0.0309458, 2;
0.0313927, 2;
0.0303839, 2;
0.0320976, 2;
0.0318435, 2;
0.0311327, 2;
0.0316534, 2;
0.0301196, 2;
0.0319216, 2;
0.0308769, 2;
0.0320005, 2;
0.0319747, 2;
0.032022, 2;
0.0318745, 2;
0.0318814, 2;
0.0317456, 2;
0.0312105, 2;
0.0318939, 2;
0.0318951, 2;
0.0319653, 2;
0.0322371, 2;
0.031659, 2;
0.0318935, 2;
0.0303734, 2;
0.03158, 2;
0.0319757, 2;
0.0308861, 2;
0.0300163, 2;
0.0312199, 2;
0.0307065, 2;
0.031881, 2;
0.029945, 2;
0.0311816, 2;
0.0316827, 2;
0.0319816, 2;
0.0312727, 2;
0.0316759, 2;
0.0310604, 2;
0.0317945, 2;
0.0320483, 2;
0.0309543, 2;
0.0307777, 2;
0.0333883, 2;
0.0304404, 2;
0.0301589, 2;
0.0318528, 2;
0.0322195, 2;
0.0309661, 2;
0.0315527, 2;
0.0319554, 2;
0.0320168, 2;
0.0318173, 2;
0.0310445, 2;
0.0309295, 2;
0.0299006, 2;
0.0305488, 2;
0.0314677, 2;
0.0307184, 2;
0.0300852, 2;
0.0309259, 2;
0.030956, 2;
0.0299278, 2;
0.0310297, 2;
0.0319716, 2;
0.0303626, 2;
0.0304389, 2;
0.0319323, 2;
0.0319345, 2;
0.0305789, 2;
0.0310463, 2;
0.0312171, 2;
0.0319565, 2;
0.0341889, 2;
0.043678, 2;
0.0319198, 2;
0.0300009, 2;
0.0321277, 2;
0.031784, 2;
0.030899, 2;
0.0309054, 2;
0.0319937, 2;
0.0322133, 2;
0.0312343, 2;
0.0319269, 2;
0.0320058, 2;
0.0312468, 2;
0.0309663, 2;
0.0299933, 2;
0.0337609, 2;
0.0440951, 2;
0.0308438, 2;
0.030036, 2;
0.0300276, 2;
0.0318841, 2;
0.0312068, 2;
0.0298283, 2;
0.0308865, 2;
0.029827, 2;
0.031033, 2;
0.0298983, 2;
0.0316296, 2;
0.0317086, 2;
0.0304674, 2;
0.030037, 2;
0.0302623, 2;
0.0315742, 2;
0.0319423, 2;
0.0318963, 2;
0.031963, 2;
0.030823, 2;
0.0320546, 2;
0.0319607, 2;
0.0319823, 2;
0.0298692, 2;
0.0309328, 2;
0.0300089, 2;
0.0315549, 2;
0.0313868, 2;
0.0318673, 2;
0.0319293, 2;
0.0300944, 2;
0.0309088, 2;
0.0316704, 2;
0.032038, 2;
0.0305993, 2;
0.0313264, 2;
0.0319076, 2;
0.0320662, 2;
0.0318556, 2;
0.0314221, 2;
0.0294111, 2;
0.0309896, 2;
0.0307304, 2;
0.0321382, 2;
0.0319632, 2;
0.0308905, 2;
0.0310002, 2;
0.0310925, 2;
0.029809, 2;
0.0297294, 2;
0.0312314, 2;
0.0299025, 2;
0.0309332, 2;
0.0309613, 2;
0.0299244, 2;
0.0309363, 2;
0.0316746, 2;
0.0294275, 2;
0.0297121, 2;
0.0318549, 2;
0.0313259, 2;
0.0296232, 2;
0.031006, 2;
0.0319167, 2;
0.0299006, 2;
0.0300102, 2;
0.030224, 2;
0.0316494, 2;
0.0309653, 2;
0.0319897, 2;
0.0318664, 2;
0.0318748, 2;
0.029988, 2;
0.032052, 2;
0.0307971, 2;
0.0310785, 2;
0.0318197, 2;
0.0317703, 2;
0.0321216, 2;
0.0304676, 2;
0.0312646, 2;
0.0310583, 2;
0.0309948, 2;
0.0310472, 2;
0.0309013, 2;
0.0308892, 2;
0.0314309, 2;
0.0315199, 2;
0.0320295, 2;
0.0319244, 2;
0.0320323, 2;
0.0319535, 2;
0.0317172, 2;
0.0301532, 2;
0.0301391, 2;
0.0315129, 2;
0.0309231, 2;
0.0311407, 2;
0.030803, 2;
0.0300512, 2;
0.0306657, 2;
0.0311312, 2;
0.0299173, 2;
0.0309561, 2;
0.030992, 2;
0.0299308, 2;
0.031043, 2;
0.0314296, 2;
0.02941, 2;
0.0298638, 2;
0.0299497, 2;
0.0299575, 2;
0.0300305, 2;
0.0295846, 2;
0.0302611, 2;
0.0307004, 2;
0.0311202, 2;
0.0319722, 2;
0.031945, 2;
0.0319491, 2;
0.0326319, 2;
0.0297543, 2;
0.0314519, 2;
0.0320309, 2;
0.0318684, 2;
0.0319485, 2;
0.0318856, 2;
0.0309639, 2;
0.0312961, 2;
0.0307323, 2;
0.0298253, 2;
0.0299778, 2;
0.0303, 2;
0.0320147, 2;
0.0330487, 2;
0.0298841, 2;
0.0299622, 2;
0.031054, 2;
0.0299183, 2;
0.0307198, 2;
0.0309056, 2;
0.031322, 2;
0.0302255, 2;
0.0320814, 2;
0.0316775, 2;
0.0319835, 2;
0.0320062, 2;
0.0319952, 2;
0.0319326, 2;
0.0308647, 2;
0.0306897, 2;
0.0313665, 2;
0.0297877, 2;
0.0319002, 2;
0.0310593, 2;
0.0299049, 2;
0.0309194, 2;
0.0307218, 4;
0.0153482, 9;
0.0158957, 9;
0.0149975, 9;
0.0150917, 9;
0.0148432, 9;
0.0159664, 9;
0.0157343, 9;
0.0160975, 9;
0.0151784, 9;
0.014865, 9;
0.0148391, 9;
0.0160693, 9;
0.0158402, 9;
0.0156293, 9;
0.0161593, 9;
0.015857, 9;
0.0149135, 9;
0.0158702, 9;
0.0150449, 9;
0.0153464, 9;
0.0159039, 9;
0.0160021, 9;
0.0161874, 9;
0.0158199, 9;
0.0159064, 9;
0.0159434, 9;
0.0159733, 9;
0.0159492, 9;
0.0149025, 9;
0.0149914, 9;
0.0160201, 9;
0.0149155, 9;
0.0152986, 9;
0.0157856, 9;
0.0159145, 9;
0.0160417, 9;
0.016026, 9;
0.0158797, 9;
0.0158819, 9;
0.0159935, 9;
0.0149949, 9;
0.0149974, 9;
0.0149504, 9;
0.0160629, 9;
0.0149482, 9;
0.0148782, 9;
0.0154177, 9;
0.016133, 9;
0.0148422, 9;
0.0148994, 9;
0.0156126, 9;
0.0150734, 9;
0.0148346, 9;
0.0160037, 9;
0.0158891, 9;
0.0160819, 9;
0.0159445, 9;
0.0160618, 9;
0.0158647, 9;
0.015821, 9;
0.0157311, 9;
0.0153832, 9;
0.0159478, 9;
0.0148974, 9;
0.0150014, 9;
0.0149851, 9;
0.0149688, 9;
0.0158925, 9;
0.0160014, 9;
0.0160283, 9;
0.015916, 9;
0.016074, 9;
0.0159214, 9;
0.0157891, 9;
0.0162563, 9;
0.0145997, 9;
0.0149675, 9;
0.0172014, 9;
0.0147722, 9;
0.0152705, 9;
0.0148858, 9;
0.0149281, 9;
0.0149588, 9;
0.0152175, 9;
0.0157605, 9;
0.0159557, 9;
0.0158441, 9;
0.0150842, 9;
0.0160623, 9;
0.0149328, 9;
0.0149104, 9;
0.0149711, 9;
0.0149797, 9;
0.0149831, 9;
0.0150131, 9;
0.0161082, 9;
0.0159145, 9;
0.0158738, 9;
0.0159011, 9;
0.0161646, 9;
0.015904, 9;
0.0148745, 9;
0.0153573, 9;
0.0152631, 9;
0.0154713, 9;
0.0157464, 9;
0.016025, 9;
0.0160211, 9;
0.0160576, 9;
0.0157965, 9;
0.0160949, 9;
0.0159753, 9;
0.015847, 9;
0.0159737, 9;
0.0158608, 9;
0.0150509, 9;
0.0148831, 9;
0.0150825, 9;
0.0153522, 9;
0.0157959, 9;
0.0155405, 9;
0.0154163, 9;
0.0148401, 9;
0.0149064, 9;
0.015987, 9;
0.0149633, 9;
0.0149231, 9;
0.0158396, 9;
0.0153356, 9;
0.0148147, 9;
0.0149681, 9;
0.0153987, 9;
0.0161378, 9;
0.0158725, 9;
0.0160071, 9;
0.0152827, 9;
0.0150999, 9;
0.0161123, 9;
0.014915, 9;
0.0152974, 9;
0.0145248, 9;
0.0166348, 9;
0.0154091, 9;
0.0149164, 9;
0.015015, 9;
0.0146856, 9;
0.0152838, 9;
0.0160955, 9;
0.0158973, 9;
0.014888, 9;
0.0149658, 9;
0.0159726, 9;
0.0160333, 9;
0.0160428, 9;
0.0148699, 9;
0.0154836, 9;
0.0155481, 9;
0.0160333, 9;
0.0157932, 9;
0.016023, 9;
0.015885, 9;
0.0160485, 9;
0.0160049, 9;
0.015864, 9;
0.0150134, 9;
0.014962, 9;
0.0160097, 9;
0.0149272, 9;
0.0150445, 9;
0.016005, 9;
0.0161993, 9;
0.0148054, 9;
0.0148687, 9;
0.0159899, 9;
0.0161044, 9;
0.0155424, 9;
0.01578, 9;
0.0159298, 9;
0.0154281, 9;
0.0159765, 9;
0.01589, 9;
0.0161334, 9;
0.015862, 9;
0.0160334, 9;
0.0146304, 9;
0.0151233, 9;
0.0160046, 9;
0.0155279, 9;
0.0154561, 9;
0.016136, 9;
0.0148479, 9;
0.0149722, 9;
0.0160019, 9;
0.0155631, 9;
0.0154256, 9;
0.0149173, 9;
0.0160338, 9;
0.0160199, 9;
0.0161895, 9;
0.0152733, 9;
0.0157765, 9;
0.0155334, 9;
0.0158758, 9;
0.016037, 9;
0.0160336, 9;
0.0157802, 9;
0.0150911, 9;
0.0149722, 9;
0.0152473, 9;
0.0155013, 9;
0.0151744, 9;
0.0161049, 9;
0.0159008, 9;
0.014973, 9;
0.0148819, 9;
0.0152483, 9;
0.0159247, 9;
0.0148166, 9;
0.0149824, 9;
0.0161183, 9;
0.0148077, 9;
0.0146133, 9;
0.016212, 9;
0.0151214, 9;
0.0158173, 9;
0.0161042, 9;
0.015896, 9;
0.0159519, 9;
0.016253, 9;
0.0147043, 9;
0.0149683, 9;
0.0160403, 9;
0.0158373, 9;
0.0156124, 9;
0.0153902, 9;
0.0154362, 9;
0.014621, 9;
0.0158595, 9;
0.0149749, 9;
0.0160967, 9;
0.0159981, 9;
0.0157841, 9;
0.0154144, 9;
0.0155225, 9;
0.0161321, 9;
0.0159146, 9;
0.0160834, 9;
0.0158724, 9;
0.0149138, 9;
0.0149808, 9;
0.0160154, 9;
0.0152078, 9;
0.0180154, 9;
0.0127942, 9;
0.0149912, 9;
0.0149464, 9;
0.0149901, 9;
0.0156703, 9;
0.0161473, 9;
0.0158669, 9;
0.0160577, 9;
0.0160285, 9;
0.0147004, 9;
0.0153931, 9;
0.0216429, 9;
0.010121, 9;
0.0170504, 9;
0.0190783, 9;
0.0132784, 9;
0.012324, 9;
0.016047, 9;
0.0159647, 9;
0.0160131, 9;
0.0159394, 9;
0.0158585, 9;
0.0154481, 9;
0.0160226, 9;
0.0160257, 9;
0.0145847, 9;
0.0150065, 9;
0.0159795, 9;
0.0160737, 9;
0.014881, 9;
0.01493, 9;
0.0167708, 9;
0.0150474, 9;
0.0149724, 9;
0.0150061, 9;
0.0149859, 9;
0.015983, 9;
0.0150128, 9;
0.0159645, 9;
0.0158725, 9;
0.0160679, 9;
0.0158914, 9;
0.016087, 9;
0.0159437, 9;
0.014913, 9;
0.0154277, 9;
0.0159411, 9;
0.0163536, 9;
0.0156236, 9;
0.0154649, 9;
0.0160414, 9;
0.0160369, 9;
0.0159914, 9;
0.0159336, 9;
0.0151212, 9;
0.0158999, 9;
0.0161711, 9;
0.0157179, 9;
0.0149306, 9;
0.0156358, 9;
0.0160873, 9;
0.015973, 9;
0.0160415, 9;
0.0164632, 9;
0.0155646, 9;
0.0151128, 9;
0.0156803, 9;
0.0151286, 9;
0.0159268, 9;
0.0160708, 9;
0.0159859, 9;
0.0162103, 9;
0.015758, 9;
0.0158988, 9;
0.0161415, 9;
0.0159586, 9;
0.0163989, 9;
0.0154664, 9;
0.0149983, 9;
0.0158734, 9;
0.0151026, 9;
0.0157638, 9;
0.0155941, 9;
0.0154611, 9;
0.0158292, 9;
0.0150586, 9;
0.015934, 9;
0.0150282, 9;
0.0149269, 9;
0.0155844, 9;
0.0154817, 9;
0.0159266, 9;
0.0160658, 9;
0.015913, 9;
0.0159793, 9;
0.0159928, 9;
0.0159487, 9;
0.0160224, 9;
0.0158079, 9;
0.0155044, 9;
0.0154799, 9;
0.0151859, 9;
0.0149383, 9;
0.0163754, 9;
0.0144345, 9;
0.0149257, 9;
0.0162401, 9;
0.0146824, 9;
0.0150173, 9;
0.0162005, 9;
0.0156447, 9;
0.0160515, 9;
0.0160381, 9;
0.0159135, 9;
0.0149184, 9;
0.0155333, 9;
0.0155408, 9;
0.0158572, 9;
0.01607, 9;
0.0158945, 9;
0.0160502, 9;
0.0148978, 9;
0.0149111, 9;
0.0148335, 9;
0.0151224, 9;
0.0160611, 9;
0.0159359, 9;
0.0161018, 9;
0.0149012, 9;
0.0151692, 9;
0.0163086, 9;
0.0136503, 9;
0.0156663, 9;
0.0160483, 9;
0.0160254, 9;
0.0158359, 9;
0.0160021, 9;
0.0161568, 9;
0.0155977, 9;
0.0158759, 9;
0.0153461, 9;
0.0158412, 9;
0.0153133, 9;
0.0158415, 9;
0.0149429, 9;
0.0158912, 9;
0.0148894, 9;
0.0150361, 9;
0.0151292, 9;
0.0148016, 9;
0.0149532, 9;
0.014908, 9;
0.0159905, 9;
0.0160707, 9;
0.0160097, 9;
0.0159741, 9;
0.014827, 9;
0.0149528, 9;
0.0161397, 9;
0.0158911, 9;
0.0160251, 9;
0.015896, 9;
0.0161372, 9;
0.01581, 9;
0.0159769, 9;
0.0149444, 9;
0.0149898, 9;
0.0159228, 9;
0.0161289, 9;
0.0160267, 9;
0.0158045, 9;
0.0160752, 9;
0.0158303, 9;
0.0160974, 9;
0.0159127, 9;
0.0152181, 9;
0.0150528, 9;
0.0157099, 9;
0.0159296, 9;
0.0160323, 9;
0.0156774, 9;
0.015991, 9;
0.0151161, 9;
0.0149963, 9;
0.0149354, 9;
0.0159311, 9;
0.0153213, 9;
0.0157348, 9;
0.0159016, 9;
0.0160303, 9;
0.0159925, 9;
0.014798, 9;
0.0157328, 9;
0.0152948, 9;
0.0160794, 9;
0.0159488, 9;
0.0160163, 9;
0.0162315, 9;
0.0171898, 9;
0.0133441, 9;
0.0149881, 9;
0.0150502, 9;
0.014977, 9;
0.0155356, 9;
0.0142636, 9;
0.0149478, 9;
0.0150335, 9;
0.0161577, 9;
0.0147441, 9;
0.0151045, 9;
0.0159563, 9;
0.0158562, 9;
0.0149904, 9;
0.0149192, 9;
0.015338, 9;
0.0159664, 9;
0.0155871, 9;
0.0161036, 9;
0.0159637, 9;
0.0159226, 9;
0.0155257, 9;
0.0153778, 9;
0.0160086, 9;
0.0159896, 9;
0.0151053, 9;
0.0149014, 9;
0.0148666, 9;
0.0160087, 9;
0.0149085, 9;
0.0149759, 9;
0.0160786, 9;
0.0148652, 9;
0.0151896, 9;
0.0159036, 9;
0.0149325, 9;
0.0157642, 9;
0.0161347, 9;
0.0159528, 9;
0.0153756, 9;
0.0155364, 9;
0.015, 9;
0.0160768, 9;
0.0159388, 9;
0.01599, 9;
0.0158817, 9;
0.014945, 9;
0.0149479, 9;
0.0149155, 9;
0.014978, 9;
0.016162, 9;
0.0164633, 9;
0.015325, 9;
0.0159933, 9;
0.0161531, 9;
0.0158453, 9;
0.0159002, 9;
0.0160219, 9;
0.0162535, 9;
0.0156095, 9;
0.0162466, 9;
0.0157176, 9;
0.0149987, 9;
0.0149417, 9;
0.0160592, 9;
0.0160752, 9;
0.0149081, 9;
0.0159619, 9;
0.0157989, 9;
0.0153582, 9;
0.0156937, 9;
0.0148949, 9;
0.0150329, 9;
0.0159339, 9;
0.0149776, 9;
0.0159813, 9;
0.0158228, 9;
0.0160964, 9;
0.0160123, 9;
0.0152014, 9;
0.0157479, 9;
0.015049, 9;
0.0159808, 9;
0.0159008, 9;
0.0162363, 9;
0.0156615, 9;
0.0159542, 9;
0.0159157, 9;
0.0160725, 9;
0.0150586, 9;
0.0148601, 9;
0.0149211, 9;
0.0147567, 9;
0.015146, 9;
0.0171809, 9;
0.0148007, 9;
0.0149639, 9;
0.0150095, 9;
0.0161668, 9;
0.0148735, 9;
0.0149145, 9;
0.0160876, 9;
0.0157316, 9;
0.0160296, 9;
0.01598, 9;
0.0155719, 9;
0.0147992, 9;
0.0160554, 9;
0.0151097, 9;
0.016134, 9;
0.0159711, 9;
0.0159161, 9;
0.0148933, 9;
0.0151688, 9;
0.0161215, 9;
0.0159226, 9;
0.0149668, 9;
0.0149924, 9;
0.0159275, 9;
0.0160983, 9;
0.0159913, 9;
0.0158685, 9;
0.0160851, 9;
0.0158978, 9;
0.0159631, 9;
0.0158598, 9;
0.0161795, 9;
0.0157828, 9;
0.0151757, 9;
0.0158997, 9;
0.0159665, 9;
0.0159982, 9;
0.0151088, 9;
0.0150361, 9;
0.015698, 9;
0.0158199, 9;
0.0159231, 9;
0.0153402, 9;
0.0157453, 9;
0.0150838, 9;
0.0158872, 9;
0.0148724, 9;
0.0149932, 9;
0.0159795, 9;
0.0160105, 9;
0.0154414, 9;
0.015747, 9;
0.0149515, 9;
0.0157561, 9;
0.0162539, 9;
0.0156474, 9;
0.0160085, 9;
0.0159169, 9;
0.0149388, 9;
0.0150428, 9;
0.0160129, 9;
0.0159504, 9;
0.0160074, 9;
0.015895, 9;
0.015472, 9;
0.0153908, 9;
0.0150024, 9;
0.0149274, 9;
0.0150952, 9;
0.0151421, 9;
0.0157685, 9;
0.0161438, 9;
0.0157877, 9;
0.0159409, 9;
0.0149253, 9;
0.0150997, 9;
0.0149377, 9;
0.014857, 9;
0.016127, 9;
0.0147565, 9;
0.0150764, 9;
0.0156642, 9;
0.0165284, 9;
0.0147896, 9;
0.0160584, 9;
0.0158789, 9;
0.0159703, 9;
0.0159518, 9;
0.0155668, 9;
0.0155527, 9;
0.0157388, 9;
0.0155945, 9;
0.015487, 9;
0.0155899, 9;
0.0149477, 9;
0.0152368, 9;
0.0154945, 9;
0.0154675, 9;
0.0165796, 9;
0.015509, 9;
0.0160081, 9;
0.0158245, 9;
0.0160313, 9;
0.0159351, 9;
0.0160808, 9;
0.0158744, 9;
0.0170873, 9;
0.0141234, 9;
0.0147046, 9;
0.0159733, 9;
0.0160162, 9;
0.0159781, 9;
0.0153312, 9;
0.0154787, 9;
0.0159498, 9;
0.0159171, 9;
0.0161175, 9;
0.0159385, 9;
0.0148151, 9;
0.0152167, 9;
0.0145688, 9;
0.0150058, 9;
0.0151895, 9;
0.0159877, 9;
0.0149129, 9;
0.015021, 9;
0.0160218, 9;
0.0161057, 9;
0.0158182, 9;
0.0159812, 9;
0.0150436, 9;
0.016075, 9;
0.0149037, 9;
0.0159365, 9;
0.0164625, 9;
0.0153704, 9;
0.0156498, 9;
0.0153927, 9;
0.0150472, 9;
0.0159284, 9;
0.0160739, 9;
0.0160155, 9;
0.0156932, 9;
0.0149524, 9;
0.0151391, 9;
0.0151886, 9;
0.0155328, 9;
0.0152406, 9;
0.0159277, 9;
0.0148369, 9;
0.0150228, 9;
0.0160457, 9;
0.0159279, 9;
0.0159497, 9;
0.0160633, 9;
0.0159558, 9;
0.0149178, 9;
0.0146525, 9;
0.0168218, 9;
0.0143323, 9;
0.0151946, 9;
0.0148547, 9;
0.0157658, 9;
0.0153212, 9;
0.0157693, 9;
0.0159739, 9;
0.0159418, 9;
0.0160085, 9;
0.016025, 9;
0.0159742, 9;
0.0148204, 9;
0.0150163, 9;
0.0163343, 9;
0.0156571, 9;
0.014598, 9;
0.0152702, 9;
0.0164287, 9;
0.0155083, 9;
0.0150687, 9;
0.0159236, 9;
0.014966, 9;
0.0149882, 9;
0.0160639, 9;
0.0148525, 9;
0.0149619, 9;
0.0181462, 9;
0.0128258, 9;
0.0160713, 9;
0.0160214, 9;
0.0158532, 9;
0.01608, 9;
0.0158109, 9;
0.0155103, 9;
0.0154828, 9;
0.0160783, 9;
0.0158241, 9;
0.0149686, 9;
0.014948, 9;
0.0150383, 9;
0.0155868, 9;
0.0153762, 9;
0.0156803, 9;
0.0154259, 9;
0.0162992, 9;
0.0143714, 9;
0.014898, 9;
0.0149952, 9;
0.0150418, 9;
0.0159231, 9;
0.0150066, 9;
0.0149825, 9;
0.0160909, 9;
0.0149097, 9;
0.0155447, 9;
0.0164086, 9;
0.0150138, 9;
0.0159618, 9;
0.0159746, 9;
0.0162358, 9;
0.0153543, 9;
0.0152228, 9;
0.016078, 9;
0.0148543, 9;
0.0159786, 9;
0.0149997, 9;
0.0150854, 9;
0.0152358, 9;
0.0156696, 9;
0.0159992, 9;
0.0158986, 9;
0.0148751, 9;
0.0154864, 9;
0.0155355, 9;
0.0159594, 9;
0.0159974, 9;
0.0160054, 9;
0.0160334, 9;
0.0158719, 9;
0.0159921, 9;
0.0159836, 9;
0.0158928, 9;
0.015975, 9;
0.015918, 9;
0.015319, 9;
0.0156369, 9;
0.0150304, 9;
0.0159888, 9;
0.0148817, 9;
0.0150568, 9;
0.0164396, 9;
0.0155895, 9;
0.0158225, 9;
0.0164601, 9;
0.0153464, 9;
0.0152399, 9;
0.0149541, 9;
0.015889, 9;
0.0159794, 9;
0.0160767, 9;
0.0160533, 9;
0.0158966, 9;
0.01604, 9;
0.0157735, 9;
0.0160746, 9;
0.0148818, 9;
0.0159774, 9;
0.0159415, 9;
0.0150375, 9;
0.0150421, 9;
0.0169057, 9;
0.0150303, 9;
0.015932, 9;
0.0150441, 9;
0.0148141, 9;
0.0160352, 9;
0.0149017, 9;
0.0152345, 9;
0.0157325, 9;
0.0159761, 9;
0.0160915, 9;
0.0153034, 9;
0.0156766, 9;
0.0149163, 9;
0.0158584, 9;
0.0161326, 9;
0.0159039, 9;
0.0159218, 9;
0.0161825, 9;
0.015854, 9;
0.0149766, 9;
0.0159114, 9;
0.0149429, 9;
0.0160339, 9;
0.015872, 9;
0.0158933, 9;
0.0163979, 9;
0.015754, 9;
0.0153454, 9;
0.0145248, 9;
0.0159678, 9;
0.0160075, 9;
0.0160378, 9;
0.0148771, 9;
0.0148809, 9;
0.0150099, 9;
0.0149507, 9;
0.0149628, 9;
0.0149775, 9;
0.0175439, 9;
0.0146451, 9;
0.0147893, 9;
0.0160433, 9;
0.0148423, 9;
0.014982, 9;
0.015981, 9;
0.0159642, 9;
0.0149524, 9;
0.0149818, 9;
0.0160443, 9;
0.0160634, 9;
0.0158293, 9;
0.0158191, 9;
0.0160186, 9;
0.0148107, 9;
0.0150376, 9;
0.0153814, 9;
0.015723, 9;
0.015484, 9;
0.015491, 9;
0.0162546, 9;
0.0157661, 9;
0.0158965, 9;
0.0159866, 9;
0.016004, 9;
0.0157562, 9;
0.0151944, 9;
0.0150897, 9;
0.015989, 9;
0.0158947, 9;
0.0159382, 9;
0.0159702, 9;
0.0159468, 9;
0.0159098, 9;
0.0160866, 9;
0.0159673, 9;
0.0148551, 9;
0.0149396, 9;
0.0161444, 9;
0.0159483, 9;
0.0159723, 9;
0.0159143, 9;
0.0154827, 9;
0.0155721, 9;
0.0158928, 9;
0.0155407, 9;
0.0157363, 9;
0.0160784, 9;
0.0156249, 9;
0.0157973, 9;
0.0159722, 9;
0.0159356, 9;
0.0160872, 9;
0.0159722, 9;
0.0161011, 9;
0.0155964, 9;
0.0159552, 9;
0.0160331, 9;
0.0153419, 9;
0.014684, 9;
0.0148501, 9;
0.0162436, 9;
0.0156628, 9;
0.0149869, 9;
0.0151864, 9;
0.0158892, 9;
0.0160117, 9;
0.0159429, 9;
0.0149875, 9;
0.0150716, 9;
0.0154475, 9;
0.0156198, 9;
0.0159737, 9;
0.0154218, 9;
0.0152534, 9;
0.015017, 9;
0.0156757, 9;
0.0153274, 9;
0.0149439, 9;
0.0149878, 9;
0.0159416, 9;
0.0148951, 9;
0.0149399, 9;
0.0179565, 9;
0.0131341, 9;
0.0148346, 9;
0.0159515, 9;
0.0150013, 9;
0.0149481, 9;
0.0159784, 9;
0.0150564, 9;
0.0149891, 9;
0.0160334, 9;
0.0148589, 9;
0.0147752, 9;
0.0161067, 9;
0.0162536, 9;
0.0156637, 9;
0.0150291, 9;
0.0162194, 9;
0.0136877, 9;
0.0150568, 9;
0.0160111, 9;
0.01599, 9;
0.0161988, 9;
0.015803, 9;
0.0149294, 9;
0.0149361, 9;
0.0163091, 9;
0.014689, 9;
0.0149575, 9;
0.0161717, 9;
0.0159325, 9;
0.0146105, 9;
0.0150092, 9;
0.0149449, 9;
0.0149767, 9;
0.0159963, 9;
0.0151351, 9;
0.0159392, 9;
0.0148254, 9;
0.0161739, 9;
0.0150205, 9;
0.0158912, 9;
0.0158181, 9;
0.0160182, 9;
0.0168266, 9;
0.0147266, 9;
0.0159698, 9;
0.0160215, 9;
0.0152019, 9;
0.0160125, 9;
0.0149771, 9;
0.0150506, 9;
0.0160224, 9;
0.0152738, 9;
0.0159179, 9;
0.0159549, 9;
0.0159197, 9;
0.016069, 9;
0.015721, 9;
0.0148046, 9;
0.0148411, 9;
0.0160701, 9;
0.0159072, 9;
0.0161864, 9;
0.0164106, 9;
0.0154668, 9;
0.0149335, 9;
0.0149767, 9;
0.0149825, 9;
0.0149845, 9;
0.0150274, 9;
0.014938, 9;
0.0149766, 9;
0.0148459, 9;
0.0149799, 9;
0.0160716, 9;
0.0149427, 9;
0.0150368, 9;
0.0159351, 9;
0.0151388, 9;
0.0158535, 9;
0.0159919, 9;
0.015895, 9;
0.0159594, 9;
0.0160083, 9;
0.0163551, 9;
0.0155222, 9;
0.0149063, 9;
0.0150845, 9;
0.0160035, 9;
0.0160783, 9;
0.016254, 9;
0.0156432, 9;
0.0160844, 9;
0.0147696, 9;
0.0149805, 9;
0.0160086, 9;
0.0160834, 9;
0.0158904, 9;
0.0149865, 9;
0.0149995, 9;
0.0149769, 9;
0.0149283, 9;
0.0150451, 9;
0.0149348, 9;
0.0147815, 9;
0.014941, 9;
0.0150084, 9;
0.0150245, 9;
0.0152061, 9;
0.0159788, 9;
0.0160997, 9;
0.015831, 9;
0.0158378, 9;
0.0161133, 9;
0.0167022, 9;
0.0151771, 9;
0.0149477, 9;
0.0158355, 9;
0.0159184, 9;
0.0160305, 9;
0.01603, 9;
0.0159985, 9;
0.0149508, 9;
0.0159795, 9;
0.0150981, 9;
0.0159055, 9;
0.0160184, 9;
0.0159225, 9;
0.015922, 9;
0.015784, 9;
0.0158525, 9;
0.0160792, 9;
0.0159029, 9;
0.0152147, 9;
0.0160346, 9;
0.0158035, 9;
0.0161027, 9;
0.0160589, 9;
0.0147967, 9;
0.014955, 9;
0.0160529, 9;
0.0161728, 9;
0.015652, 9;
0.0150614, 9;
0.014911, 9;
0.0156604, 9;
0.0159131, 9;
0.0150317, 9;
0.0151929, 9;
0.0154461, 9;
0.0156186, 9;
0.0159005, 9;
0.0160527, 9;
0.0159256, 9;
0.0159499, 9;
0.0160454, 9;
0.0158889, 9;
0.016195, 9;
0.0158941, 9;
0.0160483, 9;
0.0147411, 9;
0.0157362, 9;
0.0349143, 9;
0.0138314, 9;
0.0297874, 9;
0.0152922, 9;
0.0151765, 9;
0.0159406, 9;
0.0149383, 9;
0.0150452, 9;
0.0149636, 9;
0.015094, 9;
0.0155602, 9;
0.0152865, 9;
0.0151084, 9;
0.0159244, 9;
0.0160481, 9;
0.0158335, 9;
0.0154601, 9;
0.0173358, 9;
0.0142524, 9;
0.0159268, 9;
0.0159643, 9;
0.0158918, 9;
0.0149416, 9;
0.0150625, 9;
0.0159691, 9;
0.0160319, 9;
0.0158519, 9;
0.0155998, 9;
0.0154819, 9;
0.0158644, 9;
0.0168174, 9;
0.0156993, 9;
0.0155155, 9;
0.0148593, 9;
0.0150484, 9;
0.0159466, 9;
0.0149838, 9;
0.0149226, 9;
0.0159675, 9;
0.0160788, 9;
0.015979, 9;
0.0159615, 9;
0.0160083, 9;
0.0158791, 9;
0.0149105, 9;
0.0160854, 9;
0.0159021, 9;
0.0148531, 9;
0.0149609, 9;
0.0153376, 9;
0.0146961, 9;
0.0159516, 9;
0.0150246, 9;
0.01503, 9;
0.0158713, 9;
0.0155371, 9;
0.0156097, 9;
0.0158855, 9;
0.0145946, 9;
0.0152423, 9;
0.0160549, 9;
0.0156274, 9;
0.0152706, 9;
0.0149763, 9;
0.0149579, 9;
0.0159732, 9;
0.0158189, 9;
0.0161558, 9;
0.0150136, 9;
0.0152862, 9;
0.0157881, 9;
0.0158364, 9;
0.014838, 9;
0.0151122, 9;
0.0150149, 9;
0.0148013, 9;
0.0160373, 9;
0.014911, 9;
0.0149839, 9;
0.0159617, 9;
0.0149634, 9;
0.0150999, 9;
0.0153363, 9;
0.0159203, 9;
0.0159981, 9;
0.0148814, 9;
0.0150432, 9;
0.0159353, 9;
0.0160176, 9;
0.0159688, 9;
0.0160208, 9;
0.0153949, 9;
0.0149494, 9;
0.015064, 9;
0.0158708, 9;
0.0161459, 9;
0.0158857, 9;
0.0153172, 9;
0.0148084, 9;
0.0148377, 9;
0.0159982, 9;
0.0149387, 9;
0.0148602, 9;
0.0151753, 9;
0.0159719, 9;
0.0160304, 9;
0.0158566, 9;
0.0154327, 9;
0.015551, 9;
0.0148973, 9;
0.015458, 9;
0.0155141, 9;
0.0150032, 9;
0.0150096, 9;
0.0159109, 9;
0.0148968, 9;
0.0150093, 9;
0.0160414, 9;
0.0148496, 9;
0.0149615, 9;
0.0146699, 9;
0.0152594, 9;
0.0160561, 9;
0.0159208, 9;
0.01604, 9;
0.016067, 9;
0.01572, 9;
0.015363, 9;
0.0149196, 9;
0.0149128, 9;
0.0150005, 9;
0.0150464, 9;
0.0156916, 9;
0.0160162, 9;
0.0159137, 9;
0.0159841, 9;
0.0154726, 9;
0.0158714, 9;
0.0161258, 9;
0.0134904, 9;
0.01607, 9;
0.0159049, 9;
0.0160141, 9;
0.0159756, 9;
0.015597, 9;
0.0151518, 9;
0.0162565, 9;
0.015827, 9;
0.0149035, 9;
0.014943, 9;
0.0160004, 9;
0.0168667, 9;
0.0150755, 9;
0.0161165, 9;
0.0159322, 9;
0.0149125, 9;
0.0148449, 9;
0.0160463, 9;
0.0161058, 9;
0.0157621, 9;
0.0160875, 9;
0.0158519, 9;
0.015058, 9;
0.0148734, 9;
0.0156027, 9;
0.0149278, 9;
0.0154857, 9;
0.0157055, 9;
0.0152613, 9;
0.0155912, 9;
0.0153744, 9;
0.0158497, 9;
0.0149482, 9;
0.0150853, 9;
0.0160156, 9;
0.0150888, 9;
0.0147806, 9;
0.0160048, 9;
0.0159609, 9;
0.0152458, 9;
0.014633, 9;
0.014936, 9;
0.0156586, 9;
0.0154871, 9;
0.015941, 9;
0.0159267, 9;
0.0156976, 9;
0.0151353, 9;
0.0149878, 9;
0.0161825, 9;
0.0157868, 9;
0.0157851, 9;
0.0152047, 9;
0.0149924, 9;
0.0148674, 9;
0.016027, 9;
0.0151005, 9;
0.0147702, 9;
0.0149975, 9;
0.015, 9;
0.0150063, 9;
0.0160548, 9;
0.0148257, 9;
0.0150496, 9;
0.0160005, 9;
0.0156106, 9;
0.0152697, 9;
0.0153192, 9;
0.0156214, 9;
0.0159905, 9;
0.0159878, 9;
0.0150056, 9;
0.014814, 9;
0.0154777, 9;
0.0152484, 9;
0.0153271, 9;
0.0158498, 9;
0.0154232, 9;
0.0149912, 9;
0.0155912, 9;
0.0165455, 9;
0.0153728, 9;
0.0149505, 9;
0.0160884, 9;
0.0149307, 9;
0.0160562, 9;
0.0158704, 9;
0.0159991, 9;
0.0161448, 9;
0.0158177, 9;
0.0159253, 9;
0.0161039, 9;
0.0163415, 9;
0.0191975, 9;
0.0123178, 9;
0.0160433, 9;
0.0159515, 9;
0.0147393, 9;
0.0150542, 9;
0.0148741, 9;
0.0149659, 9;
0.0147232, 9;
0.0153381, 9;
0.0158713, 9;
0.0154672, 9;
0.0144473, 9;
0.0150924, 9;
0.0161021, 9;
0.0147337, 9;
0.0149892, 9;
0.0160393, 9;
0.0151002, 9;
0.0145374, 9;
0.0153193, 9;
0.0159222, 9;
0.0159747, 9;
0.0160459, 9;
0.0159221, 9;
0.0158036, 9;
0.0151938, 9;
0.0148698, 9;
0.0150067, 9;
0.0150971, 9;
0.0159691, 9;
0.014795, 9;
0.0150524, 9;
0.0160459, 9;
0.0148353, 9;
0.0154759, 9;
0.0153019, 9;
0.0159092, 9;
0.0153844, 9;
0.0162268, 9;
0.0142557, 9;
0.0152378, 9;
0.0168313, 9;
0.015148, 9;
0.0160371, 9;
0.0158382, 9;
0.0160888, 9;
0.0160308, 9;
0.0159032, 9;
0.0160125, 9;
0.0148752, 9;
0.0146824, 9;
0.0152856, 9;
0.0160348, 9;
0.0149839, 9;
0.0150696, 9;
0.015894, 9;
0.0150878, 9;
0.0147282, 9;
0.0159942, 9;
0.0149556, 9;
0.0149434, 9;
0.0160361, 9;
0.0149511, 9;
0.015019, 9;
0.0155689, 9;
0.0154186, 9;
0.0165238, 9;
0.0153737, 9;
0.0159267, 9;
0.0150859, 9;
0.0148406, 9;
0.0150391, 9;
0.0159491, 9;
0.0148875, 9;
0.0150107, 9;
0.0160983, 9;
0.0148446, 9;
0.0159659, 9;
0.0156703, 9;
0.0153068, 9;
0.016695, 9;
0.0153157, 9;
0.0164795, 9;
0.0143631, 9;
0.0150588, 9;
0.016204, 9;
0.0157667, 9;
0.0150513, 9;
0.0148107, 9;
0.0152321, 9;
0.0159902, 9;
0.0159989, 9;
0.0154641, 9;
0.0152388, 9;
0.0159012, 9;
0.0160959, 9;
0.0147827, 9;
0.0149544, 9;
0.0159926, 9;
0.0162434, 9;
0.0150522, 9;
0.015803, 9;
0.0148062, 9;
0.0150079, 9;
0.016023, 9;
0.0149263, 9;
0.0163863, 9;
0.0156322, 9;
0.0146195, 9;
0.0152286, 9;
0.0149841, 9;
0.0160159, 9;
0.0149467, 9;
0.0149559, 9;
0.0160467, 9;
0.0159588, 9;
0.016023, 9;
0.0149176, 9;
0.0150124, 9;
0.0156891, 9;
0.0162232, 9;
0.0149964, 9;
0.015671, 9;
0.0152551, 9;
0.0159558, 9;
0.0158763, 9;
0.0160682, 9;
0.0160723, 9;
0.0159746, 9;
0.0158733, 9;
0.0159703, 9;
0.0156075, 9;
0.0153194, 9;
0.0161764, 9;
0.0157891, 9;
0.0159288, 9;
0.0159631, 9;
0.0159558, 9;
0.0160371, 9;
0.0160661, 9;
0.0157539, 9;
0.0163381, 9;
0.0156684, 9;
0.0154985, 9;
0.015871, 9;
0.0155283, 9;
0.015818, 9;
0.015787, 9;
0.0156322, 9;
0.0157174, 9;
0.0149403, 9;
0.0150431, 9;
0.0149212, 9;
0.0149472, 9;
0.0159708, 9;
0.0149622, 9;
0.0147537, 9;
0.0150897, 9;
0.0159364, 9;
0.0149212, 9;
0.0150121, 9;
0.0160192, 9;
0.0159445, 9;
0.0160469, 9;
0.0158543, 9;
0.0149771, 9;
0.0149294, 9;
0.0160502, 9;
0.0154441, 9;
0.0155535, 9;
0.0158321, 9;
0.0153941, 9;
0.0158279, 9;
0.0149476, 9;
0.014794, 9;
0.0159587, 9;
0.0149581, 9;
0.0149703, 9;
0.016047, 9;
0.0159298, 9;
0.0149302, 9;
0.0149332, 9;
0.0151306, 9;
0.016047, 9;
0.0159342, 9;
0.016359, 9;
0.0145817, 9;
0.0146477, 9;
0.01598, 9;
0.0160478, 9;
0.0184737, 9;
0.0135107, 9;
0.0160591, 9;
0.0159901, 9;
0.0159488, 9;
0.0158625, 9;
0.0160548, 9;
0.016022, 9;
0.0158585, 9;
0.0162395, 9;
0.0158687, 9;
0.015687, 9;
0.015617, 9;
0.015688, 9;
0.0155513, 9;
0.0161997, 9;
0.0153606, 9;
0.0155355, 9;
0.0149837, 9;
0.0160109, 9;
0.0159063, 9;
0.0161192, 9;
0.0156703, 9;
0.0151851, 9;
0.0160858, 9;
0.0148528, 9;
0.0160377, 9;
0.0149558, 9;
0.0148419, 9;
0.0151373, 9;
0.0158774, 9;
0.0160493, 9;
0.015913, 9;
0.0160787, 9;
0.0163289, 9;
0.017442, 9;
0.0211487, 9;
0.0079929, 9;
0.0164057, 9;
0.0142979, 9;
0.0159873, 9;
0.0159706, 9;
0.0160611, 9;
0.0159599, 9;
0.016013, 9;
0.0159931, 9;
0.0148925, 9;
0.0149605, 9;
0.0162195, 9;
0.0158071, 9;
0.0152554, 9;
0.0153109, 9;
0.016098, 9;
0.0152224, 9;
0.0158404, 9;
0.0160794, 9;
0.0160054, 9;
0.0159438, 9;
0.0157448, 9;
0.015987, 9;
0.0151855, 9;
0.0160511, 9;
0.0148747, 9;
0.0157993, 9;
0.0151295, 9;
0.0150508, 9;
0.0148852, 9;
0.0149348, 9;
0.0159684, 9;
0.0160457, 9;
0.0159601, 9;
0.0160222, 9;
0.015964, 9;
0.0159612, 9;
0.015054, 9;
0.0148962, 9;
0.0149412, 9;
0.0154463, 9;
0.0159979, 9;
0.0158015, 9;
0.014986, 9;
0.0149795, 9;
0.0149808, 9;
0.015484, 9;
0.0158716, 9;
0.0152296, 9;
0.0155174, 9;
0.0154223, 9;
0.0159841, 9;
0.0148186, 9;
0.014991, 9;
0.0160254, 9;
0.0159889, 9;
0.0148994, 9;
0.0158979, 9;
0.015008, 9;
0.0150013, 9;
0.0160134, 9;
0.0150385, 9;
0.0153888, 9;
0.0156405, 9;
0.0147851, 9;
0.0150744, 9;
0.0147566, 9;
0.0152112, 9;
0.0161135, 9;
0.0157835, 9;
0.0149777, 9;
0.0148669, 9;
0.014962, 9;
0.0160003, 9;
0.0150262, 9;
0.015126, 9;
0.015841, 9;
0.0160094, 9;
0.0161895, 9;
0.0146975, 9;
0.0156321, 9;
0.0153605, 9;
0.0159722, 9;
0.0148897, 9;
0.0150245, 9;
0.0159114, 9;
0.0150004, 9;
0.0149688, 9;
0.0160404, 9;
0.0149448, 9;
0.0149177, 9;
0.015963, 9;
0.0159676, 9;
0.0155555, 9;
0.0156453, 9;
0.0157456, 9;
0.0152293, 9;
0.0158069, 9;
0.0158821, 9;
0.0160148, 9;
0.0159995, 9;
0.0160838, 9;
0.0158098, 9;
0.0160421, 9;
0.0159972, 9;
0.0154331, 9;
0.0160459, 9;
0.0153395, 9;
0.0160746, 9;
0.0158608, 9;
0.0159029, 9;
0.0159686, 9;
0.0160634, 9;
0.0158143, 9;
0.0151278, 9;
0.0160146, 9;
0.0148577, 9;
0.0149792, 9;
0.0159963, 9;
0.0149671, 9;
0.015496, 9;
0.0155917, 9;
0.0148868, 9;
0.0154291, 9;
0.01545, 9;
0.0159769, 9;
0.0150883, 9;
0.015762, 9;
0.0151296, 9;
0.0158776, 9;
0.0160064, 9;
0.0160156, 9;
0.0160069, 9;
0.0162156, 9;
0.0158072, 9;
0.0159362, 9;
0.0162131, 9;
0.0156546, 9;
0.0149229, 9;
0.0149867, 9;
0.0151102, 9;
0.0149301, 9;
0.0149216, 9;
0.0150761, 9;
0.0158769, 9;
0.0159607, 9;
0.0155721, 9;
0.0161034, 9;
0.0163341, 9;
0.0156048, 9;
0.0159212, 9;
0.0159068, 9;
0.0150012, 9;
0.0152525, 9;
0.0152235, 9;
0.0159869, 9;
0.0147488, 9;
0.0156837, 9;
0.0158803, 9;
0.0154257, 9;
0.0148136, 9;
0.0147315, 9;
0.0154253, 9;
0.0158386, 9;
0.0149594, 9;
0.014953, 9;
0.0151129, 9;
0.0148402, 9;
0.0149718, 9;
0.0156666, 9;
0.0152594, 9;
0.0162257, 9;
0.015775, 9;
0.0160068, 9;
0.0158838, 9;
0.0160521, 9;
0.0159852, 9;
0.0160254, 9;
0.0158007, 9;
0.0149804, 9;
0.0150632, 9;
0.0159509, 9;
0.0159676, 9;
0.015949, 9;
0.0158793, 9;
0.0161401, 9;
0.0158429, 9;
0.0160423, 9;
0.0158347, 9;
0.0151203, 9;
0.014954, 9;
0.0158197, 9;
0.0151734, 9;
0.0147499, 9;
0.0149862, 9;
0.0151162, 9;
0.0158879, 9;
0.0151149, 9;
0.0147949, 9;
0.015961, 9;
0.0149878, 9;
0.01499, 9;
0.0161903, 9;
0.0147578, 9;
0.0154719, 9;
0.0152383, 9;
0.0150439, 9;
0.0152397, 9;
0.0160278, 9;
0.0147641, 9;
0.0149471, 9;
0.0160284, 9;
0.0147584, 9;
0.0149022, 9;
0.0153027, 9;
0.0154839, 9;
0.015493, 9;
0.0150287, 9;
0.0148747, 9;
0.01605, 9;
0.0159353, 9;
0.0159049, 9;
0.0160407, 9;
0.0159668, 9;
0.0159157, 9;
0.0158955, 9;
0.0150613, 9;
0.014752, 9;
0.0155315, 9;
0.0158417, 9;
0.0148543, 9;
0.0159991, 9;
0.0158539, 9;
0.0149657, 9;
0.0160074, 9;
0.0149794, 9;
0.015131, 9;
0.0158706, 9;
0.0159509, 9;
0.0158595, 9;
0.0160293, 9;
0.0155073, 9;
0.0154796, 9;
0.0149694, 9;
0.0146007, 9;
0.0160119, 9;
0.0154014, 9;
0.0147591, 9;
0.0153632, 9;
0.0145406, 9;
0.015017, 9;
0.014955, 9;
0.016105, 9;
0.0159344, 9;
0.0149334, 9;
0.0155594, 9;
0.0161376, 9;
0.0159001, 9;
0.0154403, 9;
0.0156268, 9;
0.0151874, 9;
0.0158456, 9;
0.0161809, 9;
0.0158205, 9;
0.0160413, 9;
0.0159412, 9;
0.0160396, 9;
0.0158351, 9;
0.0160093, 9;
0.0161619, 9;
0.0158947, 9;
0.0159751, 9;
0.0148309, 9;
0.0150352, 9;
0.016071, 9;
0.0160175, 9;
0.0157901, 9;
0.0160597, 9;
0.0156341, 9;
0.0152157, 9;
0.0150004, 9;
0.0148746, 9;
0.0147676, 9;
0.015238, 9;
0.0160106, 9;
0.0159746, 9;
0.015877, 9;
0.0160811, 9;
0.015946, 9;
0.0152904, 9;
0.0160346, 9;
0.0155456, 9;
0.0159836, 9;
0.0160545, 9;
0.0158277, 9;
0.0156531, 9;
0.0154026, 9;
0.0159302, 9;
0.0160269, 9;
0.0159279, 9;
0.0160068, 9;
0.015944, 9;
0.0160803, 9;
0.0157555, 9;
0.0161151, 9;
0.0159194, 9;
0.01601, 9;
0.0154826, 9;
0.0158833, 9;
0.0157468, 9;
0.0156366, 9;
0.0152362, 9;
0.0147629, 9;
0.0149169, 9;
0.0160008, 9;
0.0150927, 9;
0.0149019, 9;
0.0150005, 9;
0.0148782, 9;
0.0150764, 9;
0.0155432, 9;
0.0143879, 9;
0.0157004, 9;
0.015962, 9;
0.0150249, 9;
0.0151702, 9;
0.0160547, 9;
0.0159874, 9;
0.0148488, 9;
0.0150371, 9;
0.0149385, 9;
0.0150386, 9;
0.0149426, 9;
0.0149478, 9;
0.0149865, 9;
0.0150801, 9;
0.0152296, 9;
0.0158951, 9;
0.0149479, 9;
0.0159019, 9;
0.0161789, 9;
0.0160445, 9;
0.0157371, 9;
0.0147167, 9;
0.0157988, 9;
0.016174, 9;
0.0160092, 9;
0.0159853, 9;
0.0156924, 9;
0.0156375, 9;
0.0145266, 9;
0.0150072, 9;
0.0148489, 9;
0.0150372, 9;
0.0159846, 9;
0.0160748, 9;
0.0159173, 9;
0.0160072, 9;
0.0159661, 9;
0.0159662, 9;
0.0158676, 9;
0.0160038, 9;
0.0165851, 9;
0.014402, 9;
0.0149252, 9;
0.0160553, 9;
0.0159825, 9;
0.0160265, 9;
0.0158815, 9;
0.0159816, 9;
0.0158732, 9;
0.0160704, 9;
0.0158861, 9;
0.0149659, 9;
0.016174, 9;
0.0148128, 9;
0.0149605, 9;
0.0160253, 9;
0.0150898, 9;
0.0158858, 9;
0.015527, 9;
0.0153487, 9;
0.0159907, 9;
0.0159592, 9;
0.0159361, 9;
0.0150089, 9;
0.0149641, 9;
0.0150086, 9;
0.016076, 9;
0.0158898, 9;
0.0151679, 9;
0.0159533, 9;
0.0151439, 9;
0.0157661, 9;
0.015031, 9;
0.015615, 9;
0.0149563, 9;
0.014992, 9;
0.0161027, 9;
0.0159394, 9;
0.0159034, 9;
0.0152003, 9;
0.0158557, 9;
0.0148475, 9;
0.0150512, 9;
0.0159754, 9;
0.015074, 9;
0.0151446, 9;
0.0159886, 9;
0.0157668, 9;
0.0157602, 9;
0.0150469, 9;
0.0149904, 9;
0.0149075, 9;
0.0159908, 9;
0.014958, 9;
0.0158029, 9;
0.0141205, 9;
0.0160198, 9;
0.0159436, 9;
0.0161306, 9;
0.0153547, 9;
0.0146722, 9;
0.0152948, 9;
0.015964, 9;
0.015446, 9;
0.0160232, 9;
0.0158263, 9;
0.0160824, 9;
0.0158345, 9;
0.0163793, 9;
0.0159435, 9;
0.0160246, 9;
0.0158018, 9;
0.0159864, 9;
0.0159132, 9;
0.0149972, 9;
0.0150272, 9;
0.0160682, 9;
0.0159721, 9;
0.0155584, 9;
0.0157388, 9;
0.0154254, 9;
0.0147949, 9;
0.0151769, 9;
0.0159205, 9;
0.0152218, 9;
0.0159106, 9;
0.0160424, 9;
0.0156568, 9;
0.0158279, 9;
0.0159494, 9;
0.0160999, 9;
0.0160444, 9;
0.0158968, 9;
0.0159274, 9;
0.0159729, 9;
0.0164264, 9;
0.0158601, 9;
0.0147516, 9;
0.0150901, 9;
0.0158278, 9;
0.0151925, 9;
0.0156574, 9;
0.0149461, 9;
0.0149416, 9;
0.0159336, 9;
0.0150398, 9;
0.0150076, 9;
0.0160417, 9;
0.0148348, 9;
0.0151676, 9;
0.0160278, 9;
0.0150439, 9;
0.0156177, 9;
0.0149656, 9;
0.0161491, 9;
0.0159339, 9;
0.015029, 9;
0.0149212, 9;
0.0151312, 9;
0.0158347, 9;
0.014967, 9;
0.0158987, 9;
0.0157563, 9;
0.0153051, 9;
0.0156664, 9;
0.01527, 9;
0.0158395, 9;
0.0160926, 9;
0.0159695, 9;
0.0160154, 9;
0.0159136, 9;
0.0159452, 9;
0.0159063, 9;
0.0159704, 9;
0.0159263, 9;
0.0159421, 9;
0.0150953, 9;
0.0160464, 9;
0.0148232, 9;
0.0150047, 9;
0.0161042, 9;
0.0147826, 9;
0.0151096, 9;
0.0148604, 9;
0.0150226, 9;
0.0159783, 9;
0.0160155, 9;
0.0149742, 9;
0.0161409, 9;
0.0148509, 9;
0.0159728, 9;
0.0160783, 9;
0.014721, 9;
0.0151464, 9;
0.0159599, 9;
0.0156931, 9;
0.0152303, 9;
0.0148161, 9;
0.0150076, 9;
0.0149944, 9;
0.0149387, 9;
0.0150124, 9;
0.0161538, 9;
0.0148189, 9;
0.015238, 9;
0.0161029, 9;
0.0147705, 9;
0.0150791, 9;
0.0159797, 9;
0.0149082, 9;
0.0150413, 9;
0.0159908, 9;
0.0149181, 9;
0.0156879, 9;
0.01594, 9;
0.0153758, 9;
0.0160478, 9;
0.0160082, 9;
0.0159028, 9;
0.0155957, 9;
0.0156239, 9;
0.0145628, 9;
0.0158005, 9;
0.0155838, 9;
0.0152266, 9;
0.0159401, 9;
0.0149301, 9;
0.0149984, 9;
0.0160401, 9;
0.0160709, 9;
0.0148778, 9;
0.0160149, 9;
0.0159793, 9;
0.0149487, 9;
0.0149284, 9;
0.0149255, 9;
0.0146141, 9;
0.0152889, 9;
0.0159706, 9;
0.0160183, 9;
0.0149237, 9;
0.0149103, 9;
0.0163338, 9;
0.0157342, 9;
0.0159912, 9;
0.0160428, 9;
0.0159915, 9;
0.0150461, 9;
0.0144464, 9;
0.0151688, 9;
0.0167234, 9;
0.0152383, 9;
0.0149984, 9;
0.0149752, 9;
0.0149248, 9;
0.0150629, 9;
0.01542, 9;
0.0159074, 9;
0.0159351, 9;
0.0156446, 9;
0.016217, 9;
0.0146289, 9;
0.0147246, 9;
0.0152733, 9;
0.0161042, 9;
0.0147577, 9;
0.0152843, 9;
0.0156692, 9;
0.0150588, 9;
0.0153358, 9;
0.0159719, 9;
0.0167567, 9;
0.014805, 9;
0.0158982, 9;
0.0160915, 9;
0.0148683, 9;
0.0155751, 9;
0.0153526, 9;
0.0160611, 9;
0.0159361, 9;
0.0159655, 9;
0.016024, 9;
0.0155996, 9;
0.0152731, 9;
0.0150822, 9;
0.0149536, 9;
0.0158948, 9;
0.0149176, 9;
0.0149583, 9;
0.0158974, 9;
0.0151087, 9;
0.0149748, 9;
0.0148806, 9;
0.0150031, 9;
0.0150021, 9;
0.016042, 9;
0.0151147, 9;
0.0158439, 9;
0.0160338, 9;
0.0157877, 9;
0.0160552, 9;
0.0159636, 9;
0.0159761, 9;
0.0159766, 9;
0.0158411, 9;
0.0152312, 9;
0.0157049, 9;
0.0154252, 9;
0.015697, 9;
0.0152723, 9;
0.0147878, 9;
0.0148143, 9;
0.0149706, 9;
0.0150496, 9;
0.015993, 9;
0.0164439, 9;
0.0153795, 9;
0.0148836, 9;
0.0149964, 9;
0.0150669, 9;
0.0162781, 9;
0.0146805, 9;
0.0156069, 9;
0.0153111, 9;
0.0160036, 9;
0.0165479, 9;
0.0152817, 9;
0.0160847, 9;
0.0158186, 9;
0.0161068, 9;
0.0160049, 9;
0.0158398, 9;
0.0159664, 9;
0.0160357, 9;
0.0160348, 9;
0.0156023, 9;
0.0160358, 9;
0.0161271, 9;
0.0158365, 9;
0.0151253, 9;
0.0160901, 9;
0.0148396, 9;
0.0149213, 9;
0.0160531, 9;
0.0149084, 9;
0.0150343, 9;
0.0160514, 9;
0.0149089, 9;
0.0148558, 9;
0.0160905, 9;
0.0151847, 9;
0.0157403, 9;
0.0158617, 9;
0.0160324, 9;
0.0163555, 9;
0.0156444, 9;
0.015922, 9;
0.015986, 9;
0.0159253, 9;
0.0151418, 9;
0.0149039, 9;
0.0149343, 9;
0.0149927, 9;
0.0146504, 9;
0.0153203, 9;
0.0172877, 9;
0.0145624, 9;
0.0159131, 9;
0.0161306, 9;
0.0159113, 9;
0.0159761, 9;
0.0159435, 9;
0.0159468, 9;
0.0159633, 9;
0.0161772, 9;
0.0158088, 9;
0.0162793, 9;
0.0136885, 9;
0.0159976, 9;
0.016622, 9;
0.015226, 9;
0.0149218, 9;
0.0149768, 9;
0.0164152, 9;
0.015569, 9;
0.0158776, 9;
0.016016, 9;
0.0149345, 9;
0.0147769, 9;
0.0165161, 9;
0.0146437, 9;
0.0160918, 9;
0.0151491, 9;
0.0153008, 9;
0.0144356, 9;
0.0159967, 9;
0.0159447, 9;
0.016118, 9;
0.0158755, 9;
0.0158757, 9;
0.0156644, 9;
0.0152122, 9;
0.0147031, 9;
0.0160277, 9;
0.0150486, 9;
0.014873, 9;
0.0161293, 9;
0.016252, 9;
0.0155836, 9;
0.0151169, 9;
0.014981, 9;
0.0149596, 9;
0.0160408, 9;
0.0149609, 9;
0.0149194, 9;
0.0150288, 9;
0.0150133, 9;
0.0170168, 9;
0.0149266, 9;
0.0149524, 9;
0.0150188, 9;
0.016067, 9;
0.0158682, 9;
0.0160395, 9;
0.0158585, 9;
0.0161258, 9;
0.0158423, 9;
0.0160668, 9;
0.0160245, 9;
0.0153378, 9;
0.0163379, 9;
0.0155746, 9;
0.0148989, 9;
0.0156589, 9;
0.0160264, 9;
0.0161122, 9;
0.0159848, 9;
0.0146921, 9;
0.0149233, 9;
0.0150212, 9;
0.0149058, 9;
0.0152591, 9;
0.0147908, 9;
0.0149443, 9;
0.0161994, 9;
0.0150936, 9;
0.0157139, 9;
0.0158283, 9;
0.015966, 9;
0.016092, 9;
0.014871, 9;
0.0150232, 9;
0.015584, 9;
0.0158765, 9;
0.0160922, 9;
0.0153191, 9;
0.015497, 9;
0.0157257, 9;
0.0157232, 9;
0.0154856, 9;
0.0167199, 9;
0.0137209, 9;
0.015857, 9;
0.0150984, 9;
0.0149109, 9;
0.0160073, 9;
0.0150089, 9;
0.0149433, 9;
0.0159812, 9;
0.0150971, 9;
0.0159849, 9;
0.0158904, 9;
0.0158127, 9;
0.0149763, 9;
0.0161723, 9;
0.0157946, 9;
0.0160067, 9;
0.0160282, 9;
0.0160874, 9;
0.0157527, 9;
0.0151779, 9;
0.0161873, 9;
0.0155526, 9;
0.0161143, 9;
0.0159231, 9;
0.0149693, 9;
0.0149524, 9;
0.0159911, 9;
0.0151266, 9;
0.0148492, 9;
0.0149728, 9;
0.0159599, 9;
0.014842, 9;
0.0149491, 9;
0.0159971, 9;
0.0149986, 9;
0.0149366, 9;
0.0155657, 9;
0.0164968, 9;
0.0149683, 9;
0.0160557, 9;
0.0146036, 9;
0.0162375, 9;
0.015799, 9;
0.0161501, 9;
0.0158824, 9;
0.0160207, 9;
0.0159793, 9;
0.0148943, 9;
0.0151538, 9;
0.0153646, 9;
0.0156162, 9;
0.0159051, 9;
0.0159374, 9;
0.0159919, 9;
0.0158652, 9;
0.0162398, 9;
0.0157289, 9;
0.0160966, 9;
0.0158673, 9;
0.0159918, 9;
0.0156394, 9;
0.0152848, 9;
0.0161314, 9;
0.0152855, 9;
0.0154663, 9;
0.0150313, 9;
0.0149503, 9;
0.0159202, 9;
0.0149725, 9;
0.0150637, 9;
0.0158782, 9;
0.0150182, 9;
0.0149405, 9;
0.0159097, 9;
0.0150654, 9;
0.0159548, 9;
0.0150035, 9;
0.0152713, 9;
0.0157087, 9;
0.0149392, 9;
0.0149469, 9;
0.0160663, 9;
0.015877, 9;
0.016193, 9;
0.015772, 9;
0.014904, 9;
0.0150218, 9;
0.0149047, 9;
0.0150098, 9;
0.0160171, 9;
0.0149188, 9;
0.0150158, 9;
0.0160012, 9;
0.0150405, 9;
0.014984, 9;
0.0158338, 9;
0.0149556, 9;
0.014936, 9;
0.0149953, 9;
0.0149419, 9;
0.0162094, 9;
0.0158496, 9;
0.0149255, 9;
0.0159606, 9;
0.0150402, 9;
0.0152287, 9;
0.0163128, 9;
0.0144572, 9;
0.0148382, 9;
0.0152776, 9;
0.0149498, 9;
0.0158312, 9;
0.0156441, 9;
0.015178, 9;
0.0154405, 9;
0.0155691, 9;
0.0148149, 9;
0.0147987, 9;
0.0152142, 9;
0.0159416, 9;
0.0165687, 9;
0.0160207, 9;
0.0153527, 9;
0.0149485, 9;
0.0150208, 9;
0.0161325, 9;
0.0158082, 9;
0.0159331, 9;
0.0160529, 9;
0.0158206, 9;
0.0149834, 9;
0.0159967, 9;
0.0156024, 9;
0.0154249, 9;
0.0160399, 9;
0.0159041, 9;
0.0159775, 9;
0.0159641, 9;
0.015922, 9;
0.0161435, 9;
0.0158918, 9;
0.015941, 9;
0.0159799, 9;
0.0148662, 9;
0.0156433, 9;
0.0155579, 9;
0.0160985, 9;
0.0156286, 9;
0.0149509, 9;
0.0160418, 9;
0.0149414, 9;
0.01498, 9;
0.0159533, 9;
0.0149452, 9;
0.0149595, 9;
0.0157413, 9;
0.015354, 9;
0.0159489, 9;
0.0155585, 9;
0.0159698, 9;
0.0158802, 9;
0.0152817, 9;
0.0159955, 9;
0.0160113, 9;
0.015937, 9;
0.0159401, 9;
0.016083, 9;
0.0158173, 9;
0.0160875, 9;
0.0158701, 9;
0.0152691, 9;
0.0148124, 9;
0.0156371, 9;
0.0152724, 9;
0.0161427, 9;
0.0147691, 9;
0.0160679, 9;
0.0161655, 9;
0.0156032, 9;
0.0161073, 9;
0.0158815, 9;
0.0160462, 9;
0.0159047, 9;
0.0160087, 9;
0.0160374, 9;
0.0160096, 9;
0.0158522, 9;
0.0149402, 9;
0.0157904, 9;
0.0142611, 9;
0.0159649, 9;
0.0159658, 9;
0.0149027, 9;
0.0151647, 9;
0.0157608, 9;
0.0149814, 9;
0.0149608, 9;
0.0161087, 9;
0.0158757, 9;
0.0155696, 9;
0.0155246, 9;
0.0159264, 9;
0.0159161, 9;
0.0159393, 9;
0.0159579, 9;
0.0160288, 9;
0.0159722, 9;
0.0158728, 9;
0.0156895, 9;
0.015967, 9;
0.0154764, 9;
0.0158178, 9;
0.0160383, 9;
0.0155412, 9;
0.0158737, 9;
0.0160214, 9;
0.0160139, 9;
0.015999, 9;
0.0158911, 9;
0.0160098, 9;
0.0152452, 9;
0.0159147, 9;
0.014856, 9;
0.0152771, 9;
0.0149251, 9;
0.0151706, 9;
0.0151062, 9;
0.0148536, 9;
0.0162309, 9;
0.01472, 9;
0.0147206, 9;
0.0159365, 9;
0.015955, 9;
0.0160777, 9;
0.0149274, 9;
0.0149378, 9;
0.0159512, 9;
0.0149987, 9;
0.0150823, 9;
0.0154715, 9;
0.0148983, 9;
0.0149835, 9;
0.015967, 9;
0.0154017, 9;
0.0160225, 9;
0.0160047, 9;
0.0160408, 9;
0.0148158, 9;
0.0150007, 9;
0.0160007, 9;
0.0162019, 9;
0.0146927, 9;
0.0154746, 9;
0.0159623, 9;
0.0157316, 9;
0.0150005, 9;
0.0157274, 9;
0.0149645, 9;
0.0149594, 9;
0.0159579, 9;
0.0151226, 9;
0.0159262, 9;
0.0148767, 9;
0.0150392, 9;
0.0160003, 9;
0.0159553, 9;
0.0159182, 9;
0.0160432, 9;
0.015243, 9;
0.0160182, 9;
0.0155505, 9;
0.0160541, 9;
0.0159516, 9;
0.016001, 9;
0.0159845, 9;
0.0159314, 9;
0.0149496, 9;
0.014874, 9;
0.0150222, 9;
0.0149843, 9;
0.0160652, 9;
0.0149949, 9;
0.0149774, 9;
0.0151137, 9;
0.0156352, 9;
0.0157762, 9;
0.0150073, 9;
0.0150418, 9;
0.016298, 9;
0.0157858, 9;
0.015804, 9;
0.0150051, 9;
0.0150202, 9;
0.014753, 9;
0.0156323, 9;
0.0155724, 9;
0.0159549, 9;
0.0148995, 9;
0.0149699, 9;
0.0159797, 9;
0.0150401, 9;
0.0149544, 9;
0.0159546, 9;
0.0160277, 9;
0.0159342, 9;
0.0159425, 9;
0.0157164, 9;
0.0152351, 9;
0.0149794, 9;
0.0157653, 9;
0.0170229, 9;
0.0131408, 9;
0.0149966, 9;
0.0149919, 9;
0.0150047, 9;
0.0157702, 9;
0.0161233, 9;
0.0159631, 9;
0.0160853, 9;
0.0158939, 9;
0.0160623, 9;
0.017572, 9;
0.014388, 9;
0.017294, 9;
0.0135595, 9;
0.0149595, 9;
0.0172646, 9;
0.0147496, 9;
0.014803, 9;
0.0159441, 9;
0.0160743, 9;
0.0159177, 9;
0.0159835, 9;
0.0159678, 9;
0.0154296, 9;
0.0160594, 9;
0.0153666, 9;
0.0157785, 9;
0.0152997, 9;
0.015019, 9;
0.0148251, 9;
0.0160252, 9;
0.0150408, 9;
0.0160883, 9;
0.015266, 9;
0.0154174, 9;
0.015953, 9;
0.0160973, 9;
0.0151989, 9;
0.015669, 9;
0.0159581, 9;
0.0160557, 9;
0.0159398, 9;
0.0159255, 9;
0.0149196, 9;
0.0149859, 9;
0.0160589, 9;
0.0158994, 9;
0.0150524, 9;
0.0159586, 9;
0.0149574, 9;
0.0151865, 9;
0.0146684, 9;
0.0159883, 9;
0.0160244, 9;
0.0159274, 9;
0.0160409, 9;
0.0159444, 9;
0.0161742, 9;
0.0157153, 9;
0.0148011, 9;
0.0151449, 9;
0.0160736, 9;
0.016007, 9;
0.0151593, 9;
0.0154745, 9;
0.0159862, 9;
0.0167879, 9;
0.0140676, 9;
0.0158933, 9;
0.0150443, 9;
0.0160343, 9;
0.0159927, 9;
0.0159934, 9;
0.0147902, 9;
0.0150617, 9;
0.0159376, 9;
0.0159914, 9;
0.0159515, 9;
0.0162466, 9;
0.015666, 9;
0.0149863, 9;
0.0147264, 9;
0.0149237, 9;
0.015183, 9;
0.0151506, 9;
0.0159954, 9;
0.0149837, 9;
0.0149758, 9;
0.0148222, 9;
0.0150116, 9;
0.0160497, 9;
0.0151576, 9;
0.0154249, 9;
0.0163479, 9;
0.0156066, 9;
0.0149545, 9;
0.015036, 9;
0.0149077, 9;
0.0151867, 9;
0.0158638, 9;
0.0159574, 9;
0.016077, 9;
0.0160527, 9;
0.0160158, 9;
0.0160438, 9;
0.0152163, 9;
0.0162946, 9;
0.0152593, 9;
0.0166311, 9;
0.0147367, 9;
0.0150243, 9;
0.0155298, 9;
0.0158915, 9;
0.0159458, 9;
0.0161383, 9;
0.0158662, 9;
0.0160605, 9;
0.0159317, 9;
0.015281, 9;
0.0155632, 9;
0.0150007, 9;
0.0149915, 9;
0.0150413, 9;
0.01488, 9;
0.016046, 9;
0.0149438, 9;
0.0149055, 9;
0.0160561, 9;
0.0148825, 9;
0.0150234, 9;
0.0160067, 9;
0.014908, 9;
0.0149681, 9;
0.0152005, 9;
0.0149163, 9;
0.0148104, 9;
0.0150485, 9;
0.015919, 9;
0.0160133, 9;
0.0159753, 9;
0.0148871, 9;
0.0146704, 9;
0.0154188, 9;
0.0159327, 9;
0.0156565, 9;
0.0154263, 9;
0.0159068, 9;
0.0148308, 9;
0.0149491, 9;
0.0150508, 9;
0.0150074, 9;
0.0148998, 9;
0.0149863, 9;
0.0150066, 9;
0.0149362, 9;
0.0150267, 9;
0.0148781, 9;
0.0150625, 9;
0.015958, 9;
0.0153974, 9;
0.0157338, 9;
0.0147142, 9;
0.0149833, 9;
0.0160056, 9;
0.0150215, 9;
0.0158977, 9;
0.0157966, 9;
0.0161131, 9;
0.0159057, 9;
0.0151328, 9;
0.0158757, 9;
0.0149455, 9;
0.0150295, 9;
0.0154133, 9;
0.016262, 9;
0.0153272, 9;
0.016044, 9;
0.0157723, 9;
0.014989, 9;
0.0160247, 9;
0.0159496, 9;
0.0160819, 9;
0.0157446, 9;
0.0159312, 9;
0.0159496, 9;
0.0151221, 9;
0.0150398, 9;
0.0157383, 9;
0.0151496, 9;
0.0156982, 9;
0.0155097, 9;
0.0159512, 9;
0.0165244, 9;
0.0154246, 9;
0.0150259, 9;
0.0160022, 9;
0.0149501, 9;
0.0156744, 9;
0.0160821, 9;
0.0161558, 9;
0.015884, 9;
0.0276528, 9;
0.0199854, 9;
0.0160112, 9;
0.015907, 9;
0.0149853, 9;
0.0150163, 9;
0.0160509, 9;
0.0153533, 9;
0.0155044, 9;
0.0160263, 9;
0.0160652, 9;
0.0148385, 9;
0.0149754, 9;
0.0148228, 9;
0.0149225, 9;
0.0149976, 9;
0.0148429, 9;
0.0152823, 9;
0.0155952, 9;
0.0153432, 9;
0.0160949, 9;
0.0156805, 9;
0.0151086, 9;
0.0160169, 9;
0.0149607, 9;
0.015039, 9;
0.0159277, 9;
0.0151807, 9;
0.015991, 9;
0.0159786, 9;
0.0157448, 9;
0.0148887, 9;
0.0147964, 9;
0.0151579, 9;
0.0160675, 9;
0.0149463, 9;
0.0148213, 9;
0.0160679, 9;
0.0148433, 9;
0.0150987, 9;
0.0157906, 9;
0.0151431, 9;
0.0159843, 9;
0.0159913, 9;
0.0158853, 9;
0.0149618, 9;
0.0147122, 9;
0.0152261, 9;
0.015869, 9;
0.0153064, 9;
0.0157712, 9;
0.0159952, 9;
0.0159669, 9;
0.0161056, 9;
0.0156699, 9;
0.0152626, 9;
0.0152717, 9;
0.0156055, 9;
0.014852, 9;
0.014725, 9;
0.0160294, 9;
0.0152586, 9;
0.0147357, 9;
0.0151609, 9;
0.0159622, 9;
0.0152676, 9;
0.0160309, 9;
0.0161375, 9;
0.0154306, 9;
0.0155589, 9;
0.0145246, 9;
0.0148192, 9;
0.0160064, 9;
0.0149597, 9;
0.0159436, 9;
0.0150141, 9;
0.0149603, 9;
0.0161401, 9;
0.0158871, 9;
0.0149226, 9;
0.0148164, 9;
0.0154673, 9;
0.0149904, 9;
0.0159963, 9;
0.0151414, 9;
0.014846, 9;
0.0149918, 9;
0.0162165, 9;
0.0157548, 9;
0.0149367, 9;
0.0149924, 9;
0.0160085, 9;
0.0149222, 9;
0.0150025, 9;
0.0161071, 9;
0.0152708, 9;
0.0149319, 9;
0.0149365, 9;
0.0148766, 9;
0.0159374, 9;
0.0164211, 9;
0.0159019, 9;
0.0158821, 9;
0.0160123, 9;
0.0158669, 9;
0.0160798, 9;
0.0158365, 9;
0.0160166, 9;
0.0159426, 9;
0.0150609, 9;
0.0149059, 9;
0.0149441, 9;
0.0161192, 9;
0.0148692, 9;
0.0149956, 9;
0.0160251, 9;
0.0158016, 9;
0.0141765, 9;
0.0157023, 9;
0.0160652, 9;
0.0149287, 9;
0.0152933, 9;
0.0158089, 9;
0.0158511, 9;
0.0160645, 9;
0.0159231, 9;
0.0160813, 9;
0.0157153, 9;
0.014993, 9;
0.0156113, 9;
0.0162067, 9;
0.0152907, 9;
0.0163654, 9;
0.0156632, 9;
0.0179598, 9;
0.0132197, 9;
0.0160661, 9;
0.018052, 9;
0.0137514, 9;
0.0160559, 9;
0.0159904, 9;
0.0150218, 9;
0.0149683, 9;
0.0159367, 9;
0.0150709, 9;
0.0153127, 9;
0.0159246, 9;
0.0160418, 9;
0.0149426, 9;
0.0151719, 9;
0.0157729, 9;
0.0163885, 9;
0.0155226, 9;
0.0159292, 9;
0.0161722, 9;
0.0158946, 9;
0.0158858, 9;
0.0160668, 9;
0.0159192, 9;
0.0160526, 9;
0.0158465, 9;
0.0153516, 9;
0.0160886, 9;
0.0147983, 9;
0.015069, 9;
0.014908, 9;
0.0149948, 9;
0.0159269, 9;
0.0160442, 9;
0.0159242, 9;
0.0160452, 9;
0.015933, 9;
0.0154729, 9;
0.0155422, 9;
0.0151687, 9;
0.0157757, 9;
0.0145641, 9;
0.0151478, 9;
0.0160045, 9;
0.015941, 9;
0.0160661, 9;
0.0160092, 9;
0.0163507, 9;
0.0154975, 9;
0.0149139, 9;
0.0150898, 9;
0.0157827, 9;
0.0147819, 9;
0.0155726, 9;
0.0159724, 9;
0.0175951, 9;
0.0132492, 9;
0.0159311, 9;
0.0150903, 9;
0.0149047, 9;
0.0149483, 9;
0.0151007, 9;
0.0148851, 9;
0.0159434, 9;
0.0150582, 9;
0.015185, 9;
0.0147801, 9;
0.014962, 9;
0.0160203, 9;
0.0151682, 9;
0.0149717, 9;
0.0160063, 9;
0.0161547, 9;
0.0159863, 9;
0.0153776, 9;
0.015454, 9;
0.0160283, 9;
0.0159939, 9;
0.0159288, 9;
0.0159595, 9;
0.0205192, 9;
0.0114098, 9;
0.0159325, 9;
0.0158922, 9;
0.014969, 9;
0.0150012, 9;
0.0149608, 9;
0.0150143, 9;
0.0149737, 9;
0.0158573, 9;
0.01511, 9;
0.0149438, 9;
0.0149642, 9;
0.0152998, 9;
0.0157878, 9;
0.0159355, 9;
0.0161072, 9;
0.0158446, 9;
0.0149872, 9;
0.0149269, 9;
0.0150173, 9;
0.0160029, 9;
0.0149983, 9;
0.0151886, 9;
0.0158052, 9;
0.0149282, 9;
0.0149912, 9;
0.016457, 9;
0.0152248, 9;
0.0159993, 9;
0.0161688, 9;
0.014911, 9;
0.0158044, 9;
0.0150337, 9;
0.0150296, 9;
0.0159387, 9;
0.0153729, 9;
0.0158627, 9;
0.0157671, 9;
0.0149118, 9;
0.0154011, 9;
0.0149413, 9;
0.0155062, 9;
0.0153688, 9;
0.0158872, 9;
0.0157757, 9;
0.0159525, 9;
0.0160169, 9;
0.0160281, 9;
0.0158677, 9;
0.0160525, 9;
0.015936, 9;
0.0151657, 9;
0.0146537, 9;
0.0161297, 9;
0.0149383, 9;
0.0163681, 9;
0.0147716, 9;
0.0158985, 9;
0.0159621, 9;
0.0158125, 9;
0.0159985, 9;
0.0159991, 9;
0.0159651, 9;
0.0157294, 9;
0.0159437, 9;
0.0149679, 9;
0.0153597, 9;
0.0160054, 9;
0.0169758, 9;
0.0170177, 9;
0.0187694, 9;
0.0092038, 9;
0.0149374, 9;
0.0159804, 9;
0.0149636, 9;
0.0149914, 9;
0.0160391, 9;
0.0149538, 9;
0.0150411, 9;
0.0150753, 9;
0.0153322, 9;
0.0160403, 9;
0.0157919, 9;
0.0151461, 9;
0.0159715, 9;
0.0149462, 9;
0.015031, 9;
0.0159797, 9;
0.0150256, 9;
0.0150857, 9;
0.0147863, 9;
0.0149758, 9;
0.0161072, 9;
0.0166422, 9;
0.0151918, 9;
0.0150517, 9;
0.0151729, 9;
0.0158088, 9;
0.014938, 9;
0.0150503, 9;
0.014902, 9;
0.0158231, 9;
0.014998, 9;
0.0149071, 9;
0.0151486, 9;
0.0159737, 9;
0.0164708, 9;
0.015184, 9;
0.015039, 9;
0.01526, 9;
0.0159603, 9;
0.0160767, 9;
0.0157391, 9;
0.0161239, 9;
0.0151688, 9;
0.0148828, 9;
0.0147683, 9;
0.0159652, 9;
0.0150177, 9;
0.0159329, 9;
0.0161917, 9;
0.0150692, 9;
0.0147544, 9;
0.0159602, 9;
0.0157828, 9;
0.0151889, 9;
0.0158639, 9;
0.0159894, 9;
0.0160191, 9;
0.0158177, 9;
0.0160704, 9;
0.0160732, 9;
0.0158141, 9;
0.0149871, 9;
0.0149973, 9;
0.015305, 9;
0.0160892, 9;
0.015421, 9;
0.015937, 9;
0.0152103, 9;
0.0147793, 9;
0.0151075, 9;
0.0158574, 9;
0.0149652, 9;
0.014971, 9;
0.0160833, 9;
0.0149306, 9;
0.0150322, 9;
0.0159716, 9;
0.0149465, 9;
0.0149697, 9;
0.0156832, 9;
0.0160891, 9;
0.0154892, 9;
0.0155615, 9;
0.0149916, 9;
0.0159902, 9;
0.0158307, 9;
0.0160741, 9;
0.0161651, 9;
0.0158278, 9;
0.0159643, 9;
0.0159186, 9;
0.016023, 9;
0.0161029, 9;
0.014757, 9;
0.0150083, 9;
0.0149586, 9;
0.0158628, 9;
0.0141042, 9;
0.0158051, 9;
0.0155072, 9;
0.0156617, 9;
0.0167808, 9;
0.0161359, 9;
0.0137597, 9;
0.0153727, 9;
0.0146629, 9;
0.0149918, 9;
0.0148523, 9;
0.0155452, 9;
0.0154448, 9;
0.0150584, 9;
0.0150967, 9;
0.0153977, 9;
0.0160696, 9;
0.0161372, 9;
0.0152702, 9;
0.0160215, 9;
0.0158142, 9;
0.0159816, 9;
0.0160172, 9;
0.0158299, 9;
0.0159205, 9;
0.0159277, 9;
0.0160306, 9;
0.0160692, 9;
0.0159648, 9;
0.0152262, 9;
0.0165372, 9;
0.0150247, 9;
0.0161055, 9;
0.0158707, 9;
0.0160539, 9;
0.0159776, 9;
0.0159212, 9;
0.0159663, 9;
0.0160283, 9;
0.0160109, 9;
0.015928, 9;
0.0148679, 9;
0.01504, 9;
0.0149772, 9;
0.0146653, 9;
0.0151553, 9;
0.0165632, 9;
0.0144063, 9;
0.0154494, 9;
0.0160948, 9;
0.0156429, 9;
0.0157912, 9;
0.0149604, 9;
0.0149341, 9;
0.0161058, 9;
0.01575, 9;
0.0161927, 9;
0.0157692, 9;
0.0159557, 9;
0.0161068, 9;
0.0159279, 9;
0.0151231, 9;
0.014775, 9;
0.01505, 9;
0.0149058, 9;
0.0155565, 9;
0.0159466, 9;
0.0155178, 9;
0.0160108, 9;
0.0159834, 9;
0.0165029, 9;
0.0152625, 9;
0.0160007, 9;
0.0156752, 9;
0.0153528, 9;
0.0151487, 9;
0.015641, 9;
0.0162053, 9;
0.015865, 9;
0.0159466, 9;
0.0160362, 9;
0.0149851, 9;
0.0158863, 9;
0.0149185, 9;
0.0150402, 9;
0.0152634, 9;
0.0157981, 9;
0.0159591, 9;
0.0159591, 9;
0.0158807, 9;
0.0160257, 9;
0.0160067, 9;
0.0159383, 9;
0.0157687, 9;
0.0160713, 9;
0.0149993, 9;
0.0161238, 9;
0.0148024, 9;
0.0159024, 9;
0.0150162, 9;
0.0149491, 9;
0.0160067, 9;
0.0159439, 9;
0.0159881, 9;
0.0149133, 9;
0.0150212, 9;
0.0159159, 9;
0.0161584, 9;
0.0160676, 9;
0.0160055, 9;
0.0157714, 9;
0.0154533, 9;
0.0144766, 9;
0.0152427, 9;
0.015822, 9;
0.0149229, 9;
0.0149053, 9;
0.0149413, 9;
0.0150073, 9;
0.0161399, 9;
0.0158214, 9;
0.0159381, 9;
0.0160884, 9;
0.0159676, 9;
0.0159827, 9;
0.0154581, 9;
0.0151797, 9;
0.0155801, 9;
0.015737, 9;
0.0159346, 9;
0.0148676, 9;
0.0149549, 9;
0.0150129, 9;
0.0161293, 9;
0.0157511, 9;
0.0160029, 9;
0.0159873, 9;
0.0159893, 9;
0.0155865, 9;
0.0154292, 9;
0.0159911, 9;
0.015626, 9;
0.0151643, 9;
0.0150437, 9;
0.0160028, 9;
0.0149175, 9;
0.015081, 9;
0.0159882, 9;
0.0159, 9;
0.0149635, 9;
0.014957, 9;
0.0149922, 9;
0.0150475, 9;
0.0159512, 9;
0.015193, 9;
0.0146936, 9;
0.0159847, 9;
0.0148876, 9;
0.0149871, 9;
0.0160788, 9;
0.0148607, 9;
0.0149656, 9;
0.0159812, 9;
0.0149697, 9;
0.0149796, 9;
0.0161254, 9;
0.0150855, 9;
0.0147248, 9;
0.01603, 9;
0.0149456, 9;
0.0155394, 9;
0.0154575, 9;
0.0149748, 9;
0.0151988, 9;
0.0157259, 9;
0.0148944, 9;
0.0150088, 9;
0.0160596, 9;
0.0153105, 9;
0.01459, 9;
0.0163751, 9;
0.0279065, 9;
0.016076, 9;
0.0149752, 9;
0.0160721, 9;
0.0159066, 9;
0.0159461, 9;
0.0160271, 9;
0.0164011, 9;
0.0155357, 9;
0.0147711, 9;
0.0152882, 9;
0.0164551, 9;
0.0133352, 9;
0.0159273, 9;
0.0168508, 9;
0.0130732, 9;
0.0162508, 9;
0.0155735, 9;
0.0161157, 9;
0.0159147, 9;
0.0149051, 9;
0.0153211, 9;
0.0147016, 9;
0.0160178, 9;
0.0152313, 9;
0.0147852, 9;
0.0160641, 9;
0.0158255, 9;
0.0160285, 9;
0.0162453, 9;
0.0167935, 9;
0.013812, 9;
0.0152442, 9;
0.0145959, 9;
0.014876, 9;
0.0152795, 9;
0.0147754, 9;
0.0161403, 9;
0.014958, 9;
0.016042, 9;
0.0158261, 9;
0.0160116, 9;
0.016039, 9;
0.0157509, 9;
0.0160451, 9;
0.0160258, 9;
0.0159302, 9;
0.0159682, 9;
0.0149404, 9;
0.0149704, 9;
0.015078, 9;
0.0166582, 9;
0.0145004, 9;
0.0163016, 9;
0.0143783, 9;
0.0150578, 9;
0.0160309, 9;
0.0149024, 9;
0.0150681, 9;
0.0160671, 9;
0.0160554, 9;
0.0159877, 9;
0.0159305, 9;
0.015984, 9;
0.0149173, 9;
0.0150145, 9;
0.0156561, 9;
0.0157287, 9;
0.0159836, 9;
0.015482, 9;
0.0147351, 9;
0.0150387, 9;
0.0158876, 9;
0.0150739, 9;
0.0158755, 9;
0.0150269, 9;
0.0157117, 9;
0.0153991, 9;
0.0159108, 9;
0.0159268, 9;
0.0150945, 9;
0.0156457, 9;
0.0150257, 9;
0.0165834, 9;
0.0144765, 9;
0.0149235, 9;
0.0155722, 9;
0.0160353, 9;
0.0155509, 9;
0.0150675, 9;
0.01495, 9;
0.0157821, 9;
0.0167255, 9;
0.015056, 9;
0.0160353, 9;
0.0159138, 9;
0.0160456, 9;
0.0159011, 9;
0.0156995, 9;
0.0153039, 9;
0.0160279, 9;
0.0158208, 9;
0.0159653, 9;
0.0155155, 9;
0.0155612, 9;
0.0150512, 9;
0.0148331, 9;
0.0160454, 9;
0.0148939, 9;
0.015623, 9;
0.0152596, 9;
0.0149235, 9;
0.0151216, 9;
0.0158524, 9;
0.0149939, 9;
0.0160955, 9;
0.015946, 9;
0.0151332, 9;
0.0159103, 9;
0.0152229, 9;
0.0155665, 9;
0.0159467, 9;
0.0159416, 9;
0.0160523, 9;
0.0160093, 9;
0.0155414, 9;
0.0154886, 9;
0.0151242, 9;
0.0156717, 9;
0.0159813, 9;
0.0154403, 9;
0.0154926, 9;
0.0161272, 9;
0.0159223, 9;
0.0159211, 9;
0.0153875, 9;
0.0154685, 9;
0.0160625, 9;
0.0158878, 9;
0.0149414, 9;
0.0149876, 9;
0.0150533, 9;
0.0148773, 9;
0.0150007, 9;
0.0156611, 9;
0.0152992, 9;
0.0158448, 9;
0.0162273, 9;
0.0158747, 9;
0.0156153, 9;
0.0154234, 9;
0.0148081, 9;
0.0149536, 9;
0.0160785, 9;
0.0150072, 9;
0.0149039, 9;
0.0147663, 9;
0.0167415, 9;
0.0144001, 9;
0.015936, 9;
0.01512, 9;
0.0158708, 9;
0.0150977, 9;
0.0158516, 9;
0.0160667, 9;
0.0159926, 9;
0.0148098, 9;
0.0150035, 9;
0.016079, 9;
0.0150982, 9;
0.0144296, 9;
0.01521, 9;
0.0160173, 9;
0.0150352, 9;
0.0159915, 9;
0.015823, 9;
0.0151945, 9;
0.0157184, 9;
0.0149027, 9;
0.0150142, 9;
0.0160308, 9;
0.014945, 9;
0.0151513, 9;
0.0157312, 9;
0.0162191, 9;
0.0157081, 9;
0.0151665, 9;
0.0145614, 9;
0.0149902, 9;
0.0150994, 9;
0.0151237, 9;
0.0147137, 9;
0.0151181, 9;
0.0161646, 9;
0.0159505, 9;
0.0159046, 9;
0.0154688, 9;
0.0153829, 9;
0.0161497, 9;
0.0175386, 9;
0.0143823, 9;
0.0158791, 9;
0.0161563, 9;
0.0157814, 9;
0.0149604, 9;
0.0149782, 9;
0.0155893, 9;
0.0154543, 9;
0.0160886, 9;
0.0137863, 9;
0.0160591, 9;
0.0152252, 9;
0.015332, 9;
0.0153995, 9;
0.0159078, 9;
0.0150009, 9;
0.0159141, 9;
0.0152507, 9;
0.0157881, 9;
0.0159401, 9;
0.0159906, 9;
0.016051, 9;
0.0158558, 9;
0.0160014, 9;
0.0159426, 9;
0.0150739, 9;
0.0149217, 9;
0.0152889, 9;
0.0155972, 9;
0.0151423, 9;
0.0157653, 9;
0.0150096, 9;
0.0149962, 9;
0.0159372, 9;
0.0160392, 9;
0.0159764, 9;
0.0149683, 9;
0.0149626, 9;
0.0148536, 9;
0.014974, 9;
0.0150314, 9;
0.0160162, 9;
0.0164009, 9;
0.0154482, 9;
0.0160467, 9;
0.0160771, 9;
0.0158275, 9;
0.0161108, 9;
0.0158624, 9;
0.0162085, 9;
0.0152869, 9;
0.0154161, 9;
0.0158305, 9;
0.0159612, 9;
0.0158775, 9;
0.0151985, 9;
0.0161375, 9;
0.014886, 9;
0.0150873, 9;
0.0158348, 9;
0.0150143, 9;
0.0159442, 9;
0.0161264, 9;
0.0158644, 9;
0.015781, 9;
0.0151579, 9;
0.0166472, 9;
0.0142132, 9;
0.0149371, 9;
0.0160866, 9;
0.0149199, 9;
0.014966, 9;
0.0159403, 9;
0.016216, 9;
0.014741, 9;
0.0159629, 9;
0.0149759, 9;
0.0159152, 9;
0.0150083, 9;
0.0158039, 9;
0.0153051, 9;
0.0158909, 9;
0.0149796, 9;
0.0149405, 9;
0.0156005, 9;
0.0153249, 9;
0.0159839, 9;
0.0160634, 9;
0.0153893, 9;
0.0156881, 9;
0.0147892, 9;
0.0151953, 9;
0.0157554, 9;
0.0150268, 9;
0.0153204, 9;
0.0145021, 9;
0.0149857, 9;
0.0159849, 9;
0.0149874, 9;
0.0149976, 9;
0.0158491, 9;
0.0165255, 9;
0.0155257, 9;
0.0158758, 9;
0.0158765, 9;
0.0161726, 9;
0.0157027, 9;
0.0149772, 9;
0.015127, 9;
0.014908, 9;
0.0160976, 9;
0.014854, 9;
0.0150628, 9;
0.0160825, 9;
0.0149554, 9;
0.0149963, 9;
0.015847, 9;
0.0157305, 9;
0.0153003, 9;
0.016005, 9;
0.0152574, 9;
0.0157122, 9;
0.0150927, 9;
0.0147809, 9;
0.0149284, 9;
0.0149417, 9;
0.0146874, 9;
0.0152881, 9;
0.0160614, 9;
0.0148985, 9;
0.0149885, 9;
0.0159383, 9;
0.0160024, 9;
0.0151336, 9;
0.0158704, 9;
0.0159897, 9;
0.0160048, 9;
0.01599, 9;
0.0158929, 9;
0.0159993, 9;
0.0159425, 9;
0.0160046, 9;
0.0159869, 9;
0.0160792, 9;
0.0153505, 9;
0.0155351, 9;
0.0149938, 9;
0.0165909, 9;
0.0153001, 9;
0.0161319, 9;
0.0158241, 9;
0.014859, 9;
0.0149927, 9;
0.0150696, 9;
0.0154149, 9;
0.0160193, 9;
0.015476, 9;
0.0156175, 9;
0.0153564, 9;
0.0155644, 9;
0.0155755, 9;
0.0146853, 9;
0.0149384, 9;
0.0150081, 9;
0.014999, 9;
0.0149429, 9;
0.0149609, 9;
0.0149727, 9;
0.0163955, 9;
0.0149567, 9;
0.0155257, 9;
0.0160728, 9;
0.0160726, 9;
0.0163534, 9;
0.0154768, 9;
0.0150564, 9;
0.0149157, 9;
0.0150725, 9;
0.0159478, 9;
0.0149137, 9;
0.0149882, 9;
0.0159918, 9;
0.0149372, 9;
0.0149223, 9;
0.0160772, 9;
0.0148187, 9;
0.0152724, 9;
0.0157756, 9;
0.0155521, 9;
0.0159558, 9;
0.0159509, 9;
0.0159317, 9;
0.0162333, 9;
0.0157535, 9;
0.0159698, 9;
0.0159697, 9;
0.0159999, 9;
0.0154089, 9;
0.0159218, 9;
0.016008, 9;
0.0155246, 9;
0.0165261, 9;
0.0154235, 9;
0.0160895, 9;
0.0157991, 9;
0.0176025, 9;
0.0138198, 9;
0.0149372, 9;
0.015767, 9;
0.0152892, 9;
0.0159053, 9;
0.0160117, 9;
0.0158913, 9;
0.0161584, 9;
0.0169358, 9;
0.0139406, 9;
0.0149377, 9;
0.0161403, 9;
0.0148011, 9;
0.0149399, 9;
0.01512, 9;
0.0148129, 9;
0.0152824, 9;
0.0156689, 9;
0.0160484, 9;
0.0149686, 9;
0.0148579, 9;
0.015662, 9;
0.0151793, 9;
0.016233, 9;
0.0149217, 9;
0.0150858, 9;
0.0155353, 9;
0.0152419, 9;
0.0160557, 9;
0.0148546, 9;
0.0149581, 9;
0.0161262, 9;
0.0149405, 9;
0.0149625, 9;
0.0159348, 9;
0.0160376, 9;
0.0160197, 9;
0.0157863, 9;
0.0159911, 9;
0.0154147, 9;
0.01542, 9;
0.0151397, 9;
0.0165627, 9;
0.01539, 9;
0.0159627, 9;
0.0159831, 9;
0.0160035, 9;
0.0149931, 9;
0.0159188, 9;
0.014925, 9;
0.0155668, 9;
0.0155864, 9;
0.0148418, 9;
0.0149993, 9;
0.0160201, 9;
0.0153994, 9;
0.0155014, 9;
0.0161274, 9;
0.0157666, 9;
0.0159445, 9;
0.0150061, 9;
0.0160606, 9;
0.0148684, 9;
0.0157619, 9;
0.0153129, 9;
0.0153238, 9;
0.0145125, 9;
0.0162029, 9;
0.0153653, 9;
0.0155009, 9;
0.0158979, 9;
0.0164185, 9;
0.013405, 9;
0.0160728, 9;
0.0160364, 9;
0.0160164, 9;
0.0157131, 9;
0.015183, 9;
0.0151433, 9;
0.0159407, 9;
0.0147882, 9;
0.0150307, 9;
0.0159265, 9;
0.0160294, 9;
0.0159943, 9;
0.0151503, 9;
0.0145764, 9;
0.0160238, 9;
0.0160736, 9;
0.0159193, 9;
0.0160041, 9;
0.0157262, 9;
0.0180241, 9;
0.0127603, 9;
0.0149634, 9;
0.0161651, 9;
0.0159227, 9;
0.0148817, 9;
0.0153184, 9;
0.0153165, 9;
0.0160638, 9;
0.0155147, 9;
0.015061, 9;
0.015912, 9;
0.0158559, 9;
0.0152645, 9;
0.0148601, 9;
0.0149651, 9;
0.0158758, 9;
0.015018, 9;
0.0149163, 9;
0.0161145, 9;
0.0149577, 9;
0.0145066, 9;
0.0157442, 9;
0.0156684, 9;
0.0161599, 9;
0.014745, 9;
0.0150644, 9;
0.0162306, 9;
0.0158382, 9;
0.0158204, 9;
0.0160563, 9;
0.0157544, 9;
0.016001, 9;
0.0161798, 9;
0.0159, 9;
0.0163342, 9;
0.0145057, 9;
0.0148143, 9;
0.0150655, 9;
0.0152489, 9;
0.0159514, 9;
0.0161322, 9;
0.0156769, 9;
0.0149504, 9;
0.0149789, 9;
0.0149207, 9;
0.0156487, 9;
0.0143075, 9;
0.0160533, 9;
0.0160423, 9;
0.0159606, 9;
0.0157946, 9;
0.0155111, 9;
0.0155979, 9;
0.0148775, 9;
0.015173, 9;
0.0159185, 9;
0.0148108, 9;
0.014939, 9;
0.0155495, 9;
0.0155175, 9;
0.0159611, 9;
0.0160053, 9;
0.0160042, 9;
0.014881, 9;
0.0149129, 9;
0.0160608, 9;
0.0149279, 9;
0.0154035, 9;
0.0157115, 9;
0.015872, 9;
0.0159644, 9;
0.0159014, 9;
0.0149715, 9;
0.0150602, 9;
0.0148635, 9;
0.016086, 9;
0.0148591, 9;
0.0149935, 9;
0.0166634, 9;
0.0143402, 9;
0.015601, 9;
0.0152625, 9;
0.0151309, 9;
0.0158922, 9;
0.0155914, 9;
0.0152804, 9;
0.0162291, 9;
0.0158175, 9;
0.0151219, 9;
0.0147507, 9;
0.015046, 9;
0.0159751, 9;
0.0149611, 9;
0.0152289, 9;
0.0158714, 9;
0.0151175, 9;
0.0147295, 9;
0.0149762, 9;
0.0151533, 9;
0.01618, 9;
0.0158156, 9;
0.0158418, 9;
0.0153943, 9;
0.0153862, 9;
0.0151158, 9;
0.0155106, 9;
0.0172368, 9;
0.014032, 9;
0.0162136, 9;
0.0157168, 9;
0.0176501, 9;
0.014232, 9;
0.0149596, 9;
0.0150494, 9;
0.0160964, 9;
0.0159173, 9;
0.0160581, 9;
0.0158429, 9;
0.0151694, 9;
0.0147434, 9;
0.0151616, 9;
0.0157565, 9;
0.0150927, 9;
0.0149034, 9;
0.01609, 9;
0.0148146, 9;
0.0154224, 9;
0.0160592, 9;
0.0155107, 9;
0.0160254, 9;
0.015994, 9;
0.0160381, 9;
0.0147687, 9;
0.0149418, 9;
0.0154565, 9;
0.0156586, 9;
0.0152891, 9;
0.0156062, 9;
0.0161682, 9;
0.0157089, 9;
0.0159928, 9;
0.0159958, 9;
0.0159605, 9;
0.0148824, 9;
0.0150557, 9;
0.0151355, 9;
0.0148435, 9;
0.014915, 9;
0.0153707, 9;
0.0156155, 9;
0.0149891, 9;
0.0148641, 9;
0.0162131, 9;
0.0147911, 9;
0.014961, 9;
0.0159752, 9;
0.0150352, 9;
0.014916, 9;
0.0156858, 9;
0.0146934, 9;
0.0149658, 9;
0.0150522, 9;
0.015588, 9;
0.0159875, 9;
0.0156062, 9;
0.0152157, 9;
0.0160174, 9;
0.0149114, 9;
0.0159797, 9;
0.016056, 9;
0.0159954, 9;
0.0155042, 9;
0.0151837, 9;
0.0164766, 9;
0.0147708, 9;
0.0159017, 9;
0.0159781, 9;
0.0153786, 9;
0.0157691, 9;
0.0147304, 9;
0.0150556, 9;
0.0159084, 9;
0.0149184, 9;
0.0150073, 9;
0.0160159, 9;
0.0150126, 9;
0.0150525, 9;
0.01598, 9;
0.0147879, 9;
0.0151625, 9;
0.0165691, 9;
0.0140951, 9;
0.0149896, 9;
0.0160146, 9;
0.0158176, 9;
0.0149916, 9;
0.0160847, 9;
0.0149496, 9;
0.0149555, 9;
0.0154998, 9;
0.0161858, 9;
0.0160556, 9;
0.0157067, 9;
0.0160621, 9;
0.015846, 9;
0.0157226, 9;
0.0157168, 9;
0.0149437, 9;
0.0150266, 9;
0.0149433, 9;
0.0159685, 9;
0.016045, 9;
0.0158855, 9;
0.0159379, 9;
0.0161274, 9;
0.0158766, 9;
0.015007, 9;
0.0149395, 9;
0.0161281, 9;
0.0157848, 9;
0.015973, 9;
0.0159688, 9;
0.0150246, 9;
0.0149165, 9;
0.015979, 9;
0.016009, 9;
0.0163902, 9;
0.0155029, 9;
0.0160451, 9;
0.0159861, 9;
0.0149885, 9;
0.0153261, 9;
0.015733, 9;
0.0148987, 9;
0.0148429, 9;
0.0157828, 9;
0.0151635, 9;
0.0154394, 9;
0.015582, 9;
0.0155291, 9;
0.0154707, 9;
0.0148893, 9;
0.0156805, 9;
0.0153725, 9;
0.0147347, 9;
0.0157315, 9;
0.015342, 9;
0.0156303, 9;
0.0154951, 9;
0.0155843, 9;
0.0150429, 9;
0.0159756, 9;
0.0154394, 9;
0.0155558, 9;
0.0164266, 9;
0.0154026, 9;
0.0149829, 9;
0.0150602, 9;
0.0150065, 9;
0.0149316, 9;
0.0160487, 9;
0.0160846, 9;
0.015154, 9;
0.0155733, 9;
0.0149831, 9;
0.0149941, 9;
0.0156851, 9;
0.0154088, 9;
0.0149394, 9;
0.0148027, 9;
0.0159742, 9;
0.0159674, 9;
0.0153573, 9;
0.0153101, 9;
0.0153778, 9;
0.0157145, 9;
0.0151969, 9;
0.0148888, 9;
0.0156377, 9;
0.0157461, 9;
0.0145941, 9;
0.0148741, 9;
0.0161448, 9;
0.0148529, 9;
0.0149648, 9;
0.0159669, 9;
0.014989, 9;
0.0159427, 9;
0.0161494, 9;
0.0153614, 9;
0.0158194, 9;
0.0146022, 9;
0.0159344, 9;
0.0146867, 9;
0.015953, 9;
0.0173656, 9;
0.0135699, 9;
0.0150126, 9;
0.0152946, 9;
0.0160902, 9;
0.0149749, 9;
0.0158491, 9;
0.0159105, 9;
0.0162762, 9;
0.0157756, 9;
0.0163147, 9;
0.0156866, 9;
0.014883, 9;
0.0150383, 9;
0.0159884, 9;
0.0159741, 9;
0.0159384, 9;
0.0159191, 9;
0.0163404, 9;
0.0146298, 9;
0.0149654, 9;
0.0149491, 9;
0.014988, 9;
0.0149704, 9;
0.0146981, 9;
0.0152855, 9;
0.0156213, 9;
0.015991, 9;
0.0154438, 9;
0.0155492, 9;
0.0153084, 9;
0.0159116, 9;
0.0159938, 9;
0.0160065, 9;
0.0160465, 9;
0.0160313, 9;
0.0152224, 9;
0.0156401, 9;
0.0157263, 9;
0.0160728, 9;
0.0160274, 9;
0.0158342, 9;
0.0156761, 9;
0.0155932, 9;
0.0156605, 9;
0.0153667, 9;
0.0162217, 9;
0.0147136, 9;
0.0161123, 9;
0.014948, 9;
0.0155556, 9;
0.016027, 9;
0.0158478, 9;
0.0151939, 9;
0.0146166, 9;
0.0151837, 9;
0.0160016, 9;
0.0148998, 9;
0.0156661, 9;
0.0154039, 9;
0.0149478, 9;
0.0149781, 9;
0.015906, 9;
0.0149835, 9;
0.0160547, 9;
0.0160671, 9;
0.0158255, 9;
0.0152466, 9;
0.0156355, 9;
0.0151596, 9;
0.0158341, 9;
0.0150228, 9;
0.0159111, 9;
0.0150082, 9;
0.0160356, 9;
0.0153268, 9;
0.0155343, 9;
0.0160529, 9;
0.0159029, 9;
0.0179717, 9;
0.0140382, 9;
0.0160632, 9;
0.0148034, 9;
0.0152217, 9;
0.0158819, 9;
0.0158844, 9;
0.0159889, 9;
0.015866, 9;
0.0161592, 9;
0.014942, 9;
0.0148981, 9;
0.0160775, 9;
0.0160322, 9;
0.0158395, 9;
0.0161164, 9;
0.0160418, 9;
0.0158082, 9;
0.0149098, 9;
0.0148776, 9;
0.0173172, 9;
0.0143842, 9;
0.0158314, 9;
0.0154644, 9;
0.0149616, 9;
0.0147812, 9;
0.0151166, 9;
0.0160533, 9;
0.0158175, 9;
0.0160829, 9;
0.0150521, 9;
0.0158738, 9;
0.0149534, 9;
0.0150719, 9;
0.0159332, 9;
0.0149952, 9;
0.0149756, 9;
0.0153939, 9;
0.0149082, 9;
0.0156933, 9;
0.0155222, 9;
0.015516, 9;
0.0157084, 9;
0.015594, 9;
0.0155582, 9;
0.0158723, 9;
0.0159253, 9;
0.0150028, 9;
0.0149575, 9;
0.0155763, 9;
0.0154388, 9;
0.0149536, 9;
0.0148673, 9;
0.0160684, 9;
0.015204, 9;
0.0151618, 9;
0.0164416, 9;
0.0155648, 9;
0.0155042, 9;
0.0148403, 9;
0.0159824, 9;
0.0149912, 9;
0.0160523, 9;
0.0145713, 9;
0.0152857, 9;
0.0160563, 9;
0.0154428, 9;
0.0180221, 9;
0.0139919, 9;
0.0257409, 9;
0.0201407, 9;
0.0162952, 9;
0.0156542, 9;
0.0159747, 9;
0.0159941, 9;
0.0152508, 9;
0.0158489, 9;
0.0149944, 9;
0.0149358, 9;
0.0160035, 9;
0.0154972, 9;
0.0157322, 9;
0.0156445, 9;
0.0153313, 9;
0.0163815, 9;
0.0155816, 9;
0.0148908, 9;
0.015084, 9;
0.0160063, 9;
0.0159296, 9;
0.0154253, 9;
0.015435, 9;
0.0159357, 9;
0.0144729, 9;
0.0156636, 9;
0.0160794, 9;
0.0148329, 9;
0.0150385, 9;
0.0159566, 9;
0.0160345, 9;
0.0151088, 9;
0.0149112, 9;
0.015128, 9;
0.0160512, 9;
0.0148242, 9;
0.0157764, 9;
0.0153056, 9;
0.0158856, 9;
0.0160456, 9;
0.014653, 9;
0.0149213, 9;
0.0159929, 9;
0.0153536, 9;
0.0153976, 9;
0.0160164, 9;
0.0152772, 9;
0.0156565, 9;
0.0150347, 9;
0.0149234, 9;
0.015032, 9;
0.0159594, 9;
0.0147799, 9;
0.0153326, 9;
0.01659, 9;
0.0151611, 9;
0.0150171, 9;
0.016013, 9;
0.0148878, 9;
0.0149034, 9;
0.0150058, 9;
0.0149338, 9;
0.0147805, 9;
0.0156773, 9;
0.0154693, 9;
0.0158787, 9;
0.0153004, 9;
0.0160007, 9;
0.0149621, 9;
0.016113, 9;
0.0148896, 9;
0.0159648, 9;
0.0161415, 9;
0.0159343, 9;
0.0158956, 9;
0.0158458, 9;
0.0153151, 9;
0.0148711, 9;
0.0150331, 9;
0.0161305, 9;
0.0148298, 9;
0.0150429, 9;
0.0159597, 9;
0.0151135, 9;
0.0149895, 9;
0.0152969, 9;
0.0158344, 9;
0.0156762, 9;
0.0151535, 9;
0.0148058, 9;
0.014964, 9;
0.0154008, 9;
0.0167007, 9;
0.0143627, 9;
0.0148876, 9;
0.0149351, 9;
0.01493, 9;
0.0154228, 9;
0.0160829, 9;
0.0159337, 9;
0.0156249, 9;
0.0159059, 9;
0.0159826, 9;
0.0158961, 9;
0.0150482, 9;
0.0150572, 9;
0.014896, 9;
0.0160899, 9;
0.0158112, 9;
0.0160402, 9;
0.0159057, 9;
0.0159621, 9;
0.0153228, 9;
0.0160569, 9;
0.0160657, 9;
0.015402, 9;
0.0153633, 9;
0.0159971, 9;
0.0177028, 9;
0.0144079, 9;
0.0170118, 9;
0.0159215, 9;
0.0141429, 9;
0.0169755, 9;
0.0139415, 9;
0.0151968, 9;
0.0152059, 9;
0.0155047, 9;
0.0159529, 9;
0.015044, 9;
0.0153995, 9;
0.0153976, 9;
0.0158824, 9;
0.0155316, 9;
0.0158354, 9;
0.0159371, 9;
0.0160981, 9;
0.0156733, 9;
0.0159407, 9;
0.0166781, 9;
0.0155872, 9;
0.0139698, 9;
0.0161679, 9;
0.0150172, 9;
0.0148079, 9;
0.0155417, 9;
0.0163324, 9;
0.015567, 9;
0.0161206, 9;
0.0160331, 9;
0.0155245, 9;
0.0160368, 9;
0.0161578, 9;
0.015787, 9;
0.0160839, 9;
0.0160804, 9;
0.0153958, 9;
0.0158076, 9;
0.0151944, 9;
0.0157996, 9;
0.0152916, 9;
0.0152229, 9;
0.0155335, 9;
0.0164509, 9;
0.0154537, 9;
0.0161212, 9;
0.015948, 9;
0.0160548, 9;
0.0156609, 9;
0.0157161, 9;
0.0154408, 9;
0.0158473, 9;
0.0146082, 9;
0.0154029, 9;
0.0170345, 9;
0.0139325, 9;
0.0157336, 9;
0.0153968, 9;
0.0150161, 9;
0.0158522, 9;
0.0160488, 9;
0.0158412, 9;
0.0159562, 9;
0.0161193, 9;
0.0155057, 9;
0.015823, 9;
0.0163104, 9;
0.015113, 9;
0.0164907, 9;
0.0150214, 9;
0.0154259, 9;
0.0148909, 9;
0.0149848, 9;
0.0150829, 9;
0.0159202, 9;
0.0159495, 9;
0.0159268, 9;
0.0159702, 9;
0.0160677, 9;
0.0157684, 9;
0.0163064, 9;
0.0159217, 9;
0.0156436, 9;
0.0150476, 9;
0.0159936, 9;
0.0158502, 9;
0.0158347, 9;
0.0153573, 9;
0.014937, 9;
0.0150147, 9;
0.0159055, 9;
0.0149921, 9;
0.0149646, 9;
0.0150844, 9;
0.0149165, 9;
0.0160543, 9;
0.0159032, 9;
0.0148524, 9;
0.0149863, 9;
0.0155479, 9;
0.0144585, 9;
0.0159948, 9;
0.0149464, 9;
0.0149398, 9;
0.0159927, 9;
0.0150362, 9;
0.0149949, 9;
0.0152352, 9;
0.0161013, 9;
0.0156487, 9;
0.0159329, 9;
0.0159434, 9;
0.0160983, 9;
0.0160143, 9;
0.0147568, 9;
0.0153892, 9;
0.0155018, 9;
0.0160507, 9;
0.0159775, 9;
0.0150169, 9;
0.0160539, 9;
0.0144321, 9;
0.0153331, 9;
0.0153549, 9;
0.0156718, 9;
0.0160038, 9;
0.0151769, 9;
0.0154835, 9;
0.0152944, 9;
0.0158518, 9;
0.0148355, 9;
0.0149249, 9;
0.0156121, 9;
0.0160708, 9;
0.0150958, 9;
0.0155049, 9;
0.015948, 9;
0.0157996, 9;
0.0161034, 9;
0.0158213, 9;
0.0159356, 9;
0.0161946, 9;
0.0153015, 9;
0.0154691, 9;
0.0163627, 9;
0.0156712, 9;
0.015879, 9;
0.015261, 9;
0.0160093, 9;
0.0153435, 9;
0.0160369, 9;
0.0160273, 9;
0.0151661, 9;
0.0159561, 9;
0.0160515, 9;
0.0159685, 9;
0.0159839, 9;
0.0154506, 9;
0.015987, 9;
0.0148631, 9;
0.0155135, 9;
0.0153751, 9;
0.01713, 9;
0.0139232, 9;
0.0157989, 9;
0.016007, 9;
0.0163888, 9;
0.0145376, 9;
0.0150306, 9;
0.0161241, 9;
0.0148321, 9;
0.0150548, 9;
0.0160321, 9;
0.0156575, 9;
0.0157742, 9;
0.0153093, 9;
0.0156966, 9;
0.0158247, 9;
0.0160937, 9;
0.0159963, 9;
0.0159843, 9;
0.0159133, 9;
0.0159353, 9;
0.0159466, 9;
0.014992, 9;
0.0150649, 9;
0.0158421, 9;
0.0160319, 9;
0.0161812, 9;
0.0158511, 9;
0.0150907, 9;
0.0150003, 9;
0.0160105, 9;
0.0159605, 9;
0.014967, 9;
0.0148824, 9;
0.0156761, 9;
0.0160364, 9;
0.0149329, 9;
0.0149779, 9;
0.0150111, 9;
0.0149894, 9;
0.016044, 9;
0.0150778, 9;
0.0163144, 9;
0.0156082, 9;
0.0159461, 9;
0.0152127, 9;
0.0169219, 9;
0.0146295, 9;
0.0150008, 9;
0.0149986, 9;
0.0149573, 9;
0.0159974, 9;
0.0149356, 9;
0.016075, 9;
0.0148735, 9;
0.0149531, 9;
0.0149894, 9;
0.0149784, 9;
0.0151422, 9;
0.0159478, 9;
0.0149104, 9;
0.0150068, 9;
0.0148824, 9;
0.0160027, 9;
0.0150404, 9;
0.0148641, 9;
0.015421, 9;
0.0159546, 9;
0.0158371, 9;
0.0158835, 9;
0.0155815, 9;
0.0154009, 9;
0.0150013, 9;
0.0163028, 9;
0.0157755, 9;
0.016027, 9;
0.0155572, 9;
0.0159418, 9;
0.0159435, 9;
0.0159622, 9;
0.0156872, 9;
0.0159613, 9;
0.0163404, 9;
0.0150354, 9;
0.0159331, 9;
0.0156377, 9;
0.0149327, 9;
0.0152839, 9;
0.0158578, 9;
0.0164952, 9;
0.0155781, 9;
0.0163421, 9;
0.0161804, 9;
0.0157324, 9;
0.0163442, 9;
0.0143945, 9;
0.0149348, 9;
0.0186732, 9;
0.0132459, 9;
0.0158299, 9;
0.0150347, 9;
0.0152604, 9;
0.0156902, 9;
0.0156142, 9;
0.0154693, 9;
0.0158394, 9;
0.0160957, 9;
0.0159637, 9;
0.0158536, 9;
0.0161367, 9;
0.015812, 9;
0.0149728, 9;
0.0149232, 9;
0.014973, 9;
0.0149796, 9;
0.0150164, 9;
0.0148886, 9;
0.0151107, 9;
0.0158917, 9;
0.0152251, 9;
0.0146891, 9;
0.0156047, 9;
0.0154148, 9;
0.0162825, 9;
0.0158915, 9;
0.0158355, 9;
0.0150142, 9;
0.0149359, 9;
0.0149652, 9;
0.0160486, 9;
0.0150487, 9;
0.0148547, 9;
0.0156517, 9;
0.0164586, 9;
0.0157162, 9;
0.0159371, 9;
0.0160662, 9;
0.0165111, 9;
0.0153101, 9;
0.0149554, 9;
0.014949, 9;
0.0195448, 9;
0.0114181, 9;
0.0158448, 9;
0.0152818, 9;
0.016031, 9;
0.0151945, 9;
0.0146046, 9;
0.0213206, 9;
0.0313571, 9;
0.010857, 9;
0.0158856, 9;
0.0153236, 9;
0.0158662, 9;
0.0152532, 9;
0.0156987, 9;
0.0159511, 9;
0.0161275, 9;
0.015839, 9;
0.0159576, 9;
0.0155908, 9;
0.0158444, 9;
0.0144871, 9;
0.0150634, 9;
0.0161355, 9;
0.0147829, 9;
0.0150615, 9;
0.0159248, 9;
0.0148515, 9;
0.0154462, 9;
0.0145435, 9;
0.0158099, 9;
0.0151584, 9;
0.0159337, 9;
0.0149967, 9;
0.0148953, 9;
0.0162678, 9;
0.0147641, 9;
0.0150027, 9;
0.0159326, 9;
0.0149928, 9;
0.0149827, 9;
0.0160095, 9;
0.0148359, 9;
0.014988, 9;
0.0152088, 9;
0.0157347, 9;
0.0159826, 9;
0.0158424, 9;
0.0151648, 9;
0.0154459, 9;
0.0155037, 9;
0.0159448, 9;
0.0147071, 9;
0.0152214, 9;
0.0159981, 9;
0.0160231, 9;
0.0159374, 9;
0.0159879, 9;
0.0159735, 9;
0.0160071, 9;
0.0159013, 9;
0.0160618, 9;
0.0159963, 9;
0.0159443, 9;
0.0150231, 9;
0.0157931, 9;
0.0150663, 9;
0.0158427, 9;
0.0160504, 9;
0.0159424, 9;
0.0160356, 9;
0.0148893, 9;
0.0149652, 9;
0.0160788, 9;
0.0158396, 9;
0.0159734, 9;
0.0159907, 9;
0.016199, 9;
0.0158257, 9;
0.0149639, 9;
0.0148959, 9;
0.0159979, 9;
0.0160315, 9;
0.0160263, 9;
0.0153043, 9;
0.0155486, 9;
0.0159807, 9;
0.0159622, 9;
0.0159999, 9;
0.0161672, 9;
0.0158038, 9;
0.0149424, 9;
0.0149791, 9;
0.0159843, 9;
0.0154522, 9;
0.0154454, 9;
0.0160198, 9;
0.0159075, 9;
0.0160044, 9;
0.0154873, 9;
0.0154587, 9;
0.0149687, 9;
0.0149243, 9;
0.0160743, 9;
0.0149289, 9;
0.0159447, 9;
0.0149218, 9;
0.0150009, 9;
0.0159751, 9;
0.0159762, 9;
0.0161297, 9;
0.0159535, 9;
0.0156154, 9;
0.0149531, 9;
0.015215, 9;
0.0152805, 9;
0.0157679, 9;
0.0149324, 9;
0.015981, 9;
0.0160121, 9;
0.0160292, 9;
0.0159149, 9;
0.015901, 9;
0.0158961, 9;
0.0160795, 9;
0.015992, 9;
0.0159508, 9;
0.0159196, 9;
0.0150992, 9;
0.0160546, 9;
0.015092, 9;
0.0156685, 9;
0.0156983, 9;
0.0161774, 9;
0.0150125, 9;
0.0149885, 9;
0.0159184, 9;
0.0160995, 9;
0.0159505, 9;
0.0159982, 9;
0.0158741, 9;
0.0160679, 9;
0.0149616, 9;
0.014896, 9;
0.0150103, 9;
0.0152442, 9;
0.0153858, 9;
0.0155717, 9;
0.015805, 9;
0.0158995, 9;
0.0160354, 9;
0.0155615, 9;
0.0153004, 9;
0.0149148, 9;
0.0150625, 9;
0.0158736, 9;
0.0150879, 9;
0.0150314, 9;
0.0156158, 9;
0.0157224, 9;
0.0154059, 9;
0.0151297, 9;
0.0160515, 9;
0.0157877, 9;
0.0160398, 9;
0.0159036, 9;
0.0159972, 9;
0.0159442, 9;
0.0160535, 9;
0.015968, 9;
0.037273, 9;
0.0120211, 9;
0.0275041, 9;
0.0172392, 9;
0.0158035, 9;
0.0149814, 9;
0.0147278, 9;
0.0160326, 9;
0.0160641, 9;
0.0159352, 9;
0.0153833, 9;
0.0150025, 9;
0.0146747, 9;
0.0158838, 9;
0.0160926, 9;
0.0158951, 9;
0.01602, 9;
0.0160569, 9;
0.0147907, 9;
0.0155254, 9;
0.0154387, 9;
0.0160822, 9;
0.0154622, 9;
0.0171806, 9;
0.0145404, 9;
0.0156139, 9;
0.0150397, 9;
0.0149554, 9;
0.0148764, 9;
0.0160197, 9;
0.0150327, 9;
0.014961, 9;
0.0150371, 9;
0.0158675, 9;
0.0160724, 9;
0.0159527, 9;
0.0151726, 9;
0.0160835, 9;
0.0146175, 9;
0.0151432, 9;
0.0158038, 9;
0.0148985, 9;
0.0151227, 9;
0.0158651, 9;
0.0149513, 9;
0.0147424, 9;
0.0152297, 9;
0.0156915, 9;
0.0145515, 9;
0.0158052, 9;
0.0154726, 9;
0.0154125, 9;
0.0159491, 9;
0.0156535, 9;
0.0160366, 9;
0.0152653, 9;
0.0159678, 9;
0.0148886, 9;
0.0150423, 9;
0.0160009, 9;
0.0149018, 9;
0.0150043, 9;
0.0159019, 9;
0.0150192, 9;
0.0153704, 9;
0.015647, 9;
0.014882, 9;
0.0150419, 9;
0.0160435, 9;
0.0148232, 9;
0.0151051, 9;
0.0158784, 9;
0.0149472, 9;
0.0150367, 9;
0.0145843, 9;
0.0154112, 9;
0.0158906, 9;
0.0149586, 9;
0.0152239, 9;
0.0158116, 9;
0.0152348, 9;
0.0146645, 9;
0.0149879, 9;
0.0159998, 9;
0.0149259, 9;
0.0149139, 9;
0.0152854, 9;
0.0165105, 9;
0.0153942, 9;
0.0148595, 9;
0.0148854, 9;
0.0154876, 9;
0.0152778, 9;
0.0151337, 9;
0.0159975, 9;
0.014803, 9;
0.0151513, 9;
0.0159124, 9;
0.0159569, 9;
0.0160135, 9;
0.0159896, 9;
0.015899, 9;
0.014863, 9;
0.0150773, 9;
0.0161031, 9;
0.0288626, 9;
0.0243036, 9;
0.009566, 9;
0.0159805, 9;
0.0149199, 9;
0.0149739, 9;
0.0149956, 9;
0.0150506, 9;
0.0161781, 9;
0.0157778, 9;
0.0149805, 9;
0.0159605, 9;
0.0150776, 9;
0.0145413, 9;
0.0154386, 9;
0.0159409, 9;
0.0152199, 9;
0.0147408, 9;
0.0148947, 9;
0.0160119, 9;
0.0160599, 9;
0.0153267, 9;
0.0156281, 9;
0.0148296, 9;
0.0150161, 9;
0.0160325, 9;
0.0152392, 9;
0.015587, 9;
0.0160387, 9;
0.0161125, 9;
0.0158652, 9;
0.0159839, 9;
0.0159344, 9;
0.0160344, 9;
0.0158735, 9;
0.015995, 9;
0.0160788, 9;
0.0158089, 9;
0.0160406, 9;
0.0157231, 9;
0.0159631, 9;
0.0152052, 9;
0.0159837, 9;
0.0149213, 9;
0.0150389, 9;
0.0160145, 9;
0.0153347, 9;
0.0146111, 9;
0.0160133, 9;
0.0157025, 9;
0.0154089, 9;
0.0157249, 9;
0.0149134, 9;
0.0155419, 9;
0.0152768, 9;
0.0160713, 9;
0.0153039, 9;
0.015774, 9;
0.0149073, 9;
0.0149397, 9;
0.0150554, 9;
0.0148783, 9;
0.0150412, 9;
0.0149706, 9;
0.0147193, 9;
0.0155778, 9;
0.0163214, 9;
0.0147274, 9;
0.0160383, 9;
0.0154245, 9;
0.0159527, 9;
0.0161759, 9;
0.0159447, 9;
0.0159797, 9;
0.0154012, 9;
0.0153538, 9;
0.0149679, 9;
0.014998, 9;
0.0160691, 9;
0.014892, 9;
0.014852, 9;
0.0162, 9;
0.0178426, 9;
0.012064, 9;
0.0159325, 9;
0.0149795, 9;
0.014987, 9;
0.0149519, 9;
0.0149386, 9;
0.0160014, 9;
0.0159707, 9;
0.0160801, 9;
0.0158978, 9;
0.0154317, 9;
0.0162299, 9;
0.0150247, 9;
0.0147879, 9;
0.0153695, 9;
0.0159502, 9;
0.0160165, 9;
0.0159156, 9;
0.016014, 9;
0.0149647, 9;
0.0149422, 9;
0.0159655, 9;
0.0161135, 9;
0.0159344, 9;
0.0153571, 9;
0.0155073, 9;
0.0150826, 9;
0.0148832, 9;
0.0149915, 9;
0.0149936, 9;
0.0155826, 9;
0.0153598, 9;
0.0150071, 9;
0.0159658, 9;
0.0158968, 9;
0.016105, 9;
0.0160099, 9;
0.0158855, 9;
0.0158856, 9;
0.0160833, 9;
0.0156185, 9;
0.01549, 9;
0.015949, 9;
0.0148478, 9;
0.0159515, 9;
0.0149493, 9;
0.0149858, 9;
0.0149559, 9;
0.0160808, 9;
0.0148231, 9;
0.014979, 9;
0.0157188, 9;
0.0153565, 9;
0.0162509, 9;
0.0156819, 9;
0.0148956, 9;
0.0150594, 9;
0.0159159, 9;
0.0159117, 9;
0.0160005, 9;
0.0149345, 9;
0.0150126, 9;
0.0160111, 9;
0.0159363, 9;
0.0152098, 9;
0.0160189, 9;
0.0158248, 9;
0.0157907, 9;
0.0161196, 9;
0.0161803, 9;
0.0157553, 9;
0.0159404, 9;
0.0156849, 9;
0.0154352, 9;
0.0155865, 9;
0.0159952, 9;
0.0160815, 9;
0.0156303, 9;
0.0152918, 9;
0.016195, 9;
0.0157815, 9;
0.0150661, 9;
0.0149638, 9;
0.0159508, 9;
0.0160223, 9;
0.0161363, 9;
0.0157585, 9;
0.0159987, 9;
0.0151905, 9;
0.0151502, 9;
0.0155731, 9;
0.0159811, 9;
0.0159191, 9;
0.0143677, 9;
0.0148637, 9;
0.0158553, 9;
0.0163698, 9;
0.0155907, 9;
0.0160503, 9;
0.0159842, 9;
0.0159938, 9;
0.0160368, 9;
0.014582, 9;
0.0156052, 9;
0.0159103, 9;
0.0160375, 9;
0.014932, 9;
0.0165487, 9;
0.0145918, 9;
0.0151289, 9;
0.014777, 9;
0.0159159, 9;
0.0152613, 9;
0.0157925, 9;
0.0152306, 9;
0.0159205, 9;
0.0151449, 9;
0.015226, 9;
0.0151303, 9;
0.0151326, 9;
0.0151929, 9;
0.0158052, 9;
0.0150005, 9;
0.0149863, 9;
0.0160234, 9;
0.0153289, 9;
0.0155094, 9;
0.0160925, 9;
0.0160143, 9;
0.0147875, 9;
0.0156003, 9;
0.0186738, 9;
0.0141195, 9;
0.0314845, 9;
0.016248, 9;
0.012814, 9;
0.0160017, 9;
0.0157713, 9;
0.0148735, 9;
0.0149704, 9;
0.0158524, 9;
0.0152925, 9;
0.0149749, 9;
0.0147011, 9;
0.0152831, 9;
0.015301, 9;
0.0160539, 9;
0.0156686, 9;
0.0158134, 9;
