0.109178;
0.106027;
0.10672;
0.11007;
0.107844;
0.106937;
0.110959;
0.106876;
0.105933;
0.109954;
0.110732;
0.17235;
0.10696;
0.108725;
0.110128;
0.108734;
0.109469;
0.108652;
0.105877;
0.110076;
0.1058;
0.111011;
0.107896;
0.106862;
0.104987;
0.109403;
0.108334;
0.106523;
0.109347;
0.107182;
0.106673;
0.109975;
0.106756;
0.109764;
0.110847;
0.111632;
0.108522;
0.105678;
0.109893;
0.109808;
0.110765;
0.106558;
0.10736;
0.113735;
0.106153;
0.109711;
0.106796;
0.11938;
0.102202;
0.110453;
0.107174;
0.107155;
0.111008;
0.111987;
0.110184;
0.119753;
0.115005;
0.106915;
0.106973;
0.105899;
0.104938;
0.109691;
0.111117;
0.108139;
0.106452;
0.106935;
0.109657;
0.109844;
0.10714;
0.108618;
0.109854;
0.111737;
0.106946;
0.111755;
0.108453;
0.107105;
0.107944;
0.111752;
0.107803;
0.107889;
0.106793;
0.109776;
0.106823;
0.107974;
0.110195;
0.109841;
0.111158;
0.106666;
0.106864;
0.107916;
0.109914;
0.107636;
0.108271;
0.10947;
0.107704;
0.111284;
0.110458;
0.109512;
0.110142;
0.108975;
0.110728;
0.107556;
0.108196;
0.109393;
0.109282;
0.108367;
0.108768;
0.109887;
0.109792;
0.106771;
0.109172;
0.106649;
0.108692;
0.106771;
0.10686;
0.106817;
0.107836;
0.107809;
0.108891;
0.105669;
0.109909;
0.108759;
0.106732;
0.108872;
0.109821;
0.104724;
0.109022;
0.109765;
0.108759;
0.106677;
0.109972;
0.108931;
0.1067;
0.106543;
0.108117;
0.10979;
0.110866;
0.111847;
0.107786;
0.10774;
0.110672;
0.107577;
0.110216;
0.109354;
0.110276;
0.113412;
0.10935;
0.11211;
0.109312;
0.106851;
0.109035;
0.111407;
0.110148;
0.109796;
0.109557;
0.111027;
0.10868;
0.107666;
0.106913;
0.108194;
0.110548;
0.108852;
0.109752;
0.109883;
0.109741;
0.111329;
0.110111;
0.104967;
0.107864;
0.106811;
0.108722;
0.106921;
0.111297;
0.111333;
0.106502;
0.111168;
0.108974;
0.109633;
0.109628;
0.108964;
0.108773;
0.106928;
0.106756;
0.106809;
0.107658;
0.107884;
0.106877;
0.111913;
0.107742;
0.11183;
0.108745;
0.107858;
0.111;
0.111707;
0.107628;
0.107001;
0.107757;
0.10695;
0.10559;
0.104541;
0.108179;
0.112417;
0.109184;
0.111088;
0.106498;
0.112129;
0.104074;
0.107268;
0.110613;
0.112048;
0.107702;
0.10777;
