0.109397;
0.106201;
0.106971;
0.113838;
0.119356;
0.108029;
0.105396;
0.112009;
0.102844;
0.109618;
0.10428;
0.108159;
0.109778;
0.108157;
0.109496;
0.105047;
0.10721;
0.123671;
0.182993;
0.19034;
0.168026;
0.172379;
0.122515;
0.217255;
0.109848;
0.10996;
0.109904;
0.109368;
0.107554;
0.109185;
0.104846;
0.107521;
0.110551;
0.107354;
0.10784;
0.107764;
0.107858;
0.107177;
0.110242;
0.109603;
0.108248;
0.109853;
0.106885;
0.108524;
0.107556;
0.108173;
0.107094;
0.105566;
0.106302;
0.106747;
0.114461;
0.118132;
0.108434;
0.106899;
0.107153;
0.107329;
0.108903;
0.106937;
0.107222;
0.112189;
0.137648;
0.110451;
0.111034;
0.106475;
0.107985;
0.107938;
0.109661;
0.109211;
0.111171;
0.107855;
0.110744;
0.107951;
0.109539;
0.123651;
0.128147;
0.11166;
0.110522;
0.108785;
0.109668;
0.109245;
0.107698;
0.110278;
0.113018;
0.106764;
0.109738;
0.108027;
0.113355;
0.104224;
0.110454;
0.108154;
0.114865;
0.184329;
0.108853;
0.107991;
0.108867;
0.106438;
0.108364;
0.106945;
0.108968;
0.109295;
0.106629;
0.11515;
0.10334;
0.108242;
0.107874;
0.114457;
0.152695;
0.110819;
0.108948;
0.108819;
0.108411;
0.109561;
0.108519;
0.10986;
0.111411;
0.107566;
0.110216;
0.105887;
0.111944;
0.122118;
0.107648;
0.107206;
0.108553;
0.107452;
0.107636;
0.109163;
0.106707;
0.109255;
0.107256;
0.10796;
0.108562;
0.106568;
0.109955;
0.108968;
0.109316;
0.110061;
0.109965;
0.112152;
0.106252;
0.110122;
0.106693;
0.109863;
0.109544;
0.109286;
0.107282;
0.108553;
0.108319;
0.10873;
0.108467;
0.107256;
0.109272;
0.111657;
0.107976;
0.109693;
0.109801;
0.10795;
0.108716;
0.108055;
0.109419;
0.110849;
0.108645;
0.108878;
0.107634;
0.107924;
0.113222;
0.106375;
0.107647;
0.112017;
0.109841;
0.109744;
0.111408;
0.105962;
0.106895;
0.105767;
0.108839;
0.111264;
0.105544;
0.110469;
0.109851;
0.107315;
0.107869;
0.108883;
0.111563;
0.110165;
0.108735;
0.112119;
0.108929;
0.10996;
0.106902;
0.106915;
0.109982;
0.109995;
0.107858;
0.106961;
0.109158;
0.110675;
0.109463;
0.10737;
0.110958;
0.107642;
0.106588;
0.106951;
0.108661;
0.109025;
0.107878;
0.107854;
0.108428;
0.108514;
0.108975;
0.110568;
0.110241;
0.108934;
0.106963;
0.10936;
0.106791;
0.107754;
0.110809;
0.107682;
0.106784;
0.111803;
0.107808;
0.110936;
0.110448;
0.109138;
0.108131;
0.111327;
0.105954;
0.109816;
0.108617;
0.10753;
0.107643;
0.107984;
0.10746;
0.109329;
0.107829;
0.106536;
0.110334;
0.109219;
0.108376;
0.10616;
0.109993;
0.108754;
0.107679;
0.108139;
0.107942;
0.109298;
0.111015;
0.107667;
0.107991;
0.110074;
0.110255;
0.108891;
0.108644;
0.108122;
0.110352;
0.107825;
0.109803;
0.106751;
0.110452;
0.110729;
0.108182;
0.109863;
0.106665;
0.105981;
0.108553;
0.108931;
0.109836;
0.111733;
0.106775;
0.108703;
0.110335;
0.109422;
0.105243;
0.10927;
0.111695;
0.106745;
0.108811;
0.109109;
0.109626;
0.111483;
0.109955;
0.107782;
0.105717;
0.110648;
0.108627;
0.109538;
0.109326;
0.110902;
0.105769;
0.106443;
0.11022;
0.111629;
0.10785;
0.106861;
0.106658;
0.111273;
0.108502;
0.106612;
0.108572;
0.107174;
0.108668;
0.110895;
0.109341;
0.107034;
0.110588;
0.108141;
0.107832;
0.109551;
0.107796;
0.110163;
0.111584;
0.108719;
0.107761;
0.107344;
0.107225;
0.10899;
0.111533;
0.108732;
0.105885;
0.106938;
0.110692;
0.111781;
0.111598;
0.110279;
0.106348;
0.10929;
0.106314;
0.108771;
0.108801;
0.109823;
0.108957;
0.110407;
0.110188;
0.109641;
0.109798;
0.109864;
0.107888;
0.10857;
0.110731;
0.111817;
0.109164;
0.11149;
0.108264;
0.109205;
0.10989;
0.10824;
0.107344;
0.106649;
0.108859;
0.109782;
0.108735;
0.106843;
0.108798;
0.110437;
0.109116;
0.106725;
0.109499;
0.108088;
0.110878;
0.109237;
0.108548;
0.104845;
0.106534;
0.111055;
0.107447;
0.109856;
0.110746;
0.1093;
0.110251;
0.108804;
0.11078;
0.105919;
0.107796;
0.107828;
0.108881;
0.109646;
0.110919;
0.110799;
0.111627;
0.112283;
0.109314;
0.109796;
0.109709;
0.106756;
0.11001;
0.110134;
0.109675;
0.107343;
0.11035;
0.10937;
0.112834;
0.103678;
0.108447;
0.111218;
0.108192;
0.108301;
0.109298;
0.110213;
0.111673;
0.107191;
0.108678;
0.109115;
0.109337;
0.109938;
0.107937;
0.109637;
0.108246;
