0.236473
0.0062641
0.0078398
0.0079579
0.0090619
0.0079881
0.0087092
0.0073888
0.0073882
0.0156765
0.0253866
0.0247635
0.0210589
0.0084682
0.0223902
0.004567
0.0081555
0.0086427
0.0047882
0.0068894
0.0056566
0.0055939
0.0062785
0.0048489
0.0074007
0.0049318
0.0073744
0.0046535
0.0073487
0.0049161
0.0044326
0.0084153
0.0062995
0.0046563
0.0074887
0.0047292
0.0049432
0.0068269
0.0072699
0.0054311
0.0074868
0.00537
0.0075687
0.0112456
0.0064704
0.004565
0.0145118
0.0274487
0.0211662
0.0080224
0.0209706
0.012112
0.0057468
0.022766
0.0132926
0.0098499
0.0180999
0.017472
0.007153
0.0175428
0.0047077
0.0185296
0.0229217
0.0199763
0.0264037
0.0069659
0.0093177
0.0062081
0.0166154
0.0084062
0.0253591
0.0227289
0.0059618
0.0085415
0.0157727
0.0082197
0.0170029
0.0201781
0.0285122
0.0215841
0.0184184
0.0101162
0.0043297
0.0064081
0.004482
0.0192275
0.0099574
0.0179021
0.0071418
0.0279525
0.0206426
0.0068923
0.0193518
0.0218678
0.0096155
0.0601369
0.0076039
0.0168833
0.0157354
0.0153459
0.0195381
0.0083259
0.01753
0.0190545
0.0087017
0.0178441
0.0069537
0.0181595
0.0214801
0.0081588
0.0107408
0.0161525
0.0092229
0.0156132
0.0093776
0.0069635
0.0177133
0.0067708
0.0214501
0.0126264
0.0079249
0.0166718
0.0091504
0.0313765
0.0208407
0.0112346
0.0113842
0.0192754
0.0046344
0.0142475
0.0069427
0.0170369
0.0092714
0.0169039
0.0067601
0.0041088
0.0188058
0.0076061
0.0053808
0.0040771
0.0208299
0.0087321
0.0083738
0.0155389
0.0118576
0.0194695
0.0080303
0.0183313
0.0164768
0.0196272
0.0094032
0.0199056
0.0174116
0.0126099
0.0229858
0.0065506
0.0142298
0.0101682
0.0184719
0.0118836
0.0058262
0.0179535
0.0095553
0.0051399
0.0197574
0.0122032
0.0085921
0.0123661
0.0087036
0.0183994
0.0061822
0.017008
0.0199805
0.0049153
0.018611
0.0185583
0.0094121
0.0154705
0.0171254
0.0130884
0.0183546
0.0112669
0.0185996
0.0224981
0.0059895
0.0183858
0.0054249
0.0124757
0.0185656
0.008531
0.0211776
0.0195824
0.0083684
0.0165417
0.016878
0.0241714
0.0205083
0.0166443
0.0107693
0.0188841
0.0135582
0.0130795
0.0167181
0.0174792
0.0087649
0.0168423
0.0065605
0.0220886
0.0049105
0.0121267
0.0095526
0.0068823
0.0074908
0.0161756
0.0157861
0.0052347
0.0074079
0.0080495
0.0044878
0.0049025
0.0176616
0.0210503
0.0106209
0.0098991
0.0139744
0.0194452
0.0191016
0.0174263
0.0315298
0.0226807
0.0064297
0.0263941
0.0253316
0.009923
0.0086409
0.0172882
0.0047748
0.0217146
0.0210173
0.0113193
0.0197989
0.0046482
0.0158643
0.0184577
0.0124532
0.0068967
0.010904
0.0099854
0.0092682
0.0053945
0.0190088
0.0105078
0.0105545
0.0040846
0.0145983
0.0113564
0.0201609
0.0083659
0.0187002
0.0262938
0.0070183
0.0167715
0.0053309
0.0121722
0.0235921
0.0222138
0.012234
0.03587
0.0216898
0.0106307
0.0126902
0.0236898
0.0050736
0.0133175
0.0191798
0.0083754
0.0220205
0.0079128
0.0047933
0.015177
0.0295097
0.0241563
0.0257966
0.0253606
0.0163322
0.007905
0.0142192
0.0216718
0.0059369
0.0112993
0.0056664
0.026648
0.0217942
0.0057967
0.0220215
0.0163199
0.0118565
0.0355005
0.0217528
0.0046488
0.0211958
0.0200455
0.0071266
0.0215282
0.0115146
0.0106442
0.0162175
0.0078026
0.010065
0.0166725
0.0053471
0.0115472
0.0212635
0.008802
0.0149619
0.0049145
0.0164741
0.0244393
0.022134
0.0183595
0.0280574
0.0215432
0.0129589
0.0130021
0.0198851
0.005191
0.0320881
0.0180109
0.0078449
0.006103
0.0067401
0.0053201
0.0137683
0.0122449
0.0191997
0.0144418
0.008267
0.0111127
0.0168245
0.0158059
0.0239512
0.0178609
0.0168539
0.0159577
0.0195534
0.006792
0.0197458
0.0137826
0.0105738
0.018682
0.0183696
0.0079477
0.0159971
0.0085886
0.0188188
0.0157605
0.0088828
0.0266613
0.0181393
0.0050154
0.0230276
0.0205795
0.0090546
0.027295
0.0206147
0.0084999
0.0207391
0.0061683
0.0100846
0.0172029
0.0044935
0.0179348
0.01856
0.0081287
0.0252018
0.021086
0.0084725
0.0148343
0.0186703
0.020438
0.0131543
0.0189752
0.0060368
0.0196948
0.0089609
0.0093887
0.0167044
0.0170136
0.0106102
0.0156998
0.0173831
0.0044885
0.0118447
0.0078984
0.0243771
0.0177754
0.0086048
0.0194246
0.0208225
0.0229089
0.0226576
0.0148652
0.0061463
0.0174703
0.0086055
0.0222337
0.0236047
0.0144974
0.0219528
0.0202673
0.006536
0.0172573
0.0096313
0.0087303
0.015361
0.0116044
0.0198622
0.0216395
0.0091456
0.0143676
0.006849
0.004478
0.0169596
0.019657
0.0061769
0.0180347
0.0048768
0.0160797
0.0210358
0.0080367
0.0217284
0.0193606
0.0046893
0.0160692
0.0143156
0.0087205
0.0181043
0.0062303
0.0060664
0.0161975
0.0177364
0.0320858
0.0207252
0.0083975
0.0082125
0.0136933
0.0080652
0.0164874
0.0047413
0.011935
0.0197134
0.0057733
0.0239126
0.0206001
0.0081773
0.0180085
0.0045055
0.0211549
0.0191612
0.0139345
0.0128979
0.0168986
0.0172348
0.0256997
0.0200326
0.0201966
0.0157004
0.0186002
0.01941
0.0103126
0.0176526
0.0046485
0.0167726
0.0171672
0.0055031
0.0201445
0.0193085
0.0071102
0.0196783
0.0195977
0.0112916
0.0123897
0.0071501
0.0077049
0.0184344
0.0246636
0.0211778
0.0185284
0.021081
0.0152072
0.0183763
0.0232209
0.0185465
0.0165886
0.0083256
0.0152811
0.0179039
0.0090484
0.0176289
0.0171415
0.0108798
0.013239
0.0060873
0.0235693
0.0117444
0.0110418
0.0075123
0.0052759
0.0045404
0.0114123
0.0141469
0.0222721
0.0189557
0.0097303
0.0213066
0.004625
0.0045266
0.0196173
0.009815
0.018649
0.0184043
0.0099137
0.0223947
0.0181487
0.0086806
0.017406
0.0047302
0.0145161
0.0172983
0.0182111
0.0122727
0.0191897
0.0090781
0.0212296
0.0127293
0.008921
0.0149685
0.0046912
0.0118041
0.0231064
0.0046611
0.010475
0.0162929
0.019905
0.016278
0.0171337
0.0083051
0.0154184
0.0064321
0.0112356
0.0194982
0.0099171
0.0229515
0.0095362
0.0085562
0.0168772
0.0129602
0.0046786
0.0305252
0.0078559
0.0049688
0.0131058
0.0228336
0.0153781
0.0181795
0.0096242
0.0103633
0.0109683
0.0162542
0.0093818
0.0187288
0.0102028
0.0212832
0.0282563
0.0164554
0.0091371
0.0161661
0.0190498
0.0168358
0.0176247
0.0044665
0.0120863
0.0210735
0.006121
0.012561
0.0138922
0.004683
0.0204737
0.0211648
0.0084884
0.0041694
0.0084574
0.0080151
0.0204278
0.0101705
0.0269299
0.0220477
0.0096118
0.0184549
0.0194179
0.0063684
0.0240673
0.0224478
0.011468
0.023554
0.0179224
0.0078098
0.0144535
0.0182134
0.0072504
0.0178848
0.0088377
0.0270216
0.0174709
0.0055848
0.0221702
0.0097371
0.0102134
0.0083302
0.0141861
0.0085606
0.0169013
0.0093645
0.0082836
0.0114064
0.0181749
0.0093721
0.012346
0.0123092
0.0149115
0.0049489
0.0233361
0.0185467
0.0145322
0.0086406
0.0051534
0.0045634
0.0193182
0.0073761
0.008081
0.0069188
0.0058509
0.0273917
0.0074094
0.0056698
0.0053849
0.0061715
0.0069952
0.0185274
0.0061986
0.008874
0.0147861
0.02434
0.0191139
0.0099147
0.0044269
0.0192867
0.0055306
0.0183606
0.0185643
0.0103418
0.017616
0.0191408
0.0115769
0.0054501
0.0191406
0.0067064
0.0182428
0.0055406
0.0242285
0.0104607
0.0093931
0.0238207
0.0224533
0.0213857
0.0172509
0.0114541
0.0166107
0.0264286
0.0051163
0.0081659
0.0104269
0.0077178
0.0201863
0.0147376
0.0078484
0.0240691
0.0123255
0.0215159
0.0186509
0.0225579
0.0055255
0.0167514
0.018472
0.0121292
0.0170516
0.0058229
0.0060838
0.0179262
0.0084085
0.024719
0.0120005
0.0088472
0.0262838
0.0188595
0.0071887
0.0237365
0.0046054
0.011518
0.022556
0.0124969
0.009328
0.0124654
0.0063505
0.0218712
0.021171
0.0160373
0.0123723
0.0166715
0.0070301
0.0235929
0.0207401
0.0086498
0.0222195
0.0108964
0.0120782
0.0218678
0.0089356
0.0080364
0.0129535
0.0073884
0.0119357
0.0208303
0.0067118
0.0098876
0.0205944
0.0224023
0.017529
0.0190055
0.0048292
0.0124983
0.0201088
0.0098043
0.0169858
0.0068017
0.0175524
0.0184564
0.0080332
0.0224972
0.0175984
0.0086903
0.0257609
0.0253113
0.0186876
0.0232232
0.0171954
0.0062864
0.0126966
0.0196084
0.0091808
0.0199798
0.0190579
0.009145
0.0168623
0.0183734
0.0164911
0.0143193
0.0144752
0.011991
0.0194405
0.0178852
0.0076073
0.0185669
0.0049994
0.0079437
0.0040506
0.0075838
0.0045428
0.0147144
0.0104253
0.0184446
0.0101125
0.0123809
0.01515
0.0198604
0.0114611
0.0145431
0.0044689
0.0192105
0.0186129
0.0045176
0.0225427
0.0101866
0.0119567
0.0152529
0.0095986
0.016222
0.0215533
0.0061864
0.0080395
0.0051759
0.0056315
0.0218734
0.0194992
0.0176164
0.0197888
0.0051814
0.010188
0.008545
0.008094
0.0078623
0.0178992
0.0195536
0.0210979
0.0188606
0.0132277
0.0195518
0.0203336
0.0117914
0.0133977
0.0051663
0.0100253
0.0175123
0.0178291
0.0130464
0.0202641
0.0186131
0.0137977
0.0192137
0.0187027
0.0119925
0.0147899
0.0208901
0.0092795
0.0109234
0.0079225
0.0176345
0.019601
0.0120933
0.0107662
0.0155497
0.0050674
0.0219635
0.0178326
0.0100278
0.0189977
0.0090725
0.0153812
0.0147625
0.0064303
0.0167474
0.0190593
0.0068669
0.0179548
0.0101472
0.0184448
0.0189358
0.0058381
0.0118558
0.0199626
0.006084
0.0212538
0.0100625
0.0146492
0.0186993
0.008637
0.0184735
0.0230634
0.0148532
0.0232331
0.0202611
0.0081135
0.0242362
0.0069942
0.0062368
0.0194951
0.0047132
0.0172427
0.0162897
0.0075316
0.018985
0.0195582
0.0072722
0.0129709
0.0201324
0.0066209
0.0170782
0.0044883
0.0077628
0.0202188
0.0238902
0.0081265
0.0170294
0.0100999
0.0091865
0.0226569
0.0068316
0.0122115
0.0175307
0.0085781
0.0099846
0.0137666
0.010749
0.0167279
0.0071841
0.0076314
0.0070194
0.0057313
0.0137304
0.0080082
0.0182085
0.0192389
0.0177353
0.0101503
0.0099294
0.0103974
0.0131875
0.0195957
0.009455
0.0092574
0.0171047
0.0058047
0.0167728
0.01907
0.0205521
0.0198853
0.0193694
0.0162361
0.0195949
0.0051773
0.0103469
0.0057193
0.0104966
0.0083095
0.0166382
0.0062519
0.0181154
0.0058958
0.0131759
0.0202191
0.0063907
0.0234938
0.0072736
0.0126896
0.018679
0.0198904
0.0070912
0.0150442
0.0090827
0.0141931
0.0172546
0.0053416
0.0253661
0.0080193
0.0169519
0.0060414
0.013216
0.0208167
0.0046816
0.016152
0.0073364
0.010201
0.0194443
0.0055986
0.0042671
0.0178167
0.0097969
0.01856
0.00814
0.0264696
0.0221037
0.0086599
0.0080202
0.0125369
0.0091244
0.0177075
0.0046436
0.0302824
0.0196503
0.0046815
0.0111115
0.0126831
0.0056149
0.0141093
0.0150677
0.0108706
0.0066062
0.0150363
0.0169618
0.016758
0.0091487
0.00814
0.0134306
0.0096267
0.0205754
0.0082474
0.0183202
0.0184608
0.0101169
0.0064954
0.0163202
0.0086737
0.0184993
0.0192269
0.0157514
0.0274227
0.0195935
0.0108094
0.0178136
0.0188907
0.007453
0.0179728
0.0164821
0.0250878
0.0175148
0.0194569
0.0199622
0.0198997
0.0124448
0.0082348
0.017856
0.0058836
0.0067619
0.0104139
0.0045991
0.022033
0.0141288
0.0063569
0.0222347
0.0105933
0.0128081
0.0206929
0.0091014
0.0093271
0.0211064
0.0189944
0.0104023
0.0103797
0.0175403
0.015034
0.0172289
0.0201576
0.0117538
0.0130136
0.0069461
0.0259799
0.0209451
0.0091632
0.0220546
0.015501
0.0108362
0.0263383
0.0201826
0.0060923
0.0347349
0.0210266
0.020197
0.0110074
0.0169385
0.005032
0.0066655
0.0059379
0.0113953
0.0068275
0.0046769
0.0092094
0.0191793
0.0081137
0.0151671
0.0083806
0.0087054
0.0172586
0.0058392
0.0190994
0.0176355
0.0082081
0.0180979
0.0047306
0.0103801
0.0160927
0.0185217
0.0128151
0.0191588
0.0168747
0.0268019
0.0236042
0.0143434
0.0086807
0.0134697
0.0047164
0.0244729
0.0088164
0.0164606
0.0199646
0.0094115
0.0091727
0.0192631
0.0087301
0.0091626
0.0171122
0.0049595
0.0371587
0.0175279
0.0058302
0.0230048
0.0200473
0.004598
0.0121028
0.0077746
0.0040683
0.0100792
0.0048509
0.0161889
0.0072486
0.004114
0.0201196
0.0076895
0.0042922
0.0130574
0.0223193
0.0072958
0.0153228
0.0080987
0.0111331
0.0062999
0.0044068
0.0198788
0.0208813
0.0082259
0.0228013
0.0178364
0.0095164
0.0043586
0.0081303
0.0073397
0.0050784
0.0067691
0.0047791
0.0043165
0.0063862
0.0072935
0.0095843
0.0086616
0.0078275
0.0067636
0.0072657
0.0076186
0.0080388
0.0061198
0.0078728
0.0089573
0.0071943
0.0058779
0.0087861
0.007722
0.008186
0.007348
0.0043502
0.0078405
0.0064194
0.0056445
0.0049649
