5.79355e-05,8.86358e-05,1000,3016,8.74808e-05
5.78867e-05, 0.0, 3016,3123,107
9.57719e-05, 0.0, 3123,3243,120
6.43764e-05, 0.0, 3243,3367,124
6.3557e-05, 0.0, 3367,3504,137
6.10692e-05, 0.0, 3504,3647,143
5.87577e-05, 0.0, 3647,3787,140
5.66259e-05, 0.0, 3787,3928,141
5.80015e-05, 0.0, 3928,4068,140
5.75246e-05, 0.0, 4068,4211,143
5.65397e-05, 0.0, 4211,4351,140
5.80233e-05, 0.0, 4351,4475,124
5.78708e-05, 0.0, 4475,4600,125
5.62133e-05, 0.0, 4600,4724,124
5.56592e-05, 0.0, 4724,4851,127
5.85329e-05, 0.0, 4851,4972,121
5.67012e-05, 0.0, 4972,5095,123
5.60059e-05, 0.0, 5095,5218,123
5.69974e-05, 0.0, 5218,5341,123
5.68898e-05, 0.0, 5341,5463,122
5.60545e-05, 0.0, 5463,5586,123
5.5038e-05, 0.0, 5586,5713,127
5.85633e-05, 0.0, 5713,5840,127
5.59625e-05, 0.0, 5840,5962,122
5.62565e-05, 0.0, 5962,6085,123
5.69661e-05, 0.0, 6085,6210,125
5.64066e-05, 0.0, 6210,6336,126
5.66163e-05, 0.0, 6336,6461,125
5.57591e-05, 0.0, 6461,6582,121
5.83582e-05, 0.0, 6582,6709,127
5.5895e-05, 0.0, 6709,6832,123
5.49389e-05, 0.0, 6832,6957,125
5.77697e-05, 0.0, 6957,7081,124
5.75656e-05, 0.0, 7081,7205,124
5.62028e-05, 0.0, 7205,7331,126
5.50739e-05, 0.0, 7331,7455,124
5.78483e-05, 0.0, 7455,7578,123
5.6125e-05, 0.0, 7578,7718,140
5.54852e-05, 0.0, 7718,7860,142
5.79473e-05, 0.0, 7860,7982,122
5.64699e-05, 0.0, 7982,8123,141
5.55571e-05, 0.0, 8123,8263,140
5.74917e-05, 0.0, 8263,8405,142
5.68868e-05, 0.0, 8405,8545,140
5.5394e-05, 0.0, 8545,8685,140
5.65851e-05, 0.0, 8685,8811,126
5.76894e-05, 0.0, 8811,8949,138
5.55232e-05, 0.0, 8949,9089,140
5.60648e-05, 0.0, 9089,9230,141
5.78851e-05, 0.0, 9230,9368,138
5.54538e-05, 0.0, 9368,9499,131
5.60711e-05, 0.0, 9499,9637,138
5.74993e-05, 0.0, 9637,9777,140
5.63969e-05, 0.0, 9777,9914,137
5.46477e-05, 0.0, 9914,10045,131
5.70085e-05, 0.0, 10045,10184,139
5.68812e-05, 0.0, 10184,10321,137
5.55058e-05, 0.0, 10321,10466,145
5.61829e-05, 0.0, 10466,10603,137
5.82538e-05, 0.0, 10603,10727,124
5.55516e-05, 0.0, 10727,10866,139
5.63792e-05, 0.0, 10866,10990,124
5.78737e-05, 0.0, 10990,11130,140
5.63847e-05, 0.0, 11130,11271,141
5.56881e-05, 0.0, 11271,11397,126
5.7221e-05, 0.0, 11397,11538,141
5.66387e-05, 0.0, 11538,11680,142
5.48407e-05, 0.0, 11680,11807,127
5.65866e-05, 0.0, 11807,11946,139
5.86894e-05, 0.0, 11946,12071,125
5.56223e-05, 0.0, 12071,12210,139
5.61092e-05, 0.0, 12210,12344,134
5.70879e-05, 0.0, 12344,12468,124
5.63406e-05, 0.0, 12468,12608,140
5.57071e-05, 0.0, 12608,12746,138
5.65639e-05, 0.0, 12746,12869,123
5.8272e-05, 0.0, 12869,12995,126
5.57668e-05, 0.0, 12995,13132,137
6.4617e-05, 0.0, 13132,13259,127
6.32446e-05, 0.0, 13259,13396,137
5.72179e-05, 0.0, 13396,13524,128
5.9528e-05, 0.0, 13524,13663,139
6.22934e-05, 0.0, 13663,13803,140
6.15311e-05, 0.0, 13803,13929,126
6.09133e-05, 0.0, 13929,14066,137
5.60548e-05, 0.0, 14066,14191,125
5.88699e-05, 0.0, 14191,14316,125
5.63153e-05, 0.0, 14316,14455,139
5.58914e-05, 0.0, 14455,14594,139
5.84166e-05, 0.0, 14594,14723,129
5.6382e-05, 0.0, 14723,14861,138
5.57444e-05, 0.0, 14861,15002,141
5.68579e-05, 0.0, 15002,15144,142
5.71906e-05, 0.0, 15144,15283,139
5.60043e-05, 0.0, 15283,15409,126
5.57233e-05, 0.0, 15409,15546,137
5.77509e-05, 0.0, 15546,15684,138
5.66051e-05, 0.0, 15684,15811,127
5.53715e-05, 0.0, 15811,15948,137
5.61771e-05, 0.0, 15948,16092,144
5.69721e-05, 0.0, 16092,16215,123
5.54731e-05, 0.0, 16215,16356,141
5.60946e-05, 0.0, 16356,16494,138
5.8489e-05, 0.0, 16494,16631,137
5.66477e-05, 0.0, 16631,16772,141
5.46099e-05, 0.0, 16772,16899,127
5.68188e-05, 0.0, 16899,17041,142
6.16276e-05, 0.0, 17041,17181,140
6.18053e-05, 0.0, 17181,17309,128
6.95749e-05, 0.0, 17309,17448,139
7.47829e-05, 0.0, 17448,17588,140
6.90706e-05, 0.0, 17588,17712,124
8.17659e-05, 0.0, 17712,17853,141
9.32364e-05, 0.0, 17853,17994,141
0.000103324, 0.0, 17994,18131,137
7.83203e-05, 0.0, 18131,18272,141
6.09212e-05, 0.0, 18272,18414,142
6.21435e-05, 0.0, 18414,18555,141
5.76776e-05, 0.0, 18555,18693,138
5.61325e-05, 0.0, 18693,18831,138
5.76536e-05, 0.0, 18831,18969,138
5.59123e-05, 0.0, 18969,19111,142
5.56496e-05, 0.0, 19111,19252,141
5.74764e-05, 0.0, 19252,19395,143
5.63096e-05, 0.0, 19395,19533,138
5.52478e-05, 0.0, 19533,19673,140
5.6467e-05, 0.0, 19673,19799,126
5.69576e-05, 0.0, 19799,19940,141
5.50473e-05, 0.0, 19940,20082,142
5.55042e-05, 0.0, 20082,20205,123
5.74996e-05, 0.0, 20205,20347,142
5.62677e-05, 0.0, 20347,20486,139
5.51639e-05, 0.0, 20486,20627,141
5.70941e-05, 0.0, 20627,20768,141
5.66374e-05, 0.0, 20768,20910,142
5.46815e-05, 0.0, 20910,21049,139
5.69106e-05, 0.0, 21049,21188,139
5.68251e-05, 0.0, 21188,21314,126
5.54488e-05, 0.0, 21314,21454,140
5.61323e-05, 0.0, 21454,21595,141
5.64691e-05, 0.0, 21595,21733,138
5.5502e-05, 0.0, 21733,21872,139
5.6157e-05, 0.0, 21872,22016,144
5.68449e-05, 0.0, 22016,22157,141
5.45869e-05, 0.0, 22157,22291,134
5.55431e-05, 0.0, 22291,22430,139
5.73985e-05, 0.0, 22430,22569,139
5.56403e-05, 0.0, 22569,22707,138
5.58793e-05, 0.0, 22707,22846,139
5.72591e-05, 0.0, 22846,22984,138
5.5141e-05, 0.0, 22984,23125,141
5.48601e-05, 0.0, 23125,23265,140
5.64029e-05, 0.0, 23265,23420,155
5.63546e-05, 0.0, 23420,23547,127
5.57597e-05, 0.0, 23547,23685,138
5.63533e-05, 0.0, 23685,23822,137
5.72486e-05, 0.0, 23822,23948,126
5.5013e-05, 0.0, 23948,24088,140
5.5357e-05, 0.0, 24088,24219,131
5.71048e-05, 0.0, 24219,24355,136
5.53165e-05, 0.0, 24355,24497,142
5.52204e-05, 0.0, 24497,24637,140
5.77391e-05, 0.0, 24637,24778,141
5.54285e-05, 0.0, 24778,24918,140
5.55065e-05, 0.0, 24918,25056,138
5.72831e-05, 0.0, 25056,25194,138
5.63237e-05, 0.0, 25194,25335,141
5.56434e-05, 0.0, 25335,25462,127
5.63784e-05, 0.0, 25462,25614,152
5.66646e-05, 0.0, 25614,25755,141
5.55464e-05, 0.0, 25755,25881,126
5.63468e-05, 0.0, 25881,26007,126
5.7584e-05, 0.0, 26007,26144,137
5.53716e-05, 0.0, 26144,26269,125
5.57286e-05, 0.0, 26269,26410,141
5.73936e-05, 0.0, 26410,26549,139
5.61026e-05, 0.0, 26549,26689,140
5.51365e-05, 0.0, 26689,26827,138
5.6921e-05, 0.0, 26827,26966,139
6.13843e-05, 0.0, 26966,27110,144
5.6537e-05, 0.0, 27110,27249,139
6.89706e-05, 0.0, 27249,27388,139
6.58562e-05, 0.0, 27388,27514,126
5.82733e-05, 0.0, 27514,27652,138
5.73828e-05, 0.0, 27652,27791,139
5.76736e-05, 0.0, 27791,27931,140
5.59977e-05, 0.0, 27931,28054,123
5.53762e-05, 0.0, 28054,28193,139
5.68726e-05, 0.0, 28193,28315,122
5.71069e-05, 0.0, 28315,28455,140
5.57743e-05, 0.0, 28455,28579,124
5.60744e-05, 0.0, 28579,28716,137
5.70886e-05, 0.0, 28716,28838,122
5.68662e-05, 0.0, 28838,28976,138
5.4891e-05, 0.0, 28976,29102,126
5.64545e-05, 0.0, 29102,29230,128
5.77693e-05, 0.0, 29230,29356,126
5.62677e-05, 0.0, 29356,29495,139
5.56521e-05, 0.0, 29495,29620,125
5.92725e-05, 0.0, 29620,29759,139
6.31099e-05, 0.0, 29759,29902,143
6.27703e-05, 0.0, 29902,30025,123
7.31353e-05, 0.0, 30025,30166,141
6.56525e-05, 0.0, 30166,30306,140
5.84492e-05, 0.0, 30306,30443,137
5.44611e-05, 0.0, 30443,30569,126
5.75303e-05, 0.0, 30569,30709,140
5.68093e-05, 0.0, 30709,30851,142
5.55476e-05, 0.0, 30851,30991,140
5.69562e-05, 0.0, 30991,31118,127
5.76905e-05, 0.0, 31118,31242,124
5.50797e-05, 0.0, 31242,31380,138
5.60427e-05, 0.0, 31380,31521,141
5.73156e-05, 0.0, 31521,31659,138
5.68004e-05, 0.0, 31659,31783,124
5.45085e-05, 0.0, 31783,31908,125
5.59791e-05, 0.0, 31908,32050,142
5.84724e-05, 0.0, 32050,32186,136
5.42376e-05, 0.0, 32186,32312,126
5.49661e-05, 0.0, 32312,32451,139
6.05716e-05, 0.0, 32451,32578,127
5.76688e-05, 0.0, 32578,32715,137
6.16825e-05, 0.0, 32715,32841,126
6.28868e-05, 0.0, 32841,32984,143
6.27031e-05, 0.0, 32984,33120,136
6.66066e-05, 0.0, 33120,33246,126
5.92391e-05, 0.0, 33246,33371,125
6.22759e-05, 0.0, 33371,33507,136
6.40051e-05, 0.0, 33507,33634,127
7.28851e-05, 0.0, 33634,33757,123
8.33989e-05, 0.0, 33757,33898,141
6.39308e-05, 0.0, 33898,34034,136
7.0971e-05, 0.0, 34034,34161,127
0.000104318, 0.0, 34161,34302,141
0.000133267, 0.0, 34302,34439,137
0.000128487, 0.0, 34439,34566,127
0.000107161, 0.0, 34566,34704,138
6.84006e-05, 0.0, 34704,34829,125
6.24193e-05, 0.0, 34829,34965,136
6.12375e-05, 0.0, 34965,35106,141
5.66971e-05, 0.0, 35106,35230,124
5.72487e-05, 0.0, 35230,35369,139
5.83345e-05, 0.0, 35369,35508,139
5.6236e-05, 0.0, 35508,35633,125
5.5949e-05, 0.0, 35633,35774,141
5.82028e-05, 0.0, 35774,35912,138
5.62051e-05, 0.0, 35912,36054,142
5.5448e-05, 0.0, 36054,36194,140
5.4807e-05, 0.0, 36194,36317,123
5.75918e-05, 0.0, 36317,36461,144
5.49773e-05, 0.0, 36461,36600,139
5.58055e-05, 0.0, 36600,36726,126
5.69147e-05, 0.0, 36726,36868,142
5.63894e-05, 0.0, 36868,37004,136
5.55888e-05, 0.0, 37004,37129,125
5.5933e-05, 0.0, 37129,37268,139
5.70374e-05, 0.0, 37268,37407,139
5.6456e-05, 0.0, 37407,37549,142
5.52854e-05, 0.0, 37549,37688,139
5.66245e-05, 0.0, 37688,37812,124
5.73225e-05, 0.0, 37812,37954,142
5.54855e-05, 0.0, 37954,38093,139
5.55088e-05, 0.0, 38093,38217,124
5.70832e-05, 0.0, 38217,38356,139
5.65287e-05, 0.0, 38356,38496,140
5.47708e-05, 0.0, 38496,38620,124
5.57341e-05, 0.0, 38620,38761,141
5.78584e-05, 0.0, 38761,38899,138
5.53223e-05, 0.0, 38899,39026,127
5.52299e-05, 0.0, 39026,39164,138
5.59237e-05, 0.0, 39164,39288,124
5.79846e-05, 0.0, 39288,39427,139
5.53869e-05, 0.0, 39427,39568,141
5.57315e-05, 0.0, 39568,39707,139
5.68677e-05, 0.0, 39707,39844,137
5.76107e-05, 0.0, 39844,39983,139
5.55626e-05, 0.0, 39983,40124,141
5.50182e-05, 0.0, 40124,40266,142
5.75385e-05, 0.0, 40266,40392,126
5.6226e-05, 0.0, 40392,40548,156
5.63503e-05, 0.0, 40548,40703,155
5.64807e-05, 0.0, 40703,40841,138
5.62404e-05, 0.0, 40841,40971,130
5.54527e-05, 0.0, 40971,41108,137
5.55212e-05, 0.0, 41108,41247,139
5.77926e-05, 0.0, 41247,41384,137
5.68435e-05, 0.0, 41384,41525,141
5.51971e-05, 0.0, 41525,41664,139
5.45902e-05, 0.0, 41664,41789,125
5.80615e-05, 0.0, 41789,41931,142
5.63406e-05, 0.0, 41931,42071,140
5.60093e-05, 0.0, 42071,42210,139
5.64472e-05, 0.0, 42210,42345,135
5.90437e-05, 0.0, 42345,42486,141
5.77555e-05, 0.0, 42486,42628,142
7.14733e-05, 0.0, 42628,42768,140
6.28393e-05, 0.0, 42768,42907,139
6.49044e-05, 0.0, 42907,43050,143
6.38505e-05, 0.0, 43050,43190,140
6.00694e-05, 0.0, 43190,43332,142
5.84067e-05, 0.0, 43332,43458,126
5.75609e-05, 0.0, 43458,43597,139
5.58181e-05, 0.0, 43597,43724,127
5.65933e-05, 0.0, 43724,43864,140
5.76733e-05, 0.0, 43864,44004,140
5.64804e-05, 0.0, 44004,44142,138
5.4434e-05, 0.0, 44142,44280,138
5.58284e-05, 0.0, 44280,44419,139
5.69421e-05, 0.0, 44419,44558,139
6.56192e-05, 0.0, 44558,44699,141
7.91288e-05, 0.0, 44699,44835,136
8.20676e-05, 0.0, 44835,44963,128
7.99343e-05, 0.0, 44963,45103,140
8.34406e-05, 0.0, 45103,45244,141
6.8278e-05, 0.0, 45244,45370,126
6.06584e-05, 0.0, 45370,45510,140
5.84642e-05, 0.0, 45510,45649,139
5.87985e-05, 0.0, 45649,45772,123
5.58503e-05, 0.0, 45772,45915,143
5.69226e-05, 0.0, 45915,46053,138
5.6246e-05, 0.0, 46053,46177,124
5.56149e-05, 0.0, 46177,46318,141
5.61223e-05, 0.0, 46318,46456,138
6.9749e-05, 0.0, 46456,46596,140
0.000123845, 0.0, 46596,46736,140
0.00015561, 0.0, 46736,46875,139
0.000136291, 0.0, 46875,47001,126
9.22961e-05, 0.0, 47001,47139,138
6.7924e-05, 0.0, 47139,47280,141
5.88622e-05, 0.0, 47280,47420,140
5.83879e-05, 0.0, 47420,47561,141
5.66077e-05, 0.0, 47561,47704,143
5.68996e-05, 0.0, 47704,47842,138
5.63036e-05, 0.0, 47842,47980,138
5.51179e-05, 0.0, 47980,48104,124
5.6928e-05, 0.0, 48104,48246,142
5.73379e-05, 0.0, 48246,48383,137
5.63755e-05, 0.0, 48383,48525,142
5.5799e-05, 0.0, 48525,48665,140
5.67128e-05, 0.0, 48665,48801,136
5.80792e-05, 0.0, 48801,48925,124
5.65752e-05, 0.0, 48925,49062,137
5.59246e-05, 0.0, 49062,49206,144
5.68724e-05, 0.0, 49206,49349,143
5.82414e-05, 0.0, 49349,49488,139
5.65139e-05, 0.0, 49488,49625,137
5.59279e-05, 0.0, 49625,49747,122
5.68671e-05, 0.0, 49747,49888,141
5.89625e-05, 0.0, 49888,50009,121
5.77362e-05, 0.0, 50009,50136,127
5.61384e-05, 0.0, 50136,50277,141
5.75635e-05, 0.0, 50277,50419,142
5.82346e-05, 0.0, 50419,50558,139
5.78887e-05, 0.0, 50558,50699,141
5.67589e-05, 0.0, 50699,50841,142
5.65249e-05, 0.0, 50841,50985,144
5.84442e-05, 0.0, 50985,51126,141
5.72148e-05, 0.0, 51126,51267,141
5.71548e-05, 0.0, 51267,51404,137
5.70995e-05, 0.0, 51404,51544,140
5.78961e-05, 0.0, 51544,51686,142
5.73833e-05, 0.0, 51686,51826,140
5.49083e-05, 0.0, 51826,51967,141
5.34256e-05, 0.0, 51967,52111,144
5.27459e-05, 0.0, 52111,52248,137
5.23777e-05, 0.0, 52248,52387,139
4.95863e-05, 0.0, 52387,52527,140
5.01748e-05, 0.0, 52527,52650,123
5.14391e-05, 0.0, 52650,52790,140
5.2762e-05, 0.0, 52790,52932,142
4.98668e-05, 0.0, 52932,53071,139
4.93645e-05, 0.0, 53071,53211,140
5.31472e-05, 0.0, 53211,53353,142
5.465e-05, 0.0, 53353,53493,140
5.37506e-05, 0.0, 53493,53629,136
5.29638e-05, 0.0, 53629,53757,128
5.49133e-05, 0.0, 53757,53896,139
5.52878e-05, 0.0, 53896,54034,138
5.31931e-05, 0.0, 54034,54171,137
5.35239e-05, 0.0, 54171,54309,138
5.4112e-05, 0.0, 54309,54447,138
5.43428e-05, 0.0, 54447,54598,151
5.27691e-05, 0.0, 54598,54736,138
5.30557e-05, 0.0, 54736,54876,140
5.33413e-05, 0.0, 54876,55014,138
5.55965e-05, 0.0, 55014,55156,142
5.4172e-05, 0.0, 55156,55297,141
5.54736e-05, 0.0, 55297,55426,129
5.6492e-05, 0.0, 55426,55566,140
5.56059e-05, 0.0, 55566,55707,141
5.49517e-05, 0.0, 55707,55844,137
5.53911e-05, 0.0, 55844,55984,140
5.71641e-05, 0.0, 55984,56109,125
5.57692e-05, 0.0, 56109,56232,123
5.44741e-05, 0.0, 56232,56371,139
5.41416e-05, 0.0, 56371,56495,124
5.63316e-05, 0.0, 56495,56635,140
5.60498e-05, 0.0, 56635,56761,126
5.54006e-05, 0.0, 56761,56885,124
5.47511e-05, 0.0, 56885,57027,142
5.61646e-05, 0.0, 57027,57167,140
5.62083e-05, 0.0, 57167,57311,144
5.47209e-05, 0.0, 57311,57451,140
5.5231e-05, 0.0, 57451,57589,138
5.67591e-05, 0.0, 57589,57714,125
5.57789e-05, 0.0, 57714,57854,140
5.4915e-05, 0.0, 57854,57993,139
5.66375e-05, 0.0, 57993,58129,136
7.10279e-05, 0.0, 58129,58265,136
6.07881e-05, 0.0, 58265,58387,122
5.62627e-05, 0.0, 58387,58544,157
5.61243e-05, 0.0, 58544,58683,139
5.71004e-05, 0.0, 58683,58820,137
5.53269e-05, 0.0, 58820,58958,138
5.4303e-05, 0.0, 58958,59097,139
5.4605e-05, 0.0, 59097,59239,142
5.53886e-05, 0.0, 59239,59362,123
5.46486e-05, 0.0, 59362,59502,140
5.42312e-05, 0.0, 59502,59629,127
5.48908e-05, 0.0, 59629,59773,144
5.51952e-05, 0.0, 59773,59910,137
5.35705e-05, 0.0, 59910,60036,126
5.38048e-05, 0.0, 60036,60177,141
5.45437e-05, 0.0, 60177,60316,139
5.48331e-05, 0.0, 60316,60442,126
5.32715e-05, 0.0, 60442,60584,142
5.4068e-05, 0.0, 60584,60723,139
5.55302e-05, 0.0, 60723,60849,126
5.41624e-05, 0.0, 60849,60987,138
5.401e-05, 0.0, 60987,61116,129
5.41308e-05, 0.0, 61116,61253,137
5.56858e-05, 0.0, 61253,61394,141
5.37771e-05, 0.0, 61394,61536,142
5.38694e-05, 0.0, 61536,61676,140
5.56944e-05, 0.0, 61676,61817,141
5.91735e-05, 0.0, 61817,61956,139
6.18073e-05, 0.0, 61956,62096,140
8.62025e-05, 0.0, 62096,62232,136
8.44465e-05, 0.0, 62232,62360,128
6.82645e-05, 0.0, 62360,62499,139
6.48355e-05, 0.0, 62499,62621,122
6.05939e-05, 0.0, 62621,62747,126
6.8013e-05, 0.0, 62747,62886,139
8.32718e-05, 0.0, 62886,63028,142
7.45045e-05, 0.0, 63028,63154,126
7.37194e-05, 0.0, 63154,63295,141
7.47178e-05, 0.0, 63295,63445,150
7.23329e-05, 0.0, 63445,63569,124
6.59504e-05, 0.0, 63569,63706,137
5.954e-05, 0.0, 63706,63828,122
5.67309e-05, 0.0, 63828,63966,138
5.46057e-05, 0.0, 63966,64091,125
5.5499e-05, 0.0, 64091,64232,141
5.5214e-05, 0.0, 64232,64372,140
5.41808e-05, 0.0, 64372,64515,143
5.4448e-05, 0.0, 64515,64654,139
5.60101e-05, 0.0, 64654,64793,139
5.49046e-05, 0.0, 64793,64918,125
5.41537e-05, 0.0, 64918,65060,142
5.51903e-05, 0.0, 65060,65198,138
5.4687e-05, 0.0, 65198,65336,138
5.35303e-05, 0.0, 65336,65478,142
5.48706e-05, 0.0, 65478,65619,141
5.62367e-05, 0.0, 65619,65745,126
5.40264e-05, 0.0, 65745,65883,138
5.32294e-05, 0.0, 65883,66022,139
5.56959e-05, 0.0, 66022,66145,123
5.48169e-05, 0.0, 66145,66281,136
5.32066e-05, 0.0, 66281,66418,137
5.49762e-05, 0.0, 66418,66543,125
5.62387e-05, 0.0, 66543,66667,124
5.35559e-05, 0.0, 66667,66797,130
5.34835e-05, 0.0, 66797,66938,141
5.58698e-05, 0.0, 66938,67077,139
5.53704e-05, 0.0, 67077,67200,123
5.3605e-05, 0.0, 67200,67338,138
5.42236e-05, 0.0, 67338,67480,142
5.62876e-05, 0.0, 67480,67605,125
5.42167e-05, 0.0, 67605,67746,141
5.37613e-05, 0.0, 67746,67885,139
5.65315e-05, 0.0, 67885,68010,125
6.02127e-05, 0.0, 68010,68151,141
8.18991e-05, 0.0, 68151,68275,124
9.72379e-05, 0.0, 68275,68400,125
8.03497e-05, 0.0, 68400,68541,141
6.50698e-05, 0.0, 68541,68666,125
7.03552e-05, 0.0, 68666,68807,141
6.22343e-05, 0.0, 68807,68947,140
6.58283e-05, 0.0, 68947,69073,126
6.68216e-05, 0.0, 69073,69212,139
6.10062e-05, 0.0, 69212,69339,127
6.31492e-05, 0.0, 69339,69462,123
6.463e-05, 0.0, 69462,69588,126
6.33877e-05, 0.0, 69588,69711,123
6.0633e-05, 0.0, 69711,69852,141
6.37017e-05, 0.0, 69852,69989,137
6.36366e-05, 0.0, 69989,70119,130
5.99446e-05, 0.0, 70119,70268,149
6.396e-05, 0.0, 70268,70393,125
6.39805e-05, 0.0, 70393,70531,138
6.58696e-05, 0.0, 70531,70669,138
5.93128e-05, 0.0, 70669,70808,139
5.66218e-05, 0.0, 70808,70947,139
5.22226e-05, 0.0, 70947,71087,140
5.46734e-05, 0.0, 71087,71225,138
5.47508e-05, 0.0, 71225,71365,140
5.33537e-05, 0.0, 71365,71503,138
5.33292e-05, 0.0, 71503,71642,139
5.42144e-05, 0.0, 71642,71768,126
5.45806e-05, 0.0, 71768,71895,127
5.24982e-05, 0.0, 71895,72034,139
5.3757e-05, 0.0, 72034,72174,140
5.42162e-05, 0.0, 72174,72310,136
5.28495e-05, 0.0, 72310,72448,138
5.35027e-05, 0.0, 72448,72587,139
5.30311e-05, 0.0, 72587,72723,136
4.81466e-05, 0.0, 72723,72848,125
4.74622e-05, 0.0, 72848,72989,141
5.33929e-05, 0.0, 72989,73114,125
5.61738e-05, 0.0, 73114,73256,142
5.56154e-05, 0.0, 73256,73393,137
5.31877e-05, 0.0, 73393,73531,138
5.3398e-05, 0.0, 73531,73674,143
5.04653e-05, 0.0, 73674,73815,141
4.73653e-05, 0.0, 73815,73952,137
4.70914e-05, 0.0, 73952,74094,142
4.93585e-05, 0.0, 74094,74236,142
4.90921e-05, 0.0, 74236,74378,142
5.01623e-05, 0.0, 74378,74518,140
5.46169e-05, 0.0, 74518,74657,139
5.52364e-05, 0.0, 74657,74781,124
5.36889e-05, 0.0, 74781,74921,140
5.46891e-05, 0.0, 74921,75062,141
5.57285e-05, 0.0, 75062,75200,138
5.38417e-05, 0.0, 75200,75339,139
5.40295e-05, 0.0, 75339,75479,140
5.61547e-05, 0.0, 75479,75601,122
5.52669e-05, 0.0, 75601,75741,140
5.39853e-05, 0.0, 75741,75884,143
5.45461e-05, 0.0, 75884,76012,128
5.66325e-05, 0.0, 76012,76150,138
5.71896e-05, 0.0, 76150,76292,142
6.12063e-05, 0.0, 76292,76433,141
8.71134e-05, 0.0, 76433,76573,140
8.30744e-05, 0.0, 76573,76716,143
6.92618e-05, 0.0, 76716,76841,125
5.53025e-05, 0.0, 76841,76980,139
5.13748e-05, 0.0, 76980,77119,139
5.47493e-05, 0.0, 77119,77275,156
5.38584e-05, 0.0, 77275,77415,140
5.23785e-05, 0.0, 77415,77555,140
5.32824e-05, 0.0, 77555,77696,141
5.18256e-05, 0.0, 77696,77833,137
5.39315e-05, 0.0, 77833,77972,139
6.31731e-05, 0.0, 77972,78111,139
7.25504e-05, 0.0, 78111,78249,138
6.67229e-05, 0.0, 78249,78389,140
5.735e-05, 0.0, 78389,78516,127
9.41937e-05, 0.0, 78516,78652,136
7.89171e-05, 0.0, 78652,78777,125
5.92005e-05, 0.0, 78777,78917,140
5.57748e-05, 0.0, 78917,79055,138
5.2746e-05, 0.0, 79055,79180,125
6.83446e-05, 0.0, 79180,79322,142
6.93404e-05, 0.0, 79322,79460,138
6.09187e-05, 0.0, 79460,79586,126
5.77557e-05, 0.0, 79586,79723,137
5.61664e-05, 0.0, 79723,79862,139
5.42877e-05, 0.0, 79862,79987,125
5.45741e-05, 0.0, 79987,80123,136
5.61562e-05, 0.0, 80123,80250,127
5.53421e-05, 0.0, 80250,80372,122
5.32148e-05, 0.0, 80372,80511,139
5.47268e-05, 0.0, 80511,80633,122
5.47556e-05, 0.0, 80633,80772,139
5.52148e-05, 0.0, 80772,80911,139
5.3729e-05, 0.0, 80911,81053,142
5.31621e-05, 0.0, 81053,81194,141
5.43357e-05, 0.0, 81194,81331,137
5.48205e-05, 0.0, 81331,81457,126
5.30795e-05, 0.0, 81457,81594,137
5.38232e-05, 0.0, 81594,81720,126
5.33511e-05, 0.0, 81720,81848,128
5.57192e-05, 0.0, 81848,81986,138
5.32894e-05, 0.0, 81986,82109,123
5.2942e-05, 0.0, 82109,82249,140
5.46647e-05, 0.0, 82249,82387,138
5.5372e-05, 0.0, 82387,82514,127
5.32935e-05, 0.0, 82514,82653,139
5.28925e-05, 0.0, 82653,82791,138
5.39209e-05, 0.0, 82791,82930,139
5.50587e-05, 0.0, 82930,83070,140
5.30718e-05, 0.0, 83070,83196,126
5.41059e-05, 0.0, 83196,83321,125
5.39053e-05, 0.0, 83321,83461,140
5.51982e-05, 0.0, 83461,83601,140
5.3839e-05, 0.0, 83601,83744,143
5.30907e-05, 0.0, 83744,83886,142
5.36082e-05, 0.0, 83886,84028,142
5.51638e-05, 0.0, 84028,84169,141
5.35951e-05, 0.0, 84169,84309,140
5.34734e-05, 0.0, 84309,84448,139
5.36844e-05, 0.0, 84448,84587,139
5.46304e-05, 0.0, 84587,84729,142
5.31277e-05, 0.0, 84729,84870,141
5.30729e-05, 0.0, 84870,84995,125
5.45243e-05, 0.0, 84995,85135,140
5.53304e-05, 0.0, 85135,85274,139
5.37877e-05, 0.0, 85274,85400,126
5.39075e-05, 0.0, 85400,85542,142
5.39262e-05, 0.0, 85542,85683,141
5.52694e-05, 0.0, 85683,85822,139
5.3321e-05, 0.0, 85822,85960,138
5.33969e-05, 0.0, 85960,86087,127
5.42637e-05, 0.0, 86087,86229,142
5.53059e-05, 0.0, 86229,86367,138
5.30956e-05, 0.0, 86367,86520,153
5.29089e-05, 0.0, 86520,86659,139
5.36167e-05, 0.0, 86659,86797,138
5.6328e-05, 0.0, 86797,86924,127
5.36689e-05, 0.0, 86924,87064,140
5.24394e-05, 0.0, 87064,87201,137
5.3996e-05, 0.0, 87201,87326,125
5.49233e-05, 0.0, 87326,87466,140
5.44972e-05, 0.0, 87466,87594,128
5.17256e-05, 0.0, 87594,87719,125
5.3649e-05, 0.0, 87719,87857,138
5.49087e-05, 0.0, 87857,87986,129
5.4155e-05, 0.0, 87986,88123,137
5.30689e-05, 0.0, 88123,88263,140
5.36065e-05, 0.0, 88263,88387,124
5.33004e-05, 0.0, 88387,88524,137
5.47091e-05, 0.0, 88524,88664,140
5.35144e-05, 0.0, 88664,88790,126
5.31685e-05, 0.0, 88790,88931,141
5.31481e-05, 0.0, 88931,89071,140
5.4935e-05, 0.0, 89071,89211,140
5.38107e-05, 0.0, 89211,89354,143
5.27966e-05, 0.0, 89354,89497,143
5.32195e-05, 0.0, 89497,89637,140
5.51115e-05, 0.0, 89637,89775,138
5.34606e-05, 0.0, 89775,89913,138
5.32476e-05, 0.0, 89913,90036,123
5.29295e-05, 0.0, 90036,90174,138
6.29547e-05, 0.0, 90174,90313,139
6.44159e-05, 0.0, 90313,90449,136
5.30281e-05, 0.0, 90449,90588,139
6.0522e-05, 0.0, 90588,90727,139
6.33339e-05, 0.0, 90727,90869,142
5.84425e-05, 0.0, 90869,91008,139
5.55859e-05, 0.0, 91008,91146,138
5.58491e-05, 0.0, 91146,91285,139
5.65239e-05, 0.0, 91285,91423,138
5.42823e-05, 0.0, 91423,91549,126
5.57574e-05, 0.0, 91549,91690,141
5.64372e-05, 0.0, 91690,91829,139
6.12185e-05, 0.0, 91829,91955,126
6.16234e-05, 0.0, 91955,92094,139
6.14209e-05, 0.0, 92094,92232,138
6.95653e-05, 0.0, 92232,92373,141
6.96966e-05, 0.0, 92373,92510,137
5.74426e-05, 0.0, 92510,92648,138
5.58384e-05, 0.0, 92648,92772,124
5.55575e-05, 0.0, 92772,92914,142
5.53197e-05, 0.0, 92914,93055,141
5.41591e-05, 0.0, 93055,93200,145
5.48972e-05, 0.0, 93200,93339,139
5.50215e-05, 0.0, 93339,93477,138
6.07685e-05, 0.0, 93477,93602,125
5.90154e-05, 0.0, 93602,93742,140
5.50662e-05, 0.0, 93742,93885,143
7.15221e-05, 0.0, 93885,94008,123
9.19883e-05, 0.0, 94008,94146,138
0.00010722, 0.0, 94146,94289,143
0.000113034, 0.0, 94289,94427,138
6.34091e-05, 0.0, 94427,94566,139
5.57916e-05, 0.0, 94566,94689,123
5.8821e-05, 0.0, 94689,94817,128
5.74422e-05, 0.0, 94817,94941,124
5.58109e-05, 0.0, 94941,95066,125
5.55804e-05, 0.0, 95066,95207,141
5.28858e-05, 0.0, 95207,95333,126
5.46985e-05, 0.0, 95333,95475,142
5.50801e-05, 0.0, 95475,95613,138
5.70507e-05, 0.0, 95613,95739,126
5.48646e-05, 0.0, 95739,95878,139
5.34044e-05, 0.0, 95878,96016,138
6.99992e-05, 0.0, 96016,96143,127
6.64469e-05, 0.0, 96143,96266,123
6.51943e-05, 0.0, 96266,96407,141
6.22287e-05, 0.0, 96407,96548,141
5.86631e-05, 0.0, 96548,96686,138
6.27627e-05, 0.0, 96686,96809,123
6.25375e-05, 0.0, 96809,96934,125
6.02213e-05, 0.0, 96934,97075,141
5.91599e-05, 0.0, 97075,97211,136
6.20894e-05, 0.0, 97211,97351,140
6.16097e-05, 0.0, 97351,97475,124
5.9931e-05, 0.0, 97475,97614,139
5.92661e-05, 0.0, 97614,97767,153
6.26113e-05, 0.0, 97767,97904,137
6.14713e-05, 0.0, 97904,98044,140
5.86228e-05, 0.0, 98044,98182,138
5.92218e-05, 0.0, 98182,98310,128
6.20066e-05, 0.0, 98310,98436,126
6.1152e-05, 0.0, 98436,98573,137
5.73932e-05, 0.0, 98573,98697,124
5.79876e-05, 0.0, 98697,98822,125
6.19798e-05, 0.0, 98822,98962,140
6.20173e-05, 0.0, 98962,99086,124
5.80748e-05, 0.0, 99086,99210,124
5.66316e-05, 0.0, 99210,99349,139
5.82808e-05, 0.0, 99349,99480,131
5.60293e-05, 0.0, 99480,99632,152
5.54109e-05, 0.0, 99632,99756,124
5.6833e-05, 0.0, 99756,99895,139
5.54037e-05, 0.0, 99895,100036,141
5.50699e-05, 0.0, 100036,100175,139
5.59707e-05, 0.0, 100175,100315,140
5.71871e-05, 0.0, 100315,100467,152
5.6747e-05, 0.0, 100467,100606,139
5.49783e-05, 0.0, 100606,100734,128
5.61008e-05, 0.0, 100734,100876,142
5.54991e-05, 0.0, 100876,101017,141
5.42159e-05, 0.0, 101017,101157,140
5.45498e-05, 0.0, 101157,101302,145
5.78624e-05, 0.0, 101302,101441,139
5.50563e-05, 0.0, 101441,101581,140
5.45198e-05, 0.0, 101581,101718,137
5.43307e-05, 0.0, 101718,101856,138
5.62807e-05, 0.0, 101856,101998,142
5.39447e-05, 0.0, 101998,102124,126
5.4701e-05, 0.0, 102124,102263,139
5.52071e-05, 0.0, 102263,102402,139
5.60263e-05, 0.0, 102402,102543,141
5.49541e-05, 0.0, 102543,102682,139
5.3446e-05, 0.0, 102682,102808,126
5.51147e-05, 0.0, 102808,102946,138
5.63861e-05, 0.0, 102946,103086,140
5.51474e-05, 0.0, 103086,103215,129
5.4952e-05, 0.0, 103215,103354,139
5.5747e-05, 0.0, 103354,103491,137
5.65196e-05, 0.0, 103491,103632,141
6.14267e-05, 0.0, 103632,103771,139
7.77523e-05, 0.0, 103771,103894,123
6.84994e-05, 0.0, 103894,104037,143
8.18384e-05, 0.0, 104037,104177,140
8.40638e-05, 0.0, 104177,104302,125
9.81407e-05, 0.0, 104302,104440,138
0.000114, 0.0, 104440,104580,140
7.80265e-05, 0.0, 104580,104720,140
5.71271e-05, 0.0, 104720,104860,140
5.69422e-05, 0.0, 104860,104999,139
5.6281e-05, 0.0, 104999,105137,138
5.53502e-05, 0.0, 105137,105274,137
5.52897e-05, 0.0, 105274,105411,137
5.46231e-05, 0.0, 105411,105550,139
5.63584e-05, 0.0, 105550,105691,141
5.51149e-05, 0.0, 105691,105831,140
5.49739e-05, 0.0, 105831,105967,136
5.51982e-05, 0.0, 105967,106105,138
5.5782e-05, 0.0, 106105,106232,127
5.55421e-05, 0.0, 106232,106371,139
5.4986e-05, 0.0, 106371,106509,138
5.4177e-05, 0.0, 106509,106634,125
5.68476e-05, 0.0, 106634,106776,142
5.47239e-05, 0.0, 106776,106916,140
5.46432e-05, 0.0, 106916,107043,127
5.55201e-05, 0.0, 107043,107182,139
5.59617e-05, 0.0, 107182,107321,139
5.48507e-05, 0.0, 107321,107463,142
5.4291e-05, 0.0, 107463,107605,142
5.62136e-05, 0.0, 107605,107743,138
5.56609e-05, 0.0, 107743,107868,125
5.45666e-05, 0.0, 107868,108003,135
5.49549e-05, 0.0, 108003,108129,126
5.56975e-05, 0.0, 108129,108251,122
5.60305e-05, 0.0, 108251,108391,140
5.38612e-05, 0.0, 108391,108515,124
5.4063e-05, 0.0, 108515,108655,140
5.56321e-05, 0.0, 108655,108795,140
5.59809e-05, 0.0, 108795,108934,139
5.42518e-05, 0.0, 108934,109074,140
5.48949e-05, 0.0, 109074,109212,138
5.53285e-05, 0.0, 109212,109336,124
5.56416e-05, 0.0, 109336,109475,139
5.35563e-05, 0.0, 109475,109599,124
5.54277e-05, 0.0, 109599,109726,127
5.59865e-05, 0.0, 109726,109864,138
5.39556e-05, 0.0, 109864,110006,142
8.99393e-05, 0.0, 110006,110131,125
8.79004e-05, 0.0, 110131,110270,139
6.53599e-05, 0.0, 110270,110408,138
6.14225e-05, 0.0, 110408,110546,138
5.79917e-05, 0.0, 110546,110682,136
5.53169e-05, 0.0, 110682,110821,139
5.61394e-05, 0.0, 110821,110962,141
5.56735e-05, 0.0, 110962,111087,125
5.48039e-05, 0.0, 111087,111229,142
5.58706e-05, 0.0, 111229,111370,141
5.60189e-05, 0.0, 111370,111508,138
5.48988e-05, 0.0, 111508,111634,126
5.37898e-05, 0.0, 111634,111773,139
5.57077e-05, 0.0, 111773,111914,141
5.625e-05, 0.0, 111914,112052,138
5.39525e-05, 0.0, 112052,112194,142
5.47808e-05, 0.0, 112194,112334,140
5.60787e-05, 0.0, 112334,112459,125
5.60709e-05, 0.0, 112459,112601,142
5.40067e-05, 0.0, 112601,112742,141
5.50915e-05, 0.0, 112742,112881,139
5.58432e-05, 0.0, 112881,113022,141
5.59015e-05, 0.0, 113022,113161,139
5.33255e-05, 0.0, 113161,113287,126
5.46891e-05, 0.0, 113287,113427,140
5.67213e-05, 0.0, 113427,113565,138
5.56509e-05, 0.0, 113565,113691,126
5.43903e-05, 0.0, 113691,113830,139
5.58717e-05, 0.0, 113830,113955,125
5.61414e-05, 0.0, 113955,114080,125
5.58291e-05, 0.0, 114080,114220,140
5.49057e-05, 0.0, 114220,114343,123
5.48543e-05, 0.0, 114343,114481,138
5.59851e-05, 0.0, 114481,114619,138
5.54012e-05, 0.0, 114619,114749,130
5.4812e-05, 0.0, 114749,114888,139
5.53168e-05, 0.0, 114888,115026,138
5.61933e-05, 0.0, 115026,115147,121
5.66065e-05, 0.0, 115147,115285,138
5.37811e-05, 0.0, 115285,115413,128
5.47289e-05, 0.0, 115413,115550,137
5.61326e-05, 0.0, 115550,115690,140
5.65431e-05, 0.0, 115690,115815,125
5.42538e-05, 0.0, 115815,115954,139
5.46012e-05, 0.0, 115954,116094,140
5.65247e-05, 0.0, 116094,116219,125
5.61828e-05, 0.0, 116219,116361,142
5.6499e-05, 0.0, 116361,116499,138
6.76303e-05, 0.0, 116499,116657,158
6.28166e-05, 0.0, 116657,116798,141
6.26615e-05, 0.0, 116798,116939,141
5.62304e-05, 0.0, 116939,117063,124
6.23627e-05, 0.0, 117063,117203,140
6.36418e-05, 0.0, 117203,117340,137
6.22469e-05, 0.0, 117340,117470,130
6.19835e-05, 0.0, 117470,117609,139
6.36709e-05, 0.0, 117609,117751,142
6.98342e-05, 0.0, 117751,117890,139
7.63798e-05, 0.0, 117890,118027,137
9.96708e-05, 0.0, 118027,118165,138
0.000106091, 0.0, 118165,118304,139
8.69195e-05, 0.0, 118304,118443,139
8.05837e-05, 0.0, 118443,118569,126
7.81715e-05, 0.0, 118569,118711,142
6.88034e-05, 0.0, 118711,118850,139
6.02365e-05, 0.0, 118850,118979,129
5.89128e-05, 0.0, 118979,119117,138
5.39081e-05, 0.0, 119117,119255,138
5.47752e-05, 0.0, 119255,119397,142
5.65528e-05, 0.0, 119397,119536,139
5.71018e-05, 0.0, 119536,119675,139
5.56309e-05, 0.0, 119675,119811,136
5.52252e-05, 0.0, 119811,119951,140
5.69142e-05, 0.0, 119951,120094,143
5.5797e-05, 0.0, 120094,120221,127
5.39493e-05, 0.0, 120221,120359,138
5.4593e-05, 0.0, 120359,120499,140
5.66463e-05, 0.0, 120499,120627,128
5.60611e-05, 0.0, 120627,120762,135
5.45253e-05, 0.0, 120762,120902,140
5.49865e-05, 0.0, 120902,121044,142
5.61116e-05, 0.0, 121044,121183,139
5.70159e-05, 0.0, 121183,121309,126
5.45031e-05, 0.0, 121309,121448,139
5.50663e-05, 0.0, 121448,121573,125
5.4927e-05, 0.0, 121573,121698,125
5.58888e-05, 0.0, 121698,121838,140
5.38251e-05, 0.0, 121838,121979,141
5.48226e-05, 0.0, 121979,122118,139
5.42332e-05, 0.0, 122118,122259,141
5.57885e-05, 0.0, 122259,122399,140
5.45148e-05, 0.0, 122399,122537,138
5.33366e-05, 0.0, 122537,122680,143
5.36729e-05, 0.0, 122680,122802,122
5.6011e-05, 0.0, 122802,122928,126
5.48035e-05, 0.0, 122928,123066,138
5.40336e-05, 0.0, 123066,123192,126
5.3769e-05, 0.0, 123192,123331,139
5.58773e-05, 0.0, 123331,123472,141
5.53002e-05, 0.0, 123472,123601,129
5.38906e-05, 0.0, 123601,123740,139
5.36388e-05, 0.0, 123740,123883,143
5.46368e-05, 0.0, 123883,124024,141
5.52165e-05, 0.0, 124024,124166,142
5.36998e-05, 0.0, 124166,124309,143
5.45663e-05, 0.0, 124309,124434,125
5.37348e-05, 0.0, 124434,124571,137
5.57209e-05, 0.0, 124571,124711,140
5.40346e-05, 0.0, 124711,124853,142
5.43946e-05, 0.0, 124853,124990,137
6.10923e-05, 0.0, 124990,125118,128
5.69361e-05, 0.0, 125118,125256,138
5.724e-05, 0.0, 125256,125397,141
5.83279e-05, 0.0, 125397,125534,137
6.39689e-05, 0.0, 125534,125672,138
5.55453e-05, 0.0, 125672,125811,139
6.12691e-05, 0.0, 125811,125939,128
6.97564e-05, 0.0, 125939,126078,139
7.52268e-05, 0.0, 126078,126219,141
7.12274e-05, 0.0, 126219,126360,141
8.07788e-05, 0.0, 126360,126501,141
8.38597e-05, 0.0, 126501,126636,135
9.02011e-05, 0.0, 126636,126762,126
0.000107498, 0.0, 126762,126901,139
0.000107511, 0.0, 126901,127040,139
0.000107365, 0.0, 127040,127169,129
8.21401e-05, 0.0, 127169,127306,137
6.61436e-05, 0.0, 127306,127431,125
5.9874e-05, 0.0, 127431,127571,140
5.7195e-05, 0.0, 127571,127711,140
5.63077e-05, 0.0, 127711,127854,143
5.4316e-05, 0.0, 127854,127994,140
5.57799e-05, 0.0, 127994,128133,139
5.56354e-05, 0.0, 128133,128269,136
5.25875e-05, 0.0, 128269,128394,125
5.46622e-05, 0.0, 128394,128533,139
5.59031e-05, 0.0, 128533,128660,127
5.57879e-05, 0.0, 128660,128798,138
5.45178e-05, 0.0, 128798,128923,125
5.43821e-05, 0.0, 128923,129064,141
5.53776e-05, 0.0, 129064,129205,141
5.59869e-05, 0.0, 129205,129345,140
5.40575e-05, 0.0, 129345,129472,127
5.41001e-05, 0.0, 129472,129612,140
5.42441e-05, 0.0, 129612,129740,128
5.60585e-05, 0.0, 129740,129880,140
5.44599e-05, 0.0, 129880,130022,142
