0.15757;
0.154948;
0.157042;
0.152074;
0.153747;
0.152726;
0.155242;
0.153864;
0.155841;
0.152916;
0.157085;
0.166123;
0.154435;
0.155669;
0.154705;
0.153244;
0.155004;
0.154228;
0.154112;
0.154537;
0.154756;
0.155009;
0.156391;
0.155568;
0.154237;
0.155966;
0.154102;
0.153646;
0.154419;
0.15321;
0.155097;
0.155954;
0.154056;
0.154436;
0.169145;
0.166775;
0.154207;
0.150968;
0.165677;
0.154141;
0.151869;
0.157873;
0.153919;
0.156919;
0.158874;
0.153874;
0.157011;
0.157653;
0.155074;
0.153458;
0.170235;
0.154502;
0.155842;
0.151918;
0.155863;
0.205008;
0.192413;
0.171661;
0.157637;
0.16547;
0.152365;
0.157057;
0.154096;
0.155916;
0.154713;
0.155712;
0.153754;
0.155055;
0.153848;
0.155471;
0.154679;
0.153705;
0.156787;
0.155671;
0.154648;
0.156823;
0.155637;
0.156201;
0.154176;
0.153703;
0.153704;
0.155535;
0.157883;
0.157656;
0.152717;
0.151741;
0.156999;
0.15562;
0.155342;
0.152266;
0.154747;
0.155152;
0.154384;
0.15469;
0.154664;
0.154056;
0.154231;
0.151818;
0.154944;
0.158904;
0.15329;
0.156571;
0.153916;
0.153533;
0.154547;
0.155364;
0.155792;
0.156853;
0.153084;
0.155819;
0.167877;
0.156514;
0.154046;
0.155854;
0.155778;
0.154803;
0.15356;
0.156412;
0.153635;
0.153487;
0.155405;
0.156148;
0.157225;
0.155255;
0.154347;
0.156014;
0.151608;
0.156021;
0.156507;
0.153627;
0.15648;
0.155827;
0.154593;
0.156836;
0.192781;
0.195868;
0.153518;
0.154007;
0.154198;
0.153065;
0.15669;
0.155542;
0.154006;
0.155309;
0.15507;
0.156518;
0.153916;
0.153708;
0.152211;
0.152296;
0.152669;
0.153244;
0.153057;
0.154806;
0.152391;
0.154464;
0.15513;
0.153703;
0.154793;
0.1534;
0.152896;
0.153815;
0.155536;
0.157502;
0.156127;
0.15554;
0.154907;
0.1555;
0.154847;
0.154509;
0.156076;
0.153038;
0.160475;
0.163769;
0.153208;
0.152875;
0.155657;
0.157819;
0.156124;
0.152935;
0.154507;
0.154795;
0.153611;
0.155876;
0.158241;
0.153398;
0.153953;
0.15389;
0.15422;
0.156722;
0.15655;
0.157842;
0.168981;
0.156292;
0.153463;
0.153872;
0.154838;
0.155291;
0.154028;
0.156045;
0.154848;
0.155065;
0.160056;
0.15659;
0.153303;
0.157651;
0.152839;
0.154182;
0.154798;
0.151949;
0.154121;
0.154488;
0.154256;
0.154129;
0.154035;
0.152576;
0.15445;
0.157898;
0.156536;
0.154188;
0.154918;
0.153637;
0.1547;
0.156761;
0.156565;
0.155043;
0.154462;
0.155831;
0.154752;
0.154108;
0.155101;
0.154859;
0.153561;
0.156627;
0.15622;
0.160018;
0.159957;
0.179631;
0.157159;
0.154802;
0.155223;
0.153045;
0.154028;
0.167746;
0.153789;
0.153191;
0.156203;
0.156684;
0.152688;
0.153885;
0.157444;
0.156714;
0.154187;
0.153576;
0.153158;
0.15601;
0.15341;
0.155026;
0.154957;
0.153424;
0.15616;
0.154352;
0.157987;
0.154907;
0.156591;
0.155016;
0.154867;
0.155477;
0.154727;
0.154907;
0.154058;
0.153851;
0.154808;
0.155988;
0.155292;
0.155881;
0.156624;
0.151865;
0.155787;
0.153841;
0.166766;
0.152342;
0.156362;
0.156228;
0.15409;
0.169015;
0.155871;
0.155503;
0.157069;
0.155326;
0.154036;
0.155847;
0.154903;
0.155027;
0.154166;
0.154408;
0.17159;
0.155324;
0.155628;
0.158008;
0.153953;
0.157871;
0.154157;
0.153061;
0.156952;
0.153455;
0.154803;
0.156914;
0.154628;
0.171552;
0.153559;
0.154192;
0.167192;
0.171736;
0.154859;
0.156621;
0.156847;
0.154158;
0.169852;
0.156894;
0.155713;
0.154084;
0.170483;
0.154648;
0.154677;
0.156549;
0.172016;
0.153859;
0.154711;
0.15603;
0.150885;
0.15375;
0.1547;
0.154668;
0.157387;
0.155041;
0.186773;
0.167946;
0.155383;
0.154197;
0.153936;
0.158506;
0.152159;
0.154804;
0.153012;
0.154415;
0.172299;
0.153051;
0.156571;
0.157685;
0.17003;
0.155362;
0.153893;
0.163415;
0.163941;
0.15464;
0.15474;
0.155227;
0.155995;
0.155408;
0.155712;
0.152801;
0.158205;
0.154713;
0.153567;
0.155506;
0.151842;
0.153589;
0.154874;
0.153658;
0.153678;
0.155925;
0.152997;
0.155169;
0.15649;
0.154821;
0.153812;
0.155651;
0.154926;
0.155389;
0.156592;
0.154472;
0.155193;
0.154888;
0.155609;
0.151914;
0.157624;
0.152419;
0.155812;
0.156838;
0.152894;
0.153348;
0.156899;
0.152777;
0.154471;
0.155468;
0.151967;
0.156722;
0.153979;
0.156146;
0.155002;
0.155732;
0.151168;
0.153008;
0.154517;
0.154155;
0.153424;
0.155051;
0.155707;
0.152118;
0.154328;
0.155005;
0.15339;
0.155206;
0.153959;
0.157832;
0.153237;
0.154696;
0.155927;
0.157677;
0.152703;
0.153578;
0.155929;
0.15374;
0.154673;
0.153704;
0.155817;
0.153707;
0.154562;
0.155528;
0.1559;
0.154805;
0.153628;
0.15491;
0.153809;
0.153948;
0.155105;
0.152728;
0.153803;
0.154101;
0.169553;
0.169444;
0.156333;
0.156965;
0.155187;
0.155265;
0.155655;
0.154666;
0.154704;
0.168982;
0.175737;
0.152454;
0.157923;
0.155301;
0.155549;
0.156093;
0.153661;
0.154597;
0.15668;
0.156337;
0.15899;
0.152065;
0.154904;
0.153406;
0.153011;
0.154362;
0.153501;
0.154223;
0.154479;
0.156691;
0.152466;
0.154939;
0.157874;
0.154808;
0.15486;
0.154203;
0.156626;
0.156141;
0.156717;
0.154407;
0.154234;
0.153773;
0.155419;
0.154366;
0.156565;
0.155766;
0.152345;
0.15491;
0.154729;
0.153024;
0.15644;
0.170923;
0.155055;
0.154982;
0.152899;
0.153423;
0.157653;
0.155434;
0.154527;
0.158644;
0.153909;
0.156529;
0.153979;
0.153667;
0.153922;
0.158238;
0.152829;
0.152831;
0.154838;
0.15261;
0.153558;
0.15651;
0.15307;
0.153506;
0.153926;
0.15366;
0.155579;
0.15504;
0.155506;
0.156498;
0.153863;
0.154361;
0.153635;
0.156285;
0.154439;
0.155612;
0.153284;
0.154552;
0.155823;
0.152678;
0.155394;
0.153943;
0.153973;
0.152579;
0.156585;
0.156135;
0.15461;
0.154101;
0.155332;
0.154945;
0.154176;
0.155297;
0.155167;
0.154309;
0.154036;
0.15313;
0.154646;
0.155643;
0.170945;
0.154805;
0.156772;
0.153933;
0.155075;
0.153847;
0.153227;
0.153492;
0.154585;
0.152367;
0.155241;
0.154549;
0.15299;
0.157512;
0.155678;
0.153696;
0.154727;
0.15478;
0.154177;
0.156292;
0.15471;
0.155687;
0.158403;
0.154026;
0.154743;
0.15829;
0.166888;
0.15345;
0.15606;
0.153786;
0.156011;
0.155453;
0.155703;
0.154836;
0.154828;
0.155789;
0.154248;
0.156027;
0.154058;
0.155872;
0.157287;
0.154804;
0.153172;
0.152693;
0.155127;
0.155902;
0.157654;
0.152912;
0.154409;
0.151852;
0.157116;
0.153596;
0.173194;
0.167859;
0.156343;
0.155458;
0.153355;
0.154165;
0.155823;
0.157026;
0.166089;
0.154479;
0.154338;
0.157969;
0.168191;
0.155821;
0.155397;
0.156593;
0.153955;
0.15324;
0.158131;
0.166071;
0.154084;
0.154817;
0.155489;
0.153803;
0.155689;
0.155427;
0.1545;
0.154472;
0.153319;
0.154756;
0.154471;
0.152499;
0.153846;
0.155696;
0.15344;
0.155655;
0.155248;
0.153012;
0.153559;
0.155385;
0.154697;
0.154069;
0.157734;
0.151249;
0.154165;
0.154979;
0.153657;
0.155488;
0.153466;
0.155379;
0.154362;
0.155639;
0.154106;
0.155971;
0.15407;
0.15571;
0.154641;
0.157305;
0.15271;
0.154833;
0.156769;
0.153587;
0.152442;
0.154935;
0.154511;
0.157167;
0.167723;
0.156198;
0.154316;
0.155253;
0.154192;
0.153611;
0.154202;
0.155302;
0.154774;
0.155131;
0.155829;
0.153741;
0.154734;
0.155028;
0.156139;
0.152808;
0.152813;
0.153538;
0.154802;
0.154051;
0.154197;
0.154541;
0.154706;
0.167786;
0.154472;
0.153553;
0.154014;
0.156096;
0.154639;
0.157174;
0.155856;
0.154701;
0.153278;
0.153618;
0.158468;
0.155595;
0.15328;
0.154;
0.152844;
0.157758;
0.154546;
0.15575;
0.156675;
0.152843;
0.155415;
0.156172;
0.155377;
0.152712;
0.15481;
0.154147;
0.154119;
0.1556;
0.154934;
0.154228;
0.158603;
0.153869;
0.154285;
0.154203;
0.154784;
0.154276;
0.154446;
0.155047;
0.153353;
0.155858;
0.156343;
0.154644;
0.156953;
0.153756;
0.1545;
0.154475;
0.155201;
0.156258;
0.154668;
0.15379;
0.152689;
0.15464;
0.156265;
0.154874;
0.156413;
0.153425;
0.155752;
0.156005;
0.153405;
0.156134;
0.156393;
0.154343;
0.154731;
0.154362;
0.167146;
0.152459;
0.154975;
0.156219;
0.153202;
0.155654;
0.152188;
0.156317;
0.157814;
0.154857;
0.154252;
0.169384;
0.155738;
0.154102;
0.156037;
0.157095;
0.161782;
0.162484;
0.153849;
0.154188;
0.154216;
0.153878;
0.15449;
0.156846;
0.15293;
0.15368;
0.155628;
0.154386;
0.156292;
0.156116;
0.153281;
0.154154;
0.156548;
0.15468;
0.153556;
0.155456;
0.153753;
0.152236;
0.153193;
0.154051;
0.15203;
0.153968;
0.15497;
0.154605;
0.171597;
0.152179;
0.152489;
0.153495;
0.156443;
0.154234;
0.154887;
0.155803;
0.154835;
0.154252;
0.153151;
0.155998;
0.155656;
0.156843;
0.161841;
0.179616;
0.154462;
0.151218;
0.157112;
0.152512;
0.156389;
0.155737;
0.153573;
0.155497;
0.155934;
0.153751;
0.15517;
0.154493;
0.153501;
0.154579;
0.156874;
0.15444;
0.154783;
0.154243;
0.155545;
0.15395;
0.156819;
0.157159;
0.156884;
0.158178;
0.156679;
0.155783;
0.153824;
0.154755;
0.167931;
0.154788;
0.154358;
0.155489;
0.15655;
0.156967;
0.154878;
0.155287;
0.153131;
0.156348;
0.156385;
0.153961;
0.156746;
0.154564;
0.154845;
0.15517;
0.154815;
0.152851;
0.153051;
0.15582;
0.154791;
0.153416;
0.154059;
0.1556;
0.154933;
0.155642;
0.152885;
0.152651;
0.15541;
0.155056;
0.156641;
0.155617;
0.154757;
0.151881;
0.153594;
0.155478;
0.154889;
0.153991;
0.152814;
0.156635;
0.154593;
0.155119;
0.153693;
0.154002;
0.155309;
0.15692;
0.155206;
0.154635;
0.155174;
0.154725;
0.154989;
0.157001;
0.153738;
0.156502;
0.156605;
0.154411;
0.167738;
0.15473;
0.152893;
0.154602;
0.153977;
0.153776;
0.157659;
0.166317;
0.153212;
0.153802;
0.154991;
0.15266;
0.153344;
0.156864;
0.152882;
0.154628;
0.157296;
0.157093;
0.167395;
0.156561;
0.154406;
0.152773;
0.155808;
0.156046;
0.153605;
0.156344;
0.156235;
0.154512;
0.155595;
0.154487;
0.154824;
0.151955;
0.153137;
0.154882;
0.156191;
0.152767;
0.154677;
0.15509;
0.155302;
0.151315;
0.155316;
0.154424;
0.15304;
0.155021;
0.153945;
0.154287;
0.154685;
0.15561;
0.15368;
0.154856;
0.155428;
0.184042;
0.169072;
0.154767;
0.154798;
0.155094;
0.152422;
0.154106;
0.155416;
0.153567;
0.154703;
0.153989;
0.153195;
0.154088;
0.153729;
0.154762;
0.169521;
0.156812;
0.153543;
0.155865;
0.155469;
0.154561;
0.156207;
0.154341;
0.152423;
0.155412;
0.154444;
0.154962;
0.155161;
0.153384;
0.156287;
0.151843;
0.155326;
0.154732;
0.153116;
0.156338;
0.152571;
0.153702;
0.154278;
0.154991;
0.153543;
0.1542;
0.155347;
0.154161;
0.153728;
0.156653;
0.154091;
0.171157;
0.155883;
0.156075;
0.156776;
0.153427;
0.155924;
0.155542;
0.156923;
0.154561;
0.154727;
0.154675;
0.155658;
0.167996;
0.155081;
0.155375;
0.153567;
0.15342;
0.156507;
0.15388;
0.157315;
0.155213;
0.154082;
0.154589;
0.156621;
0.154221;
0.154308;
0.152954;
0.158849;
0.153004;
0.154995;
0.154025;
0.154539;
0.153236;
0.155192;
0.153148;
0.157199;
0.155191;
0.154502;
0.156857;
0.158969;
0.153806;
0.154033;
0.156799;
0.152874;
0.153822;
0.157944;
0.152993;
0.15835;
0.15444;
0.156083;
0.153948;
0.155321;
0.166857;
0.170032;
0.155246;
0.151821;
0.156229;
0.156641;
0.152571;
0.151945;
0.153873;
