0.145845
0.0061481
0.0077736
0.0125164
0.0132231
0.016039
0.0119839
0.0192302
0.0168169
0.0163004
0.0067361
0.0062367
0.0067507
0.0047377
0.0069225
0.0063848
0.0060362
0.0068822
0.0044908
0.0048424
0.0060473
0.0045101
0.0042597
0.0078298
0.0063454
0.0043346
0.0065629
0.0043387
0.0076074
0.0058178
0.0060205
0.0066626
0.0047421
0.007568
0.0043581
0.0053148
0.0150149
0.0156328
0.0087331
0.0210187
0.0159076
0.0134093
0.0158273
0.0160785
0.0095352
0.0142338
0.0186579
0.0232831
0.0171126
0.0046433
0.0096221
0.0169268
0.0165825
0.006598
0.0150661
0.0161766
0.018643
0.0163073
0.0078002
0.0138698
0.0047551
0.0234808
0.0167115
0.0080327
0.0160905
0.0162455
0.0069339
0.0176287
0.0070751
0.018033
0.0155533
0.0045678
0.013141
0.0159236
0.008888
0.006676
0.0138878
0.0086103
0.0135544
0.0055886
0.0112375
0.0149884
0.0057615
0.0231238
0.0057034
0.008267
0.0131996
0.0174905
0.0090587
0.0144219
0.0175468
0.0192691
0.0184385
0.0061293
0.0170001
0.015436
0.0092322
0.0154251
0.0160623
0.0089031
0.0142788
0.0153487
0.0147687
0.0169542
0.0062048
0.0231631
0.0166178
0.007935
0.0154283
0.0157456
0.0086455
0.0138684
0.0152787
0.0117552
0.0154138
0.0138291
0.016745
0.0217896
0.0166015
0.0179355
0.0224325
0.0158293
0.0134428
0.0223866
0.0174519
0.0071303
0.022057
0.011959
0.0089047
0.0149166
0.0175183
0.016427
0.0164801
0.0172169
0.0186537
0.0203828
0.0052304
0.0164757
0.0168854
0.0160795
0.0128165
0.0170818
0.016741
0.0184405
0.0149732
0.0154589
0.011764
0.0167022
0.0179208
0.0140491
0.0170906
0.0160581
0.0085654
0.0133533
0.0161024
0.0081427
0.0144931
0.0047213
0.0160255
0.0155205
0.0160226
0.0169482
0.0169599
0.0167721
0.0204826
0.014695
0.0091432
0.0264881
0.0173613
0.0088815
0.0084504
0.0148747
0.0058104
0.014175
0.0174139
0.0147592
0.0162786
0.0179977
0.0120826
0.0226856
0.0166492
0.0099436
0.0141547
0.0157791
0.0112321
0.0082826
0.0149076
0.008758
0.0156781
0.0046101
0.0185435
0.0070007
0.0116094
0.0045538
0.0093976
0.0052707
0.0138962
0.009989
0.0161916
0.0168894
0.0071692
0.0130843
0.0130382
0.0143518
0.0093889
0.0140686
0.0138155
0.0174838
0.0082442
0.0040696
0.0141836
0.0173558
0.0138973
0.0060118
0.0059334
0.0202541
0.0175641
0.0062274
0.0175287
0.0081573
0.0107827
0.0058361
0.0140617
0.0138385
0.0127627
0.0055132
0.0121954
0.0050782
0.0091933
0.0146846
0.0158149
0.0052348
0.0140231
0.0170605
0.0097614
0.0137123
0.0047752
0.0157199
0.0163536
0.0087008
0.0133106
0.0169723
0.0055395
0.0144257
0.016051
0.0107742
0.0166875
0.0060592
0.0196377
0.0160967
0.008156
0.0186997
0.0170416
0.0046005
0.0165824
0.014855
0.0122435
0.017554
0.0077778
0.0241231
0.0169483
0.0067204
0.0177831
0.0160991
0.0093981
0.013013
0.0164791
0.0099452
0.0135317
0.0056227
0.0179618
0.0171131
0.0142336
0.0130517
0.0134523
0.02127
0.0159839
0.0094748
0.0284113
0.0253929
0.0179244
0.0057661
0.0215892
0.0135453
0.0108476
0.0165937
0.016763
0.0062404
0.0134745
0.0164036
0.0129154
0.0152394
0.012279
0.0161196
0.0189474
0.0159651
0.0163083
0.0180152
0.0169633
0.0100343
0.0138716
0.0047411
0.0117999
0.0152218
0.0090054
0.0155385
0.0166606
0.0164381
0.0152959
0.0158111
0.0046101
0.01798
0.0154947
0.0060904
0.012247
0.0175133
0.0062065
0.0187837
0.0181097
0.0066498
0.0167829
0.0178412
0.0116613
0.0235351
0.0156715
0.009085
0.015556
0.0169763
0.0135594
0.0163871
0.0163812
0.0217991
0.0164485
0.007843
0.0205753
0.016129
0.0144524
0.0177281
0.0193803
0.0083547
0.0180576
0.0147868
0.0117187
0.0179948
0.015891
0.0079647
0.013455
0.0071188
0.0064681
0.0140201
0.0163828
0.0130817
0.0152752
0.015133
0.0133027
0.0184763
0.0162855
0.011233
0.0166375
0.0152581
0.0140216
0.0176796
0.0163562
0.0101735
0.0175546
0.0177278
0.009645
0.0144213
0.0137692
0.0208133
0.0165622
0.0171145
0.0238349
0.015799
0.004531
0.0117533
0.0174968
0.0142414
0.016717
0.015848
0.0238621
0.0233834
0.0164057
0.0098033
0.0176623
0.0174287
0.0120162
0.0163814
0.0156674
0.0145032
0.0151991
0.0064605
0.0112945
0.0130472
0.0095411
0.0194049
0.0080348
0.0080957
0.0139168
0.0175099
0.0229633
0.0164831
0.0165079
0.0083308
0.0156846
0.0163475
0.0158655
0.0154525
0.0085422
0.0263423
0.0183931
0.0155258
0.0225274
0.0175647
0.0159726
0.0073279
0.0153335
0.0045577
0.0142249
0.0172822
0.00937
0.0118687
0.0152054
0.009378
0.0158497
0.0164475
0.0081676
0.0136549
0.0045942
0.0135041
0.0158094
0.0140505
0.0189148
0.0171803
0.0178732
0.0166095
0.0165692
0.0100498
0.0177555
0.0045958
0.0076869
0.0150384
0.0154764
0.010405
0.0136612
0.0226554
0.0065793
0.0134777
0.0082748
0.014869
0.0046601
0.0140476
0.0168956
0.0167477
0.012638
0.0161564
0.0100965
0.0185286
0.0167868
0.0143709
0.0256767
0.0161515
0.0058213
0.0196395
0.0155301
0.0088025
0.0180607
0.015312
0.0064187
0.0065702
0.0062587
0.0126869
0.0171687
0.008221
0.0184838
0.0160323
0.0067859
0.0201611
0.0163499
0.0091832
0.0135488
0.0073301
0.0080095
0.0193158
0.0067482
0.0192256
0.0179868
0.0053263
0.0185097
0.0053894
0.0091947
0.0074701
0.0048277
0.0110152
0.0173757
0.0053592
0.027148
0.0053212
0.0176542
0.0215481
0.0177272
0.0181123
0.0130669
0.0172133
0.0251849
0.017715
0.0138584
0.0069066
0.0057734
0.016387
0.0187126
0.0166982
0.0139063
0.0202383
0.0178469
0.0076048
0.0138362
0.0046207
0.0119998
0.016495
0.0152296
0.0233633
0.0184173
0.0163103
0.0210512
0.0170614
0.0168473
0.0120005
0.0154043
0.0080595
0.020139
0.017895
0.0165735
0.0214563
0.0154997
0.0060722
0.0142389
0.0133863
0.0062435
0.0136152
0.0157692
0.0198096
0.0195681
0.0178132
0.0080939
0.0139696
0.0159916
0.0285016
0.0176488
0.0152833
0.0209224
0.0169208
0.0158006
0.0111925
0.0170745
0.0161723
0.0080547
0.0133806
0.0063305
0.0213763
0.01531
0.0083532
0.0175219
0.016075
0.0083215
0.0203866
0.0155985
0.0077551
0.0136508
0.0045161
0.00836
0.0132645
0.0066299
0.0190463
0.0181759
0.017088
0.0198001
0.0152845
0.0089662
0.0149419
0.0046143
0.0114048
0.0147971
0.0057822
0.0174858
0.0151808
0.007677
0.0154775
0.0166091
0.0144229
0.0167103
0.005797
0.0069405
0.0153455
0.0161953
0.0150333
0.0157232
0.0158662
0.0169989
0.0156692
0.0165425
0.0106375
0.0187423
0.015636
0.0049414
0.0137071
0.0166994
0.0073584
0.0139833
0.0169073
0.0132423
0.0156978
0.0083318
0.0203759
0.0167852
0.0118937
0.0182037
0.0160107
0.0055815
0.0209435
0.0166139
0.0067371
0.0176344
0.0046511
0.0071253
0.0136986
0.0090347
0.017469
0.0168678
0.0074633
0.0201214
0.0162271
0.008179
0.0180575
0.0163264
0.0138212
0.0222221
0.0172736
0.0136649
0.0208158
0.015779
0.0079415
0.0134104
0.0161708
0.0136038
0.0148986
0.0163505
0.0150979
0.0176985
0.0167596
0.0166731
0.0156302
0.009296
0.0144916
0.0171116
0.0053163
0.0167188
0.0160475
0.010727
0.0185785
0.015485
0.0072144
0.0195759
0.0162205
0.0182943
0.0229936
0.0156011
0.0069614
0.0133745
0.0166854
0.0076027
0.0146136
0.0166772
0.0174459
0.0165926
0.0073232
0.0041177
0.006483
0.0054416
0.0138906
0.0069451
0.0244999
0.0179949
0.0061926
0.0157215
0.0157572
0.0094219
0.007071
0.0146084
0.010651
0.0248293
0.0084913
0.0055034
0.0160443
0.0178402
0.0150637
0.0087157
0.0138243
0.027806
0.0133922
0.0166979
0.0118201
0.0072491
0.0057173
0.0139221
0.0102276
0.0087537
0.0192102
0.0074638
0.0082881
0.0131375
0.0112243
0.0264779
0.0050359
0.0133693
0.0242335
0.016163
0.0189745
0.0265929
0.0189646
0.0045319
0.0127952
0.0165134
0.0135564
0.0183502
0.0170521
0.0162322
0.0228151
0.0155743
0.0131779
0.0099582
0.0148297
0.0107961
0.0200093
0.0173384
0.0080884
0.0204815
0.0146399
0.0050876
0.0163626
0.0170502
0.0211801
0.0164679
0.0052293
0.0143913
0.016133
0.0088957
0.0131513
0.0158501
0.0192141
0.0169059
0.0148448
0.0102768
0.0163841
0.0140066
0.0163675
0.0186329
0.015887
0.0176058
0.0161644
0.0096564
0.0112821
0.0165029
0.0063086
0.0142858
0.0179915
0.0102733
0.0155309
0.0159027
0.0191184
0.0238565
0.015924
0.0094483
0.0157567
0.0046505
0.0061656
0.0133057
0.0097818
0.0160897
0.0165427
0.0158819
0.0126706
0.0169448
0.0078132
0.0180816
0.0086243
0.0076434
0.0137828
0.0165728
0.0093423
0.0147699
0.0100856
0.0229341
0.0160165
0.0130051
0.016012
0.0049563
0.0112819
0.015898
0.0162148
0.0062819
0.0200176
0.0164402
0.0165864
0.0216388
0.0184413
0.0087859
0.0137827
0.0166229
0.0087416
0.0187475
0.0163566
0.010116
0.0140131
0.016564
0.008279
0.0133766
0.0052689
0.0069878
0.0160803
0.0069269
0.017623
0.0161839
0.0054969
0.0160912
0.018497
0.0064038
0.0161111
0.0071815
0.0169436
0.0158382
0.007918
0.0174814
0.0153812
0.0076922
0.0142386
0.0171815
0.0280615
0.0178466
0.0159243
0.0080412
0.0122456
0.0049159
0.0145954
0.0160797
0.0146253
0.0235768
0.0177135
0.0111527
0.0177166
0.0167869
0.0093343
0.0197274
0.015774
0.0107295
0.0196069
0.0176864
0.0126309
0.0189851
0.0165381
0.0158483
0.0159008
0.0132597
0.0071469
0.0145012
0.0159889
0.0070182
0.0139509
0.0129427
0.0183642
0.0158538
0.0101604
0.0201442
0.0063919
0.0070535
0.017974
0.0174903
0.0176557
0.0161304
0.0173618
0.0182846
0.0186901
0.0048157
0.0068134
0.0133824
0.0087968
0.0153654
0.016229
0.0073017
0.0158685
0.0162933
0.0106101
0.0252148
0.0162349
0.0082808
0.0132515
0.015517
0.017577
0.0171948
0.0076695
0.0175647
0.0167
0.0165101
0.0183854
0.0156109
0.0120692
0.0203921
0.0175188
0.0162884
0.0216988
0.0171827
0.0070422
0.0139156
0.0171984
0.0081353
0.0139996
0.0045659
0.012178
0.0160836
0.0156208
0.0236003
0.0170077
0.0158038
0.0089224
0.0141277
0.0058748
0.0164683
0.0050834
0.0152942
0.0166651
0.0170595
0.011435
0.0138687
0.0062684
0.011164
0.0152564
0.0103242
