0.162003;
0.154863;
0.154627;
0.155721;
0.154843;
0.152076;
0.153888;
0.15712;
0.154227;
0.1541;
0.155648;
0.157493;
0.156691;
0.156973;
0.155283;
0.153562;
0.15564;
0.155029;
0.15573;
0.154998;
0.154493;
0.155053;
0.155084;
0.155974;
0.154155;
0.154164;
0.156003;
0.154263;
0.155377;
0.156173;
0.154851;
0.155459;
0.153739;
0.154947;
0.155289;
0.157779;
0.153704;
0.154852;
0.154749;
0.153265;
0.155132;
0.154738;
0.154006;
0.15474;
0.155174;
0.154772;
0.155924;
0.154094;
0.154572;
0.15414;
0.155675;
0.154509;
0.155476;
0.153569;
0.152776;
0.15694;
0.153966;
0.156082;
0.155113;
0.154808;
0.153762;
0.157687;
0.154716;
0.15555;
0.15452;
0.154694;
0.152574;
0.155542;
0.153384;
0.151927;
0.157003;
0.155238;
0.154165;
0.156552;
0.153544;
0.15381;
0.156004;
0.154635;
0.154583;
0.15517;
0.153466;
0.154117;
0.153583;
0.154375;
0.155356;
0.156723;
0.153942;
0.154031;
0.171873;
0.153805;
0.15495;
0.153858;
0.155924;
0.15398;
0.154145;
0.156512;
0.152651;
0.152195;
0.15728;
0.151468;
0.155012;
0.152964;
0.164796;
0.153875;
0.157917;
0.157909;
0.159901;
0.158287;
0.151441;
0.153063;
0.152701;
0.156477;
0.158019;
0.153555;
0.156784;
0.159412;
0.154758;
0.154918;
0.157258;
0.153597;
0.152911;
0.153857;
0.152908;
0.152179;
0.157596;
0.156916;
0.152807;
0.15404;
0.157837;
0.154873;
0.152912;
0.156886;
0.15489;
0.154854;
0.154975;
0.157791;
0.15267;
0.154766;
0.157085;
0.154161;
0.153428;
0.158257;
0.156572;
0.153867;
0.157066;
0.154241;
0.152613;
0.158141;
0.156386;
0.156807;
0.154571;
0.153641;
0.157876;
0.157569;
0.154075;
0.157008;
0.15319;
0.156593;
0.151991;
0.15691;
0.154144;
0.156763;
0.159447;
0.158056;
0.154698;
0.155704;
0.152759;
0.165979;
0.154332;
0.152792;
0.154259;
0.156187;
0.153562;
0.155769;
0.156778;
0.153601;
0.157683;
0.156617;
0.151429;
0.157343;
0.154495;
0.152906;
0.158663;
0.15567;
0.154689;
0.157145;
0.154222;
0.154625;
0.155094;
0.155574;
0.153581;
0.157771;
0.153663;
0.154842;
0.15378;
0.155613;
0.158561;
0.156199;
0.157395;
0.154752;
0.157906;
0.153481;
0.154259;
0.157436;
0.152558;
0.155722;
0.158589;
0.15379;
0.154777;
0.151915;
0.156608;
0.157793;
0.158447;
0.166948;
0.155879;
0.157665;
0.156543;
0.154769;
0.157998;
0.152226;
0.157964;
0.157898;
0.152609;
0.157506;
0.15608;
0.15454;
0.156387;
0.152935;
0.155906;
0.157381;
0.15276;
0.153845;
0.152029;
0.154333;
0.153602;
0.152833;
0.157952;
0.155733;
0.153642;
0.157827;
0.15214;
0.155229;
0.155785;
0.155803;
0.154974;
0.158567;
0.155984;
0.154445;
0.154586;
0.153796;
0.156608;
0.156018;
0.153234;
0.156323;
0.156433;
0.154752;
0.154746;
0.156778;
0.153587;
0.1537;
0.155383;
0.154153;
0.156684;
0.15627;
0.156253;
0.153441;
0.154677;
0.15295;
0.153837;
0.153961;
0.155227;
0.154319;
0.153531;
0.151689;
0.154734;
0.160006;
0.155181;
0.153845;
0.156989;
0.156103;
0.155795;
0.154841;
0.155701;
0.15274;
0.157793;
0.154597;
0.157908;
0.155542;
0.15497;
0.153803;
0.157479;
0.152791;
0.153802;
0.156779;
0.154471;
0.155488;
0.15596;
0.153983;
0.156441;
0.158706;
0.167065;
0.154849;
0.155332;
0.153798;
0.154221;
0.15697;
0.151712;
0.156883;
0.156751;
0.153684;
0.155729;
0.15384;
0.153094;
0.155164;
0.155662;
0.153834;
0.153782;
0.156495;
0.159231;
0.151334;
0.155779;
0.155478;
0.159139;
0.154444;
0.155992;
0.15297;
0.155954;
0.152956;
0.156779;
0.155825;
0.152628;
0.158245;
0.155072;
0.154056;
0.15559;
0.152728;
0.156146;
0.155593;
0.155592;
0.154679;
0.152457;
0.157807;
0.152594;
0.154743;
0.15382;
0.154309;
0.158223;
0.155654;
0.156738;
0.154723;
0.155866;
0.155306;
0.154135;
0.152328;
0.154421;
0.156038;
0.155566;
0.155887;
0.153753;
0.153923;
0.153622;
0.157867;
0.153571;
0.154363;
0.15933;
0.156468;
0.155723;
0.158733;
0.156769;
0.153762;
0.155641;
0.152896;
0.151648;
0.156763;
0.152728;
0.156853;
0.154373;
0.155929;
0.157799;
0.15605;
0.155496;
0.152874;
0.156205;
0.155834;
0.154049;
0.156669;
0.15272;
0.155389;
0.156518;
0.154694;
0.153756;
0.155451;
0.155002;
0.155752;
0.157734;
0.15301;
0.15554;
0.154674;
0.15451;
0.156979;
0.154843;
0.151641;
0.15367;
0.154749;
0.157756;
0.157921;
0.153593;
0.150732;
0.156844;
0.152625;
0.157032;
0.156795;
0.156361;
0.155692;
0.157325;
0.159757;
0.155325;
0.154653;
0.153762;
0.156651;
0.154819;
0.15771;
0.156674;
0.154774;
0.153754;
0.154706;
0.15488;
0.157896;
0.154494;
0.153791;
0.158319;
0.155135;
0.152756;
0.15775;
0.153352;
0.152423;
0.152235;
0.152186;
0.152586;
0.152847;
0.153563;
0.15466;
0.157765;
0.157841;
0.157663;
0.155911;
0.15358;
0.155739;
0.153729;
0.155598;
0.152744;
0.155818;
0.157098;
0.15476;
0.157306;
0.155731;
0.159413;
0.15206;
0.154735;
0.156778;
0.153683;
0.166972;
0.165558;
0.153568;
0.155736;
0.153718;
0.167915;
0.154627;
0.15562;
0.15483;
0.15675;
0.159679;
0.153605;
0.155198;
0.15741;
0.155681;
0.155658;
0.156974;
0.155619;
0.154761;
0.154735;
0.156382;
0.155977;
0.157873;
0.157753;
0.165738;
0.157721;
0.152603;
0.157601;
0.154791;
0.154375;
0.153154;
0.157911;
0.157711;
0.151984;
0.153413;
0.152837;
0.152753;
0.153625;
0.154655;
0.155962;
0.15675;
0.154597;
0.154998;
0.17187;
0.156476;
0.154732;
0.153789;
0.156694;
0.156716;
0.155767;
0.153833;
0.151757;
0.167056;
0.152837;
0.15739;
0.156682;
0.157828;
0.170598;
0.153812;
0.155866;
0.156249;
0.170316;
0.155397;
0.157021;
0.154623;
0.156924;
0.155329;
0.155272;
0.156308;
0.15599;
0.15742;
0.155831;
0.154736;
0.157858;
0.152698;
0.15631;
0.167957;
0.154163;
0.155724;
0.153494;
0.152837;
0.15297;
0.154698;
0.153655;
0.156686;
0.152876;
0.154843;
0.157474;
0.156836;
0.15399;
0.152696;
0.151685;
0.154337;
0.151827;
0.155911;
0.155853;
0.156643;
0.153914;
0.152559;
0.158556;
0.155132;
0.152723;
0.158928;
0.157676;
0.154408;
0.157076;
0.153703;
0.154834;
0.156573;
0.152767;
0.153898;
0.155567;
0.154417;
0.156184;
0.158618;
0.154895;
0.156663;
0.155648;
0.156836;
0.156765;
0.156685;
0.152818;
0.155583;
0.156127;
0.154518;
0.155657;
0.153451;
0.153981;
0.153887;
0.154569;
0.156769;
0.153829;
0.156764;
0.152612;
0.153914;
0.155521;
0.155053;
0.157522;
0.151758;
0.154357;
0.155545;
0.153105;
0.153663;
0.155691;
0.1519;
0.154616;
0.154943;
0.157695;
0.15444;
0.154196;
0.152808;
0.157282;
0.155987;
0.155066;
0.152399;
0.155846;
0.156651;
0.153834;
0.153592;
0.155847;
0.155011;
0.157547;
0.154829;
0.154764;
0.158611;
0.157936;
0.155748;
0.157572;
0.155746;
0.166845;
0.157633;
0.157901;
0.155696;
0.15456;
0.153657;
0.157751;
0.158931;
0.153581;
0.153763;
0.1571;
0.156443;
0.152722;
0.152711;
0.155103;
0.155451;
0.155697;
0.15379;
0.15487;
0.157746;
0.155652;
0.156447;
0.156527;
0.154397;
0.155608;
0.152752;
0.154556;
0.155075;
0.156623;
0.153985;
0.156935;
0.15958;
0.154586;
0.15768;
0.152919;
0.152587;
0.153691;
0.1541;
0.151159;
0.154168;
0.155609;
0.154775;
0.154954;
0.153514;
0.152803;
0.156364;
0.157278;
0.155526;
0.152788;
0.152872;
0.15671;
0.153715;
0.153692;
0.155554;
0.157281;
0.156413;
0.156349;
0.156342;
0.169575;
0.155751;
0.157694;
0.152779;
0.156735;
0.155907;
0.155524;
0.152738;
0.157841;
0.154813;
0.155758;
0.15742;
0.157162;
0.154703;
0.155818;
0.154165;
0.15522;
0.154594;
0.156854;
0.155729;
0.153839;
0.154812;
0.155808;
0.152751;
0.154307;
0.152838;
0.158424;
0.164798;
0.152156;
0.154766;
0.157254;
0.157068;
0.152933;
0.155091;
0.155358;
0.157414;
0.152847;
0.154034;
0.159777;
0.154569;
0.153551;
0.155026;
0.154761;
0.154638;
0.153736;
0.153778;
0.157065;
0.158636;
0.156579;
0.156844;
0.157754;
0.154719;
0.152739;
0.153719;
0.155859;
0.157739;
0.154686;
0.154658;
0.156323;
0.156276;
0.152883;
0.155563;
0.158784;
0.153783;
0.152816;
0.158656;
0.167794;
0.156048;
0.15647;
0.155015;
0.152453;
0.157891;
0.154542;
0.154768;
0.15273;
0.151843;
0.153131;
0.15341;
0.157496;
0.151931;
0.152888;
0.155716;
0.154896;
0.154612;
0.15644;
0.154991;
0.158;
0.155457;
0.154884;
0.155778;
0.156746;
0.154591;
0.154796;
0.151482;
0.153991;
0.155636;
0.154783;
0.155271;
0.155437;
0.154719;
0.152764;
0.153864;
0.156265;
0.153939;
0.156737;
0.154837;
0.157684;
0.154568;
0.152346;
0.15337;
0.152786;
0.152445;
0.157724;
0.154947;
0.15687;
0.155763;
0.155739;
0.154717;
0.1559;
0.154227;
0.155071;
0.157629;
0.156642;
0.15634;
0.153324;
0.157811;
0.153588;
0.158862;
0.152722;
0.15475;
0.155891;
0.15653;
0.15478;
0.153754;
0.153589;
0.152904;
0.160154;
0.153345;
0.153055;
0.153233;
0.154899;
0.1537;
0.15802;
0.153665;
0.154759;
0.156522;
0.154114;
0.155468;
0.157793;
0.157318;
0.156701;
0.154155;
0.156769;
0.155143;
0.156448;
0.156787;
0.152489;
0.15476;
0.151811;
0.153815;
0.156364;
0.155007;
0.160174;
0.154503;
0.155646;
0.152897;
0.156894;
0.153386;
0.153325;
0.153569;
0.157397;
0.156692;
0.155283;
0.155852;
0.156099;
0.153654;
0.155819;
0.153414;
0.157179;
0.155681;
0.155705;
0.156394;
0.154157;
0.154772;
0.156556;
0.156074;
0.152719;
0.15928;
0.154318;
0.1544;
0.154034;
0.155615;
0.155855;
0.160115;
0.155408;
0.15669;
0.15881;
0.156723;
0.157789;
0.152732;
0.154759;
0.15714;
0.154327;
0.155747;
0.154147;
0.153364;
0.15365;
0.155679;
0.159501;
0.152263;
0.156693;
0.154664;
0.154942;
0.155675;
0.152841;
0.156417;
0.157321;
0.154405;
0.152598;
0.159003;
0.153594;
0.157845;
0.154649;
0.153466;
0.154166;
0.156823;
0.155621;
0.152825;
0.156798;
0.15645;
0.155779;
0.157246;
0.158307;
0.154786;
0.159695;
0.157994;
