0.295597, 1;
0.0630096, 1;
0.0610674, 1;
0.0629556, 1;
0.0623072, 1;
0.0599881, 1;
0.0613673, 1;
0.0611678, 1;
0.0619329, 1;
0.0608445, 1;
0.0611812, 1;
0.0610953, 1;
0.0637045, 1;
0.0608531, 1;
0.0611422, 1;
0.0611361, 1;
0.0601843, 1;
0.0617434, 1;
0.0646567, 1;
0.0608252, 1;
0.0603761, 1;
0.0611049, 1;
0.0622043, 1;
0.0619005, 1;
0.0606607, 1;
0.0611572, 1;
0.0612502, 1;
0.0628026, 1;
0.0598754, 1;
0.0631485, 1;
0.0632775, 1;
0.0608719, 1;
0.0615764, 1;
0.0624702, 1;
0.06121, 1;
0.0614889, 1;
0.061053, 1;
0.0619233, 1;
0.0625593, 1;
0.0615918, 1;
0.0616844, 1;
0.0612426, 1;
0.0624565, 1;
0.0610965, 1;
0.0609977, 1;
0.0627111, 1;
0.0613254, 1;
0.0614872, 1;
0.0619454, 1;
0.0622823, 1;
0.0612047, 1;
0.062881, 1;
0.0621066, 1;
0.062519, 1;
0.0623787, 1;
0.0618021, 1;
0.0627251, 1;
0.061477, 1;
0.0617369, 1;
0.0622394, 1;
0.0634916, 1;
0.0610991, 1;
0.0619511, 1;
0.0612931, 1;
0.0621434, 1;
0.0614769, 1;
0.0615681, 1;
0.0615038, 1;
0.0615914, 1;
0.0605147, 1;
0.0611071, 1;
0.0629687, 1;
0.0617912, 1;
0.0615971, 1;
0.0639177, 1;
0.0615953, 1;
0.0612109, 1;
0.0609688, 1;
0.0616916, 1;
0.0617343, 1;
0.0616301, 1;
0.0626094, 1;
0.06146, 1;
0.0604753, 1;
0.061871, 1;
0.0752226, 1;
0.0606227, 1;
0.0620256, 1;
0.0619325, 1;
0.0610075, 1;
0.0607593, 1;
0.0604504, 1;
0.059404, 1;
0.0599231, 1;
0.0601649, 1;
0.0607557, 1;
0.0619493, 1;
0.061918, 1;
0.0619569, 1;
0.0600448, 1;
0.0619044, 1;
0.0680997, 1;
0.0593613, 1;
0.0604134, 1;
0.0619829, 1;
0.0619236, 1;
0.0640019, 1;
0.0618608, 1;
0.0640924, 1;
0.0638819, 1;
0.0619922, 1;
0.0630194, 1;
0.0594021, 1;
0.0639343, 1;
0.0625531, 1;
0.0625052, 1;
0.0636068, 1;
0.0673669, 1;
0.0637216, 1;
0.0558553, 1;
0.0606047, 1;
0.0645203, 1;
0.0603574, 1;
0.0608125, 1;
0.0617704, 1;
0.0633703, 1;
0.0606363, 1;
0.0609754, 1;
0.0643052, 1;
0.0606954, 1;
0.0613947, 1;
0.0604512, 1;
0.0621557, 1;
0.344481, 2;
0.0800308, 2;
0.0722905, 2;
0.0761876, 2;
0.0879355, 2;
0.0634612, 2;
0.0617629, 2;
0.0617633, 2;
0.0618946, 2;
0.0609161, 2;
0.059972, 2;
0.0609223, 2;
0.0609348, 2;
0.0630036, 2;
0.0631675, 2;
0.0622704, 2;
0.0764465, 2;
0.0627898, 2;
0.0918799, 2;
0.0665272, 2;
0.0899687, 2;
0.0621155, 2;
0.0775373, 2;
0.061942, 2;
0.0609687, 2;
0.0610495, 2;
0.0786711, 2;
0.0627734, 2;
0.0609209, 2;
0.0642959, 2;
0.0590471, 2;
0.0608471, 2;
0.0631201, 2;
0.0616859, 2;
0.06356, 2;
0.0618526, 2;
0.0609091, 2;
0.0606244, 2;
0.062169, 2;
0.0608961, 2;
0.0629922, 2;
0.0640085, 2;
0.0615197, 2;
0.0627436, 2;
0.0599888, 2;
0.0645242, 2;
0.0602525, 2;
0.0621145, 2;
0.0642734, 2;
0.0611692, 2;
0.061944, 2;
0.0628363, 2;
0.0618418, 2;
0.0629286, 2;
0.0618615, 2;
0.0628718, 2;
0.0624867, 2;
0.060424, 2;
0.0609509, 2;
0.0630543, 2;
0.0612848, 2;
0.0599585, 2;
0.0609549, 2;
0.0636362, 2;
0.0640277, 2;
0.0619806, 2;
0.0637638, 2;
0.063453, 2;
0.0623022, 2;
0.0607617, 2;
0.0619277, 2;
0.0614818, 2;
0.0601439, 2;
0.0609461, 2;
0.0618791, 2;
0.0631847, 2;
0.0630317, 2;
0.0602323, 2;
0.0626485, 2;
0.0632206, 2;
0.0629536, 3;
0.0600941, 3;
0.061148, 3;
0.0609827, 3;
0.0768203, 3;
0.061827, 3;
0.0631466, 3;
0.0618123, 3;
0.060915, 3;
0.0613678, 3;
0.078562, 3;
0.0608224, 3;
0.0926528, 3;
0.0638923, 3;
0.076299, 3;
0.0608861, 3;
0.0612682, 3;
0.0624486, 3;
0.0762424, 3;
0.0619177, 3;
0.0766558, 3;
0.0610495, 3;
0.0610236, 3;
0.0618089, 3;
0.0780462, 3;
0.0615999, 3;
0.0781403, 3;
0.0625781, 3;
0.0627349, 3;
0.0617966, 3;
0.0779967, 3;
0.0632508, 3;
0.0765779, 3;
0.0619861, 3;
0.0609696, 3;
0.0624979, 3;
0.0773373, 3;
0.0610984, 3;
0.0612016, 3;
0.0609041, 3;
0.0787419, 3;
0.0629549, 3;
0.0784724, 3;
0.0610951, 3;
0.0790509, 3;
0.0627156, 3;
0.0919201, 3;
0.0607006, 3;
0.0796184, 3;
0.0597515, 3;
0.0615312, 3;
0.0612883, 3;
0.0628989, 3;
0.0610238, 3;
0.0778207, 3;
0.0628252, 3;
0.0617705, 3;
0.0628562, 3;
0.0928624, 3;
0.0619966, 3;
0.0774873, 3;
0.0619769, 3;
0.0617645, 3;
0.0619651, 3;
0.0609422, 3;
0.061173, 3;
0.0779368, 3;
0.0628744, 3;
0.0633469, 3;
0.0619069, 3;
0.0758026, 3;
0.0610359, 3;
0.0769668, 3;
0.0620953, 3;
0.0930826, 3;
0.0618211, 3;
0.0798734, 3;
0.061014, 3;
0.0788134, 3;
0.0632878, 3;
0.0613432, 3;
0.0616221, 3;
0.0625084, 3;
0.0628862, 3;
0.0600307, 3;
0.0629241, 4;
0.0621414, 4;
0.0618231, 4;
0.0759131, 4;
0.0619426, 4;
0.0615596, 4;
0.0623177, 4;
0.078269, 4;
0.0626446, 4;
0.0614556, 4;
0.0620375, 4;
0.092297, 4;
0.0639533, 4;
0.0768729, 4;
0.0634143, 2;
0.0611741, 2;
0.0616958, 2;
0.0770186, 2;
0.0628357, 2;
0.0763815, 2;
0.0616771, 2;
0.0631422, 2;
0.0620406, 2;
0.126672, 2;
0.0599752, 2;
0.0631313, 2;
0.0756229, 3;
0.0617902, 3;
0.0770016, 3;
0.0623456, 3;
0.0769037, 3;
0.0620242, 3;
0.0761609, 3;
0.0600764, 3;
0.0630704, 3;
0.0614418, 3;
0.0787388, 3;
0.0619021, 3;
0.0777841, 3;
0.0625839, 3;
0.0611127, 3;
0.0619886, 3;
0.0775784, 3;
0.0624156, 3;
0.062112, 3;
0.0636172, 3;
0.0764114, 3;
0.0619727, 3;
0.0774558, 3;
0.06117, 3;
0.0617739, 3;
0.0610171, 3;
0.0626034, 3;
0.0621426, 3;
0.0753229, 3;
0.0612625, 3;
0.0608735, 3;
0.0609107, 3;
0.0751563, 3;
0.0615113, 3;
0.0618434, 3;
0.0614275, 3;
0.0608566, 3;
0.0613171, 3;
0.0768336, 3;
0.0606863, 3;
0.0620624, 3;
0.0619572, 3;
0.0761699, 3;
0.0604702, 3;
0.0778596, 3;
0.0622383, 3;
0.0621631, 3;
0.0604801, 3;
0.0786824, 3;
0.0609482, 3;
0.0616038, 3;
0.0624024, 3;
0.0922941, 3;
0.061043, 3;
0.0762489, 3;
0.0622346, 3;
0.0760149, 3;
0.0617223, 3;
0.0771991, 3;
0.0615259, 3;
0.0772078, 3;
0.0624243, 3;
0.0629059, 3;
0.0630314, 3;
0.0774635, 3;
0.0622585, 3;
0.0630737, 3;
0.0610098, 3;
0.077723, 3;
0.0630849, 3;
0.063136, 3;
0.0599488, 3;
0.0787188, 3;
0.0629566, 3;
0.0619607, 3;
0.0615866, 3;
0.0618544, 3;
0.0620413, 3;
0.0766385, 3;
0.0615778, 3;
0.0622957, 3;
0.0620159, 3;
0.0610659, 3;
0.0610461, 3;
0.061853, 3;
0.0617201, 3;
0.0769973, 3;
0.0620818, 3;
0.0630086, 3;
0.060748, 3;
0.061174, 3;
0.0609035, 3;
0.0766949, 3;
0.0614427, 3;
0.0782606, 3;
0.0625619, 3;
0.0798933, 3;
0.0619455, 3;
0.0622013, 3;
0.0625323, 3;
0.0763533, 3;
0.0622769, 3;
0.0768077, 3;
0.0616268, 3;
0.0771139, 3;
0.0634466, 3;
0.0604295, 3;
0.0618097, 3;
0.0765744, 3;
0.0619833, 3;
0.0786523, 3;
0.0625196, 3;
0.0797943, 3;
0.0618959, 3;
0.076832, 3;
0.0609817, 3;
0.0613645, 3;
0.0608715, 3;
0.0767165, 3;
0.0620725, 3;
0.0620525, 3;
0.0610303, 3;
0.0778617, 3;
0.0629176, 3;
0.0777454, 3;
0.0634035, 3;
0.0622296, 3;
0.0618226, 3;
0.0780984, 3;
0.0637805, 3;
0.0778509, 4;
0.0612613, 4;
0.0628496, 4;
0.0629696, 4;
0.076478, 4;
0.0629654, 4;
0.0753383, 4;
0.061963, 4;
0.0609383, 4;
0.0614745, 4;
0.0782778, 4;
0.0614056, 4;
0.0621701, 2;
0.0618157, 2;
0.0781205, 2;
0.0609138, 2;
0.0609146, 2;
0.0634006, 2;
0.0779342, 2;
0.0620411, 2;
0.0773045, 2;
0.0621831, 2;
0.061629, 2;
0.0629736, 2;
0.0799738, 2;
0.0635806, 2;
0.0782691, 2;
0.0629208, 2;
0.0616139, 2;
0.0616209, 2;
0.0780895, 2;
0.0616055, 2;
0.077289, 2;
0.0661059, 2;
0.0726251, 2;
0.061329, 2;
0.0784221, 2;
0.0625545, 2;
0.0759681, 2;
0.0609841, 2;
0.076691, 2;
0.060884, 2;
0.0768349, 2;
0.0611481, 2;
0.0630428, 2;
0.0615242, 2;
0.0779578, 2;
0.0595354, 2;
0.062838, 2;
0.0663331, 2;
0.0721332, 2;
0.0610787, 2;
0.0775904, 2;
0.060006, 2;
0.0614979, 2;
0.0630702, 2;
0.0759674, 2;
0.0620236, 2;
0.0793879, 2;
0.0626073, 2;
0.0629615, 2;
0.0599504, 2;
0.0795419, 3;
0.0611515, 3;
0.0773531, 3;
0.0607777, 3;
0.0796841, 3;
0.0611733, 3;
0.0765846, 3;
0.0625422, 3;
0.0763067, 3;
0.0635739, 3;
0.0770008, 3;
0.0629675, 3;
0.0780991, 3;
0.062913, 3;
0.0778248, 3;
0.0610465, 3;
0.0772398, 3;
0.0627248, 3;
0.0779478, 3;
0.0612637, 3;
0.0782659, 3;
0.0614472, 3;
0.0621592, 3;
0.0619412, 3;
0.0767002, 3;
0.061699, 3;
0.0623051, 3;
0.0622445, 3;
0.0784471, 3;
0.0609666, 3;
0.0606736, 3;
0.0611519, 3;
0.0774876, 3;
0.0617229, 3;
0.0639533, 3;
0.0634597, 3;
0.0614904, 3;
0.0636657, 3;
0.0639507, 3;
0.0623181, 3;
0.076073, 3;
0.0624031, 3;
0.0779794, 3;
0.0618064, 3;
0.063175, 3;
0.0632225, 3;
0.0619807, 3;
0.0609758, 3;
0.0618924, 3;
0.0640702, 3;
0.0614928, 3;
0.0613955, 3;
0.0619973, 3;
0.0609606, 3;
0.0761295, 3;
0.061578, 3;
0.0767689, 3;
0.0619206, 3;
0.0755695, 3;
0.0618027, 3;
0.0760679, 3;
0.0619402, 3;
0.0757633, 3;
0.0623062, 3;
0.0784578, 3;
0.061908, 3;
0.109859, 4;
0.0782021, 4;
0.0607473, 4;
0.0909072, 4;
0.0625073, 4;
0.0776052, 4;
0.0623329, 4;
0.0631849, 4;
0.0622028, 4;
0.0793086, 4;
0.0624222, 4;
0.0924166, 4;
0.059833, 4;
0.0616101, 4;
0.0618216, 4;
0.0753048, 2;
0.0626373, 2;
0.0783685, 2;
0.0619879, 2;
0.0618508, 2;
0.0606232, 2;
0.0770751, 2;
0.0616748, 2;
0.0780734, 2;
0.0633767, 2;
0.0759741, 2;
0.060366, 2;
0.0774545, 2;
0.0623593, 2;
0.0618274, 2;
0.0632501, 2;
0.0766677, 2;
0.0620507, 2;
0.078346, 2;
0.0640181, 2;
0.0769531, 2;
0.0624304, 2;
0.0616765, 2;
0.0630017, 2;
0.0814498, 2;
0.057604, 2;
0.0633365, 2;
0.0620541, 2;
0.0609121, 2;
0.062828, 2;
0.0620551, 2;
0.0621728, 2;
0.0774664, 2;
0.0615274, 2;
0.06307, 2;
0.0612835, 2;
0.0615239, 2;
0.0610828, 2;
0.0619106, 2;
0.061568, 2;
0.0781551, 2;
0.0604142, 2;
0.0775288, 2;
0.0619412, 2;
0.0785684, 2;
0.0622963, 2;
0.0611019, 2;
0.0627394, 2;
0.0776076, 2;
0.0621111, 2;
0.0786868, 2;
0.0632966, 2;
0.0611727, 2;
0.0616778, 2;
0.0766956, 2;
0.0603501, 2;
0.0612411, 2;
0.0637178, 2;
0.0782295, 2;
0.0604002, 2;
0.0907894, 2;
0.061054, 2;
0.0750825, 2;
0.0606003, 2;
0.0779129, 2;
0.0640155, 2;
0.0920464, 2;
0.0624651, 2;
0.0775131, 2;
0.0619242, 2;
0.0767932, 2;
0.0633028, 2;
0.0758391, 2;
0.061658, 2;
0.0922494, 2;
0.0637344, 2;
0.0608815, 2;
0.0626873, 2;
0.0782715, 2;
0.0635685, 2;
0.0772131, 2;
0.0624502, 2;
0.0614898, 2;
0.0607746, 2;
0.0777535, 2;
0.0631093, 2;
0.0623346, 2;
0.0600469, 2;
0.0624042, 2;
0.0624094, 2;
0.0755605, 2;
0.06404, 2;
0.0920587, 2;
0.0626463, 2;
0.0914312, 2;
0.0631514, 2;
0.0917041, 2;
0.0628217, 2;
0.0937926, 2;
0.0607721, 2;
0.0778155, 2;
0.061295, 2;
0.0634508, 2;
0.0626155, 2;
0.0792884, 2;
0.0632351, 2;
0.0750451, 2;
0.0627804, 2;
0.0630727, 2;
0.0628536, 2;
0.0786513, 2;
0.0600988, 2;
0.0619419, 2;
0.0601136, 2;
0.0929342, 2;
0.0633538, 2;
0.0817858, 2;
0.0578282, 2;
0.0608404, 2;
0.0614707, 2;
0.077325, 2;
0.0624845, 2;
0.0791103, 2;
0.0605303, 2;
0.0780074, 2;
0.0630255, 2;
0.0934804, 2;
0.0609557, 2;
0.0777495, 2;
0.0607436, 2;
0.0597714, 2;
0.0621474, 2;
0.0768416, 2;
0.0612905, 2;
0.0770107, 2;
0.0617585, 2;
0.0622263, 2;
0.0618446, 2;
0.0790798, 2;
0.0614617, 2;
0.063393, 2;
0.0622987, 2;
0.0639352, 2;
0.0618432, 2;
0.0766085, 2;
0.0620079, 2;
0.0621617, 2;
0.0622827, 2;
0.0750725, 2;
0.0641563, 2;
0.0767716, 2;
0.0620384, 2;
0.0623314, 2;
0.0630949, 2;
0.0783042, 2;
0.0598676, 2;
0.0782433, 2;
0.0619621, 2;
0.0608766, 2;
0.0629795, 2;
0.0768728, 2;
0.0627018, 2;
0.0609044, 2;
0.0644822, 2;
0.076175, 2;
0.0634339, 2;
0.0783336, 2;
0.0618848, 2;
0.0758624, 2;
0.0638449, 2;
0.0760087, 2;
0.0630118, 2;
0.0910085, 2;
0.0622445, 2;
0.0786914, 2;
0.0598881, 2;
0.0759281, 2;
0.062648, 2;
0.0747071, 2;
0.0618241, 2;
0.0787314, 2;
0.0612404, 2;
0.061114, 2;
0.0623277, 2;
0.0947375, 2;
0.0619265, 2;
0.0774096, 2;
0.0623415, 2;
0.0624078, 2;
0.0607104, 2;
0.063968, 2;
0.0595878, 2;
0.0617568, 2;
0.0612808, 2;
0.063002, 2;
0.0593762, 2;
0.076717, 2;
0.0620785, 2;
0.0767867, 2;
0.0626395, 2;
0.0779064, 2;
0.0628734, 2;
0.0796796, 2;
0.0591619, 2;
0.0613142, 2;
0.0636154, 2;
0.0760574, 2;
0.062249, 2;
0.0743221, 2;
0.0622076, 2;
0.0772367, 2;
0.061739, 2;
0.0786219, 2;
0.0615532, 2;
0.0777108, 2;
0.0614017, 2;
0.0768456, 2;
0.0628333, 2;
0.0789701, 2;
0.0626835, 2;
0.0783609, 2;
0.0596261, 2;
0.0621084, 2;
0.0631931, 2;
0.0773227, 2;
0.0631279, 2;
0.0772963, 2;
0.0635736, 2;
0.0766424, 2;
0.0648313, 2;
0.0758634, 2;
0.0619, 2;
0.0764721, 2;
0.062458, 2;
0.0613061, 2;
0.0615517, 2;
0.0776157, 2;
0.0619473, 2;
0.0630805, 2;
0.0610254, 2;
0.0772277, 2;
0.0628596, 2;
0.0790624, 2;
0.0610952, 2;
0.0623179, 2;
0.0631236, 2;
0.0922724, 2;
0.0601648, 2;
0.0782403, 2;
0.0624207, 2;
0.063797, 2;
0.0609187, 2;
0.0774756, 2;
0.0622929, 2;
0.0777926, 2;
0.0596533, 2;
0.0623112, 2;
0.0620727, 2;
0.0907136, 2;
0.0619874, 2;
0.0770504, 2;
0.0602109, 2;
0.0617266, 2;
0.061861, 2;
0.0772889, 2;
0.0600821, 2;
0.0630658, 2;
0.0649201, 2;
0.0745069, 2;
0.0620427, 2;
0.0773226, 2;
0.0619182, 2;
0.0615043, 2;
0.061145, 2;
0.0770726, 2;
0.0623815, 2;
0.0776604, 2;
0.0627887, 2;
0.0618709, 2;
0.0623073, 2;
0.0929948, 2;
0.0621024, 2;
0.0758778, 2;
0.0619294, 2;
0.0638538, 2;
0.0595531, 2;
0.0777705, 2;
0.0628892, 2;
0.0784938, 2;
0.0617196, 2;
0.0785722, 2;
0.06195, 2;
0.0765815, 2;
0.0616014, 2;
0.0795071, 2;
0.0607169, 2;
0.0620376, 2;
0.0624302, 2;
0.0773469, 2;
0.0616085, 2;
0.0617099, 2;
0.0623677, 2;
0.0750584, 2;
0.0622782, 2;
0.0770833, 3;
0.0622462, 3;
0.0772197, 3;
0.0616629, 3;
0.0628828, 3;
0.0623604, 3;
0.0775374, 3;
0.0627986, 3;
0.0779277, 3;
0.0601709, 3;
0.0626958, 3;
0.0606834, 3;
0.0772708, 3;
0.0607824, 3;
0.0624602, 3;
0.0638978, 3;
0.0917954, 3;
0.061069, 3;
0.0777945, 3;
0.0611711, 3;
0.0624423, 3;
0.0619926, 3;
0.0767291, 3;
0.0617812, 3;
0.0749953, 3;
0.0639682, 3;
0.0776713, 3;
0.062133, 3;
0.0766032, 3;
0.0615494, 3;
0.0779228, 3;
0.0639174, 3;
0.0619448, 3;
0.0610179, 3;
0.0769042, 3;
0.0627031, 3;
0.0608455, 3;
0.0606791, 3;
0.0770235, 3;
0.062037, 3;
0.0908162, 3;
0.0608085, 3;
0.0768843, 3;
0.0607928, 3;
0.0788461, 3;
0.0619079, 3;
0.0764363, 3;
0.0621427, 3;
0.0619292, 3;
0.0619169, 3;
0.0767585, 3;
0.062892, 3;
0.075581, 3;
0.0615908, 3;
0.0611436, 3;
0.0617541, 3;
0.0777342, 3;
0.0603051, 3;
0.0786091, 3;
0.0621237, 3;
0.0758376, 3;
0.0617362, 3;
0.0769945, 3;
0.0628376, 3;
0.0608649, 3;
0.0632813, 3;
0.0950831, 3;
0.0592308, 3;
0.0610102, 3;
0.0621642, 3;
0.0620553, 3;
0.0609781, 3;
0.077939, 3;
0.0616733, 3;
0.0783063, 3;
0.0630869, 3;
0.0622672, 3;
0.0628091, 3;
0.0765841, 3;
0.0614243, 3;
0.0614426, 3;
0.0611381, 3;
0.0780257, 3;
0.0619034, 3;
0.0767444, 3;
0.0608922, 3;
0.0628497, 3;
0.0618734, 3;
0.0766505, 3;
0.0616425, 3;
0.077218, 3;
0.0627166, 3;
0.0621056, 3;
0.0618824, 3;
0.0771825, 3;
0.0608909, 3;
0.0767956, 3;
0.0621285, 3;
0.0622794, 3;
0.0607253, 3;
0.0789411, 3;
0.0636688, 4;
0.0614098, 4;
0.0612283, 4;
0.0631127, 4;
0.0619493, 4;
0.0756873, 4;
0.0630345, 4;
0.0773479, 4;
0.0617053, 4;
0.0901695, 2;
0.0634661, 2;
0.0763549, 2;
0.0615322, 2;
0.0633349, 2;
0.0604892, 2;
0.0608087, 2;
0.0614996, 2;
0.0764964, 2;
0.0612516, 2;
0.0615242, 2;
0.0627677, 2;
0.0779886, 2;
0.060498, 2;
0.0614106, 2;
0.0769595, 2;
0.0791478, 2;
0.0597902, 2;
0.0771147, 2;
0.0625481, 2;
0.0613662, 2;
0.0627203, 2;
0.0796436, 2;
0.0621762, 2;
0.0782064, 2;
0.0611049, 2;
0.0628813, 2;
0.0612322, 2;
0.0774747, 2;
0.0618391, 2;
0.0630842, 2;
0.0609889, 2;
0.0773092, 2;
0.0620827, 2;
0.076563, 2;
0.0638243, 2;
0.0979572, 2;
0.0583094, 2;
0.0772174, 2;
0.0617085, 2;
0.077079, 2;
0.061563, 2;
0.0784741, 2;
0.063168, 2;
0.0932842, 2;
0.0629648, 2;
0.0775922, 2;
0.0618303, 2;
0.076952, 2;
0.0655226, 2;
0.074242, 2;
0.0623044, 2;
0.0769527, 2;
0.0615061, 2;
0.0782983, 2;
0.0630388, 2;
0.0611431, 2;
0.0619476, 2;
0.0788613, 2;
0.0608075, 2;
0.064174, 2;
0.0629554, 2;
0.0767567, 2;
0.0619435, 2;
0.0759719, 2;
0.0634753, 2;
0.0616379, 2;
0.0618787, 2;
0.0758012, 2;
0.0609982, 2;
0.0764279, 3;
0.0621275, 3;
0.0611161, 3;
0.0617636, 3;
0.077224, 3;
0.0604825, 3;
0.0770183, 3;
0.0623152, 3;
0.0767362, 3;
0.0617008, 3;
0.0642152, 3;
0.0621077, 3;
0.061777, 3;
0.0606734, 3;
0.0608582, 3;
0.0610649, 3;
0.077968, 3;
0.0630618, 3;
0.0796397, 3;
0.0614889, 3;
0.0767099, 3;
0.0634151, 3;
0.0764894, 3;
0.062451, 3;
0.0782104, 3;
0.0623197, 3;
0.0775974, 3;
0.0641889, 3;
0.0778505, 3;
0.0613037, 3;
0.0781212, 3;
0.0620543, 3;
0.0777826, 3;
0.0619286, 3;
0.0778454, 3;
0.062819, 3;
0.0608664, 3;
0.061383, 3;
0.0769465, 3;
0.0612939, 3;
0.0778627, 3;
0.0622253, 3;
0.0615433, 3;
0.0616674, 3;
0.0778549, 3;
0.0635634, 3;
0.0767928, 3;
0.0620056, 3;
0.063158, 3;
0.0609401, 3;
0.0755668, 3;
0.0606296, 3;
0.062456, 3;
0.0628187, 3;
0.0772092, 3;
0.0615734, 3;
0.0772912, 3;
0.0612306, 3;
0.0778487, 3;
0.0620096, 3;
0.0700795, 3;
0.0538206, 3;
0.0623587, 3;
0.0619607, 3;
0.062938, 3;
0.0609697, 3;
0.0636203, 3;
0.0609202, 3;
0.0770483, 3;
0.0615976, 3;
0.0759885, 3;
0.0610658, 3;
0.0768254, 3;
0.063177, 3;
0.0638905, 3;
0.0608845, 3;
0.077912, 3;
0.0621756, 3;
0.0630567, 3;
0.0609378, 3;
0.0639698, 3;
0.0621276, 3;
0.076481, 3;
0.0627314, 3;
0.0641496, 3;
0.0615827, 3;
0.0778636, 3;
0.061966, 3;
0.0767849, 3;
0.0608899, 3;
0.0618692, 3;
0.0618785, 3;
0.0768083, 3;
0.061938, 3;
0.0778086, 3;
0.0638813, 3;
0.0608236, 3;
0.0616318, 3;
0.0776115, 3;
0.061317, 3;
0.0599554, 3;
0.0618789, 3;
0.0779502, 3;
0.0603998, 3;
0.0771493, 3;
0.0609083, 3;
0.0766951, 3;
0.0615393, 3;
0.0793102, 3;
0.0618237, 3;
0.0761246, 3;
0.0615707, 3;
0.0618773, 3;
0.0614682, 3;
0.0770512, 3;
0.0609301, 4;
0.0757469, 4;
0.0619782, 4;
0.0618395, 4;
0.0623508, 4;
0.0786531, 4;
0.0614808, 4;
0.0611996, 4;
0.0621756, 4;
0.0772632, 4;
0.0630236, 4;
0.0788673, 4;
0.0619207, 4;
0.0616429, 4;
0.0619433, 4;
0.0767354, 4;
0.0607805, 4;
0.077982, 4;
0.0616401, 4;
0.0763916, 4;
0.0641312, 4;
0.0770832, 4;
0.0618926, 4;
0.0774302, 4;
0.0609031, 4;
0.0631716, 4;
0.0616179, 4;
0.077186, 4;
0.0610452, 4;
0.0605611, 4;
0.0625896, 4;
0.0771745, 4;
0.0609871, 4;
0.0791096, 4;
0.0603158, 2;
0.0619698, 2;
0.0621526, 2;
0.075553, 2;
0.063587, 2;
0.0761759, 2;
0.0611989, 2;
0.0617269, 2;
0.0623099, 2;
0.0766335, 2;
0.0610791, 2;
0.0779667, 2;
0.0634193, 2;
0.0608157, 2;
0.0637749, 2;
0.092459, 2;
0.0616945, 2;
0.0637103, 2;
0.0611362, 2;
0.0598975, 2;
0.062049, 2;
0.0766731, 2;
0.0631032, 2;
0.0776445, 2;
0.0618114, 2;
0.0770642, 2;
0.0617869, 2;
0.0765897, 2;
0.0621274, 2;
0.0633653, 2;
0.0769086, 2;
0.0833256, 2;
0.071135, 2;
0.076133, 2;
0.0616263, 2;
0.0774404, 2;
0.0621802, 2;
0.060794, 2;
0.0620932, 2;
0.0757029, 2;
0.0622681, 2;
0.076787, 2;
0.0650643, 2;
0.0756736, 2;
0.0611971, 2;
0.0933749, 2;
0.061555, 2;
0.0777948, 2;
0.0633632, 2;
0.0628089, 2;
0.0619454, 2;
0.0762846, 2;
0.0625066, 2;
0.0766726, 2;
0.0655917, 2;
0.0729934, 2;
0.0622807, 2;
0.076161, 2;
0.0609606, 2;
0.0613054, 2;
0.0613329, 2;
0.0760881, 2;
0.0630296, 2;
0.0763043, 2;
0.061941, 2;
0.0603457, 2;
0.0624793, 2;
0.077743, 2;
0.0595367, 2;
0.0788172, 2;
0.0616927, 2;
0.061725, 2;
0.061662, 2;
0.0783495, 2;
0.0629408, 2;
0.0764281, 2;
0.0631612, 2;
0.0631185, 2;
0.0612778, 2;
0.0608725, 2;
0.0601676, 2;
0.0629232, 2;
0.0629197, 2;
0.0617515, 2;
0.0610601, 2;
0.077199, 2;
0.0618836, 2;
0.0625133, 2;
0.0624702, 2;
0.0917255, 2;
0.063214, 2;
0.0775315, 3;
0.0631363, 3;
0.0618929, 3;
0.0639365, 3;
0.0782756, 3;
0.0613628, 3;
0.0772885, 3;
0.0625216, 3;
0.0613558, 3;
0.061546, 3;
0.0778892, 3;
0.062086, 3;
0.0771165, 3;
0.061401, 3;
0.0767185, 3;
0.0622534, 3;
0.0760689, 3;
0.0621106, 3;
0.0787918, 3;
0.0608116, 3;
0.0619458, 3;
0.0620524, 3;
0.0780363, 3;
0.0617927, 3;
0.0775979, 3;
0.0634186, 3;
0.0608198, 3;
0.0633305, 3;
0.0779054, 3;
0.0612549, 3;
0.0623706, 3;
0.0600545, 3;
0.0796003, 3;
0.0610527, 3;
0.0776988, 3;
0.0620018, 3;
0.0626196, 3;
0.0614458, 3;
0.0782236, 3;
0.0632186, 3;
0.0748947, 3;
0.0628767, 3;
0.063038, 3;
0.0619436, 3;
0.0626391, 3;
0.0621872, 3;
0.0789129, 3;
0.0615075, 3;
0.0625936, 3;
0.061316, 3;
0.0764979, 3;
0.0611899, 3;
0.0609529, 3;
0.0609729, 3;
0.0614305, 3;
0.0627901, 3;
0.077075, 3;
0.0621476, 3;
0.0794608, 3;
0.0629491, 3;
0.062728, 3;
0.0610119, 3;
0.0768113, 3;
0.0618705, 3;
0.0766541, 3;
0.061405, 3;
0.0757657, 3;
0.0616646, 3;
0.0618446, 3;
0.0620287, 3;
0.0770953, 3;
0.0621782, 3;
0.0796323, 3;
0.0637606, 3;
0.0766193, 3;
0.0600334, 3;
0.0608856, 3;
0.0620793, 3;
0.0640329, 3;
0.061185, 3;
0.06245, 3;
0.0620905, 3;
0.0761073, 3;
0.0620913, 3;
0.0619937, 3;
0.0621615, 3;
0.0608097, 3;
0.0620295, 3;
0.0623053, 3;
0.0613896, 3;
0.061794, 3;
0.0623131, 3;
0.0918277, 3;
0.0610522, 3;
0.0629918, 3;
0.0621644, 3;
0.0606224, 3;
0.0614902, 3;
0.0612949, 3;
0.0634032, 3;
0.0634673, 3;
0.0614594, 3;
0.0610588, 3;
0.0622026, 3;
0.076957, 3;
0.0627387, 3;
0.0626477, 3;
0.0621987, 4;
0.0621126, 4;
0.0622014, 4;
0.0789232, 4;
0.061377, 4;
0.0770558, 4;
0.0619173, 4;
0.0760186, 4;
0.0621687, 4;
0.0629615, 4;
0.062126, 4;
0.0616384, 4;
0.061108, 4;
0.076149, 4;
0.0613629, 4;
0.0617277, 4;
0.0622453, 4;
0.0775693, 4;
0.0611465, 4;
0.0786084, 4;
0.0615368, 4;
0.0763398, 4;
0.0626288, 4;
0.0753723, 4;
0.0630433, 4;
0.0786163, 4;
0.0652195, 4;
0.0741117, 4;
0.0620778, 4;
0.0606281, 4;
0.0605278, 4;
0.0764936, 4;
0.0612992, 4;
0.0623895, 4;
0.0628542, 4;
0.0786712, 4;
0.0608708, 4;
0.0610927, 4;
0.0638348, 4;
0.0899508, 4;
0.0618793, 4;
0.0616055, 4;
0.0618419, 4;
0.0606569, 4;
0.0624642, 4;
0.077582, 4;
0.0607245, 4;
0.0776886, 4;
0.064029, 4;
0.0749169, 4;
0.062693, 4;
0.076519, 4;
0.062176, 4;
0.0771857, 4;
0.0616783, 4;
0.0758743, 4;
0.0614546, 4;
0.0932341, 4;
0.0624283, 4;
0.0612998, 4;
0.062125, 2;
0.0610747, 2;
0.0626786, 2;
0.0762238, 2;
0.0619075, 2;
0.0624203, 2;
0.0644146, 2;
0.0747746, 2;
0.0607864, 2;
0.0768665, 2;
0.0624036, 2;
0.0602051, 2;
0.063704, 2;
0.076043, 2;
0.0626207, 2;
0.0764513, 2;
0.0732263, 2;
0.0821918, 2;
0.0617174, 2;
0.0765632, 2;
0.0625902, 2;
0.0761783, 2;
0.0629868, 2;
0.0620094, 2;
0.0610438, 2;
0.0779622, 2;
0.0617666, 2;
0.0765238, 2;
0.062183, 2;
0.0776369, 2;
0.0627892, 2;
0.0778661, 2;
0.0609065, 2;
0.0619186, 2;
0.0619263, 2;
0.062762, 2;
0.0620005, 2;
0.0778733, 2;
0.0580394, 2;
0.0630612, 2;
0.0610126, 2;
0.0914752, 2;
0.0632011, 2;
0.0767739, 2;
0.0615272, 2;
0.0630275, 2;
0.0630215, 2;
0.0924257, 2;
0.0640889, 2;
0.0749149, 2;
0.0607665, 2;
0.0602751, 2;
0.0620522, 2;
0.0779263, 2;
0.0616987, 2;
0.0614745, 2;
0.0620697, 2;
0.0786974, 2;
0.0608496, 2;
0.077023, 2;
0.0609564, 2;
0.0782096, 2;
0.0627755, 2;
0.0622361, 2;
0.0608998, 2;
0.0775119, 2;
0.0610905, 2;
0.0626795, 2;
0.0619489, 2;
0.0758513, 2;
0.0627816, 2;
0.0780116, 2;
0.0609459, 2;
0.076931, 2;
0.0616081, 2;
0.0767377, 2;
0.0629381, 2;
0.0782871, 2;
0.0623402, 2;
0.0604572, 2;
0.0620907, 2;
0.0777988, 2;
0.062181, 2;
0.0789345, 2;
0.0608691, 2;
0.0626908, 2;
0.0601026, 2;
0.0772236, 2;
0.0623042, 2;
0.0777942, 2;
0.0618841, 2;
0.0766507, 2;
0.0624903, 2;
0.076364, 2;
0.0625273, 2;
0.0609597, 2;
0.0601864, 2;
0.0616796, 2;
0.062364, 2;
0.0763858, 2;
0.0611095, 2;
0.0617618, 2;
0.0620924, 2;
0.0762427, 2;
0.0624591, 2;
0.0770261, 2;
0.0622957, 2;
0.0612175, 2;
0.0637435, 2;
0.0753566, 2;
0.0605309, 2;
0.0776401, 2;
0.0613472, 2;
0.0758663, 2;
0.0619785, 2;
0.0774714, 2;
0.0608849, 2;
0.0776021, 2;
0.0611158, 2;
0.0619934, 2;
0.0604962, 2;
0.0778135, 2;
0.0614497, 2;
0.0793137, 2;
0.0612576, 2;
0.061717, 2;
0.0616882, 2;
0.0789925, 2;
0.0639465, 2;
0.0625984, 2;
0.0613141, 2;
0.0754109, 2;
0.0633905, 2;
0.0781455, 2;
0.0598003, 2;
0.0760539, 3;
0.0616341, 3;
0.0773384, 3;
0.0639183, 3;
0.0795642, 3;
0.0620738, 3;
0.061848, 3;
0.0614297, 3;
0.0922171, 3;
0.0609736, 3;
0.0783095, 3;
0.0611018, 3;
0.0760299, 3;
0.062079, 3;
0.0793297, 3;
0.0623065, 3;
0.0777868, 3;
0.0608137, 3;
0.0625414, 3;
0.0619238, 3;
0.0788459, 3;
0.0631712, 3;
0.0767291, 3;
0.0611122, 3;
0.0609692, 3;
0.0630114, 3;
0.077194, 3;
0.0608624, 3;
0.0791501, 3;
0.0621232, 3;
0.0625406, 3;
0.0622451, 3;
0.0772352, 3;
0.06103, 3;
0.0762332, 3;
0.0618308, 3;
0.0768451, 3;
0.0619218, 3;
0.0765926, 3;
0.0627431, 3;
0.0770696, 3;
0.0631245, 3;
0.0776158, 3;
0.0600212, 3;
0.0781687, 3;
0.0633568, 3;
0.0766462, 3;
0.0616957, 3;
0.0623922, 3;
0.0640775, 3;
0.0766776, 3;
0.0618426, 3;
0.0610627, 3;
0.0623156, 3;
0.0622501, 3;
0.0609528, 3;
0.0619169, 3;
0.061291, 3;
0.0621372, 3;
0.0626571, 3;
0.0624271, 3;
0.0609972, 3;
0.0757535, 3;
0.0623248, 3;
0.0624551, 3;
0.0618537, 3;
0.0778784, 3;
0.0608732, 3;
0.0768144, 3;
0.0626222, 3;
0.0771144, 3;
0.0618971, 3;
0.078741, 3;
0.0627707, 3;
0.077117, 3;
0.0621709, 3;
0.0632532, 3;
0.0631818, 3;
0.0761894, 3;
0.0614521, 3;
0.0617664, 3;
0.0631059, 3;
0.0760135, 3;
0.0628172, 3;
0.0760785, 3;
0.0615321, 3;
0.0628412, 3;
0.0622582, 3;
0.0784532, 3;
0.0618649, 3;
0.0619485, 3;
0.0619109, 3;
0.0758218, 3;
0.0615263, 3;
0.0780957, 3;
0.0614597, 3;
0.0750845, 3;
0.0624025, 3;
0.0799123, 3;
0.0578874, 3;
0.0797965, 3;
0.0616491, 3;
0.0609276, 3;
0.0642497, 3;
0.063826, 3;
0.0611862, 3;
0.0603393, 3;
0.0620016, 3;
0.0624026, 3;
0.0641224, 3;
0.0754895, 3;
0.0612998, 3;
0.0782499, 3;
0.0622688, 3;
0.0778041, 3;
0.0609959, 3;
0.0776492, 3;
0.0628977, 3;
0.0628862, 3;
0.0617477, 3;
0.0760318, 3;
0.0629317, 3;
0.0624964, 3;
0.0614158, 3;
0.0621245, 3;
0.0601761, 3;
0.0646164, 3;
0.0593099, 3;
0.0753494, 3;
0.0606983, 3;
0.0764653, 3;
0.0611474, 3;
0.0768996, 3;
0.0617367, 3;
0.0775929, 3;
0.0627139, 3;
0.0790542, 3;
0.0596926, 3;
0.0779333, 3;
0.0623074, 3;
0.076483, 3;
0.0610084, 3;
0.0776201, 3;
0.0618695, 3;
0.0775637, 3;
0.0631509, 3;
0.0630433, 3;
0.0634657, 3;
0.0765936, 3;
0.0624581, 3;
0.0779022, 3;
0.062474, 3;
0.0751345, 3;
0.0625769, 3;
0.0762824, 3;
0.0626665, 3;
0.0778576, 3;
0.0617926, 3;
0.0765366, 3;
0.0618728, 3;
0.0782758, 3;
0.0619584, 3;
0.0788301, 3;
0.0628981, 3;
0.0784413, 3;
0.0623011, 3;
0.0757214, 3;
0.0618438, 3;
0.0765986, 3;
0.0622545, 3;
0.0775938, 3;
0.0608594, 3;
0.0612037, 3;
0.0614099, 3;
0.077313, 3;
0.0619755, 3;
0.0613755, 3;
0.0615437, 3;
0.0776502, 3;
0.0616274, 3;
0.0792988, 3;
0.0630615, 3;
0.0839821, 3;
0.0675719, 3;
0.0768733, 3;
0.0609976, 3;
0.0793697, 3;
0.0622404, 3;
0.0605194, 3;
0.0610842, 3;
0.0782391, 3;
0.062333, 3;
0.0779779, 3;
0.0629079, 3;
0.0628632, 3;
0.0620992, 3;
0.0761527, 3;
0.0612446, 3;
0.0618261, 3;
0.0615692, 3;
0.0781488, 3;
0.0626456, 3;
0.0768074, 3;
0.0614401, 3;
0.0626961, 3;
0.0618782, 3;
0.0760299, 3;
0.0616988, 3;
0.0772721, 3;
0.0614112, 3;
0.0616533, 3;
0.0621764, 3;
0.076678, 3;
0.0599405, 3;
0.0620769, 3;
0.0608582, 3;
0.0776651, 3;
0.0609069, 3;
0.0767432, 3;
0.0611176, 3;
0.0609523, 3;
0.0608008, 3;
0.076985, 3;
0.0623026, 3;
0.0777528, 3;
0.0608307, 3;
0.0625023, 3;
0.0620271, 3;
0.0776943, 3;
0.0619504, 3;
0.0630263, 3;
0.0609249, 3;
0.0754672, 3;
0.0610928, 3;
0.076315, 3;
0.0607973, 3;
0.061391, 3;
0.0620189, 3;
0.0781692, 3;
0.062542, 3;
0.0778651, 3;
0.0612897, 3;
0.0768579, 3;
0.0769592, 4;
0.078006, 4;
0.0618817, 4;
0.078146, 4;
0.0621048, 4;
0.0617176, 4;
0.0614227, 4;
0.0774306, 4;
0.0611623, 2;
0.0614092, 2;
0.0625663, 2;
0.061931, 2;
0.0621366, 2;
0.0777961, 2;
0.0619734, 2;
0.0630912, 2;
0.0617386, 2;
0.0779465, 2;
0.0630526, 2;
0.089647, 2;
0.0646183, 2;
0.0629523, 2;
0.0632457, 2;
0.0746098, 2;
0.0630869, 2;
0.0754769, 2;
0.0602654, 2;
0.063636, 2;
0.0621366, 2;
0.0769289, 2;
0.0606637, 2;
0.0775289, 2;
0.0633995, 2;
0.0615467, 2;
0.0619488, 2;
0.0777187, 2;
0.0633735, 2;
0.0599363, 2;
0.0642513, 2;
0.0759633, 2;
0.0606101, 2;
0.0782673, 2;
0.0626873, 2;
0.0757379, 2;
0.0626048, 2;
0.0622638, 2;
0.0623119, 2;
0.0773261, 2;
0.0619827, 2;
0.0615957, 2;
0.0636426, 2;
0.0741493, 2;
0.063098, 2;
0.0761835, 2;
0.0605216, 2;
0.0629316, 3;
0.063214, 3;
0.0782269, 3;
0.062159, 3;
0.0766486, 3;
0.0626434, 3;
0.0605394, 3;
0.0619859, 3;
0.0619448, 3;
0.060993, 3;
0.0780136, 3;
0.061991, 3;
0.0773248, 3;
0.0614099, 3;
0.0790104, 3;
0.0626979, 3;
0.0626785, 3;
0.0637685, 3;
0.061635, 3;
0.0642815, 3;
0.0611926, 3;
0.0629994, 3;
0.0635983, 3;
0.0637025, 3;
0.0776353, 3;
0.0632354, 3;
0.0626724, 3;
0.0612601, 3;
0.0777584, 3;
0.0620423, 3;
0.0759547, 3;
0.0610293, 3;
0.0786573, 3;
0.0609292, 3;
0.0757944, 3;
0.0632688, 3;
0.0762205, 3;
0.0610239, 3;
0.0626229, 3;
0.06212, 3;
0.077348, 3;
0.0618203, 3;
0.0787003, 3;
0.0624381, 3;
0.0676818, 3;
0.0569812, 3;
0.062955, 3;
0.0610169, 3;
0.0789229, 3;
0.0617188, 3;
0.0628844, 3;
0.0617437, 3;
0.0760195, 3;
0.0616375, 3;
0.0787359, 3;
0.0607372, 3;
0.0794319, 3;
0.0627976, 3;
0.0757513, 3;
0.0630124, 3;
0.0788212, 3;
0.0623667, 3;
0.0763442, 3;
0.0619077, 3;
0.0782361, 3;
0.0613819, 3;
0.0619752, 3;
0.0634628, 3;
0.0762168, 3;
0.0621459, 3;
0.0620139, 3;
0.0619707, 3;
0.0754619, 3;
0.0612126, 3;
0.0631579, 3;
0.0612309, 3;
0.0747948, 3;
0.0629381, 3;
0.0629047, 3;
0.0607982, 4;
0.0781412, 4;
0.062528, 4;
0.0612398, 4;
0.0607348, 4;
0.0774736, 4;
0.0613265, 4;
0.0770851, 4;
0.0624846, 4;
0.0638622, 4;
0.0615182, 4;
0.0756799, 4;
0.0626418, 4;
0.062592, 4;
0.0608831, 4;
0.076968, 4;
0.0612489, 4;
0.0762142, 2;
0.0630182, 2;
0.0770035, 2;
0.0621914, 2;
0.0604798, 2;
0.0622956, 2;
0.0793089, 2;
0.0622892, 2;
0.0617473, 2;
0.0651504, 2;
0.0752422, 2;
0.0602991, 2;
0.0796118, 2;
0.058976, 2;
0.0619191, 2;
0.0610454, 2;
0.0919194, 2;
0.0613444, 2;
0.0753292, 2;
0.092548, 2;
0.0820026, 2;
0.05997, 2;
0.0608883, 2;
0.062781, 2;
0.0753663, 2;
0.061408, 2;
0.0789979, 2;
0.0616605, 2;
0.0617551, 2;
0.0621419, 2;
0.0787598, 2;
0.0611824, 2;
0.0621469, 2;
0.0616777, 2;
0.0759582, 2;
0.0626556, 2;
0.0763965, 2;
0.0607798, 2;
0.0616483, 2;
0.0628316, 2;
0.0639503, 2;
0.0628663, 2;
0.0770173, 2;
0.0617393, 2;
0.0624207, 2;
0.0624378, 2;
0.0777, 2;
0.0603565, 2;
0.0630715, 2;
0.0613954, 2;
0.0943923, 2;
0.0602423, 2;
0.0777032, 2;
0.061989, 2;
0.0620905, 2;
0.064275, 2;
0.061265, 2;
0.0622994, 2;
0.0769707, 2;
0.0615402, 2;
0.0626487, 2;
0.0636176, 2;
0.0788952, 2;
0.0595765, 2;
0.062097, 2;
0.0627844, 2;
0.0914194, 2;
0.0611075, 2;
0.0757348, 2;
0.0630234, 2;
0.0601184, 2;
0.0641204, 2;
0.0751262, 3;
0.0618988, 3;
0.077008, 3;
0.0621078, 3;
0.0613555, 3;
0.0603467, 3;
0.0776373, 3;
0.0621323, 3;
0.0781716, 3;
0.0615993, 3;
0.0757037, 3;
0.062374, 3;
0.0598662, 3;
0.0615731, 3;
0.0778203, 3;
0.0608631, 3;
0.0768383, 3;
0.0620402, 3;
0.0775395, 3;
0.0607837, 3;
0.0612395, 3;
0.0614111, 3;
0.0613762, 3;
0.0604494, 3;
0.0788123, 3;
0.0620674, 3;
0.0620161, 3;
0.0608303, 3;
0.0766279, 3;
0.061956, 3;
0.0619635, 3;
0.0632766, 3;
0.0781941, 3;
0.0630407, 3;
0.0790419, 3;
0.0606638, 3;
0.0615991, 3;
0.0606411, 3;
0.0619864, 3;
0.0629083, 3;
0.0780818, 3;
0.0619412, 3;
0.0616657, 3;
0.0623999, 3;
0.075218, 3;
0.061589, 3;
0.0786723, 3;
0.0609443, 3;
0.0768571, 3;
0.0630579, 3;
0.0923529, 3;
0.0620665, 3;
0.0785034, 3;
0.0610219, 3;
0.0770355, 3;
0.0639247, 3;
0.0797979, 3;
0.0607926, 3;
0.0758609, 3;
0.062593, 3;
0.0631714, 3;
0.0609589, 3;
0.0777419, 3;
0.0620049, 3;
0.0776677, 3;
0.0610281, 3;
0.0909041, 3;
0.0609327, 3;
0.0762785, 3;
0.0623544, 3;
0.0763128, 3;
0.0619023, 3;
0.0773189, 3;
0.0640711, 3;
0.0758811, 3;
0.062619, 3;
0.0763185, 3;
0.062739, 3;
0.0607438, 3;
0.0618216, 3;
0.0776383, 3;
0.0617798, 3;
0.0617665, 3;
0.0616088, 3;
0.0614466, 3;
0.0599772, 3;
0.0776425, 4;
0.0629404, 4;
0.06088, 4;
0.0610163, 4;
0.0783636, 4;
0.0613364, 4;
0.0762403, 4;
0.0613541, 4;
0.0628213, 4;
0.060985, 4;
0.0774555, 4;
0.06127, 4;
0.0773051, 2;
0.0624998, 2;
0.0781811, 2;
0.0605035, 2;
0.0799397, 2;
0.0596712, 2;
0.0617457, 2;
0.0620783, 2;
0.075278, 2;
0.0625701, 2;
0.0786888, 2;
0.0609713, 2;
0.0795231, 2;
0.0587105, 2;
0.0757491, 2;
0.0710172, 2;
0.0694968, 2;
0.0632163, 2;
0.0755018, 2;
0.0620492, 2;
0.0790704, 2;
0.0604185, 2;
0.0780922, 2;
0.0616586, 2;
0.0770387, 2;
0.0621556, 2;
0.0754212, 2;
0.0616639, 2;
0.0781914, 2;
0.0605869, 2;
0.0624518, 2;
0.0617364, 2;
0.0924512, 2;
0.0617406, 2;
0.0767413, 2;
0.0610674, 2;
0.0607455, 2;
0.063862, 2;
0.0745619, 2;
0.0609433, 2;
0.0775863, 2;
0.0632814, 2;
0.0757697, 2;
0.0629384, 2;
0.0903734, 2;
0.061003, 2;
0.0790619, 2;
0.061352, 2;
0.0609189, 2;
0.0631069, 2;
0.0932107, 2;
0.0621667, 2;
0.0787053, 2;
0.0599765, 2;
0.0801801, 2;
0.060073, 2;
0.0625844, 2;
0.0620682, 2;
0.0794984, 2;
0.0573895, 2;
0.064097, 2;
0.0637807, 2;
0.0604208, 2;
0.0639676, 2;
0.0597769, 2;
0.061388, 2;
0.0755597, 2;
0.0625091, 2;
0.0623588, 2;
0.0622872, 2;
0.0610511, 2;
0.0623865, 2;
0.0608797, 2;
0.0619055, 2;
0.0788449, 2;
0.0620983, 2;
0.061207, 2;
0.0621547, 2;
0.0765121, 2;
0.0615526, 2;
0.0621832, 2;
0.061985, 2;
0.0627439, 2;
0.0610862, 2;
0.0754595, 2;
0.0614844, 2;
0.0624565, 2;
0.0620888, 2;
0.077356, 2;
0.0624963, 2;
0.0766654, 2;
0.0608124, 2;
0.0614625, 2;
0.0632806, 2;
0.0759297, 2;
0.0605824, 2;
0.0637288, 2;
0.0617576, 2;
0.0754863, 2;
0.0625418, 2;
0.0759437, 2;
0.0614799, 2;
0.076792, 2;
0.0624334, 2;
0.0768284, 2;
0.061527, 2;
0.0768554, 2;
0.0626677, 2;
0.0768465, 2;
0.0620271, 2;
0.0936572, 2;
0.0597495, 2;
0.0774696, 2;
0.0624821, 2;
0.075938, 2;
0.0637665, 2;
0.0619692, 2;
0.0610655, 2;
0.0778535, 2;
0.0619565, 2;
0.062354, 2;
0.0622475, 2;
0.0925977, 2;
0.063806, 2;
0.0627715, 2;
0.0620777, 2;
0.077712, 2;
0.0620682, 2;
0.0766657, 2;
0.0614534, 2;
0.0627874, 2;
0.0627938, 2;
0.0615749, 2;
0.0636675, 2;
0.0770846, 2;
0.0615221, 2;
0.0618621, 2;
0.0639987, 2;
0.061073, 2;
0.0616457, 2;
0.0822731, 2;
0.057003, 2;
0.062622, 2;
0.0621613, 2;
0.0926942, 2;
0.0623633, 2;
0.0782491, 2;
0.0589768, 2;
0.0626015, 2;
0.0615427, 2;
0.0762815, 2;
0.063391, 2;
0.0779469, 2;
0.061803, 2;
0.0607471, 2;
0.0611621, 2;
0.0776523, 2;
0.0614696, 2;
0.0608987, 2;
0.0629167, 2;
0.0616168, 3;
0.0614317, 3;
0.0763595, 3;
0.0628919, 3;
0.0625561, 3;
0.0620256, 3;
0.0791732, 3;
0.0619309, 3;
0.0621835, 3;
0.0614243, 3;
0.062452, 3;
0.0599729, 3;
0.0785321, 3;
0.0626832, 3;
0.0628792, 3;
0.0628131, 3;
0.0622332, 3;
0.0599668, 3;
0.0775691, 3;
0.0610949, 3;
0.0768129, 3;
0.0606698, 3;
0.0629216, 3;
0.0631302, 3;
0.0791734, 3;
0.0607592, 3;
0.0631713, 3;
0.0619632, 3;
0.0771359, 3;
0.060702, 3;
0.0612318, 3;
0.0629334, 3;
0.0598483, 3;
0.0603494, 3;
0.0781696, 3;
0.0640911, 3;
0.0759626, 3;
0.0623196, 3;
0.0613573, 3;
0.0619797, 3;
0.0756767, 3;
0.0629723, 3;
0.0788964, 3;
0.0611916, 3;
0.0615361, 3;
0.0629722, 3;
0.0616613, 3;
0.0626214, 3;
0.0619944, 3;
0.0639223, 3;
0.0619477, 3;
0.0628817, 3;
0.0637549, 3;
0.0619771, 3;
0.0609186, 3;
0.061951, 3;
0.0629827, 3;
0.0609047, 3;
0.0619666, 3;
0.0639433, 3;
0.0619519, 3;
0.059952, 3;
0.0619701, 3;
0.0619951, 3;
0.0758804, 3;
0.061939, 3;
0.0619703, 3;
0.06395, 3;
0.0630045, 3;
0.0609241, 3;
0.0609226, 3;
0.0619454, 3;
0.0625808, 3;
0.0621253, 3;
0.0626105, 3;
0.0634894, 3;
0.0608965, 3;
0.0640536, 3;
0.0612118, 3;
0.0619867, 3;
0.061928, 3;
0.0629309, 3;
0.0619072, 3;
0.0619529, 3;
0.0590463, 3;
0.0609637, 3;
0.0610832, 3;
0.061011, 3;
0.0623077, 3;
0.0615012, 3;
0.0629113, 3;
0.0607452, 3;
0.0619041, 3;
0.0609256, 3;
0.0638895, 3;
0.0603181, 3;
0.0635532, 3;
0.0627578, 3;
0.0619891, 3;
0.0609445, 3;
0.0609283, 3;
0.0619518, 3;
0.0609487, 3;
0.0599488, 3;
0.0619932, 4;
0.0613231, 5;
