8.20966e-05,0.000126021,1000,3030,0.000124104
0.000102848, 0.0, 3030,3140,110
0.0003505, 0.0, 3140,3246,106
0.000298194, 0.0, 3246,3395,149
0.000198101, 0.0, 3395,3547,152
0.000151762, 0.0, 3547,3670,123
0.000134664, 0.0, 3670,3794,124
0.000103587, 0.0, 3794,3915,121
0.000102508, 0.0, 3915,4039,124
9.9653e-05, 0.0, 4039,4166,127
9.0876e-05, 0.0, 4166,4305,139
8.53228e-05, 0.0, 4305,4464,159
8.82017e-05, 0.0, 4464,4616,152
8.53222e-05, 0.0, 4616,4755,139
8.1435e-05, 0.0, 4755,4878,123
8.38058e-05, 0.0, 4878,5019,141
8.27662e-05, 0.0, 5019,5145,126
8.12156e-05, 0.0, 5145,5265,120
8.09506e-05, 0.0, 5265,5390,125
7.95319e-05, 0.0, 5390,5516,126
8.1646e-05, 0.0, 5516,5637,121
8.10004e-05, 0.0, 5637,5761,124
8.21033e-05, 0.0, 5761,5888,127
8.09322e-05, 0.0, 5888,6012,124
8.07128e-05, 0.0, 6012,6137,125
8.14354e-05, 0.0, 6137,6260,123
8.22029e-05, 0.0, 6260,6386,126
8.02429e-05, 0.0, 6386,6511,125
8.1536e-05, 0.0, 6511,6636,125
8.08297e-05, 0.0, 6636,6761,125
8.13763e-05, 0.0, 6761,6884,123
8.11019e-05, 0.0, 6884,7008,124
8.12842e-05, 0.0, 7008,7130,122
8.31977e-05, 0.0, 7130,7254,124
9.07739e-05, 0.0, 7254,7381,127
8.71204e-05, 0.0, 7381,7508,127
9.59508e-05, 0.0, 7508,7632,124
9.48303e-05, 0.0, 7632,7755,123
0.000110398, 0.0, 7755,7877,122
9.88268e-05, 0.0, 7877,8002,125
0.000114107, 0.0, 8002,8126,124
0.000132213, 0.0, 8126,8252,126
9.18558e-05, 0.0, 8252,8375,123
8.61487e-05, 0.0, 8375,8499,124
8.3469e-05, 0.0, 8499,8637,138
8.1817e-05, 0.0, 8637,8762,125
8.22851e-05, 0.0, 8762,8885,123
8.08949e-05, 0.0, 8885,9025,140
8.30144e-05, 0.0, 9025,9183,158
8.57713e-05, 0.0, 9183,9319,136
9.4268e-05, 0.0, 9319,9443,124
0.000102329, 0.0, 9443,9582,139
0.000105046, 0.0, 9582,9719,137
9.71921e-05, 0.0, 9719,9844,125
9.33348e-05, 0.0, 9844,9983,139
9.13239e-05, 0.0, 9983,10124,141
9.86979e-05, 0.0, 10124,10249,125
0.000102522, 0.0, 10249,10390,141
0.00010313, 0.0, 10390,10529,139
0.00010619, 0.0, 10529,10653,124
0.000104788, 0.0, 10653,10791,138
0.000100081, 0.0, 10791,10914,123
0.000107494, 0.0, 10914,11057,143
9.84492e-05, 0.0, 11057,11196,139
0.000101245, 0.0, 11196,11338,142
0.000100244, 0.0, 11338,11490,152
0.00010617, 0.0, 11490,11630,140
0.000106797, 0.0, 11630,11753,123
0.000100044, 0.0, 11753,11878,125
9.83321e-05, 0.0, 11878,12018,140
0.000102896, 0.0, 12018,12145,127
0.00010012, 0.0, 12145,12299,154
8.78798e-05, 0.0, 12299,12438,139
0.000100353, 0.0, 12438,12563,125
9.15038e-05, 0.0, 12563,12685,122
0.000100839, 0.0, 12685,12826,141
0.000101825, 0.0, 12826,12952,126
9.31417e-05, 0.0, 12952,13089,137
8.42578e-05, 0.0, 13089,13229,140
8.5709e-05, 0.0, 13229,13385,156
8.43094e-05, 0.0, 13385,13527,142
8.18122e-05, 0.0, 13527,13667,140
8.01808e-05, 0.0, 13667,13790,123
8.11695e-05, 0.0, 13790,13916,126
8.25682e-05, 0.0, 13916,14039,123
8.33236e-05, 0.0, 14039,14164,125
8.08815e-05, 0.0, 14164,14302,138
8.09253e-05, 0.0, 14302,14430,128
8.20531e-05, 0.0, 14430,14567,137
8.19548e-05, 0.0, 14567,14694,127
8.24972e-05, 0.0, 14694,14850,156
7.67567e-05, 0.0, 14850,14988,138
7.58357e-05, 0.0, 14988,15114,126
8.45558e-05, 0.0, 15114,15254,140
8.30599e-05, 0.0, 15254,15391,137
8.56671e-05, 0.0, 15391,15516,125
8.75122e-05, 0.0, 15516,15620,104
0.000174116, 0.0, 15620,15744,124
0.000117802, 0.0, 15744,15881,137
0.000104954, 0.0, 15881,16022,141
9.35122e-05, 0.0, 16022,16162,140
8.85962e-05, 0.0, 16162,16297,135
8.53776e-05, 0.0, 16297,16422,125
8.54534e-05, 0.0, 16422,16563,141
8.82529e-05, 0.0, 16563,16703,140
8.59544e-05, 0.0, 16703,16827,124
8.40302e-05, 0.0, 16827,16966,139
8.43472e-05, 0.0, 16966,17096,130
8.4561e-05, 0.0, 17096,17232,136
8.4044e-05, 0.0, 17232,17370,138
7.8611e-05, 0.0, 17370,17494,124
7.70876e-05, 0.0, 17494,17620,126
7.90737e-05, 0.0, 17620,17756,136
7.95573e-05, 0.0, 17756,17878,122
7.70384e-05, 0.0, 17878,18015,137
7.37448e-05, 0.0, 18015,18138,123
7.69655e-05, 0.0, 18138,18262,124
8.04733e-05, 0.0, 18262,18398,136
8.14642e-05, 0.0, 18398,18523,125
7.66583e-05, 0.0, 18523,18660,137
7.54897e-05, 0.0, 18660,18800,140
7.93455e-05, 0.0, 18800,18924,124
8.15811e-05, 0.0, 18924,19063,139
8.79228e-05, 0.0, 19063,19188,125
7.94916e-05, 0.0, 19188,19341,153
8.38309e-05, 0.0, 19341,19480,139
8.56232e-05, 0.0, 19480,19618,138
8.70845e-05, 0.0, 19618,19757,139
8.26165e-05, 0.0, 19757,19896,139
8.40376e-05, 0.0, 19896,20024,128
8.38428e-05, 0.0, 20024,20162,138
8.81693e-05, 0.0, 20162,20288,126
8.57228e-05, 0.0, 20288,20428,140
8.5406e-05, 0.0, 20428,20552,124
8.36415e-05, 0.0, 20552,20693,141
8.38255e-05, 0.0, 20693,20817,124
8.36755e-05, 0.0, 20817,20942,125
7.97797e-05, 0.0, 20942,21080,138
8.16874e-05, 0.0, 21080,21205,125
8.36836e-05, 0.0, 21205,21327,122
8.59175e-05, 0.0, 21327,21452,125
8.36276e-05, 0.0, 21452,21590,138
8.37381e-05, 0.0, 21590,21714,124
7.73385e-05, 0.0, 21714,21838,124
8.32771e-05, 0.0, 21838,21977,139
8.63872e-05, 0.0, 21977,22116,139
8.79038e-05, 0.0, 22116,22258,142
8.40263e-05, 0.0, 22258,22383,125
8.72631e-05, 0.0, 22383,22522,139
8.85695e-05, 0.0, 22522,22661,139
8.97915e-05, 0.0, 22661,22801,140
8.46792e-05, 0.0, 22801,22925,124
8.30806e-05, 0.0, 22925,23064,139
8.7732e-05, 0.0, 23064,23205,141
8.80909e-05, 0.0, 23205,23347,142
8.58212e-05, 0.0, 23347,23484,137
8.42361e-05, 0.0, 23484,23607,123
8.46904e-05, 0.0, 23607,23746,139
8.85384e-05, 0.0, 23746,23870,124
8.74728e-05, 0.0, 23870,24011,141
8.51834e-05, 0.0, 24011,24152,141
8.52357e-05, 0.0, 24152,24277,125
8.7503e-05, 0.0, 24277,24418,141
8.75477e-05, 0.0, 24418,24558,140
8.31662e-05, 0.0, 24558,24684,126
8.35353e-05, 0.0, 24684,24824,140
8.85503e-05, 0.0, 24824,24961,137
8.66018e-05, 0.0, 24961,25084,123
8.57156e-05, 0.0, 25084,25226,142
8.39813e-05, 0.0, 25226,25350,124
8.5627e-05, 0.0, 25350,25488,138
9.00533e-05, 0.0, 25488,25613,125
8.61365e-05, 0.0, 25613,25753,140
8.3388e-05, 0.0, 25753,25892,139
8.64782e-05, 0.0, 25892,26018,126
8.86711e-05, 0.0, 26018,26162,144
8.59118e-05, 0.0, 26162,26303,141
8.24786e-05, 0.0, 26303,26427,124
8.59345e-05, 0.0, 26427,26567,140
8.76243e-05, 0.0, 26567,26710,143
8.85453e-05, 0.0, 26710,26845,135
8.32872e-05, 0.0, 26845,26986,141
8.6749e-05, 0.0, 26986,27123,137
8.75484e-05, 0.0, 27123,27261,138
8.89976e-05, 0.0, 27261,27398,137
8.94343e-05, 0.0, 27398,27524,126
8.98907e-05, 0.0, 27524,27662,138
8.88806e-05, 0.0, 27662,27792,130
9.66844e-05, 0.0, 27792,27925,133
9.67533e-05, 0.0, 27925,28063,138
0.00011114, 0.0, 28063,28189,126
0.000114408, 0.0, 28189,28326,137
0.000115231, 0.0, 28326,28468,142
0.000130694, 0.0, 28468,28591,123
0.000108908, 0.0, 28591,28733,142
9.99776e-05, 0.0, 28733,28871,138
9.16855e-05, 0.0, 28871,29012,141
9.14672e-05, 0.0, 29012,29152,140
8.53266e-05, 0.0, 29152,29291,139
8.62186e-05, 0.0, 29291,29432,141
8.3878e-05, 0.0, 29432,29573,141
7.95973e-05, 0.0, 29573,29712,139
8.64274e-05, 0.0, 29712,29854,142
8.891e-05, 0.0, 29854,29993,139
9.24372e-05, 0.0, 29993,30132,139
8.30669e-05, 0.0, 30132,30257,125
8.79896e-05, 0.0, 30257,30395,138
9.0357e-05, 0.0, 30395,30520,125
8.49416e-05, 0.0, 30520,30659,139
8.62948e-05, 0.0, 30659,30782,123
8.80139e-05, 0.0, 30782,30922,140
8.76782e-05, 0.0, 30922,31049,127
8.31918e-05, 0.0, 31049,31174,125
8.45821e-05, 0.0, 31174,31302,128
8.62107e-05, 0.0, 31302,31441,139
8.71415e-05, 0.0, 31441,31580,139
8.67715e-05, 0.0, 31580,31706,126
8.50779e-05, 0.0, 31706,31830,124
8.53602e-05, 0.0, 31830,31956,126
8.69874e-05, 0.0, 31956,32079,123
8.46511e-05, 0.0, 32079,32203,124
8.39926e-05, 0.0, 32203,32341,138
8.76141e-05, 0.0, 32341,32480,139
8.78056e-05, 0.0, 32480,32618,138
8.57109e-05, 0.0, 32618,32756,138
8.63456e-05, 0.0, 32756,32894,138
8.82303e-05, 0.0, 32894,33035,141
8.79355e-05, 0.0, 33035,33141,106
0.000333455, 0.0, 33141,33280,139
0.000215262, 0.0, 33280,33435,155
0.000148676, 0.0, 33435,33573,138
0.000146531, 0.0, 33573,33699,126
0.000128148, 0.0, 33699,33842,143
0.000106475, 0.0, 33842,33994,152
9.36524e-05, 0.0, 33994,34117,123
0.000102423, 0.0, 34117,34256,139
9.31818e-05, 0.0, 34256,34396,140
9.04101e-05, 0.0, 34396,34519,123
9.00355e-05, 0.0, 34519,34659,140
8.62696e-05, 0.0, 34659,34800,141
8.94258e-05, 0.0, 34800,34938,138
8.99909e-05, 0.0, 34938,35076,138
8.50611e-05, 0.0, 35076,35202,126
8.60003e-05, 0.0, 35202,35343,141
8.76178e-05, 0.0, 35343,35484,141
8.73728e-05, 0.0, 35484,35623,139
8.61473e-05, 0.0, 35623,35750,127
8.47159e-05, 0.0, 35750,35888,138
8.91143e-05, 0.0, 35888,36014,126
8.76114e-05, 0.0, 36014,36137,123
8.28246e-05, 0.0, 36137,36263,126
8.55081e-05, 0.0, 36263,36401,138
8.81901e-05, 0.0, 36401,36526,125
8.90536e-05, 0.0, 36526,36649,123
8.50407e-05, 0.0, 36649,36773,124
8.50536e-05, 0.0, 36773,36912,139
8.8462e-05, 0.0, 36912,37052,140
8.82759e-05, 0.0, 37052,37192,140
8.48936e-05, 0.0, 37192,37317,125
8.5735e-05, 0.0, 37317,37457,140
8.90179e-05, 0.0, 37457,37599,142
8.64005e-05, 0.0, 37599,37722,123
8.66407e-05, 0.0, 37722,37859,137
8.37333e-05, 0.0, 37859,37986,127
8.82621e-05, 0.0, 37986,38125,139
8.83848e-05, 0.0, 38125,38276,151
8.44148e-05, 0.0, 38276,38412,136
8.71417e-05, 0.0, 38412,38555,143
8.74877e-05, 0.0, 38555,38709,154
8.58514e-05, 0.0, 38709,38848,139
8.58001e-05, 0.0, 38848,38990,142
8.67742e-05, 0.0, 38990,39129,139
9.05223e-05, 0.0, 39129,39283,154
8.33596e-05, 0.0, 39283,39409,126
8.60264e-05, 0.0, 39409,39551,142
8.70926e-05, 0.0, 39551,39690,139
9.04868e-05, 0.0, 39690,39814,124
8.55259e-05, 0.0, 39814,39954,140
8.49386e-05, 0.0, 39954,40076,122
8.86182e-05, 0.0, 40076,40202,126
8.90125e-05, 0.0, 40202,40343,141
8.58795e-05, 0.0, 40343,40498,155
8.3381e-05, 0.0, 40498,40652,154
8.88857e-05, 0.0, 40652,40810,158
8.9167e-05, 0.0, 40810,40963,153
8.40293e-05, 0.0, 40963,41102,139
8.53064e-05, 0.0, 41102,41230,128
8.88279e-05, 0.0, 41230,41372,142
8.71863e-05, 0.0, 41372,41510,138
8.4713e-05, 0.0, 41510,41636,126
8.58531e-05, 0.0, 41636,41774,138
9.07997e-05, 0.0, 41774,41898,124
8.54781e-05, 0.0, 41898,42054,156
8.51578e-05, 0.0, 42054,42193,139
8.79421e-05, 0.0, 42193,42318,125
8.80453e-05, 0.0, 42318,42457,139
8.71574e-05, 0.0, 42457,42596,139
8.4946e-05, 0.0, 42596,42738,142
8.58356e-05, 0.0, 42738,42893,155
9.02827e-05, 0.0, 42893,43031,138
8.60648e-05, 0.0, 43031,43154,123
8.51508e-05, 0.0, 43154,43293,139
8.74829e-05, 0.0, 43293,43431,138
8.6829e-05, 0.0, 43431,43556,125
8.77631e-05, 0.0, 43556,43697,141
8.69684e-05, 0.0, 43697,43822,125
8.58104e-05, 0.0, 43822,43949,127
8.74938e-05, 0.0, 43949,44087,138
8.81935e-05, 0.0, 44087,44214,127
8.61119e-05, 0.0, 44214,44354,140
8.60269e-05, 0.0, 44354,44491,137
8.52676e-05, 0.0, 44491,44618,127
8.9369e-05, 0.0, 44618,44757,139
8.69557e-05, 0.0, 44757,44896,139
8.5448e-05, 0.0, 44896,45021,125
8.57628e-05, 0.0, 45021,45160,139
9.09681e-05, 0.0, 45160,45287,127
8.82734e-05, 0.0, 45287,45427,140
8.52004e-05, 0.0, 45427,45569,142
8.57233e-05, 0.0, 45569,45708,139
8.77259e-05, 0.0, 45708,45847,139
8.72862e-05, 0.0, 45847,46000,153
8.45584e-05, 0.0, 46000,46139,139
8.67397e-05, 0.0, 46139,46278,139
8.89689e-05, 0.0, 46278,46415,137
8.93275e-05, 0.0, 46415,46554,139
8.34935e-05, 0.0, 46554,46680,126
8.70381e-05, 0.0, 46680,46836,156
8.77135e-05, 0.0, 46836,46976,140
8.77115e-05, 0.0, 46976,47099,123
8.66352e-05, 0.0, 47099,47223,124
8.72921e-05, 0.0, 47223,47348,125
8.52262e-05, 0.0, 47348,47471,123
8.74672e-05, 0.0, 47471,47610,139
8.84945e-05, 0.0, 47610,47750,140
8.65165e-05, 0.0, 47750,47891,141
8.41199e-05, 0.0, 47891,48030,139
8.767e-05, 0.0, 48030,48155,125
8.81732e-05, 0.0, 48155,48294,139
8.72615e-05, 0.0, 48294,48431,137
8.44718e-05, 0.0, 48431,48571,140
8.57701e-05, 0.0, 48571,48714,143
8.85479e-05, 0.0, 48714,48850,136
8.80276e-05, 0.0, 48850,48990,140
8.55631e-05, 0.0, 48990,49133,143
8.45865e-05, 0.0, 49133,49270,137
8.80655e-05, 0.0, 49270,49399,129
8.82093e-05, 0.0, 49399,49536,137
8.70691e-05, 0.0, 49536,49677,141
8.50788e-05, 0.0, 49677,49820,143
8.70233e-05, 0.0, 49820,49958,138
8.80281e-05, 0.0, 49958,50097,139
8.76645e-05, 0.0, 50097,50221,124
8.45161e-05, 0.0, 50221,50359,138
8.23832e-05, 0.0, 50359,50486,127
8.77249e-05, 0.0, 50486,50626,140
8.72683e-05, 0.0, 50626,50765,139
8.37653e-05, 0.0, 50765,50892,127
8.50723e-05, 0.0, 50892,51044,152
8.69306e-05, 0.0, 51044,51185,141
8.55356e-05, 0.0, 51185,51311,126
8.29095e-05, 0.0, 51311,51451,140
8.25125e-05, 0.0, 51451,51588,137
8.54128e-05, 0.0, 51588,51713,125
8.65249e-05, 0.0, 51713,51867,154
8.61905e-05, 0.0, 51867,52004,137
8.16483e-05, 0.0, 52004,52127,123
8.45376e-05, 0.0, 52127,52264,137
8.45643e-05, 0.0, 52264,52393,129
8.44287e-05, 0.0, 52393,52531,138
8.27058e-05, 0.0, 52531,52669,138
8.4015e-05, 0.0, 52669,52796,127
8.39677e-05, 0.0, 52796,52933,137
8.57695e-05, 0.0, 52933,53073,140
8.7627e-05, 0.0, 53073,53199,126
8.22294e-05, 0.0, 53199,53354,155
8.7154e-05, 0.0, 53354,53490,136
9.14177e-05, 0.0, 53490,53615,125
9.64824e-05, 0.0, 53615,53755,140
8.82882e-05, 0.0, 53755,53896,141
9.03122e-05, 0.0, 53896,54037,141
8.70529e-05, 0.0, 54037,54175,138
8.5089e-05, 0.0, 54175,54315,140
8.72639e-05, 0.0, 54315,54442,127
7.99838e-05, 0.0, 54442,54579,137
0.000109674, 0.0, 54579,54704,125
0.000137311, 0.0, 54704,54843,139
0.000122536, 0.0, 54843,54983,140
9.29108e-05, 0.0, 54983,55120,137
8.87202e-05, 0.0, 55120,55246,126
8.95332e-05, 0.0, 55246,55387,141
8.57984e-05, 0.0, 55387,55525,138
8.14474e-05, 0.0, 55525,55649,124
8.56624e-05, 0.0, 55649,55787,138
8.92151e-05, 0.0, 55787,55915,128
9.55175e-05, 0.0, 55915,56067,152
8.84097e-05, 0.0, 56067,56206,139
8.66332e-05, 0.0, 56206,56331,125
8.84608e-05, 0.0, 56331,56470,139
8.93609e-05, 0.0, 56470,56609,139
8.83613e-05, 0.0, 56609,56750,141
8.41613e-05, 0.0, 56750,56888,138
8.63321e-05, 0.0, 56888,57030,142
8.84629e-05, 0.0, 57030,57153,123
8.91092e-05, 0.0, 57153,57293,140
8.52492e-05, 0.0, 57293,57416,123
8.57548e-05, 0.0, 57416,57554,138
8.64169e-05, 0.0, 57554,57708,154
8.79633e-05, 0.0, 57708,57844,136
8.76499e-05, 0.0, 57844,57985,141
8.40777e-05, 0.0, 57985,58123,138
8.68417e-05, 0.0, 58123,58248,125
8.83961e-05, 0.0, 58248,58388,140
8.75114e-05, 0.0, 58388,58525,137
8.70425e-05, 0.0, 58525,58649,124
8.42044e-05, 0.0, 58649,58788,139
8.81151e-05, 0.0, 58788,58929,141
8.79204e-05, 0.0, 58929,59066,137
8.59051e-05, 0.0, 59066,59206,140
8.67623e-05, 0.0, 59206,59331,125
8.6925e-05, 0.0, 59331,59487,156
8.99899e-05, 0.0, 59487,59610,123
8.7034e-05, 0.0, 59610,59734,124
8.46227e-05, 0.0, 59734,59874,140
8.67964e-05, 0.0, 59874,60014,140
8.78898e-05, 0.0, 60014,60142,128
8.91833e-05, 0.0, 60142,60278,136
8.23745e-05, 0.0, 60278,60402,124
8.59224e-05, 0.0, 60402,60543,141
9.02077e-05, 0.0, 60543,60680,137
8.62454e-05, 0.0, 60680,60806,126
8.50794e-05, 0.0, 60806,60944,138
8.63614e-05, 0.0, 60944,61083,139
8.73266e-05, 0.0, 61083,61208,125
8.85322e-05, 0.0, 61208,61346,138
8.53782e-05, 0.0, 61346,61486,140
8.68671e-05, 0.0, 61486,61609,123
8.7464e-05, 0.0, 61609,61751,142
8.96826e-05, 0.0, 61751,61874,123
8.81155e-05, 0.0, 61874,62000,126
8.45833e-05, 0.0, 62000,62139,139
8.63731e-05, 0.0, 62139,62279,140
8.86094e-05, 0.0, 62279,62434,155
8.67465e-05, 0.0, 62434,62570,136
8.55865e-05, 0.0, 62570,62695,125
8.65554e-05, 0.0, 62695,62818,123
8.87813e-05, 0.0, 62818,62956,138
8.94759e-05, 0.0, 62956,63081,125
8.64894e-05, 0.0, 63081,63218,137
8.51702e-05, 0.0, 63218,63358,140
8.83031e-05, 0.0, 63358,63498,140
8.86876e-05, 0.0, 63498,63636,138
8.7155e-05, 0.0, 63636,63762,126
8.45868e-05, 0.0, 63762,63903,141
8.76265e-05, 0.0, 63903,64042,139
8.76623e-05, 0.0, 64042,64168,126
8.66914e-05, 0.0, 64168,64308,140
8.35791e-05, 0.0, 64308,64433,125
8.6522e-05, 0.0, 64433,64573,140
8.91514e-05, 0.0, 64573,64712,139
8.78791e-05, 0.0, 64712,64869,157
8.43547e-05, 0.0, 64869,65009,140
8.75317e-05, 0.0, 65009,65148,139
8.69389e-05, 0.0, 65148,65292,144
8.74315e-05, 0.0, 65292,65446,154
8.44164e-05, 0.0, 65446,65586,140
8.92577e-05, 0.0, 65586,65730,144
9.20829e-05, 0.0, 65730,65867,137
9.13246e-05, 0.0, 65867,66004,137
9.28446e-05, 0.0, 66004,66146,142
9.26096e-05, 0.0, 66146,66271,125
9.05973e-05, 0.0, 66271,66409,138
0.000103815, 0.0, 66409,66538,129
9.29125e-05, 0.0, 66538,66678,140
9.17149e-05, 0.0, 66678,66815,137
0.00010011, 0.0, 66815,66940,125
0.000125923, 0.0, 66940,67078,138
0.00012302, 0.0, 67078,67215,137
0.000100586, 0.0, 67215,67340,125
9.1433e-05, 0.0, 67340,67477,137
9.28739e-05, 0.0, 67477,67617,140
8.64031e-05, 0.0, 67617,67755,138
8.421e-05, 0.0, 67755,67881,126
8.98971e-05, 0.0, 67881,68004,123
8.96756e-05, 0.0, 68004,68127,123
8.5493e-05, 0.0, 68127,68268,141
8.639e-05, 0.0, 68268,68410,142
8.7429e-05, 0.0, 68410,68550,140
8.7811e-05, 0.0, 68550,68690,140
8.54911e-05, 0.0, 68690,68830,140
8.49124e-05, 0.0, 68830,68972,142
8.72532e-05, 0.0, 68972,69112,140
8.75658e-05, 0.0, 69112,69253,141
8.58742e-05, 0.0, 69253,69392,139
8.42015e-05, 0.0, 69392,69532,140
8.59683e-05, 0.0, 69532,69656,124
8.9235e-05, 0.0, 69656,69794,138
8.59527e-05, 0.0, 69794,69935,141
8.36289e-05, 0.0, 69935,70059,124
8.67685e-05, 0.0, 70059,70200,141
9.01053e-05, 0.0, 70200,70338,138
8.53382e-05, 0.0, 70338,70463,125
8.61157e-05, 0.0, 70463,70599,136
8.54319e-05, 0.0, 70599,70725,126
8.77648e-05, 0.0, 70725,70864,139
8.77166e-05, 0.0, 70864,71003,139
8.49393e-05, 0.0, 71003,71143,140
8.75874e-05, 0.0, 71143,71267,124
8.9318e-05, 0.0, 71267,71391,124
8.90732e-05, 0.0, 71391,71516,125
8.45412e-05, 0.0, 71516,71641,125
8.54586e-05, 0.0, 71641,71780,139
8.8109e-05, 0.0, 71780,71917,137
8.88677e-05, 0.0, 71917,72057,140
8.41546e-05, 0.0, 72057,72182,125
8.50151e-05, 0.0, 72182,72322,140
8.5782e-05, 0.0, 72322,72446,124
9.03983e-05, 0.0, 72446,72573,127
8.69259e-05, 0.0, 72573,72713,140
8.51634e-05, 0.0, 72713,72840,127
8.67312e-05, 0.0, 72840,72979,139
8.75675e-05, 0.0, 72979,73117,138
8.6917e-05, 0.0, 73117,73241,124
8.42369e-05, 0.0, 73241,73380,139
8.69538e-05, 0.0, 73380,73521,141
8.69938e-05, 0.0, 73521,73646,125
8.88609e-05, 0.0, 73646,73783,137
8.25099e-05, 0.0, 73783,73906,123
8.7189e-05, 0.0, 73906,74045,139
8.8876e-05, 0.0, 74045,74184,139
8.68548e-05, 0.0, 74184,74322,138
8.4729e-05, 0.0, 74322,74464,142
8.55793e-05, 0.0, 74464,74600,136
8.89169e-05, 0.0, 74600,74725,125
8.74781e-05, 0.0, 74725,74863,138
8.4479e-05, 0.0, 74863,75000,137
8.53061e-05, 0.0, 75000,75126,126
8.86523e-05, 0.0, 75126,75265,139
8.57805e-05, 0.0, 75265,75389,124
8.46084e-05, 0.0, 75389,75531,142
8.52772e-05, 0.0, 75531,75670,139
8.84771e-05, 0.0, 75670,75795,125
8.67435e-05, 0.0, 75795,75933,138
8.55008e-05, 0.0, 75933,76073,140
8.47785e-05, 0.0, 76073,76214,141
8.77362e-05, 0.0, 76214,76353,139
8.87657e-05, 0.0, 76353,76491,138
8.58144e-05, 0.0, 76491,76617,126
8.35557e-05, 0.0, 76617,76754,137
8.81467e-05, 0.0, 76754,76880,126
8.7519e-05, 0.0, 76880,77017,137
8.6324e-05, 0.0, 77017,77157,140
8.49429e-05, 0.0, 77157,77282,125
8.57823e-05, 0.0, 77282,77421,139
8.77411e-05, 0.0, 77421,77558,137
8.92783e-05, 0.0, 77558,77683,125
8.34687e-05, 0.0, 77683,77821,138
8.49507e-05, 0.0, 77821,77962,141
8.87549e-05, 0.0, 77962,78087,125
8.76591e-05, 0.0, 78087,78241,154
8.57022e-05, 0.0, 78241,78367,126
8.48251e-05, 0.0, 78367,78489,122
8.69497e-05, 0.0, 78489,78630,141
8.8761e-05, 0.0, 78630,78769,139
8.5986e-05, 0.0, 78769,78908,139
8.40741e-05, 0.0, 78908,79047,139
8.63936e-05, 0.0, 79047,79188,141
8.86259e-05, 0.0, 79188,79343,155
8.57143e-05, 0.0, 79343,79482,139
8.47289e-05, 0.0, 79482,79620,138
8.64579e-05, 0.0, 79620,79745,125
8.85425e-05, 0.0, 79745,79884,139
8.92573e-05, 0.0, 79884,80027,143
9.18106e-05, 0.0, 80027,80163,136
9.06687e-05, 0.0, 80163,80317,154
9.18706e-05, 0.0, 80317,80459,142
9.01886e-05, 0.0, 80459,80586,127
8.51226e-05, 0.0, 80586,80723,137
8.57178e-05, 0.0, 80723,80866,143
8.58581e-05, 0.0, 80866,81002,136
8.93816e-05, 0.0, 81002,81138,136
8.5297e-05, 0.0, 81138,81262,124
8.45504e-05, 0.0, 81262,81401,139
8.66695e-05, 0.0, 81401,81539,138
9.62464e-05, 0.0, 81539,81662,123
9.51504e-05, 0.0, 81662,81800,138
9.50546e-05, 0.0, 81800,81940,140
8.5184e-05, 0.0, 81940,82064,124
8.8369e-05, 0.0, 82064,82206,142
8.81174e-05, 0.0, 82206,82345,139
8.68859e-05, 0.0, 82345,82470,125
8.41616e-05, 0.0, 82470,82591,121
8.72419e-05, 0.0, 82591,82718,127
8.60148e-05, 0.0, 82718,82842,124
8.77858e-05, 0.0, 82842,82980,138
9.60606e-05, 0.0, 82980,83106,126
0.000127104, 0.0, 83106,83262,156
9.52335e-05, 0.0, 83262,83402,140
8.98101e-05, 0.0, 83402,83528,126
8.49996e-05, 0.0, 83528,83668,140
8.53669e-05, 0.0, 83668,83807,139
8.95817e-05, 0.0, 83807,83932,125
8.83522e-05, 0.0, 83932,84073,141
8.48172e-05, 0.0, 84073,84210,137
8.3137e-05, 0.0, 84210,84350,140
8.64127e-05, 0.0, 84350,84489,139
8.82754e-05, 0.0, 84489,84627,138
8.8955e-05, 0.0, 84627,84753,126
8.34065e-05, 0.0, 84753,84892,139
8.65766e-05, 0.0, 84892,85033,141
8.72864e-05, 0.0, 85033,85158,125
8.83002e-05, 0.0, 85158,85297,139
8.54379e-05, 0.0, 85297,85420,123
8.39274e-05, 0.0, 85420,85562,142
8.6728e-05, 0.0, 85562,85700,138
8.77912e-05, 0.0, 85700,85826,126
8.69544e-05, 0.0, 85826,85966,140
8.4749e-05, 0.0, 85966,86105,139
8.3611e-05, 0.0, 86105,86230,125
8.91303e-05, 0.0, 86230,86355,125
8.82852e-05, 0.0, 86355,86496,141
8.63873e-05, 0.0, 86496,86621,125
8.35697e-05, 0.0, 86621,86757,136
8.6157e-05, 0.0, 86757,86880,123
8.83827e-05, 0.0, 86880,87006,126
8.77682e-05, 0.0, 87006,87145,139
8.4566e-05, 0.0, 87145,87286,141
8.29844e-05, 0.0, 87286,87411,125
8.73769e-05, 0.0, 87411,87550,139
8.99961e-05, 0.0, 87550,87688,138
8.66755e-05, 0.0, 87688,87825,137
8.25668e-05, 0.0, 87825,87950,125
8.70822e-05, 0.0, 87950,88090,140
8.89195e-05, 0.0, 88090,88239,149
8.81878e-05, 0.0, 88239,88370,131
8.34823e-05, 0.0, 88370,88493,123
8.75433e-05, 0.0, 88493,88619,126
8.73307e-05, 0.0, 88619,88745,126
8.83551e-05, 0.0, 88745,88882,137
8.71014e-05, 0.0, 88882,89006,124
8.40191e-05, 0.0, 89006,89129,123
8.309e-05, 0.0, 89129,89253,124
8.79968e-05, 0.0, 89253,89379,126
8.90922e-05, 0.0, 89379,89531,152
8.38305e-05, 0.0, 89531,89656,125
8.51638e-05, 0.0, 89656,89779,123
8.76151e-05, 0.0, 89779,89904,125
8.78554e-05, 0.0, 89904,90029,125
8.62996e-05, 0.0, 90029,90154,125
8.62319e-05, 0.0, 90154,90292,138
8.29022e-05, 0.0, 90292,90417,125
8.8449e-05, 0.0, 90417,90542,125
8.80045e-05, 0.0, 90542,90683,141
8.62183e-05, 0.0, 90683,90823,140
8.37321e-05, 0.0, 90823,90960,137
8.70559e-05, 0.0, 90960,91086,126
8.82554e-05, 0.0, 91086,91209,123
8.79259e-05, 0.0, 91209,91346,137
8.51009e-05, 0.0, 91346,91472,126
8.44665e-05, 0.0, 91472,91610,138
8.65971e-05, 0.0, 91610,91751,141
8.80597e-05, 0.0, 91751,91890,139
8.5507e-05, 0.0, 91890,92029,139
8.38365e-05, 0.0, 92029,92176,147
8.66933e-05, 0.0, 92176,92309,133
8.84441e-05, 0.0, 92309,92432,123
8.7411e-05, 0.0, 92432,92569,137
8.36416e-05, 0.0, 92569,92697,128
8.53301e-05, 0.0, 92697,92834,137
8.47107e-05, 0.0, 92834,92960,126
8.95495e-05, 0.0, 92960,93111,151
8.72186e-05, 0.0, 93111,93235,124
8.19729e-05, 0.0, 93235,93360,125
8.67631e-05, 0.0, 93360,93499,139
8.83001e-05, 0.0, 93499,93640,141
8.92858e-05, 0.0, 93640,93778,138
8.62172e-05, 0.0, 93778,93917,139
8.4371e-05, 0.0, 93917,94058,141
8.73415e-05, 0.0, 94058,94197,139
8.46259e-05, 0.0, 94197,94349,152
8.41362e-05, 0.0, 94349,94474,125
8.09283e-05, 0.0, 94474,94597,123
8.51196e-05, 0.0, 94597,94736,139
8.53882e-05, 0.0, 94736,94863,127
8.90938e-05, 0.0, 94863,94999,136
8.47041e-05, 0.0, 94999,95139,140
8.19479e-05, 0.0, 95139,95263,124
8.82906e-05, 0.0, 95263,95401,138
8.93069e-05, 0.0, 95401,95554,153
8.65566e-05, 0.0, 95554,95696,142
8.40739e-05, 0.0, 95696,95835,139
8.6338e-05, 0.0, 95835,95974,139
8.82051e-05, 0.0, 95974,96099,125
8.73802e-05, 0.0, 96099,96238,139
8.47363e-05, 0.0, 96238,96377,139
8.55663e-05, 0.0, 96377,96518,141
9.35479e-05, 0.0, 96518,96656,138
8.97028e-05, 0.0, 96656,96781,125
8.45234e-05, 0.0, 96781,96907,126
8.53143e-05, 0.0, 96907,97046,139
8.62195e-05, 0.0, 97046,97171,125
8.82219e-05, 0.0, 97171,97325,154
8.78646e-05, 0.0, 97325,97463,138
8.23397e-05, 0.0, 97463,97590,127
8.52264e-05, 0.0, 97590,97747,157
8.97085e-05, 0.0, 97747,97883,136
8.52497e-05, 0.0, 97883,98007,124
8.76485e-05, 0.0, 98007,98145,138
8.55692e-05, 0.0, 98145,98270,125
8.85228e-05, 0.0, 98270,98409,139
9.12024e-05, 0.0, 98409,98547,138
8.7999e-05, 0.0, 98547,98688,141
8.43259e-05, 0.0, 98688,98812,124
8.636e-05, 0.0, 98812,98950,138
9.09919e-05, 0.0, 98950,99077,127
8.95135e-05, 0.0, 99077,99216,139
8.55279e-05, 0.0, 99216,99354,138
8.43311e-05, 0.0, 99354,99494,140
8.50382e-05, 0.0, 99494,99633,139
8.83828e-05, 0.0, 99633,99773,140
8.91891e-05, 0.0, 99773,99898,125
8.51957e-05, 0.0, 99898,100037,139
8.79704e-05, 0.0, 100037,100176,139
8.51743e-05, 0.0, 100176,100301,125
9.45138e-05, 0.0, 100301,100440,139
8.94668e-05, 0.0, 100440,100580,140
8.58068e-05, 0.0, 100580,100721,141
9.03736e-05, 0.0, 100721,100858,137
8.85962e-05, 0.0, 100858,100979,121
8.81202e-05, 0.0, 100979,101104,125
8.58924e-05, 0.0, 101104,101241,137
8.48922e-05, 0.0, 101241,101367,126
8.67975e-05, 0.0, 101367,101505,138
8.80218e-05, 0.0, 101505,101644,139
8.68277e-05, 0.0, 101644,101770,126
8.45548e-05, 0.0, 101770,101906,136
8.50458e-05, 0.0, 101906,102046,140
8.7558e-05, 0.0, 102046,102185,139
8.76031e-05, 0.0, 102185,102323,138
8.48324e-05, 0.0, 102323,102461,138
8.45634e-05, 0.0, 102461,102585,124
8.56537e-05, 0.0, 102585,102724,139
8.79677e-05, 0.0, 102724,102864,140
9.18224e-05, 0.0, 102864,102991,127
0.000103954, 0.0, 102991,103131,140
0.000105827, 0.0, 103131,103257,126
0.000106094, 0.0, 103257,103395,138
0.000126019, 0.0, 103395,103533,138
0.00012045, 0.0, 103533,103672,139
0.000108337, 0.0, 103672,103813,141
9.40366e-05, 0.0, 103813,103954,141
8.83567e-05, 0.0, 103954,104079,125
8.76469e-05, 0.0, 104079,104233,154
8.38898e-05, 0.0, 104233,104373,140
8.54249e-05, 0.0, 104373,104510,137
8.83281e-05, 0.0, 104510,104653,143
8.57744e-05, 0.0, 104653,104790,137
8.35835e-05, 0.0, 104790,104916,126
8.51651e-05, 0.0, 104916,105058,142
8.90147e-05, 0.0, 105058,105195,137
8.40421e-05, 0.0, 105195,105320,125
8.4393e-05, 0.0, 105320,105459,139
8.46852e-05, 0.0, 105459,105599,140
8.72795e-05, 0.0, 105599,105726,127
8.68709e-05, 0.0, 105726,105864,138
8.52699e-05, 0.0, 105864,106002,138
8.46058e-05, 0.0, 106002,106141,139
8.6744e-05, 0.0, 106141,106280,139
8.77981e-05, 0.0, 106280,106421,141
8.70358e-05, 0.0, 106421,106559,138
8.31478e-05, 0.0, 106559,106701,142
8.71641e-05, 0.0, 106701,106839,138
8.68521e-05, 0.0, 106839,106966,127
8.74532e-05, 0.0, 106966,107104,138
8.62616e-05, 0.0, 107104,107229,125
8.49342e-05, 0.0, 107229,107351,122
8.66426e-05, 0.0, 107351,107475,124
8.87167e-05, 0.0, 107475,107600,125
8.46489e-05, 0.0, 107600,107724,124
8.46617e-05, 0.0, 107724,107863,139
8.4852e-05, 0.0, 107863,107987,124
8.7737e-05, 0.0, 107987,108125,138
8.74807e-05, 0.0, 108125,108265,140
8.49947e-05, 0.0, 108265,108405,140
8.43348e-05, 0.0, 108405,108547,142
8.72972e-05, 0.0, 108547,108686,139
8.9637e-05, 0.0, 108686,108813,127
8.51374e-05, 0.0, 108813,108950,137
8.49586e-05, 0.0, 108950,109076,126
8.55585e-05, 0.0, 109076,109215,139
8.74859e-05, 0.0, 109215,109352,137
8.79258e-05, 0.0, 109352,109479,127
8.46667e-05, 0.0, 109479,109619,140
8.57452e-05, 0.0, 109619,109743,124
8.77212e-05, 0.0, 109743,109882,139
8.71941e-05, 0.0, 109882,110020,138
8.57488e-05, 0.0, 110020,110158,138
8.37757e-05, 0.0, 110158,110297,139
8.6741e-05, 0.0, 110297,110437,140
8.84976e-05, 0.0, 110437,110563,126
8.41713e-05, 0.0, 110563,110688,125
8.35227e-05, 0.0, 110688,110811,123
8.8069e-05, 0.0, 110811,110939,128
8.74937e-05, 0.0, 110939,111076,137
8.70047e-05, 0.0, 111076,111217,141
8.43902e-05, 0.0, 111217,111356,139
8.44464e-05, 0.0, 111356,111495,139
8.89409e-05, 0.0, 111495,111620,125
8.79447e-05, 0.0, 111620,111760,140
8.63343e-05, 0.0, 111760,111884,124
8.35958e-05, 0.0, 111884,112006,122
8.31141e-05, 0.0, 112006,112131,125
8.96603e-05, 0.0, 112131,112268,137
8.84996e-05, 0.0, 112268,112405,137
8.50632e-05, 0.0, 112405,112545,140
8.45018e-05, 0.0, 112545,112685,140
8.69064e-05, 0.0, 112685,112824,139
8.79975e-05, 0.0, 112824,112964,140
8.55787e-05, 0.0, 112964,113101,137
8.46922e-05, 0.0, 113101,113242,141
8.70528e-05, 0.0, 113242,113382,140
8.8463e-05, 0.0, 113382,113510,128
8.56319e-05, 0.0, 113510,113650,140
8.34277e-05, 0.0, 113650,113791,141
8.61508e-05, 0.0, 113791,113928,137
8.85271e-05, 0.0, 113928,114068,140
8.6926e-05, 0.0, 114068,114207,139
8.44209e-05, 0.0, 114207,114346,139
8.51186e-05, 0.0, 114346,114486,140
8.77412e-05, 0.0, 114486,114629,143
8.80116e-05, 0.0, 114629,114770,141
8.55953e-05, 0.0, 114770,114907,137
8.45209e-05, 0.0, 114907,115046,139
8.53129e-05, 0.0, 115046,115184,138
8.91812e-05, 0.0, 115184,115307,123
8.70319e-05, 0.0, 115307,115446,139
8.50845e-05, 0.0, 115446,115572,126
8.48657e-05, 0.0, 115572,115710,138
8.66588e-05, 0.0, 115710,115852,142
8.82026e-05, 0.0, 115852,116004,152
8.49396e-05, 0.0, 116004,116143,139
8.35867e-05, 0.0, 116143,116283,140
8.75863e-05, 0.0, 116283,116406,123
8.79168e-05, 0.0, 116406,116546,140
9.14239e-05, 0.0, 116546,116687,141
9.40554e-05, 0.0, 116687,116814,127
9.31574e-05, 0.0, 116814,116951,137
0.000101535, 0.0, 116951,117076,125
9.39775e-05, 0.0, 117076,117216,140
9.62143e-05, 0.0, 117216,117354,138
0.000106055, 0.0, 117354,117479,125
0.00011065, 0.0, 117479,117617,138
9.40807e-05, 0.0, 117617,117755,138
8.7487e-05, 0.0, 117755,117880,125
8.58107e-05, 0.0, 117880,118016,136
8.50582e-05, 0.0, 118016,118140,124
9.00599e-05, 0.0, 118140,118279,139
8.836e-05, 0.0, 118279,118416,137
8.53403e-05, 0.0, 118416,118538,122
8.48937e-05, 0.0, 118538,118679,141
8.77702e-05, 0.0, 118679,118817,138
8.64114e-05, 0.0, 118817,118942,125
8.61146e-05, 0.0, 118942,119082,140
8.52922e-05, 0.0, 119082,119207,125
8.44116e-05, 0.0, 119207,119343,136
8.9916e-05, 0.0, 119343,119480,137
8.5178e-05, 0.0, 119480,119604,124
8.41606e-05, 0.0, 119604,119745,141
8.58188e-05, 0.0, 119745,119884,139
8.9207e-05, 0.0, 119884,120039,155
8.77875e-05, 0.0, 120039,120179,140
8.46909e-05, 0.0, 120179,120319,140
8.4122e-05, 0.0, 120319,120443,124
8.75356e-05, 0.0, 120443,120581,138
8.62721e-05, 0.0, 120581,120705,124
8.80701e-05, 0.0, 120705,120831,126
8.44206e-05, 0.0, 120831,120969,138
8.65707e-05, 0.0, 120969,121095,126
8.7544e-05, 0.0, 121095,121236,141
8.71229e-05, 0.0, 121236,121390,154
8.86217e-05, 0.0, 121390,121518,128
8.96803e-05, 0.0, 121518,121656,138
9.0037e-05, 0.0, 121656,121791,135
0.000105342, 0.0, 121791,121917,126
0.000115194, 0.0, 121917,122055,138
0.000105172, 0.0, 122055,122196,141
9.92495e-05, 0.0, 122196,122321,125
8.96195e-05, 0.0, 122321,122461,140
8.83728e-05, 0.0, 122461,122587,126
8.96795e-05, 0.0, 122587,122724,137
8.45325e-05, 0.0, 122724,122864,140
8.37128e-05, 0.0, 122864,123003,139
8.55704e-05, 0.0, 123003,123127,124
8.85876e-05, 0.0, 123127,123266,139
8.55952e-05, 0.0, 123266,123395,129
9.49111e-05, 0.0, 123395,123531,136
0.000125602, 0.0, 123531,123667,136
9.52198e-05, 0.0, 123667,123794,127
9.05529e-05, 0.0, 123794,123935,141
8.84184e-05, 0.0, 123935,124074,139
8.63111e-05, 0.0, 124074,124196,122
8.54762e-05, 0.0, 124196,124320,124
8.66864e-05, 0.0, 124320,124460,140
8.88048e-05, 0.0, 124460,124598,138
8.63036e-05, 0.0, 124598,124740,142
8.54949e-05, 0.0, 124740,124867,127
8.29673e-05, 0.0, 124867,124993,126
8.76797e-05, 0.0, 124993,125117,124
9.01153e-05, 0.0, 125117,125246,129
8.68066e-05, 0.0, 125246,125386,140
8.27754e-05, 0.0, 125386,125511,125
8.47949e-05, 0.0, 125511,125652,141
8.93077e-05, 0.0, 125652,125788,136
8.77842e-05, 0.0, 125788,125928,140
8.58309e-05, 0.0, 125928,126067,139
8.37962e-05, 0.0, 126067,126205,138
8.67903e-05, 0.0, 126205,126330,125
8.80502e-05, 0.0, 126330,126470,140
8.73544e-05, 0.0, 126470,126610,140
8.25875e-05, 0.0, 126610,126735,125
8.5118e-05, 0.0, 126735,126861,126
8.65068e-05, 0.0, 126861,127001,140
8.94204e-05, 0.0, 127001,127126,125
8.62045e-05, 0.0, 127126,127264,138
8.42534e-05, 0.0, 127264,127404,140
8.5438e-05, 0.0, 127404,127546,142
8.71812e-05, 0.0, 127546,127686,140
8.77185e-05, 0.0, 127686,127826,140
8.51608e-05, 0.0, 127826,127966,140
8.44081e-05, 0.0, 127966,128104,138
8.62122e-05, 0.0, 128104,128231,127
8.7594e-05, 0.0, 128231,128368,137
8.79794e-05, 0.0, 128368,128493,125
8.4769e-05, 0.0, 128493,128630,137
8.4032e-05, 0.0, 128630,128755,125
8.65252e-05, 0.0, 128755,128892,137
8.70331e-05, 0.0, 128892,129017,125
8.78193e-05, 0.0, 129017,129157,140
8.48388e-05, 0.0, 129157,129280,123
8.37989e-05, 0.0, 129280,129419,139
8.69452e-05, 0.0, 129419,129558,139
8.78749e-05, 0.0, 129558,129684,126
8.67659e-05, 0.0, 129684,129823,139
8.74656e-05, 0.0, 129823,129947,124
8.36752e-05, 0.0, 129947,130086,139
8.56309e-05, 0.0, 130086,130225,139
8.83518e-05, 0.0, 130225,130364,139
8.81404e-05, 0.0, 130364,130487,123
8.47112e-05, 0.0, 130487,130629,142
8.52586e-05, 0.0, 130629,130756,127
8.58831e-05, 0.0, 130756,130892,136
8.76524e-05, 0.0, 130892,131030,138
8.73574e-05, 0.0, 131030,131155,125
8.21731e-05, 0.0, 131155,131307,152
8.68118e-05, 0.0, 131307,131476,169
8.80798e-05, 0.0, 131476,131618,142
8.48094e-05, 0.0, 131618,131742,124
8.724e-05, 0.0, 131742,131879,137
8.28832e-05, 0.0, 131879,132020,141
8.70233e-05, 0.0, 132020,132144,124
8.78315e-05, 0.0, 132144,132284,140
8.6973e-05, 0.0, 132284,132409,125
8.50371e-05, 0.0, 132409,132548,139
8.84018e-05, 0.0, 132548,132685,137
8.93792e-05, 0.0, 132685,132809,124
9.396e-05, 0.0, 132809,132937,128
9.00882e-05, 0.0, 132937,133075,138
8.31213e-05, 0.0, 133075,133202,127
8.65105e-05, 0.0, 133202,133340,138
8.56492e-05, 0.0, 133340,133464,124
8.88362e-05, 0.0, 133464,133620,156
8.58711e-05, 0.0, 133620,133759,139
9.01505e-05, 0.0, 133759,133885,126
0.000106989, 0.0, 133885,134010,125
9.15772e-05, 0.0, 134010,134148,138
9.54797e-05, 0.0, 134148,134275,127
0.00011477, 0.0, 134275,134414,139
9.96783e-05, 0.0, 134414,134541,127
0.000100429, 0.0, 134541,134692,151
0.000116058, 0.0, 134692,134830,138
0.000139695, 0.0, 134830,134955,125
0.00013673, 0.0, 134955,135092,137
0.000108143, 0.0, 135092,135232,140
9.13982e-05, 0.0, 135232,135354,122
9.06151e-05, 0.0, 135354,135494,140
8.71731e-05, 0.0, 135494,135633,139
8.34281e-05, 0.0, 135633,135772,139
8.76808e-05, 0.0, 135772,135894,122
8.65048e-05, 0.0, 135894,136034,140
8.81937e-05, 0.0, 136034,136173,139
8.6854e-05, 0.0, 136173,136311,138
8.45856e-05, 0.0, 136311,136433,122
8.44859e-05, 0.0, 136433,136555,122
8.63684e-05, 0.0, 136555,136696,141
8.88416e-05, 0.0, 136696,136820,124
8.74944e-05, 0.0, 136820,136958,138
8.49493e-05, 0.0, 136958,137085,127
8.47921e-05, 0.0, 137085,137225,140
8.6475e-05, 0.0, 137225,137365,140
8.79685e-05, 0.0, 137365,137488,123
8.51958e-05, 0.0, 137488,137614,126
8.5598e-05, 0.0, 137614,137753,139
8.48271e-05, 0.0, 137753,137878,125
8.55918e-05, 0.0, 137878,138016,138
8.75289e-05, 0.0, 138016,138156,140
8.75133e-05, 0.0, 138156,138299,143
8.41331e-05, 0.0, 138299,138450,151
8.48627e-05, 0.0, 138450,138590,140
8.66984e-05, 0.0, 138590,138731,141
8.81283e-05, 0.0, 138731,138871,140
8.59645e-05, 0.0, 138871,139010,139
8.1694e-05, 0.0, 139010,139135,125
8.45831e-05, 0.0, 139135,139275,140
8.72314e-05, 0.0, 139275,139414,139
8.85365e-05, 0.0, 139414,139566,152
8.53883e-05, 0.0, 139566,139705,139
8.3426e-05, 0.0, 139705,139844,139
8.56654e-05, 0.0, 139844,139986,142
8.73131e-05, 0.0, 139986,140123,137
8.68786e-05, 0.0, 140123,140263,140
8.42672e-05, 0.0, 140263,140386,123
8.43731e-05, 0.0, 140386,140525,139
8.6837e-05, 0.0, 140525,140649,124
8.78006e-05, 0.0, 140649,140771,122
8.69064e-05, 0.0, 140771,140912,141
8.37223e-05, 0.0, 140912,141034,122
8.4061e-05, 0.0, 141034,141175,141
8.75116e-05, 0.0, 141175,141312,137
8.55834e-05, 0.0, 141312,141437,125
8.73002e-05, 0.0, 141437,141575,138
8.37065e-05, 0.0, 141575,141715,140
8.54125e-05, 0.0, 141715,141855,140
8.7738e-05, 0.0, 141855,141994,139
8.59784e-05, 0.0, 141994,142118,124
8.76006e-05, 0.0, 142118,142256,138
8.3361e-05, 0.0, 142256,142397,141
8.58024e-05, 0.0, 142397,142536,139
8.61433e-05, 0.0, 142536,142681,145
9.02325e-05, 0.0, 142681,142815,134
8.57497e-05, 0.0, 142815,142955,140
8.33197e-05, 0.0, 142955,143092,137
8.52656e-05, 0.0, 143092,143233,141
8.70058e-05, 0.0, 143233,143372,139
8.70503e-05, 0.0, 143372,143509,137
8.50931e-05, 0.0, 143509,143647,138
8.48124e-05, 0.0, 143647,143774,127
8.46627e-05, 0.0, 143774,143928,154
8.63612e-05, 0.0, 143928,144066,138
8.8375e-05, 0.0, 144066,144191,125
8.43856e-05, 0.0, 144191,144328,137
8.3131e-05, 0.0, 144328,144467,139
8.61639e-05, 0.0, 144467,144608,141
8.8814e-05, 0.0, 144608,144758,150
8.68233e-05, 0.0, 144758,144898,140
8.20612e-05, 0.0, 144898,145023,125
8.60319e-05, 0.0, 145023,145179,156
8.63279e-05, 0.0, 145179,145318,139
8.76758e-05, 0.0, 145318,145458,140
8.41751e-05, 0.0, 145458,145584,126
8.57982e-05, 0.0, 145584,145720,136
8.31142e-05, 0.0, 145720,145848,128
8.67357e-05, 0.0, 145848,145972,124
8.8241e-05, 0.0, 145972,146094,122
8.63073e-05, 0.0, 146094,146232,138
8.49776e-05, 0.0, 146232,146357,125
8.35925e-05, 0.0, 146357,146481,124
8.3347e-05, 0.0, 146481,146605,124
8.75132e-05, 0.0, 146605,146745,140
8.75033e-05, 0.0, 146745,146870,125
8.47602e-05, 0.0, 146870,147007,137
8.45707e-05, 0.0, 147007,147132,125
8.52175e-05, 0.0, 147132,147257,125
8.73756e-05, 0.0, 147257,147393,136
9.52267e-05, 0.0, 147393,147518,125
9.8912e-05, 0.0, 147518,147658,140
9.07032e-05, 0.0, 147658,147795,137
9.50126e-05, 0.0, 147795,147922,127
8.95861e-05, 0.0, 147922,148057,135
0.000102055, 0.0, 148057,148183,126
9.86183e-05, 0.0, 148183,148322,139
0.000105989, 0.0, 148322,148463,141
8.78717e-05, 0.0, 148463,148599,136
8.87804e-05, 0.0, 148599,148739,140
8.79399e-05, 0.0, 148739,148878,139
8.5647e-05, 0.0, 148878,149018,140
8.18673e-05, 0.0, 149018,149171,153
8.52692e-05, 0.0, 149171,149312,141
8.8504e-05, 0.0, 149312,149451,139
8.65525e-05, 0.0, 149451,149575,124
8.45201e-05, 0.0, 149575,149714,139
8.5274e-05, 0.0, 149714,149841,127
8.54013e-05, 0.0, 149841,149996,155
8.89968e-05, 0.0, 149996,150121,125
8.68965e-05, 0.0, 150121,150261,140
8.29854e-05, 0.0, 150261,150399,138
0.000100357, 0.0, 150399,150525,126
9.54389e-05, 0.0, 150525,150651,126
0.000107937, 0.0, 150651,150790,139
0.000108175, 0.0, 150790,150916,126
0.00010525, 0.0, 150916,151039,123
0.000105876, 0.0, 151039,151178,139
0.000106879, 0.0, 151178,151304,126
9.71942e-05, 0.0, 151304,151458,154
8.74741e-05, 0.0, 151458,151596,138
9.05031e-05, 0.0, 151596,151721,125
8.53944e-05, 0.0, 151721,151862,141
8.53668e-05, 0.0, 151862,152001,139
8.89989e-05, 0.0, 152001,152123,122
9.80817e-05, 0.0, 152123,152262,139
0.000137756, 0.0, 152262,152386,124
0.000138569, 0.0, 152386,152510,124
0.000101576, 0.0, 152510,152649,139
9.34475e-05, 0.0, 152649,152774,125
8.98765e-05, 0.0, 152774,152915,141
9.09098e-05, 0.0, 152915,153039,124
8.77194e-05, 0.0, 153039,153162,123
8.21977e-05, 0.0, 153162,153303,141
8.97163e-05, 0.0, 153303,153429,126
8.69943e-05, 0.0, 153429,153552,123
8.78892e-05, 0.0, 153552,153692,140
8.79222e-05, 0.0, 153692,153828,136
8.40822e-05, 0.0, 153828,153955,127
8.46645e-05, 0.0, 153955,154094,139
8.53296e-05, 0.0, 154094,154221,127
8.62022e-05, 0.0, 154221,154358,137
8.89055e-05, 0.0, 154358,154482,124
8.84173e-05, 0.0, 154482,154604,122
8.63787e-05, 0.0, 154604,154747,143
8.31101e-05, 0.0, 154747,154884,137
8.57282e-05, 0.0, 154884,155008,124
8.74615e-05, 0.0, 155008,155147,139
8.85952e-05, 0.0, 155147,155287,140
8.75844e-05, 0.0, 155287,155411,124
8.33856e-05, 0.0, 155411,155536,125
8.40262e-05, 0.0, 155536,155662,126
8.65472e-05, 0.0, 155662,155787,125
8.77e-05, 0.0, 155787,155913,126
8.81023e-05, 0.0, 155913,156036,123
8.63257e-05, 0.0, 156036,156160,124
8.75143e-05, 0.0, 156160,156286,126
8.42667e-05, 0.0, 156286,156409,123
8.48591e-05, 0.0, 156409,156533,124
8.5986e-05, 0.0, 156533,156671,138
8.82901e-05, 0.0, 156671,156797,126
8.70247e-05, 0.0, 156797,156921,124
8.73042e-05, 0.0, 156921,157044,123
8.59288e-05, 0.0, 157044,157169,125
8.5309e-05, 0.0, 157169,157296,127
8.33842e-05, 0.0, 157296,157421,125
8.80986e-05, 0.0, 157421,157544,123
8.97539e-05, 0.0, 157544,157669,125
8.73079e-05, 0.0, 157669,157793,124
8.55034e-05, 0.0, 157793,157913,120
8.43672e-05, 0.0, 157913,158036,123
8.36416e-05, 0.0, 158036,158160,124
8.64346e-05, 0.0, 158160,158284,124
8.94199e-05, 0.0, 158284,158407,123
8.88466e-05, 0.0, 158407,158531,124
8.56244e-05, 0.0, 158531,158658,127
8.20061e-05, 0.0, 158658,158781,123
8.43463e-05, 0.0, 158781,158904,123
8.59369e-05, 0.0, 158904,159025,121
