0.147277
0.0036988
0.004332
0.0091488
0.0146077
0.0158136
0.0090378
0.0144246
0.0097069
0.0185481
0.0069657
0.0106822
0.0078869
0.0056637
0.0073231
0.0052965
0.0052647
0.0066746
0.0055475
0.0045606
0.0060466
0.0048353
0.0041901
0.005199
0.0065661
0.0065135
0.0068713
0.0065319
0.0067591
0.008817
0.0047038
0.007066
0.0070446
0.0040949
0.008909
0.007016
0.0050527
0.020465
0.0179328
0.0076796
0.0170051
0.0082724
0.0105978
0.0165767
0.0058685
0.0235789
0.0177766
0.0155407
0.0234544
0.0182158
0.0093312
0.0165752
0.0087942
0.0046815
0.0174464
0.0053884
0.0165364
0.0077198
0.0088993
0.0086475
0.0108246
0.0070152
0.0050986
0.005079
0.0081958
0.0083517
0.0089264
0.0121886
0.0193223
0.0194843
0.00839
0.0043084
0.0099344
0.022951
0.0183505
0.0064889
0.0069579
0.0042268
0.0056546
0.0235236
0.0111513
0.0181447
0.0145517
0.0178114
0.009532
0.0108083
0.0193283
0.0046554
0.0182464
0.016799
0.0074862
0.007281
0.0066006
0.0091183
0.0050254
0.0067837
0.0066846
0.0078748
0.0068296
0.0066797
0.0063493
0.0043465
0.0053988
0.0063531
0.0047488
0.0098912
0.0060731
0.005924
0.0085139
0.0096475
0.0079363
0.0050511
0.0060649
0.0074554
0.0064871
0.0070907
0.0050084
0.0046697
0.0048862
0.0065121
0.0055991
0.0051264
0.0051453
0.012579
0.0142649
0.008427
0.0226697
0.0180941
0.0075044
0.0173177
0.0075702
0.0067634
0.0047024
0.0069677
0.0064064
0.0044629
0.0081505
0.0067404
0.005029
0.0052645
0.0054791
0.0080601
0.0072952
0.0054687
0.0049058
0.0067228
0.0090979
0.0068417
0.0060549
0.0069479
0.0056363
0.0085922
0.0065744
0.0756539
0.0099161
0.0078436
0.0071535
0.0040049
0.0152882
0.01196
0.022643
0.0215502
0.0373529
0.0214089
0.0060328
0.0128996
0.0069365
0.0056783
0.0158815
0.0174882
0.0126099
0.0194443
0.0194596
0.0108364
0.0108152
0.0186966
0.0083784
0.0137671
0.004882
0.0108019
0.0179652
0.0165212
0.0143119
0.0196701
0.0148335
0.0130335
0.007974
0.0166097
0.0301382
0.0165711
0.0123308
0.0164396
0.0187247
0.0136865
0.010475
0.0092948
0.0168149
0.0190871
0.0130688
0.0091286
0.0268389
0.0111442
0.0060377
0.0111125
0.0193323
0.0060459
0.016103
0.0137911
0.0082015
0.0090162
0.0063117
0.0202894
0.0048979
0.0041847
0.0134173
0.0087725
0.0088327
0.0073341
0.0110982
0.0091452
0.018678
0.0098713
0.004148
0.0160634
0.0225992
0.0106599
0.0179177
0.0112658
0.0217718
0.0067353
0.018185
0.015926
0.0073425
0.0083106
0.0040151
0.0110924
0.016885
0.0061917
0.018041
0.0180057
0.0088045
0.0148117
0.0046088
0.0073783
0.0131813
0.0059655
0.0108421
0.0196372
0.0065966
0.0102845
0.0083056
0.0199141
0.0207511
0.0086173
0.0251133
0.0115714
0.0061381
0.0189335
0.0188537
0.0077484
0.0184437
0.0220002
0.006736
0.0148905
0.0172502
0.0050309
0.0112362
0.0047362
0.0253601
0.0151534
0.0061983
0.0124292
0.0179774
0.0073829
0.0208393
0.0210635
0.004702
0.0176706
0.0166501
0.0076093
0.0179892
0.0134577
0.0045627
0.0164304
0.0082207
0.010116
0.0085092
0.0043402
0.0227158
0.0046809
0.0073732
0.0088864
0.0043835
0.008143
0.0049189
0.0040105
0.0115842
0.0044589
0.0139326
0.0169571
0.0047804
0.0117384
0.018527
0.0054546
0.0213695
0.0179703
0.0114385
0.0113678
0.0179397
0.0187797
0.0202825
0.0045975
0.015499
0.0048755
0.0146197
0.0148106
0.0207988
0.0123399
0.0181061
0.0187465
0.0081994
0.0159226
0.0054809
0.0114911
0.0140046
0.0171206
0.0222742
0.0151798
0.0142325
0.0238083
0.0203064
0.0048347
0.0258724
0.0176629
0.005031
0.0084148
0.0183955
0.0088489
0.0216234
0.0167267
0.007533
0.0177862
0.0192229
0.0068803
0.01621
0.0281041
0.00561
0.0171924
0.0077444
0.0235023
0.0172629
0.0062991
0.0113826
0.0154535
0.0101915
0.0180046
0.0047475
0.0131771
0.0178618
0.01018
0.0186372
0.0201612
0.0097404
0.004193
0.0177751
0.0132092
0.0191986
0.0155266
0.0168666
0.0214246
0.0187931
0.0069426
0.022458
0.0201178
0.0096891
0.0079587
0.0043667
0.0149715
0.0045454
0.0051638
0.0114568
0.0142176
0.0093263
0.0190713
0.0206185
0.0114518
0.0156583
0.0053859
0.0128283
0.0290397
0.0426401
0.0079853
0.0104885
0.0173539
0.0155016
0.0199961
0.0099123
0.0096619
0.0092134
0.0260533
0.0189464
0.0094534
0.020366
0.0198142
0.0078638
0.0177989
0.0201786
0.0066744
0.0183792
0.0066331
0.0149295
0.0206965
0.0045052
0.0187244
0.009104
0.0141962
0.0209084
0.0084671
0.0220039
0.0199075
0.0109044
0.0275996
0.0221007
0.0047692
0.0145012
0.0198613
0.0047605
0.0131261
0.0210896
0.0187975
0.0227033
0.005206
0.007916
0.006469
0.0075335
0.0068995
0.005073
0.0162783
0.012026
0.0046567
0.024559
0.0207424
0.0062323
0.0251488
0.0244318
0.0189977
0.007367
0.0048401
0.0138551
0.0098721
0.0114768
0.0076102
0.0207028
0.0207842
0.0051969
0.0164049
0.0100571
0.0060681
0.0189946
0.017337
0.0090715
0.0056043
0.0044665
0.0059538
0.0042657
0.0164629
0.0089285
0.0047748
0.0160884
0.0205254
0.0060785
0.006218
0.0184464
0.0081215
0.0063495
0.0044748
0.0081771
0.0170402
0.0105469
0.0170858
0.0078776
0.0083599
0.0173944
0.0123097
0.0209126
0.0089796
0.0051329
0.01917
0.005813
0.0271581
0.0220802
0.0182811
0.0195236
0.0083841
0.007729
0.0207891
0.0163798
0.008099
0.0159666
0.0080806
0.018254
0.0158799
0.0187976
0.0225877
0.0230433
0.0094082
0.0138432
0.0201702
0.0186779
0.0264365
0.0225305
0.0199335
0.0060593
0.0179866
0.0187082
0.0100729
0.017154
0.0059624
0.0249133
0.020845
0.0051265
0.0224323
0.0047326
0.0352218
0.0059351
0.0083797
0.0060834
0.0274648
0.0188152
0.0086868
0.0068305
0.016088
0.0097064
0.0163047
0.0050663
0.0193478
0.0229793
0.0097043
0.0252257
0.0191601
0.0058181
0.0169542
0.0179639
0.0120553
0.0159121
0.01812
0.0099981
0.0163346
0.0111086
0.0230709
0.018848
0.0089006
0.0125786
0.0178243
0.0065118
0.0206878
0.0184994
0.0095625
0.0173668
0.0176998
0.0126554
0.0190726
0.0182414
0.014108
0.0139249
0.0054522
