0.164375;
0.151559;
0.157363;
0.155336;
0.154948;
0.154448;
0.155208;
0.155065;
0.155277;
0.152523;
0.15163;
0.15441;
0.153526;
0.154502;
0.154597;
0.154479;
0.156391;
0.153628;
0.154027;
0.153815;
0.154712;
0.154146;
0.156076;
0.154564;
0.156517;
0.153943;
0.154747;
0.154317;
0.154542;
0.155022;
0.153729;
0.154553;
0.156409;
0.15186;
0.154115;
0.153672;
0.155174;
0.154292;
0.153949;
0.153862;
0.156195;
0.155769;
0.153844;
0.155976;
0.169075;
0.153097;
0.153411;
0.157716;
0.167575;
0.154817;
0.152633;
0.155675;
0.152458;
0.156779;
0.153407;
0.154459;
0.156056;
0.154675;
0.153396;
0.153586;
0.156024;
0.157113;
0.153113;
0.154486;
0.155796;
0.154735;
0.154762;
0.156631;
0.155014;
0.155686;
0.157952;
0.15592;
0.15234;
0.153871;
0.154797;
0.154927;
0.157685;
0.152523;
0.154731;
0.155414;
0.153251;
0.15583;
0.153701;
0.156689;
0.15971;
0.1661;
0.153207;
0.153269;
0.157363;
0.155744;
0.154637;
0.155673;
0.155814;
0.167243;
0.155168;
0.154802;
0.155389;
0.155042;
0.153588;
0.152819;
0.152961;
0.155531;
0.156165;
0.153772;
0.153274;
0.153896;
0.1603;
0.155511;
0.154136;
0.154645;
0.165164;
0.1527;
0.162999;
0.162486;
0.152274;
0.154643;
0.154634;
0.155115;
0.156995;
0.156437;
0.153946;
0.154013;
0.153756;
0.154266;
0.152166;
0.154861;
0.15334;
0.15615;
0.158353;
0.152104;
0.153334;
0.153202;
0.158086;
0.15685;
0.153887;
0.157346;
0.154418;
0.155425;
0.153161;
0.152824;
0.155144;
0.157669;
0.154458;
0.152199;
0.153367;
0.153643;
0.155609;
0.168087;
0.155093;
0.154233;
0.158751;
0.167943;
0.154139;
0.155796;
0.155999;
0.156606;
0.154068;
0.153068;
0.155401;
0.154305;
0.15506;
0.155314;
0.155269;
0.153707;
0.154001;
0.155163;
0.15547;
0.153055;
0.156861;
0.154108;
0.152628;
0.156182;
0.153907;
0.155817;
0.154104;
0.154583;
0.153644;
0.157447;
0.155338;
0.152575;
0.153733;
0.155756;
0.153723;
0.154214;
0.154589;
0.156665;
0.230402;
0.152958;
0.167022;
0.154783;
0.155742;
0.154029;
0.153599;
0.156139;
0.154143;
0.152701;
0.152444;
0.155137;
0.153675;
0.154427;
0.15438;
0.152702;
0.154495;
0.153525;
0.153369;
0.155591;
0.154851;
0.156791;
0.156343;
0.154291;
0.154101;
0.153578;
0.153249;
0.154324;
0.153812;
0.153022;
0.157425;
0.156752;
0.154196;
0.153436;
0.152602;
0.15535;
0.16029;
0.162799;
0.153458;
0.152717;
0.154717;
0.154729;
0.152088;
0.155462;
0.155173;
0.155171;
0.155063;
0.154372;
0.155404;
0.152046;
0.152236;
0.154263;
0.154606;
0.154499;
0.155678;
0.155487;
0.153657;
0.155179;
0.154182;
0.154374;
0.156624;
0.155802;
0.153524;
0.153356;
0.154026;
0.153647;
0.156252;
0.156841;
0.154456;
0.155765;
0.155717;
0.152109;
0.155164;
0.156306;
0.153468;
0.157054;
0.154465;
0.152415;
0.155744;
0.154032;
0.152486;
0.153895;
0.156633;
0.154865;
0.154735;
0.15578;
0.155543;
0.155006;
0.152778;
0.155601;
0.153273;
0.153786;
0.156487;
0.153811;
0.152707;
0.15482;
0.153613;
0.15439;
0.153043;
0.161987;
0.161423;
0.153639;
0.154024;
0.154576;
0.153047;
0.15657;
0.153872;
0.153608;
0.154635;
0.154777;
0.154736;
0.153202;
0.15563;
0.156755;
0.154577;
0.154252;
0.153947;
0.154121;
0.153101;
0.153883;
0.154161;
0.156106;
0.155079;
0.167558;
0.155815;
0.156051;
0.156986;
0.152155;
0.156134;
0.152285;
0.153675;
0.155495;
0.154436;
0.153235;
0.154051;
0.156099;
0.153584;
0.153887;
0.15368;
0.155071;
0.155764;
0.156025;
0.15406;
0.15545;
0.152428;
0.155347;
0.156783;
0.153708;
0.155184;
0.155882;
0.152885;
0.153857;
0.154181;
0.15788;
0.153282;
0.156039;
0.154078;
0.155043;
0.153862;
0.153596;
0.155163;
0.153307;
0.154772;
0.156728;
0.155997;
0.16726;
0.152957;
0.154726;
0.157032;
0.15473;
0.155395;
0.153859;
0.153561;
0.170985;
0.153689;
0.15464;
0.155264;
0.153335;
0.156721;
0.154217;
0.156118;
0.167739;
0.15582;
0.156896;
0.15614;
0.15377;
0.158307;
0.154253;
0.156965;
0.154056;
0.154371;
0.155224;
0.154731;
0.153539;
0.155126;
0.153137;
0.15403;
0.154801;
0.15289;
0.155193;
0.155404;
0.155662;
0.154134;
0.171766;
0.202649;
0.155834;
0.155755;
0.151596;
0.156887;
0.152555;
0.152754;
0.156178;
0.15332;
0.152021;
0.155035;
0.155196;
0.154495;
0.153037;
0.154242;
0.156045;
0.15571;
0.157796;
0.154748;
0.153531;
0.156109;
0.15484;
0.154125;
0.154836;
0.15331;
0.155531;
0.156662;
0.156156;
0.166152;
0.152043;
0.154885;
0.154889;
0.153126;
0.152959;
0.155342;
0.157597;
0.166276;
0.153941;
0.157524;
0.15453;
0.153899;
0.152987;
0.15425;
0.154957;
0.156287;
0.154299;
0.154015;
0.155365;
0.154458;
0.154892;
0.154784;
0.154948;
0.15603;
0.153874;
0.15757;
0.154905;
0.157145;
0.156548;
0.155351;
0.154345;
0.155102;
0.15369;
0.15434;
0.157449;
0.152403;
0.153806;
0.153929;
0.156435;
0.156475;
0.15264;
0.154922;
0.152784;
0.154763;
0.159779;
0.152649;
0.154791;
0.154145;
0.153382;
0.15572;
0.154918;
0.155709;
0.158431;
0.155749;
0.151999;
0.156167;
0.157045;
0.153473;
0.154271;
0.155656;
0.154593;
0.15354;
0.155677;
0.155852;
0.154719;
0.154219;
0.157606;
0.152529;
0.156322;
0.152457;
0.154785;
0.155169;
0.156157;
0.156792;
0.153216;
0.154578;
0.152973;
0.155273;
0.154872;
0.154283;
0.154117;
0.153803;
0.154221;
0.155273;
0.164638;
0.163354;
0.157811;
0.152799;
0.155722;
0.156833;
0.153794;
0.153805;
0.156014;
0.155411;
0.15308;
0.156557;
0.152173;
0.154917;
0.157097;
0.154517;
0.155543;
0.154376;
0.153769;
0.154331;
0.155377;
0.155948;
0.155017;
0.154905;
0.158159;
0.154158;
0.154885;
0.155654;
0.159265;
0.19298;
0.18164;
0.153167;
0.152538;
0.154134;
0.152531;
0.155157;
0.153655;
0.171501;
