nan, -0.7565816, -39.8660507, -217.4125214, 250.0;
nan, -0.7394155, -38.4648628, -218.0778503, 249.0;
nan, -0.6330013, -40.0091820, -219.1596527, 249.0;
nan, -0.5599658, -37.2663345, -219.6323395, 249.0;
nan, -0.8474986, -36.5591049, -220.4087982, 249.0;
nan, -0.7110437, -37.3864975, -221.3009644, 250.0;
nan, -0.6993611, -37.4698639, -222.0382233, 249.0;
nan, -0.7525285, -38.4409409, -222.8434601, 249.0;
nan, -0.7239183, -39.5739059, -223.6971436, 250.0;
nan, -0.7228057, -39.3291321, -224.3681335, 249.0;
nan, -0.6341934, -37.6456566, -225.0005798, 250.0;
nan, -0.5041758, -36.9252357, -225.5881348, 249.0;
nan, -0.6655057, -38.0907059, -226.3251495, 249.0;
nan, -0.6297429, -35.2662392, -226.7239532, 250.0;
nan, -0.7263820, -34.3383942, -227.2484741, 249.0;
nan, -0.7550716, -33.7259750, -227.8666992, 249.0;
nan, -0.6271203, -37.5619736, -228.9610291, 249.0;
nan, -0.6341140, -33.3428383, -229.0040283, 249.0;
nan, -0.8234978, -33.2987289, -229.6502991, 249.0;
nan, -0.7509391, -37.1162872, -230.6927490, 249.0;
nan, -0.6713073, -37.0753593, -231.2685242, 249.0;
nan, -0.5520980, -34.6354637, -231.6586456, 249.0;
nan, -0.6672541, -35.9138641, -232.2987366, 249.0;
nan, -0.5463759, -33.0785103, -232.5408020, 249.0;
nan, -0.3148715, -34.6210785, -233.2681427, 249.0;
nan, -0.7791519, -31.7442417, -233.4523621, 249.0;
nan, -0.8801619, -35.4684181, -234.4378967, 249.0;
nan, -0.6748835, -35.5219841, -234.9354706, 249.0;
nan, -0.9735425, -34.7677078, -235.3341980, 249.0;
nan, -0.7267793, -35.6260948, -235.9423218, 249.0;
nan, -0.7232825, -35.2342148, -236.3622589, 249.0;
nan, -0.7976691, -31.3930511, -236.5475922, 249.0;
nan, -0.7864634, -30.6992531, -236.9135590, 249.0;
nan, -0.7024606, -31.1565399, -237.3815765, 250.0;
nan, -0.7926623, -31.6158943, -237.9536133, 249.0;
nan, -0.7689794, -30.2998219, -238.1908417, 249.0;
nan, -0.7072290, -34.6264839, -239.1473083, 249.0;
nan, -0.6227493, -34.4790611, -239.5261536, 249.0;
nan, -0.6510417, -32.7810440, -239.8571472, 249.0;
nan, -0.7774035, -32.5806923, -240.1309509, 248.0;
nan, -0.5341371, -31.0926437, -240.4229126, 250.0;
nan, -0.8473396, -29.7379494, -240.7131653, 249.0;
nan, -0.6971359, -33.1478920, -241.3974304, 250.0;
nan, -0.8083184, -30.4293633, -241.5958710, 249.0;
nan, -0.6762345, -29.2964783, -241.7620392, 256.0;
nan, -0.6965001, -33.2363434, -242.6204224, 249.0;
nan, -0.6708304, -30.0996304, -242.4514771, 249.0;
nan, -0.8632342, -30.8685303, -247.6050415, 249.0;
nan, -0.5567074, -29.3842945, -247.7801971, 249.0;
nan, -0.8264382, -29.6768341, -248.1171570, 250.0;
nan, -0.7971128, -29.1966591, -248.6497192, 249.0;
nan, -0.7155736, -30.3949509, -249.0667877, 248.0;
nan, -0.7243951, -27.2696819, -248.9360504, 249.0;
nan, -0.9142558, -30.8946762, -249.6170502, 249.0;
nan, -0.7314682, -27.0849075, -249.6811218, 249.0;
nan, -0.8385976, -29.4594765, -250.0684509, 249.0;
nan, -0.7506211, -31.0004559, -250.5967255, 249.0;
nan, -0.8065701, -28.2004681, -250.6261139, 249.0;
nan, -0.7259051, -26.8166065, -250.9683380, 249.0;
nan, -0.8830230, -27.5504589, -251.3138123, 249.0;
nan, -0.8873940, -27.6224613, -251.5118408, 249.0;
nan, -0.8292198, -30.8977757, -252.0386047, 259.0;
nan, -0.7400513, -26.4596138, -251.9694519, 250.0;
nan, -0.7598400, -30.5614471, -252.5119476, 249.0;
nan, -0.9044011, -26.2534618, -252.3898773, 249.0;
nan, -0.8425713, -27.5720749, -252.7560883, 249.0;
nan, -0.8362134, -30.5307713, -253.4355774, 250.0;
nan, -0.6807645, -26.7606583, -253.2175751, 250.0;
nan, -0.7205804, -28.8821850, -253.7164459, 250.0;
nan, -0.8503596, -28.2068253, -253.8090057, 249.0;
nan, -0.7849534, -29.8062172, -254.3616638, 249.0;
nan, -0.7898808, -30.0758686, -254.5850525, 249.0;
nan, -0.8195241, -30.2080307, -254.7446442, 249.0;
nan, -0.8913676, -25.7128086, -254.4515381, 249.0;
nan, -0.7348855, -26.0215607, -254.6609650, 249.0;
nan, -0.8302529, -30.0393105, -255.2238770, 249.0;
nan, -0.9953181, -29.5639839, -255.3702545, 249.0;
nan, -0.6514390, -27.9811230, -255.3782806, 249.0;
nan, -0.8816719, -25.5919304, -255.4072113, 249.0;
nan, -0.8302529, -26.0052681, -255.6209259, 249.0;
nan, -0.8360545, -26.0123405, -255.7528381, 249.0;
nan, -0.8286635, -29.7521744, -256.2949219, 249.0;
nan, -0.6494522, -27.5653210, -256.1530762, 249.0;
nan, -0.8155505, -25.4133549, -256.0984802, 249.0;
nan, -0.7781982, -29.1577187, -256.6430359, 249.0;
nan, -0.6460349, -26.1693001, -256.4184875, 249.0;
nan, -0.5637805, -27.7798176, -256.8992310, 250.0;
nan, -0.8475780, -27.4639931, -257.0359497, 249.0;
nan, -0.7716020, -29.4518471, -257.3408813, 249.0;
nan, -0.9081364, -26.1561871, -257.1482849, 249.0;
nan, -0.7561048, -28.7462082, -257.5027771, 249.0;
nan, -0.8695920, -25.2359715, -257.2299194, 249.0;
nan, -0.9009838, -25.1115952, -257.2902527, 249.0;
nan, -0.7136663, -29.6725426, -257.8807068, 249.0;
nan, -0.8074443, -29.5190811, -258.1297913, 249.0;
nan, -0.7239183, -28.4930859, -258.1490173, 249.0;
nan, -0.8912086, -24.9982681, -257.8382263, 249.0;
nan, -0.8989175, -24.9652061, -258.0356445, 249.0;
nan, -0.8942286, -24.9383450, -258.1459351, 249.0;
nan, -0.9249846, -25.6570969, -258.3600159, 249.0;
nan, -0.7910728, -29.1974545, -258.7671509, 249.0;
nan, -0.6402333, -25.7527828, -258.4383850, 249.0;
nan, -0.8355777, -27.0068645, -258.7757263, 250.0;
nan, -0.8849303, -26.8254280, -258.8534546, 249.0;
nan, -0.7298787, -28.1091537, -259.0486755, 249.0;
nan, -0.8940697, -28.0727539, -259.1475220, 249.0;
nan, -0.7285277, -26.5887585, -259.0713806, 250.0;
nan, -0.7243156, -27.1873474, -259.2583923, 249.0;
nan, -0.8918445, -26.6644154, -259.2205811, 249.0;
nan, -0.9277661, -26.4875088, -259.2874756, 249.0;
nan, -0.5971591, -26.9784126, -259.4548340, 250.0;
nan, -0.8161068, -27.7567711, -259.5656128, 249.0;
nan, -0.7680257, -27.1278229, -259.6206970, 249.0;
nan, -0.7869403, -26.9008484, -259.6224670, 249.0;
nan, -0.7988612, -27.1486435, -259.8823242, 249.0;
nan, -0.9814104, -26.2657795, -259.8088989, 249.0;
nan, -0.8109410, -27.2509251, -260.0301514, 249.0;
nan, -0.8021991, -27.5396500, -260.0991516, 250.0;
nan, -0.8242925, -27.3101330, -260.1607971, 249.0;
nan, -0.8272330, -27.9502869, -260.2618103, 250.0;
nan, -0.9349187, -26.3365898, -260.1714478, 249.0;
nan, -0.8159478, -27.3673534, -260.4525452, 249.0;
nan, -0.6033580, -26.7767105, -260.4763184, 249.0;
nan, -0.8199215, -27.6200771, -260.5710449, 249.0;
nan, -0.8050601, -27.0038452, -260.6045837, 249.0;
nan, -0.9722710, -26.1564255, -260.5992432, 235.0;
nan, -0.7851918, -26.3541546, -260.7055969, 249.0;
nan, -0.8273125, -27.0514488, -260.8452148, 249.0;
nan, -0.9199778, -26.5997257, -260.8395691, 250.0;
nan, -0.9531975, -25.9351730, -260.7577209, 249.0;
nan, -0.8200805, -27.3844395, -261.0239563, 249.0;
nan, -0.9032885, -26.5166759, -260.9893188, 249.0;
nan, -0.7947286, -27.0855427, -261.0949402, 249.0;
nan, -0.8039474, -26.8002357, -261.1489563, 249.0;
nan, -0.8262793, -27.4829063, -261.2572937, 250.0;
nan, -1.0172526, -25.8239899, -261.1044617, 250.0;
nan, -0.6589095, -27.9239025, -261.4073486, 249.0;
nan, -0.8959770, -25.9397030, -261.2702637, 249.0;
nan, -0.7990996, -26.8494282, -261.4550781, 249.0;
nan, -0.7412434, -27.8342571, -261.5758057, 249.0;
nan, -0.6047090, -26.6111698, -261.5517273, 250.0;
nan, -0.8260409, -27.4674091, -261.6420898, 250.0;
nan, -0.7803440, -27.4613705, -261.6651306, 249.0;
nan, -0.6635189, -27.7798176, -261.7881470, 249.0;
nan, -0.9191036, -26.0333214, -261.6224670, 249.0;
nan, -0.7478396, -27.6819077, -261.8751831, 242.0;
nan, -0.7800261, -26.8043671, -261.8873291, 249.0;
nan, -0.7998943, -27.0668659, -261.9100952, 249.0;
nan, -0.7743835, -26.1251125, -261.8292542, 249.0;
nan, -0.7839997, -27.7363453, -262.0946960, 249.0;
nan, -0.8083979, -26.2261238, -261.9760437, 249.0;
nan, -0.8069674, -27.5947247, -262.1608887, 249.0;
nan, -0.9115537, -25.8913841, -261.9888611, 249.0;
nan, -0.8021991, -27.5245514, -262.2348022, 249.0;
nan, -0.6835461, -26.5725460, -262.2248840, 249.0;
nan, -0.8250872, -27.3661613, -262.2917786, 249.0;
nan, -0.9403229, -26.2328777, -262.2034302, 249.0;
nan, -0.8346240, -27.6073608, -262.3690491, 249.0;
nan, -1.0037422, -25.9261932, -262.2039490, 250.0;
nan, -0.9581248, -26.2115002, -262.2983704, 249.0;
nan, -0.8533001, -27.6097450, -262.4607239, 250.0;
nan, -0.8781751, -26.0586739, -262.3706055, 249.0;
nan, -0.8916060, -27.6005268, -262.5603943, 249.0;
nan, -1.0475317, -25.8254204, -262.3865356, 249.0;
nan, -0.9099643, -26.3838768, -262.5402222, 249.0;
nan, -0.7796288, -26.0977745, -262.5441895, 249.0;
nan, -1.0376772, -25.7190075, -262.5034180, 249.0;
nan, -0.9978613, -25.8688126, -262.5280762, 261.0;
nan, -0.8159478, -26.9026756, -262.7034607, 250.0;
nan, -0.8486907, -26.9594994, -262.7172241, 249.0;
nan, -0.9716352, -26.1958447, -262.6369324, 249.0;
nan, -0.8057753, -26.1310730, -262.6478271, 249.0;
nan, -0.9414355, -26.3124313, -262.7019653, 249.0;
nan, -0.8118947, -27.5700893, -262.8092957, 249.0;
nan, -0.9341240, -25.4383888, -262.6261292, 250.0;
nan, -0.8838177, -28.0210171, -262.9623108, 249.0;
nan, -0.9583632, -24.7911606, -262.6397400, 248.0;
nan, -0.9676616, -25.1769218, -262.7414551, 257.0;
nan, -0.9473960, -24.7394238, -262.6984558, 249.0;
nan, -0.8811156, -27.6262760, -263.0535278, 249.0;
nan, -0.9489059, -25.7754326, -262.8260803, 249.0;
nan, -0.8250872, -27.7286377, -263.1005859, 249.0;
nan, -0.8757114, -27.5644455, -263.0941467, 249.0;
nan, -1.0837713, -25.8270893, -262.8891296, 249.0;
nan, -0.9815693, -26.0516796, -262.9667664, 249.0;
nan, -0.7940928, -27.1829758, -263.0981140, 249.0;
nan, -0.9629726, -25.7754326, -262.9965515, 250.0;
nan, -0.8742809, -26.4104996, -263.1443787, 249.0;
nan, -0.7767677, -26.0519180, -263.0862122, 250.0;
nan, -0.8428891, -26.5725460, -263.2398987, 249.0;
nan, -0.8214315, -27.6180897, -263.3392639, 249.0;
nan, -1.0586580, -25.7373657, -263.1430969, 249.0;
nan, -0.8529027, -27.1861553, -263.3218994, 249.0;
nan, -0.8475780, -26.8562641, -263.3312988, 249.0;
nan, -0.8769830, -26.6096592, -263.3453674, 250.0;
nan, -1.0455450, -25.7505569, -263.2031860, 249.0;
nan, -0.8456707, -27.6131630, -263.4570313, 250.0;
nan, -0.8425713, -26.5419483, -263.3863831, 249.0;
nan, -0.9651979, -26.1994209, -263.3513184, 249.0;
nan, -0.8661747, -27.1768570, -263.4589844, 250.0;
nan, -0.9148121, -28.2968674, -263.5796509, 249.0;
nan, -0.9927750, -24.8217583, -263.2173157, 249.0;
nan, -0.8514722, -27.4824295, -263.5801086, 249.0;
nan, -0.9629726, -26.0688457, -263.4890442, 249.0;
nan, -1.0037422, -27.3373928, -263.5935669, 249.0;
nan, -0.9637673, -25.5541801, -263.3865051, 249.0;
nan, -0.9685357, -27.2646751, -263.6518250, 250.0;
nan, -0.9090900, -27.8569069, -263.7315063, 249.0;
nan, -1.0451475, -25.1711998, -263.4393921, 248.0;
nan, -0.6151199, -26.5684929, -263.7256470, 249.0;
nan, -1.0643005, -25.6901588, -263.5916443, 249.0;
nan, -0.7657210, -27.6375618, -263.8439026, 249.0;
nan, -1.0823408, -25.6960392, -263.6453857, 248.0;
nan, -0.8812745, -26.6970005, -263.8268127, 249.0;
nan, -1.1121432, -25.7244911, -263.6557922, 249.0;
nan, -0.9526412, -26.2381229, -263.7757874, 249.0;
nan, -0.8683205, -27.2374954, -263.8546143, 249.0;
nan, -0.8691947, -27.0826817, -263.8797913, 249.0;
nan, -0.8793672, -27.0315800, -263.8976746, 249.0;
nan, -0.8412202, -27.3121986, -263.9347229, 249.0;
nan, -1.0292530, -25.6985035, -263.7439880, 249.0;
nan, -0.9794235, -26.1162910, -263.8740845, 265.0;
nan, -1.0624727, -25.6745014, -263.7749023, 249.0;
nan, -0.9683768, -25.7802010, -263.8166199, 249.0;
nan, -0.9063880, -27.4927616, -264.0273132, 249.0;
nan, -0.6991227, -26.3129864, -263.9508057, 249.0;
nan, -0.9167194, -26.0716286, -263.9286804, 249.0;
nan, -0.9252231, -26.8336143, -264.0161743, 249.0;
nan, -0.8868377, -26.8494282, -264.0238953, 249.0;
nan, -0.8949439, -26.6946945, -264.0339050, 249.0;
nan, -0.9063880, -27.1299686, -264.0805054, 249.0;
nan, -0.7677078, -26.2631569, -264.0242920, 249.0;
nan, -1.0418892, -25.9261131, -263.9592896, 249.0;
nan, -0.7824103, -27.6184082, -264.1298523, 249.0;
nan, -1.0128816, -25.5707893, -263.8908691, 250.0;
nan, -0.8997123, -27.4591446, -264.1335754, 249.0;
nan, -1.1119843, -25.6148968, -263.9111328, 249.0;
nan, -0.8886655, -26.1732731, -264.0454407, 249.0;
nan, -1.1089643, -25.5617294, -263.9140930, 249.0;
nan, -0.8873145, -27.3163319, -264.1776733, 249.0;
nan, -0.8567174, -25.7067680, -263.9817810, 249.0;
nan, -0.9365082, -28.1838570, -264.2687683, 249.0;
nan, -0.9377797, -27.9553738, -264.2560425, 249.0;
nan, -0.9760857, -25.5248547, -263.9754944, 249.0;
nan, -0.9691715, -27.5041256, -264.2307129, 250.0;
nan, -0.8953412, -27.0238724, -264.2357178, 250.0;
nan, -1.0317167, -25.1541138, -264.0199890, 258.0;
nan, -0.9354751, -28.1672478, -264.3530579, 249.0;
nan, -0.9991328, -24.9645710, -263.9980469, 248.0;
nan, -0.9099643, -27.5262203, -264.3053284, 249.0;
nan, -1.0060469, -25.7423725, -264.0767517, 249.0;
nan, -0.8556048, -26.6612377, -264.2421570, 249.0;
nan, -0.9105206, -27.4874363, -264.2954712, 249.0;
nan, -0.8996328, -26.3799038, -264.2264099, 249.0;
nan, -0.9996891, -25.8460846, -264.1286621, 249.0;
nan, -0.8880298, -27.1551609, -264.3262939, 249.0;
nan, -1.0864735, -25.8620586, -264.1802979, 248.0;
nan, -0.8575122, -26.6120434, -264.3292236, 249.0;
nan, -1.0857582, -26.0281563, -264.2615051, 249.0;
nan, -0.9922981, -26.2458324, -264.3280334, 249.0;
nan, -0.9095669, -27.2402763, -264.4346008, 249.0;
nan, -0.9510517, -25.9646568, -264.2836304, 249.0;
nan, -0.9522438, -27.5954399, -264.4841309, 250.0;
nan, -0.9530385, -26.8503036, -264.4383545, 250.0;
nan, -0.8976460, -26.9825459, -264.4609985, 249.0;
nan, -0.9842714, -26.3886452, -264.4109497, 249.0;
nan, -1.0697842, -25.8776340, -264.3028564, 249.0;
nan, -0.8683205, -27.7411938, -264.5357056, 249.0;
nan, -1.0330677, -25.7798042, -264.3053894, 249.0;
nan, -1.0309219, -27.5762882, -264.5239563, 249.0;
nan, -0.9627342, -28.5627041, -264.6835022, 249.0;
nan, -0.9129047, -28.4126606, -264.6547546, 249.0;
nan, -0.8556048, -26.6067181, -264.5075684, 254.0;
nan, -0.8809566, -28.4612980, -264.6553955, 249.0;
nan, -1.0333061, -27.8596077, -264.5982361, 249.0;
nan, -1.0455450, -25.5744457, -264.3140564, 250.0;
nan, -0.9256204, -27.6819859, -264.5945740, 249.0;
nan, -1.1041960, -25.0578728, -264.3625488, 250.0;
nan, -0.6645520, -26.9339085, -264.5846558, 249.0;
nan, -1.0132790, -27.3803082, -264.6021423, 249.0;
nan, -0.9921392, -25.2089500, -264.3506165, 249.0;
nan, -0.9848276, -28.3880234, -264.7203064, 250.0;
nan, -1.0164579, -24.6541500, -264.3014221, 249.0;
nan, -0.8965333, -24.9755383, -264.3259888, 249.0;
nan, -0.9720325, -27.1625519, -264.5984802, 249.0;
nan, -0.9290377, -27.8724041, -264.6899414, 249.0;
nan, -0.9877682, -24.6691704, -264.3370361, 244.0;
nan, -0.8908113, -24.7260723, -264.3609314, 250.0;
nan, -1.1862913, -27.6999474, -264.6902771, 249.0;
