nan, 0.0008334, -0.0335968, -0.2225269, 250.0;
nan, 0.0008319, -0.0333989, -0.2232333, 250.0;
nan, 0.0008323, -0.0332065, -0.2239201, 249.0;
nan, 0.0008401, -0.0330241, -0.2245478, 249.0;
nan, 0.0008292, -0.0327551, -0.2253349, 250.0;
nan, 0.0008260, -0.0325800, -0.2259775, 249.0;
nan, 0.0008393, -0.0324308, -0.2266628, 250.0;
nan, 0.0008397, -0.0322618, -0.2272788, 250.0;
nan, 0.0008443, -0.0320988, -0.2278862, 249.0;
nan, 0.0008447, -0.0319448, -0.2284730, 249.0;
nan, 0.0008407, -0.0317787, -0.2290680, 249.0;
nan, 0.0008368, -0.0315477, -0.2296797, 249.0;
nan, 0.0008357, -0.0314753, -0.2301964, 249.0;
nan, 0.0008439, -0.0312922, -0.2307603, 249.0;
nan, 0.0008429, -0.0311292, -0.2313012, 249.0;
nan, 0.0008475, -0.0310060, -0.2318169, 249.0;
nan, 0.0008515, -0.0308828, -0.2323346, 250.0;
nan, 0.0008589, -0.0308077, -0.2328219, 249.0;
nan, 0.0008610, -0.0306977, -0.2332839, 249.0;
nan, 0.0008624, -0.0305743, -0.2337373, 249.0;
nan, 0.0008522, -0.0304321, -0.2341995, 249.0;
nan, 0.0008508, -0.0302827, -0.2346755, 249.0;
nan, 0.0008555, -0.0302658, -0.2350212, 249.0;
nan, 0.0008454, -0.0300635, -0.2354958, 249.0;
nan, 0.0008548, -0.0299479, -0.2359530, 249.0;
nan, 0.0008635, -0.0299165, -0.2364053, 249.0;
nan, 0.0008616, -0.0298237, -0.2368176, 249.0;
nan, 0.0008519, -0.0296801, -0.2372297, 249.0;
nan, 0.0008580, -0.0295622, -0.2376354, 250.0;
nan, 0.0008578, -0.0294952, -0.2379903, 249.0;
nan, 0.0008503, -0.0294014, -0.2383343, 249.0;
nan, 0.0008512, -0.0293078, -0.2386854, 249.0;
nan, 0.0008674, -0.0292664, -0.2390596, 249.0;
nan, 0.0008691, -0.0292237, -0.2394137, 249.0;
nan, 0.0008674, -0.0291424, -0.2397589, 249.0;
nan, 0.0008707, -0.0291007, -0.2400578, 249.0;
nan, 0.0008677, -0.0290207, -0.2403776, 249.0;
nan, 0.0008622, -0.0289285, -0.2406983, 249.0;
nan, 0.0008519, -0.0288176, -0.2410111, 249.0;
nan, 0.0008535, -0.0287586, -0.2412949, 249.0;
nan, 0.0008550, -0.0286380, -0.2416180, 250.0;
nan, 0.0008574, -0.0285923, -0.2419003, 249.0;
nan, 0.0008538, -0.0285388, -0.2421685, 249.0;
nan, 0.0008662, -0.0284916, -0.2424413, 250.0;
nan, 0.0008710, -0.0284743, -0.2427000, 249.0;
nan, 0.0008671, -0.0284097, -0.2429693, 249.0;
nan, 0.0008690, -0.0283724, -0.2431977, 249.0;
nan, 0.0008520, -0.0282826, -0.2434562, 249.0;
nan, 0.0008523, -0.0281789, -0.2437223, 249.0;
nan, 0.0008574, -0.0282040, -0.2439794, 250.0;
nan, 0.0008531, -0.0273418, -0.2488877, 249.0;
nan, 0.0008601, -0.0273193, -0.2491719, 250.0;
nan, 0.0008490, -0.0272965, -0.2493541, 249.0;
nan, 0.0008405, -0.0272180, -0.2495002, 249.0;
nan, 0.0008432, -0.0271358, -0.2498614, 249.0;
nan, 0.0008583, -0.0272086, -0.2499594, 249.0;
nan, 0.0008466, -0.0271532, -0.2501166, 249.0;
nan, 0.0008507, -0.0272024, -0.2502123, 249.0;
nan, 0.0008283, -0.0270633, -0.2506123, 249.0;
nan, 0.0008372, -0.0270322, -0.2507295, 250.0;
nan, 0.0008519, -0.0270567, -0.2508310, 249.0;
nan, 0.0008465, -0.0270884, -0.2509264, 249.0;
nan, 0.0008381, -0.0269055, -0.2514323, 250.0;
nan, 0.0008528, -0.0269685, -0.2515115, 250.0;
nan, 0.0008472, -0.0269091, -0.2515925, 250.0;
nan, 0.0008425, -0.0268820, -0.2516927, 247.0;
nan, 0.0008566, -0.0269579, -0.2517159, 250.0;
nan, 0.0008325, -0.0268265, -0.2519923, 250.0;
nan, 0.0008465, -0.0268620, -0.2520618, 249.0;
nan, 0.0008543, -0.0268513, -0.2521414, 249.0;
nan, 0.0008397, -0.0267359, -0.2524606, 249.0;
nan, 0.0008435, -0.0267382, -0.2525941, 249.0;
nan, 0.0008369, -0.0266959, -0.2527711, 250.0;
nan, 0.0008453, -0.0267713, -0.2528298, 250.0;
nan, 0.0008481, -0.0267204, -0.2531394, 257.0;
nan, 0.0008470, -0.0267971, -0.2531933, 249.0;
nan, 0.0008411, -0.0267456, -0.2532559, 249.0;
nan, 0.0008384, -0.0267257, -0.2533110, 249.0;
nan, 0.0008481, -0.0268173, -0.2533194, 250.0;
nan, 0.0008531, -0.0267920, -0.2534765, 250.0;
nan, 0.0008357, -0.0267062, -0.2535369, 250.0;
nan, 0.0008466, -0.0267139, -0.2535634, 249.0;
nan, 0.0008500, -0.0267789, -0.2537534, 249.0;
nan, 0.0008387, -0.0266778, -0.2538050, 250.0;
nan, 0.0008428, -0.0267446, -0.2538409, 250.0;
nan, 0.0008441, -0.0266949, -0.2540201, 249.0;
nan, 0.0008352, -0.0266739, -0.2540435, 249.0;
nan, 0.0008500, -0.0267589, -0.2540785, 250.0;
nan, 0.0008373, -0.0267217, -0.2541404, 249.0;
nan, 0.0008490, -0.0267150, -0.2543033, 249.0;
nan, 0.0008523, -0.0266849, -0.2543673, 249.0;
nan, 0.0008551, -0.0267245, -0.2544009, 249.0;
nan, 0.0008461, -0.0266927, -0.2544352, 244.0;
nan, 0.0008506, -0.0266355, -0.2546259, 250.0;
nan, 0.0008518, -0.0266822, -0.2546641, 250.0;
nan, 0.0008437, -0.0265873, -0.2547083, 249.0;
nan, 0.0008520, -0.0266150, -0.2547419, 250.0;
nan, 0.0008477, -0.0266154, -0.2547415, 249.0;
nan, 0.0008527, -0.0265636, -0.2548460, 249.0;
nan, 0.0008486, -0.0266257, -0.2548715, 249.0;
nan, 0.0008462, -0.0265798, -0.2549058, 250.0;
nan, 0.0008566, -0.0266818, -0.2549120, 249.0;
nan, 0.0008376, -0.0266200, -0.2550466, 249.0;
nan, 0.0008424, -0.0266120, -0.2550947, 249.0;
nan, 0.0008401, -0.0265928, -0.2551128, 249.0;
nan, 0.0008150, -0.0266314, -0.2552142, 254.0;
nan, 0.0008539, -0.0265534, -0.2552736, 249.0;
nan, 0.0008883, -0.0265506, -0.2553057, 249.0;
nan, 0.0009115, -0.0266209, -0.2553332, 250.0;
nan, 0.0008937, -0.0265532, -0.2553571, 249.0;
nan, 0.0008846, -0.0265751, -0.2554938, 249.0;
nan, 0.0009253, -0.0266321, -0.2554810, 249.0;
nan, 0.0009029, -0.0265749, -0.2555239, 250.0;
nan, 0.0009168, -0.0266445, -0.2555527, 250.0;
nan, 0.0009408, -0.0265582, -0.2556769, 250.0;
nan, 0.0008948, -0.0266077, -0.2556885, 250.0;
nan, 0.0009094, -0.0265343, -0.2557370, 249.0;
nan, 0.0009150, -0.0265371, -0.2557806, 249.0;
nan, 0.0009052, -0.0265646, -0.2558078, 250.0;
nan, 0.0009027, -0.0265913, -0.2558318, 250.0;
nan, 0.0008841, -0.0265651, -0.2558686, 249.0;
nan, 0.0008830, -0.0265151, -0.2558964, 249.0;
nan, 0.0008854, -0.0265014, -0.2559264, 250.0;
nan, 0.0008905, -0.0265277, -0.2559595, 250.0;
nan, 0.0008975, -0.0266041, -0.2559747, 249.0;
nan, 0.0008972, -0.0266492, -0.2560672, 249.0;
nan, 0.0008804, -0.0265888, -0.2560771, 249.0;
nan, 0.0008802, -0.0265530, -0.2560997, 249.0;
nan, 0.0008861, -0.0265695, -0.2561332, 249.0;
nan, 0.0008854, -0.0266052, -0.2562114, 249.0;
nan, 0.0008742, -0.0265633, -0.2562226, 249.0;
nan, 0.0008729, -0.0266043, -0.2562321, 249.0;
nan, 0.0008713, -0.0265392, -0.2562436, 249.0;
nan, 0.0008812, -0.0265364, -0.2562889, 249.0;
nan, 0.0008786, -0.0266240, -0.2563502, 250.0;
nan, 0.0008663, -0.0265348, -0.2563681, 250.0;
nan, 0.0008744, -0.0265836, -0.2564180, 249.0;
nan, 0.0008627, -0.0265323, -0.2565430, 249.0;
nan, 0.0008670, -0.0266178, -0.2565522, 250.0;
nan, 0.0008710, -0.0266031, -0.2565782, 249.0;
nan, 0.0008603, -0.0265539, -0.2565980, 250.0;
nan, 0.0008571, -0.0265368, -0.2566796, 249.0;
nan, 0.0008607, -0.0266108, -0.2566763, 249.0;
nan, 0.0008600, -0.0265657, -0.2567196, 249.0;
nan, 0.0008801, -0.0266520, -0.2567199, 249.0;
nan, 0.0008674, -0.0266050, -0.2567475, 249.0;
nan, 0.0008901, -0.0266716, -0.2568338, 249.0;
nan, 0.0008802, -0.0266107, -0.2568504, 249.0;
nan, 0.0008740, -0.0265711, -0.2568563, 249.0;
nan, 0.0008844, -0.0266557, -0.2568704, 249.0;
nan, 0.0008420, -0.0266136, -0.2569071, 250.0;
nan, 0.0008678, -0.0266154, -0.2569312, 250.0;
nan, 0.0009053, -0.0267046, -0.2569259, 249.0;
nan, 0.0009565, -0.0266394, -0.2569804, 249.0;
nan, 0.0009003, -0.0267100, -0.2569665, 250.0;
nan, 0.0009099, -0.0266852, -0.2569998, 249.0;
nan, 0.0009103, -0.0266807, -0.2570069, 249.0;
nan, 0.0008996, -0.0267322, -0.2570091, 250.0;
nan, 0.0009468, -0.0267376, -0.2570269, 249.0;
nan, 0.0009406, -0.0266945, -0.2570491, 250.0;
nan, 0.0009847, -0.0266809, -0.2570784, 250.0;
nan, 0.0009337, -0.0267013, -0.2571000, 249.0;
nan, 0.0009193, -0.0267526, -0.2571100, 249.0;
nan, 0.0009506, -0.0267185, -0.2571412, 250.0;
nan, 0.0009605, -0.0267752, -0.2571702, 250.0;
nan, 0.0009361, -0.0266997, -0.2571670, 250.0;
nan, 0.0009302, -0.0267526, -0.2572029, 249.0;
nan, 0.0009325, -0.0267736, -0.2572063, 249.0;
nan, 0.0009358, -0.0268101, -0.2572108, 254.0;
nan, 0.0009332, -0.0267817, -0.2572324, 249.0;
nan, 0.0009255, -0.0267142, -0.2572704, 249.0;
nan, 0.0009309, -0.0267856, -0.2572574, 250.0;
nan, 0.0009201, -0.0266947, -0.2572961, 250.0;
nan, 0.0009205, -0.0267374, -0.2573570, 249.0;
nan, 0.0009116, -0.0267326, -0.2573614, 250.0;
nan, 0.0009047, -0.0266918, -0.2573762, 250.0;
nan, 0.0009095, -0.0267566, -0.2573917, 249.0;
nan, 0.0009086, -0.0267812, -0.2574158, 250.0;
nan, 0.0009032, -0.0267669, -0.2574179, 249.0;
nan, 0.0009007, -0.0267219, -0.2574483, 249.0;
nan, 0.0009005, -0.0267406, -0.2574795, 249.0;
nan, 0.0009048, -0.0267824, -0.2575569, 249.0;
nan, 0.0008996, -0.0268352, -0.2575689, 250.0;
nan, 0.0008868, -0.0268021, -0.2575799, 249.0;
nan, 0.0008908, -0.0267547, -0.2575964, 250.0;
nan, 0.0008926, -0.0268276, -0.2576198, 249.0;
nan, 0.0008870, -0.0267673, -0.2576581, 249.0;
nan, 0.0008872, -0.0268182, -0.2576639, 250.0;
nan, 0.0008804, -0.0268229, -0.2576700, 250.0;
nan, 0.0008862, -0.0267845, -0.2577243, 249.0;
nan, 0.0008749, -0.0267440, -0.2577390, 249.0;
nan, 0.0008837, -0.0267615, -0.2577451, 249.0;
nan, 0.0008818, -0.0267809, -0.2577547, 249.0;
nan, 0.0008734, -0.0267749, -0.2577502, 250.0;
nan, 0.0008744, -0.0268079, -0.2577758, 249.0;
nan, 0.0008729, -0.0267448, -0.2578087, 249.0;
nan, 0.0008840, -0.0267694, -0.2578123, 250.0;
nan, 0.0008747, -0.0267442, -0.2578167, 249.0;
nan, 0.0007271, -0.0267065, -0.2578408, 249.0;
nan, 0.0009305, -0.0266420, -0.2578524, 249.0;
nan, 0.0008496, -0.0266496, -0.2578687, 249.0;
nan, 0.0008907, -0.0265898, -0.2578984, 249.0;
nan, 0.0009543, -0.0266472, -0.2579098, 249.0;
nan, 0.0009611, -0.0266269, -0.2579179, 249.0;
nan, 0.0008670, -0.0266593, -0.2579271, 250.0;
nan, 0.0009797, -0.0266543, -0.2579775, 249.0;
nan, 0.0009539, -0.0266019, -0.2580253, 249.0;
nan, 0.0009599, -0.0265846, -0.2580333, 249.0;
nan, 0.0009998, -0.0266434, -0.2580318, 249.0;
nan, 0.0009595, -0.0266016, -0.2580593, 250.0;
nan, 0.0009636, -0.0265988, -0.2580919, 249.0;
nan, 0.0009670, -0.0266818, -0.2581004, 249.0;
nan, 0.0009309, -0.0266394, -0.2581117, 249.0;
nan, 0.0009143, -0.0265826, -0.2581291, 249.0;
nan, 0.0009158, -0.0266353, -0.2581501, 249.0;
nan, 0.0009181, -0.0266702, -0.2581725, 249.0;
nan, 0.0009179, -0.0266092, -0.2582130, 250.0;
nan, 0.0009195, -0.0266238, -0.2582829, 250.0;
nan, 0.0009255, -0.0266347, -0.2582907, 250.0;
nan, 0.0009189, -0.0266163, -0.2583128, 249.0;
nan, 0.0009214, -0.0266867, -0.2583115, 262.0;
nan, 0.0009136, -0.0266808, -0.2583830, 249.0;
nan, 0.0009087, -0.0266953, -0.2584006, 250.0;
nan, 0.0009019, -0.0266143, -0.2584665, 249.0;
nan, 0.0009096, -0.0266553, -0.2584645, 250.0;
nan, 0.0009065, -0.0267187, -0.2584860, 250.0;
nan, 0.0009115, -0.0267311, -0.2584904, 249.0;
nan, 0.0009162, -0.0267293, -0.2585137, 249.0;
nan, 0.0009058, -0.0266898, -0.2585078, 249.0;
nan, 0.0008979, -0.0266865, -0.2585241, 249.0;
nan, 0.0009089, -0.0267446, -0.2585308, 249.0;
nan, 0.0008988, -0.0267116, -0.2585316, 250.0;
nan, 0.0008980, -0.0266608, -0.2585585, 250.0;
nan, 0.0009043, -0.0266686, -0.2585538, 249.0;
nan, 0.0009009, -0.0267034, -0.2585584, 250.0;
nan, 0.0009086, -0.0267454, -0.2585388, 250.0;
nan, 0.0008914, -0.0266973, -0.2585492, 249.0;
nan, 0.0008957, -0.0267139, -0.2586350, 250.0;
nan, 0.0008904, -0.0267105, -0.2586553, 249.0;
nan, 0.0009128, -0.0266875, -0.2586682, 249.0;
nan, 0.0009103, -0.0267137, -0.2586728, 249.0;
nan, 0.0009422, -0.0267029, -0.2586664, 249.0;
nan, 0.0009283, -0.0266805, -0.2586766, 249.0;
nan, 0.0009365, -0.0267262, -0.2586754, 250.0;
nan, 0.0009704, -0.0267571, -0.2586883, 249.0;
nan, 0.0009997, -0.0266688, -0.2586865, 249.0;
nan, 0.0010029, -0.0267526, -0.2586756, 249.0;
nan, 0.0009624, -0.0266651, -0.2586949, 250.0;
nan, 0.0010514, -0.0267191, -0.2587077, 250.0;
nan, 0.0009770, -0.0267175, -0.2587392, 249.0;
nan, 0.0010514, -0.0267344, -0.2587511, 250.0;
nan, 0.0010351, -0.0266700, -0.2587563, 250.0;
nan, 0.0010346, -0.0266779, -0.2587545, 250.0;
nan, 0.0008726, -0.0267270, -0.2587410, 250.0;
nan, 0.0010080, -0.0267413, -0.2587321, 250.0;
nan, 0.0010006, -0.0267237, -0.2587371, 249.0;
nan, 0.0009882, -0.0266732, -0.2587600, 250.0;
nan, 0.0009464, -0.0266804, -0.2587661, 240.0;
nan, 0.0009341, -0.0267115, -0.2587515, 250.0;
nan, 0.0009410, -0.0266389, -0.2587569, 249.0;
nan, 0.0009492, -0.0267132, -0.2588198, 250.0;
nan, 0.0009528, -0.0267320, -0.2588178, 249.0;
nan, 0.0009379, -0.0266695, -0.2588202, 250.0;
nan, 0.0009367, -0.0266417, -0.2588250, 249.0;
nan, 0.0009353, -0.0266374, -0.2588229, 249.0;
nan, 0.0009473, -0.0267053, -0.2588134, 249.0;
nan, 0.0009418, -0.0266999, -0.2588185, 249.0;
nan, 0.0009401, -0.0267003, -0.2588433, 249.0;
nan, 0.0009346, -0.0266159, -0.2588487, 250.0;
nan, 0.0009429, -0.0266752, -0.2588479, 249.0;
nan, 0.0009269, -0.0266620, -0.2588253, 250.0;
nan, 0.0009259, -0.0266787, -0.2588160, 250.0;
nan, 0.0009198, -0.0266298, -0.2588127, 249.0;
nan, 0.0009210, -0.0265841, -0.2588722, 250.0;
nan, 0.0009246, -0.0266148, -0.2589001, 249.0;
nan, 0.0009283, -0.0266693, -0.2588991, 250.0;
nan, 0.0009215, -0.0266302, -0.2589013, 249.0;
nan, 0.0009325, -0.0266620, -0.2589716, 249.0;
nan, 0.0009200, -0.0266742, -0.2590097, 249.0;
nan, 0.0009132, -0.0266616, -0.2590454, 249.0;
nan, 0.0009175, -0.0266891, -0.2590441, 250.0;
nan, 0.0009242, -0.0267670, -0.2590669, 250.0;
nan, 0.0009267, -0.0267984, -0.2590642, 249.0;
nan, 0.0009282, -0.0267982, -0.2590761, 250.0;
nan, 0.0009270, -0.0267734, -0.2590903, 249.0;
nan, 0.0009287, -0.0267510, -0.2591011, 249.0;
nan, 0.0009635, -0.0268323, -0.2590840, 249.0;
nan, 0.0010201, -0.0268024, -0.2591093, 250.0;
nan, 0.0009832, -0.0268381, -0.2590971, 250.0;
nan, 0.0009031, -0.0267804, -0.2591397, 249.0;
nan, 0.0010064, -0.0267763, -0.2591622, 250.0;
nan, 0.0010517, -0.0267741, -0.2591853, 249.0;
nan, 0.0009534, -0.0268365, -0.2591826, 249.0;
nan, 0.0009751, -0.0267742, -0.2592245, 249.0;
nan, 0.0011295, -0.0268477, -0.2592302, 249.0;
nan, 0.0010139, -0.0268356, -0.2592235, 249.0;
nan, 0.0008524, -0.0267688, -0.2592681, 249.0;
nan, 0.0011469, -0.0267812, -0.2592696, 250.0;
nan, 0.0010614, -0.0267964, -0.2592778, 250.0;
nan, 0.0009867, -0.0267764, -0.2592929, 250.0;
nan, 0.0010078, -0.0267486, -0.2593160, 249.0;
nan, 0.0010581, -0.0267836, -0.2592752, 249.0;
nan, 0.0010064, -0.0268039, -0.2592929, 249.0;
nan, 0.0010057, -0.0267789, -0.2592824, 249.0;
nan, 0.0010130, -0.0267708, -0.2592906, 250.0;
nan, 0.0009816, -0.0267181, -0.2593130, 249.0;
nan, 0.0009875, -0.0267486, -0.2593011, 249.0;
nan, 0.0009861, -0.0267951, -0.2592874, 249.0;
nan, 0.0009568, -0.0267975, -0.2593062, 250.0;
nan, 0.0009414, -0.0267439, -0.2593302, 250.0;
nan, 0.0009336, -0.0267863, -0.2593229, 249.0;
nan, 0.0009396, -0.0268176, -0.2593436, 250.0;
nan, 0.0009192, -0.0267588, -0.2593684, 249.0;
nan, 0.0009283, -0.0267332, -0.2593841, 249.0;
nan, 0.0009138, -0.0267602, -0.2593836, 249.0;
nan, 0.0009166, -0.0266981, -0.2594285, 250.0;
nan, 0.0009175, -0.0268016, -0.2594302, 250.0;
nan, 0.0009232, -0.0267677, -0.2594342, 249.0;
nan, 0.0009305, -0.0268048, -0.2594226, 249.0;
nan, 0.0009142, -0.0267640, -0.2594365, 250.0;
nan, 0.0009223, -0.0266907, -0.2594491, 249.0;
nan, 0.0009258, -0.0267058, -0.2594556, 250.0;
nan, 0.0009315, -0.0267529, -0.2594626, 250.0;
nan, 0.0009371, -0.0268232, -0.2594745, 249.0;
nan, 0.0009371, -0.0268319, -0.2595122, 250.0;
nan, 0.0009375, -0.0267582, -0.2595120, 249.0;
nan, 0.0009375, -0.0267767, -0.2595158, 249.0;
nan, 0.0009360, -0.0267526, -0.2595411, 250.0;
nan, 0.0009530, -0.0268236, -0.2595878, 249.0;
nan, 0.0009537, -0.0268261, -0.2595876, 248.0;
nan, 0.0009564, -0.0268393, -0.2596086, 249.0;
nan, 0.0009433, -0.0268233, -0.2596296, 249.0;
nan, 0.0009466, -0.0268056, -0.2596146, 250.0;
nan, 0.0009428, -0.0268419, -0.2596264, 249.0;
nan, 0.0009484, -0.0268793, -0.2596209, 249.0;
nan, 0.0009457, -0.0268663, -0.2596219, 250.0;
nan, 0.0009474, -0.0267899, -0.2596526, 249.0;
nan, 0.0009384, -0.0267406, -0.2596714, 250.0;
nan, 0.0009413, -0.0267584, -0.2596827, 249.0;
nan, 0.0009580, -0.0267891, -0.2596931, 249.0;
nan, 0.0009499, -0.0268522, -0.2597332, 249.0;
nan, 0.0009491, -0.0268234, -0.2597263, 250.0;
nan, 0.0009453, -0.0268099, -0.2597543, 249.0;
nan, 0.0009452, -0.0267780, -0.2597497, 250.0;
nan, 0.0009512, -0.0267758, -0.2598052, 249.0;
nan, 0.0009652, -0.0268071, -0.2598238, 249.0;
nan, 0.0009595, -0.0268246, -0.2598291, 249.0;
