nan, 0.0012871, -0.0369756, -0.2371577, 249.0;
nan, 0.0012871, -0.0366573, -0.2376320, 249.0;
nan, 0.0012887, -0.0364083, -0.2380321, 249.0;
nan, 0.0012811, -0.0361508, -0.2385066, 249.0;
nan, 0.0012746, -0.0359070, -0.2389461, 249.0;
nan, 0.0012774, -0.0357076, -0.2393783, 249.0;
nan, 0.0012865, -0.0354659, -0.2397502, 250.0;
nan, 0.0012890, -0.0352503, -0.2401377, 249.0;
nan, 0.0012800, -0.0349618, -0.2405208, 249.0;
nan, 0.0012790, -0.0346900, -0.2409134, 249.0;
nan, 0.0012804, -0.0345461, -0.2413195, 249.0;
nan, 0.0012766, -0.0343000, -0.2416438, 249.0;
nan, 0.0012830, -0.0341928, -0.2419823, 250.0;
nan, 0.0012700, -0.0339863, -0.2423065, 250.0;
nan, 0.0012853, -0.0338310, -0.2426428, 249.0;
nan, 0.0012894, -0.0336302, -0.2429602, 250.0;
nan, 0.0012903, -0.0334791, -0.2432495, 249.0;
nan, 0.0012889, -0.0332903, -0.2435693, 249.0;
nan, 0.0012918, -0.0330305, -0.2438901, 249.0;
nan, 0.0012821, -0.0328983, -0.2441581, 250.0;
nan, 0.0012886, -0.0327288, -0.2444342, 249.0;
nan, 0.0012820, -0.0325441, -0.2447284, 249.0;
nan, 0.0012760, -0.0323932, -0.2449876, 250.0;
nan, 0.0012866, -0.0323532, -0.2452844, 249.0;
nan, 0.0012799, -0.0321881, -0.2455586, 249.0;
nan, 0.0012759, -0.0319612, -0.2458471, 249.0;
nan, 0.0012830, -0.0318890, -0.2460720, 250.0;
nan, 0.0012823, -0.0317918, -0.2463039, 249.0;
nan, 0.0012796, -0.0316131, -0.2465452, 249.0;
nan, 0.0012911, -0.0313977, -0.2467932, 249.0;
nan, 0.0012897, -0.0312965, -0.2470263, 250.0;
nan, 0.0012891, -0.0311434, -0.2472416, 249.0;
nan, 0.0012938, -0.0310593, -0.2474452, 250.0;
nan, 0.0012910, -0.0309230, -0.2476527, 249.0;
nan, 0.0012941, -0.0309073, -0.2478838, 249.0;
nan, 0.0012895, -0.0307883, -0.2480878, 250.0;
nan, 0.0012926, -0.0306918, -0.2482563, 249.0;
nan, 0.0012943, -0.0305248, -0.2484466, 249.0;
nan, 0.0012852, -0.0303841, -0.2486453, 249.0;
nan, 0.0012906, -0.0303630, -0.2487991, 250.0;
nan, 0.0012921, -0.0302268, -0.2490252, 250.0;
nan, 0.0012898, -0.0301964, -0.2492125, 249.0;
nan, 0.0012980, -0.0300996, -0.2493907, 249.0;
nan, 0.0012918, -0.0299966, -0.2495624, 250.0;
nan, 0.0012845, -0.0298982, -0.2497285, 249.0;
nan, 0.0012846, -0.0288341, -0.2519847, 249.0;
nan, 0.0012822, -0.0286651, -0.2521587, 249.0;
nan, 0.0012836, -0.0285782, -0.2522459, 250.0;
nan, 0.0012817, -0.0285474, -0.2523561, 249.0;
nan, 0.0012871, -0.0284036, -0.2527267, 253.0;
nan, 0.0012770, -0.0283314, -0.2528790, 249.0;
nan, 0.0012746, -0.0283437, -0.2529985, 249.0;
nan, 0.0012792, -0.0283715, -0.2530817, 249.0;
nan, 0.0012798, -0.0282671, -0.2531223, 250.0;
nan, 0.0013037, -0.0288557, -0.2533845, 250.0;
nan, 0.0012879, -0.0291682, -0.2534792, 249.0;
nan, 0.0012351, -0.0288673, -0.2535726, 249.0;
nan, 0.0012665, -0.0282396, -0.2538701, 250.0;
nan, 0.0013057, -0.0281792, -0.2539015, 249.0;
nan, 0.0012895, -0.0280870, -0.2540741, 249.0;
nan, 0.0012772, -0.0281140, -0.2541449, 249.0;
nan, 0.0012683, -0.0278269, -0.2544399, 250.0;
nan, 0.0012558, -0.0278234, -0.2544896, 249.0;
nan, 0.0012599, -0.0277950, -0.2545397, 249.0;
nan, 0.0012632, -0.0276598, -0.2546351, 249.0;
nan, 0.0012612, -0.0276639, -0.2548499, 250.0;
nan, 0.0012540, -0.0276182, -0.2548790, 249.0;
nan, 0.0012573, -0.0275269, -0.2549827, 249.0;
nan, 0.0012591, -0.0275285, -0.2550479, 250.0;
nan, 0.0012560, -0.0274514, -0.2552208, 250.0;
nan, 0.0012573, -0.0274608, -0.2552638, 249.0;
nan, 0.0012473, -0.0274105, -0.2552962, 250.0;
nan, 0.0012577, -0.0273485, -0.2553449, 249.0;
nan, 0.0012580, -0.0272590, -0.2555019, 250.0;
nan, 0.0012648, -0.0273310, -0.2555627, 249.0;
nan, 0.0012689, -0.0272089, -0.2556255, 249.0;
nan, 0.0012705, -0.0272954, -0.2556711, 248.0;
nan, 0.0012771, -0.0272187, -0.2558277, 246.0;
nan, 0.0012822, -0.0271964, -0.2558640, 249.0;
nan, 0.0012770, -0.0270861, -0.2559308, 250.0;
nan, 0.0012865, -0.0271431, -0.2559489, 250.0;
nan, 0.0012870, -0.0269603, -0.2560905, 250.0;
nan, 0.0012840, -0.0269655, -0.2561264, 249.0;
nan, 0.0012760, -0.0268972, -0.2561817, 249.0;
nan, 0.0012811, -0.0269266, -0.2562442, 249.0;
nan, 0.0012956, -0.0269536, -0.2564029, 249.0;
nan, 0.0012947, -0.0268656, -0.2564630, 249.0;
nan, 0.0013018, -0.0269885, -0.2564987, 250.0;
nan, 0.0013000, -0.0269385, -0.2565157, 249.0;
nan, 0.0012999, -0.0268790, -0.2566103, 250.0;
nan, 0.0012961, -0.0268687, -0.2566572, 250.0;
nan, 0.0012988, -0.0269016, -0.2566782, 250.0;
nan, 0.0013005, -0.0269550, -0.2567114, 249.0;
nan, 0.0012918, -0.0268242, -0.2568753, 249.0;
nan, 0.0012991, -0.0268067, -0.2569179, 249.0;
nan, 0.0012981, -0.0267956, -0.2569476, 250.0;
nan, 0.0012970, -0.0269207, -0.2569790, 250.0;
nan, 0.0012986, -0.0269105, -0.2570693, 249.0;
nan, 0.0012937, -0.0268886, -0.2571179, 249.0;
nan, 0.0012965, -0.0268427, -0.2571458, 249.0;
nan, 0.0012939, -0.0268063, -0.2571914, 249.0;
nan, 0.0012968, -0.0268368, -0.2572720, 249.0;
nan, 0.0013041, -0.0269422, -0.2573011, 250.0;
nan, 0.0013036, -0.0268690, -0.2573112, 249.0;
nan, 0.0013049, -0.0269734, -0.2573413, 249.0;
nan, 0.0013136, -0.0269597, -0.2573881, 249.0;
nan, 0.0013092, -0.0268941, -0.2574251, 249.0;
nan, 0.0013104, -0.0269424, -0.2574328, 250.0;
nan, 0.0013076, -0.0269903, -0.2574638, 249.0;
nan, 0.0013092, -0.0268881, -0.2575009, 249.0;
nan, 0.0013105, -0.0268304, -0.2575251, 249.0;
nan, 0.0013077, -0.0269210, -0.2575565, 250.0;
nan, 0.0013145, -0.0269310, -0.2575743, 248.0;
nan, 0.0013141, -0.0267743, -0.2576543, 249.0;
nan, 0.0013152, -0.0267113, -0.2576499, 249.0;
nan, 0.0013153, -0.0267588, -0.2576761, 249.0;
nan, 0.0013233, -0.0267286, -0.2577029, 249.0;
nan, 0.0013223, -0.0267022, -0.2577871, 249.0;
nan, 0.0013216, -0.0267412, -0.2578056, 250.0;
nan, 0.0013157, -0.0266994, -0.2578434, 250.0;
nan, 0.0013221, -0.0267789, -0.2578573, 249.0;
nan, 0.0013311, -0.0268539, -0.2578928, 250.0;
nan, 0.0013208, -0.0267700, -0.2579421, 250.0;
nan, 0.0013288, -0.0267681, -0.2579677, 249.0;
nan, 0.0013351, -0.0268206, -0.2579928, 249.0;
nan, 0.0013289, -0.0268821, -0.2580263, 249.0;
nan, 0.0013191, -0.0269760, -0.2580822, 249.0;
nan, 0.0013359, -0.0269790, -0.2580902, 249.0;
nan, 0.0013505, -0.0270105, -0.2581270, 250.0;
nan, 0.0013386, -0.0270057, -0.2581873, 249.0;
nan, 0.0013324, -0.0268591, -0.2582066, 249.0;
nan, 0.0013280, -0.0268741, -0.2582171, 249.0;
nan, 0.0013296, -0.0269460, -0.2582248, 249.0;
nan, 0.0013249, -0.0268931, -0.2582264, 249.0;
nan, 0.0013363, -0.0268288, -0.2583410, 250.0;
nan, 0.0013386, -0.0267962, -0.2583782, 249.0;
nan, 0.0013379, -0.0268269, -0.2583801, 250.0;
nan, 0.0013398, -0.0269297, -0.2583821, 249.0;
nan, 0.0013466, -0.0268965, -0.2583914, 250.0;
nan, 0.0013402, -0.0267935, -0.2584284, 249.0;
nan, 0.0013423, -0.0268563, -0.2584541, 249.0;
nan, 0.0013366, -0.0268654, -0.2585021, 250.0;
nan, 0.0013376, -0.0267772, -0.2585257, 249.0;
nan, 0.0013374, -0.0267884, -0.2585409, 249.0;
nan, 0.0013350, -0.0267523, -0.2585780, 249.0;
nan, 0.0013352, -0.0268559, -0.2585742, 250.0;
nan, 0.0013342, -0.0268101, -0.2586179, 250.0;
nan, 0.0013354, -0.0267367, -0.2586444, 249.0;
nan, 0.0013398, -0.0267450, -0.2586807, 249.0;
nan, 0.0013314, -0.0267564, -0.2586954, 249.0;
nan, 0.0013384, -0.0267185, -0.2587018, 249.0;
nan, 0.0013454, -0.0267569, -0.2587125, 249.0;
nan, 0.0013510, -0.0267247, -0.2587188, 249.0;
nan, 0.0014310, -0.0266551, -0.2587894, 250.0;
nan, 0.0014475, -0.0266612, -0.2587850, 250.0;
nan, 0.0014047, -0.0266882, -0.2587852, 249.0;
nan, 0.0014216, -0.0267650, -0.2587828, 250.0;
nan, 0.0014610, -0.0260301, -0.2589266, 249.0;
nan, 0.0014177, -0.0258916, -0.2589380, 249.0;
nan, 0.0013896, -0.0259642, -0.2589204, 250.0;
nan, 0.0013650, -0.0259118, -0.2589482, 249.0;
nan, 0.0013340, -0.0260453, -0.2589341, 250.0;
nan, 0.0013255, -0.0260953, -0.2589200, 249.0;
nan, 0.0012756, -0.0260417, -0.2589270, 249.0;
nan, 0.0013278, -0.0258411, -0.2589391, 250.0;
nan, 0.0013132, -0.0258466, -0.2589581, 249.0;
nan, 0.0012925, -0.0258237, -0.2589600, 250.0;
nan, 0.0012182, -0.0259418, -0.2589792, 249.0;
nan, 0.0012579, -0.0257973, -0.2589691, 249.0;
nan, 0.0012684, -0.0260311, -0.2590089, 250.0;
nan, 0.0012422, -0.0258880, -0.2590450, 249.0;
nan, 0.0011152, -0.0259290, -0.2590395, 249.0;
nan, 0.0012359, -0.0258017, -0.2590589, 249.0;
nan, 0.0012786, -0.0259717, -0.2590574, 250.0;
nan, 0.0011063, -0.0259137, -0.2590807, 246.0;
nan, 0.0012095, -0.0259593, -0.2590992, 249.0;
nan, 0.0011960, -0.0259360, -0.2591053, 248.0;
nan, 0.0012168, -0.0259972, -0.2591162, 249.0;
nan, 0.0011437, -0.0260352, -0.2591393, 249.0;
nan, 0.0011078, -0.0260608, -0.2591661, 250.0;
nan, 0.0011023, -0.0262216, -0.2591640, 250.0;
nan, 0.0010479, -0.0260189, -0.2591860, 250.0;
nan, 0.0010915, -0.0260429, -0.2592008, 249.0;
nan, 0.0010429, -0.0261678, -0.2592168, 250.0;
nan, 0.0010793, -0.0261099, -0.2592220, 250.0;
nan, 0.0011007, -0.0262371, -0.2592238, 249.0;
nan, 0.0010339, -0.0261176, -0.2592367, 249.0;
nan, 0.0010910, -0.0261819, -0.2592579, 249.0;
nan, 0.0010379, -0.0262280, -0.2593178, 249.0;
nan, 0.0009867, -0.0262896, -0.2593247, 249.0;
nan, 0.0009038, -0.0263183, -0.2593327, 250.0;
nan, 0.0009961, -0.0264320, -0.2593518, 250.0;
nan, 0.0010248, -0.0265762, -0.2593843, 249.0;
nan, 0.0010247, -0.0264576, -0.2594126, 250.0;
nan, 0.0010283, -0.0265476, -0.2594492, 249.0;
nan, 0.0010252, -0.0264630, -0.2594678, 249.0;
nan, 0.0010556, -0.0266342, -0.2595108, 249.0;
nan, 0.0010653, -0.0265989, -0.2595191, 250.0;
nan, 0.0010753, -0.0265845, -0.2595113, 250.0;
nan, 0.0010904, -0.0266492, -0.2595235, 249.0;
nan, 0.0011432, -0.0267278, -0.2595632, 250.0;
nan, 0.0011373, -0.0268958, -0.2595857, 250.0;
nan, 0.0011725, -0.0269025, -0.2595947, 249.0;
nan, 0.0011763, -0.0268687, -0.2596100, 250.0;
nan, 0.0012551, -0.0269148, -0.2595998, 249.0;
nan, 0.0012345, -0.0269102, -0.2596066, 249.0;
nan, 0.0012527, -0.0268997, -0.2596236, 249.0;
nan, 0.0012528, -0.0267133, -0.2595883, 249.0;
nan, 0.0012861, -0.0261006, -0.2595935, 249.0;
nan, 0.0012852, -0.0259651, -0.2596181, 250.0;
nan, 0.0013181, -0.0257214, -0.2596279, 249.0;
nan, 0.0012986, -0.0255846, -0.2596289, 249.0;
nan, 0.0012798, -0.0256904, -0.2596681, 249.0;
nan, 0.0012858, -0.0257134, -0.2596879, 250.0;
nan, 0.0012996, -0.0257719, -0.2597034, 250.0;
nan, 0.0013012, -0.0257885, -0.2597325, 249.0;
nan, 0.0013355, -0.0261955, -0.2597619, 249.0;
nan, 0.0013550, -0.0266820, -0.2597734, 249.0;
nan, 0.0013638, -0.0267382, -0.2597878, 250.0;
nan, 0.0013712, -0.0267433, -0.2598085, 249.0;
nan, 0.0013641, -0.0267867, -0.2598048, 249.0;
nan, 0.0013903, -0.0267996, -0.2598455, 249.0;
nan, 0.0013899, -0.0268002, -0.2598391, 249.0;
nan, 0.0013990, -0.0267951, -0.2598411, 249.0;
nan, 0.0013962, -0.0268305, -0.2598397, 250.0;
nan, 0.0014202, -0.0267862, -0.2598757, 254.0;
nan, 0.0014164, -0.0268019, -0.2598794, 249.0;
nan, 0.0014083, -0.0267917, -0.2598826, 250.0;
nan, 0.0014082, -0.0268033, -0.2598858, 250.0;
nan, 0.0014215, -0.0268051, -0.2598792, 249.0;
nan, 0.0014240, -0.0268226, -0.2599066, 250.0;
nan, 0.0014177, -0.0268520, -0.2599207, 249.0;
nan, 0.0014197, -0.0268639, -0.2599451, 249.0;
nan, 0.0014163, -0.0268653, -0.2599776, 250.0;
nan, 0.0014122, -0.0268792, -0.2599851, 249.0;
nan, 0.0014160, -0.0268336, -0.2600055, 249.0;
nan, 0.0014272, -0.0268350, -0.2600403, 249.0;
nan, 0.0014326, -0.0267994, -0.2600619, 249.0;
nan, 0.0014091, -0.0268346, -0.2600600, 250.0;
nan, 0.0014262, -0.0268296, -0.2600541, 250.0;
nan, 0.0014202, -0.0267954, -0.2600565, 249.0;
nan, 0.0014238, -0.0267927, -0.2600619, 249.0;
nan, 0.0014244, -0.0268064, -0.2600612, 249.0;
nan, 0.0014234, -0.0268463, -0.2600759, 250.0;
nan, 0.0014350, -0.0268298, -0.2600710, 250.0;
nan, 0.0014369, -0.0268032, -0.2600681, 249.0;
nan, 0.0014357, -0.0268122, -0.2600695, 249.0;
nan, 0.0014356, -0.0268058, -0.2600944, 249.0;
nan, 0.0014988, -0.0269531, -0.2601556, 249.0;
nan, 0.0015687, -0.0268384, -0.2601906, 249.0;
nan, 0.0014718, -0.0264715, -0.2602331, 249.0;
nan, 0.0015126, -0.0262085, -0.2602642, 250.0;
nan, 0.0014469, -0.0258712, -0.2602428, 250.0;
nan, 0.0014463, -0.0258744, -0.2602757, 250.0;
nan, 0.0013784, -0.0257883, -0.2602709, 249.0;
nan, 0.0012875, -0.0256587, -0.2602931, 249.0;
nan, 0.0014368, -0.0255188, -0.2602853, 249.0;
nan, 0.0013597, -0.0255311, -0.2603054, 249.0;
nan, 0.0012368, -0.0255427, -0.2603007, 250.0;
nan, 0.0012973, -0.0255398, -0.2602790, 250.0;
nan, 0.0012588, -0.0254080, -0.2602876, 249.0;
nan, 0.0011711, -0.0253459, -0.2603072, 250.0;
nan, 0.0012098, -0.0253562, -0.2603183, 249.0;
nan, 0.0010986, -0.0253166, -0.2603111, 241.0;
nan, 0.0011657, -0.0254676, -0.2603821, 250.0;
nan, 0.0010757, -0.0254771, -0.2604442, 250.0;
nan, 0.0011885, -0.0256062, -0.2604704, 249.0;
nan, 0.0011606, -0.0255243, -0.2604807, 249.0;
nan, 0.0010225, -0.0255640, -0.2604943, 250.0;
nan, 0.0009685, -0.0257274, -0.2604695, 249.0;
nan, 0.0010630, -0.0256248, -0.2604752, 249.0;
nan, 0.0010690, -0.0257302, -0.2604717, 248.0;
nan, 0.0010626, -0.0257311, -0.2604758, 250.0;
nan, 0.0009111, -0.0257599, -0.2604754, 250.0;
nan, 0.0010251, -0.0258649, -0.2604828, 250.0;
nan, 0.0010514, -0.0258942, -0.2604838, 249.0;
nan, 0.0012076, -0.0264107, -0.2611559, 253.0;
nan, 0.0015452, -0.0267670, -0.2613136, 249.0;
nan, 0.0015441, -0.0266568, -0.2613182, 250.0;
nan, 0.0015567, -0.0266744, -0.2613351, 249.0;
nan, 0.0015576, -0.0267394, -0.2613438, 248.0;
nan, 0.0015627, -0.0266600, -0.2613641, 250.0;
nan, 0.0015732, -0.0266775, -0.2613392, 250.0;
nan, 0.0015593, -0.0270480, -0.2613291, 249.0;
nan, 0.0016340, -0.0269351, -0.2613573, 249.0;
nan, 0.0016207, -0.0270729, -0.2613652, 250.0;
nan, 0.0016445, -0.0269684, -0.2614420, 249.0;
nan, 0.0016404, -0.0270114, -0.2614599, 249.0;
nan, 0.0016416, -0.0268107, -0.2614802, 250.0;
nan, 0.0015574, -0.0265047, -0.2615018, 250.0;
nan, 0.0015247, -0.0263438, -0.2614987, 250.0;
nan, 0.0015406, -0.0263333, -0.2614871, 249.0;
nan, 0.0014792, -0.0265356, -0.2614928, 250.0;
nan, 0.0014820, -0.0263374, -0.2614906, 250.0;
nan, 0.0013594, -0.0263294, -0.2614990, 249.0;
nan, 0.0013705, -0.0263734, -0.2614610, 249.0;
nan, 0.0013853, -0.0262698, -0.2614488, 250.0;
nan, 0.0013139, -0.0261989, -0.2614761, 249.0;
nan, 0.0012854, -0.0262167, -0.2614977, 249.0;
nan, 0.0012291, -0.0258657, -0.2614739, 249.0;
nan, 0.0014153, -0.0259651, -0.2614745, 249.0;
nan, 0.0012249, -0.0257111, -0.2614773, 249.0;
nan, 0.0013037, -0.0257901, -0.2614951, 249.0;
nan, 0.0012662, -0.0257291, -0.2614852, 249.0;
nan, 0.0012938, -0.0258608, -0.2614780, 250.0;
nan, 0.0012039, -0.0256654, -0.2614603, 249.0;
nan, 0.0011947, -0.0257648, -0.2614631, 249.0;
nan, 0.0013016, -0.0258239, -0.2614675, 249.0;
nan, 0.0011937, -0.0257171, -0.2614487, 250.0;
nan, 0.0012766, -0.0257426, -0.2614487, 249.0;
nan, 0.0012233, -0.0257700, -0.2614363, 250.0;
nan, 0.0012277, -0.0258682, -0.2614285, 249.0;
nan, 0.0011476, -0.0258184, -0.2614436, 249.0;
nan, 0.0010259, -0.0257676, -0.2614499, 250.0;
nan, 0.0011605, -0.0257517, -0.2614353, 250.0;
nan, 0.0011388, -0.0257957, -0.2614327, 250.0;
nan, 0.0012361, -0.0258610, -0.2614170, 249.0;
nan, 0.0010743, -0.0259004, -0.2613902, 249.0;
nan, 0.0011055, -0.0258640, -0.2614007, 249.0;
nan, 0.0011214, -0.0258407, -0.2613819, 249.0;
nan, 0.0011795, -0.0259277, -0.2613662, 249.0;
nan, 0.0011754, -0.0259836, -0.2613888, 248.0;
nan, 0.0011620, -0.0260438, -0.2613870, 249.0;
nan, 0.0011749, -0.0260162, -0.2613862, 250.0;
nan, 0.0011612, -0.0260928, -0.2613974, 249.0;
nan, 0.0011746, -0.0261319, -0.2614201, 249.0;
nan, 0.0011786, -0.0261872, -0.2614124, 250.0;
nan, 0.0011808, -0.0261041, -0.2614193, 250.0;
nan, 0.0011861, -0.0261463, -0.2614050, 249.0;
nan, 0.0011885, -0.0262408, -0.2613872, 249.0;
nan, 0.0011967, -0.0262981, -0.2613934, 249.0;
nan, 0.0011932, -0.0263329, -0.2614005, 249.0;
nan, 0.0012180, -0.0262538, -0.2614141, 250.0;
nan, 0.0012211, -0.0263480, -0.2614234, 250.0;
nan, 0.0012554, -0.0263054, -0.2614379, 246.0;
nan, 0.0012510, -0.0264788, -0.2614309, 249.0;
nan, 0.0012569, -0.0264183, -0.2614427, 249.0;
nan, 0.0012877, -0.0267387, -0.2614529, 250.0;
nan, 0.0013304, -0.0265111, -0.2613798, 250.0;
nan, 0.0013652, -0.0264568, -0.2614113, 250.0;
nan, 0.0013181, -0.0263247, -0.2613910, 250.0;
nan, 0.0013201, -0.0259305, -0.2614627, 249.0;
nan, 0.0013269, -0.0259729, -0.2614717, 250.0;
nan, 0.0013340, -0.0260461, -0.2615128, 249.0;
nan, 0.0013366, -0.0260080, -0.2615437, 249.0;
nan, 0.0013664, -0.0261427, -0.2615422, 250.0;
nan, 0.0013853, -0.0264335, -0.2615291, 249.0;
nan, 0.0013603, -0.0264879, -0.2615218, 249.0;
nan, 0.0013857, -0.0267232, -0.2615278, 249.0;
nan, 0.0014012, -0.0268877, -0.2615287, 249.0;
nan, 0.0014276, -0.0268984, -0.2615060, 249.0;
nan, 0.0014194, -0.0268280, -0.2615005, 249.0;
nan, 0.0014377, -0.0268559, -0.2615163, 250.0;
nan, 0.0014638, -0.0268416, -0.2615221, 249.0;
nan, 0.0014784, -0.0268575, -0.2615106, 249.0;
nan, 0.0014737, -0.0268671, -0.2615080, 249.0;
nan, 0.0014695, -0.0268509, -0.2615116, 250.0;
nan, 0.0014786, -0.0268687, -0.2615301, 249.0;
nan, 0.0014914, -0.0268451, -0.2615187, 250.0;
nan, 0.0014981, -0.0268190, -0.2615237, 253.0;
nan, 0.0014954, -0.0268265, -0.2615295, 250.0;
nan, 0.0015090, -0.0267971, -0.2615278, 249.0;
nan, 0.0015019, -0.0268417, -0.2615430, 250.0;
nan, 0.0015226, -0.0268192, -0.2615533, 249.0;
nan, 0.0015218, -0.0268923, -0.2615513, 250.0;
nan, 0.0015597, -0.0269252, -0.2615202, 250.0;
nan, 0.0015692, -0.0268656, -0.2615099, 249.0;
nan, 0.0016335, -0.0268158, -0.2615340, 249.0;
nan, 0.0016229, -0.0268102, -0.2615502, 249.0;
nan, 0.0016158, -0.0268983, -0.2615490, 250.0;
nan, 0.0015695, -0.0265792, -0.2616104, 250.0;
nan, 0.0015434, -0.0265841, -0.2616017, 249.0;
nan, 0.0015208, -0.0263855, -0.2616109, 249.0;
nan, 0.0014212, -0.0260665, -0.2616573, 250.0;
nan, 0.0013738, -0.0259385, -0.2616486, 249.0;
nan, 0.0013497, -0.0258886, -0.2616477, 249.0;
nan, 0.0012989, -0.0257159, -0.2616140, 250.0;
nan, 0.0011683, -0.0254961, -0.2615978, 249.0;
nan, 0.0014346, -0.0256635, -0.2616001, 249.0;
nan, 0.0013092, -0.0255212, -0.2615810, 250.0;
nan, 0.0011930, -0.0253241, -0.2615834, 249.0;
nan, 0.0012448, -0.0254263, -0.2615733, 254.0;
nan, 0.0013000, -0.0254544, -0.2615839, 250.0;
nan, 0.0012935, -0.0253100, -0.2615969, 249.0;
nan, 0.0012192, -0.0255348, -0.2615932, 250.0;
nan, 0.0012472, -0.0255268, -0.2615949, 249.0;
nan, 0.0012701, -0.0254340, -0.2615974, 249.0;
nan, 0.0012951, -0.0254668, -0.2616026, 249.0;
nan, 0.0012209, -0.0253778, -0.2616132, 262.0;
nan, 0.0011946, -0.0254587, -0.2616078, 249.0;
nan, 0.0012600, -0.0256278, -0.2616048, 249.0;
nan, 0.0011832, -0.0254405, -0.2615874, 250.0;
nan, 0.0012906, -0.0257058, -0.2615747, 250.0;
nan, 0.0010845, -0.0254621, -0.2615773, 250.0;
nan, 0.0011933, -0.0255400, -0.2615623, 249.0;
nan, 0.0012083, -0.0255081, -0.2615893, 249.0;
nan, 0.0012152, -0.0256255, -0.2615943, 250.0;
nan, 0.0011665, -0.0258534, -0.2615876, 249.0;
nan, 0.0011725, -0.0258365, -0.2616109, 249.0;
nan, 0.0012350, -0.0257506, -0.2616144, 249.0;
nan, 0.0011392, -0.0257353, -0.2616312, 250.0;
nan, 0.0011415, -0.0257595, -0.2616717, 250.0;
nan, 0.0011256, -0.0258879, -0.2616628, 249.0;
nan, 0.0011067, -0.0259458, -0.2616380, 249.0;
nan, 0.0011197, -0.0259651, -0.2616676, 249.0;
nan, 0.0011012, -0.0258817, -0.2616760, 250.0;
nan, 0.0010896, -0.0259015, -0.2616920, 249.0;
nan, 0.0010808, -0.0259543, -0.2616887, 250.0;
nan, 0.0010867, -0.0260176, -0.2616948, 248.0;
nan, 0.0010897, -0.0260139, -0.2616975, 249.0;
nan, 0.0010939, -0.0259901, -0.2617168, 249.0;
nan, 0.0010915, -0.0259678, -0.2617368, 249.0;
nan, 0.0010955, -0.0260377, -0.2617467, 248.0;
nan, 0.0010889, -0.0261736, -0.2617205, 249.0;
nan, 0.0010936, -0.0261813, -0.2617137, 250.0;
nan, 0.0010819, -0.0262033, -0.2617159, 249.0;
nan, 0.0010864, -0.0261417, -0.2617190, 250.0;
nan, 0.0010747, -0.0260740, -0.2616908, 250.0;
nan, 0.0010745, -0.0261276, -0.2616994, 249.0;
nan, 0.0010720, -0.0261124, -0.2616984, 249.0;
nan, 0.0010761, -0.0261590, -0.2616914, 249.0;
nan, 0.0010751, -0.0261785, -0.2616944, 250.0;
nan, 0.0010747, -0.0260502, -0.2616661, 250.0;
nan, 0.0010689, -0.0260778, -0.2616475, 249.0;
nan, 0.0010677, -0.0261233, -0.2616696, 250.0;
nan, 0.0010580, -0.0261735, -0.2616926, 249.0;
nan, 0.0010661, -0.0261801, -0.2616968, 249.0;
nan, 0.0010644, -0.0261680, -0.2617006, 249.0;
nan, 0.0010604, -0.0261332, -0.2617324, 250.0;
nan, 0.0010494, -0.0262253, -0.2617693, 250.0;
nan, 0.0010592, -0.0261931, -0.2617630, 250.0;
nan, 0.0010559, -0.0261811, -0.2617873, 249.0;
nan, 0.0010557, -0.0261811, -0.2617844, 250.0;
nan, 0.0010537, -0.0261097, -0.2618332, 250.0;
nan, 0.0010483, -0.0261630, -0.2618357, 249.0;
nan, 0.0010509, -0.0261743, -0.2618441, 249.0;
nan, 0.0010519, -0.0262485, -0.2618406, 249.0;
nan, 0.0010509, -0.0261290, -0.2618513, 249.0;
nan, 0.0010521, -0.0261936, -0.2618333, 249.0;
nan, 0.0010327, -0.0261789, -0.2618587, 250.0;
nan, 0.0010414, -0.0262532, -0.2618389, 250.0;
nan, 0.0010411, -0.0261397, -0.2618491, 250.0;
nan, 0.0010419, -0.0261757, -0.2618704, 249.0;
nan, 0.0010441, -0.0262272, -0.2618683, 249.0;
nan, 0.0010433, -0.0262187, -0.2618638, 249.0;
nan, 0.0010487, -0.0261759, -0.2618800, 249.0;
nan, 0.0010555, -0.0262682, -0.2618954, 249.0;
nan, 0.0010551, -0.0262491, -0.2618851, 249.0;
nan, 0.0010630, -0.0263209, -0.2618950, 249.0;
nan, 0.0010662, -0.0263337, -0.2618747, 249.0;
nan, 0.0010648, -0.0263441, -0.2618679, 249.0;
nan, 0.0010636, -0.0262905, -0.2618465, 249.0;
nan, 0.0010625, -0.0262204, -0.2618597, 249.0;
nan, 0.0010684, -0.0262621, -0.2618207, 249.0;
nan, 0.0010704, -0.0262180, -0.2618051, 249.0;
nan, 0.0010729, -0.0263029, -0.2617891, 250.0;
nan, 0.0010629, -0.0262690, -0.2617743, 249.0;
nan, 0.0010752, -0.0262425, -0.2617232, 249.0;
nan, 0.0010707, -0.0262427, -0.2617214, 249.0;
nan, 0.0010641, -0.0262725, -0.2617151, 250.0;
nan, 0.0010706, -0.0263352, -0.2616992, 249.0;
nan, 0.0010701, -0.0263843, -0.2616671, 249.0;
nan, 0.0010700, -0.0263823, -0.2616610, 250.0;
nan, 0.0010703, -0.0263998, -0.2616525, 249.0;
nan, 0.0010721, -0.0264270, -0.2616598, 249.0;
