nan, 0.0011747, -0.0322004, -0.2200529, 249.0;
nan, 0.0011824, -0.0320583, -0.2208652, 249.0;
nan, 0.0011824, -0.0317867, -0.2217206, 250.0;
nan, 0.0011775, -0.0316440, -0.2224008, 237.0;
nan, 0.0011854, -0.0314149, -0.2231727, 249.0;
nan, 0.0011845, -0.0312328, -0.2238361, 250.0;
nan, 0.0011723, -0.0310826, -0.2244970, 250.0;
nan, 0.0011776, -0.0309668, -0.2252442, 249.0;
nan, 0.0011723, -0.0308073, -0.2258482, 249.0;
nan, 0.0011837, -0.0306765, -0.2264711, 250.0;
nan, 0.0011697, -0.0304386, -0.2271978, 250.0;
nan, 0.0011701, -0.0303331, -0.2278266, 249.0;
nan, 0.0011698, -0.0301275, -0.2285346, 249.0;
nan, 0.0011758, -0.0300097, -0.2291335, 249.0;
nan, 0.0011682, -0.0299016, -0.2296858, 250.0;
nan, 0.0011790, -0.0298142, -0.2302475, 249.0;
nan, 0.0011733, -0.0296950, -0.2307535, 249.0;
nan, 0.0011749, -0.0295997, -0.2312434, 249.0;
nan, 0.0011836, -0.0294272, -0.2318040, 249.0;
nan, 0.0011816, -0.0292754, -0.2323920, 250.0;
nan, 0.0011800, -0.0291538, -0.2328436, 249.0;
nan, 0.0011818, -0.0290562, -0.2333430, 249.0;
nan, 0.0011787, -0.0289791, -0.2338237, 249.0;
nan, 0.0011826, -0.0288562, -0.2342440, 249.0;
nan, 0.0011825, -0.0287924, -0.2346801, 250.0;
nan, 0.0011889, -0.0286818, -0.2351751, 250.0;
nan, 0.0011909, -0.0286066, -0.2355740, 249.0;
nan, 0.0011772, -0.0285300, -0.2359774, 249.0;
nan, 0.0011836, -0.0284438, -0.2364791, 249.0;
nan, 0.0011849, -0.0283519, -0.2368406, 249.0;
nan, 0.0011908, -0.0282730, -0.2372412, 250.0;
nan, 0.0011889, -0.0281681, -0.2376431, 250.0;
nan, 0.0011916, -0.0281145, -0.2379846, 250.0;
nan, 0.0011853, -0.0279712, -0.2383880, 249.0;
nan, 0.0011861, -0.0279448, -0.2387154, 249.0;
nan, 0.0011894, -0.0278036, -0.2390821, 250.0;
nan, 0.0011938, -0.0277757, -0.2393922, 249.0;
nan, 0.0011965, -0.0277241, -0.2397676, 249.0;
nan, 0.0011950, -0.0276591, -0.2400785, 250.0;
nan, 0.0011865, -0.0275935, -0.2403927, 249.0;
nan, 0.0012163, -0.0275230, -0.2407193, 249.0;
nan, 0.0011955, -0.0274861, -0.2410417, 250.0;
nan, 0.0012040, -0.0274630, -0.2413309, 249.0;
nan, 0.0012005, -0.0274134, -0.2416319, 249.0;
nan, 0.0012023, -0.0272915, -0.2419786, 249.0;
nan, 0.0012059, -0.0272783, -0.2422022, 249.0;
nan, 0.0012075, -0.0271928, -0.2424743, 249.0;
nan, 0.0012001, -0.0271143, -0.2427671, 250.0;
nan, 0.0011988, -0.0270824, -0.2430376, 249.0;
nan, 0.0012047, -0.0270793, -0.2433204, 249.0;
nan, 0.0011861, -0.0261147, -0.2487166, 249.0;
nan, 0.0011984, -0.0260829, -0.2490166, 249.0;
nan, 0.0011833, -0.0260066, -0.2491861, 249.0;
nan, 0.0011782, -0.0259988, -0.2493431, 249.0;
nan, 0.0011764, -0.0259109, -0.2498346, 249.0;
nan, 0.0011754, -0.0258958, -0.2499661, 250.0;
nan, 0.0011750, -0.0258985, -0.2501146, 259.0;
nan, 0.0011756, -0.0259592, -0.2501752, 249.0;
nan, 0.0011753, -0.0259339, -0.2504833, 250.0;
nan, 0.0011674, -0.0258884, -0.2505920, 249.0;
nan, 0.0011717, -0.0259131, -0.2506907, 250.0;
nan, 0.0011655, -0.0258218, -0.2508236, 250.0;
nan, 0.0011528, -0.0258167, -0.2510334, 249.0;
nan, 0.0011531, -0.0257874, -0.2511387, 249.0;
nan, 0.0011596, -0.0257947, -0.2512472, 249.0;
nan, 0.0011524, -0.0258229, -0.2513220, 249.0;
nan, 0.0011472, -0.0257058, -0.2515852, 250.0;
nan, 0.0011412, -0.0257694, -0.2516675, 249.0;
nan, 0.0011446, -0.0257666, -0.2517490, 249.0;
nan, 0.0011435, -0.0257311, -0.2520561, 253.0;
nan, 0.0011369, -0.0256972, -0.2521610, 249.0;
nan, 0.0011420, -0.0256380, -0.2522459, 250.0;
nan, 0.0011319, -0.0256685, -0.2523047, 262.0;
nan, 0.0011164, -0.0255911, -0.2525838, 253.0;
nan, 0.0011102, -0.0256519, -0.2526829, 249.0;
nan, 0.0011110, -0.0256174, -0.2527259, 250.0;
nan, 0.0011059, -0.0256409, -0.2527942, 249.0;
nan, 0.0010940, -0.0256303, -0.2529891, 249.0;
nan, 0.0010841, -0.0255826, -0.2530511, 249.0;
nan, 0.0010911, -0.0255544, -0.2530885, 249.0;
nan, 0.0010839, -0.0255489, -0.2531533, 263.0;
nan, 0.0010880, -0.0256136, -0.2531739, 249.0;
nan, 0.0010780, -0.0255805, -0.2534343, 249.0;
nan, 0.0010761, -0.0255550, -0.2536561, 249.0;
nan, 0.0010751, -0.0255183, -0.2537184, 255.0;
nan, 0.0010719, -0.0254811, -0.2539249, 250.0;
nan, 0.0010699, -0.0254179, -0.2539822, 249.0;
nan, 0.0010688, -0.0254080, -0.2540203, 249.0;
nan, 0.0010711, -0.0254293, -0.2540800, 249.0;
nan, 0.0010764, -0.0254592, -0.2542154, 250.0;
nan, 0.0010710, -0.0254798, -0.2542699, 250.0;
nan, 0.0010751, -0.0255006, -0.2543253, 249.0;
nan, 0.0010738, -0.0254517, -0.2543621, 249.0;
nan, 0.0010745, -0.0254246, -0.2545540, 249.0;
nan, 0.0010867, -0.0254543, -0.2545925, 249.0;
nan, 0.0010858, -0.0254738, -0.2546351, 249.0;
nan, 0.0010926, -0.0254746, -0.2546701, 250.0;
nan, 0.0010992, -0.0254679, -0.2547551, 250.0;
nan, 0.0010966, -0.0253703, -0.2547913, 250.0;
nan, 0.0010982, -0.0253701, -0.2548607, 249.0;
nan, 0.0010995, -0.0254516, -0.2548825, 249.0;
nan, 0.0010994, -0.0254177, -0.2550661, 249.0;
nan, 0.0011038, -0.0253573, -0.2550941, 250.0;
nan, 0.0010993, -0.0254210, -0.2551242, 249.0;
nan, 0.0011138, -0.0254138, -0.2551496, 249.0;
nan, 0.0011273, -0.0253805, -0.2552266, 250.0;
nan, 0.0011368, -0.0253939, -0.2552815, 249.0;
nan, 0.0011555, -0.0253352, -0.2553060, 249.0;
nan, 0.0011392, -0.0253243, -0.2553484, 250.0;
nan, 0.0011125, -0.0253924, -0.2554140, 250.0;
nan, 0.0011574, -0.0254018, -0.2554526, 249.0;
nan, 0.0011771, -0.0253739, -0.2554707, 249.0;
nan, 0.0011270, -0.0253410, -0.2554914, 250.0;
nan, 0.0011290, -0.0253563, -0.2555948, 250.0;
nan, 0.0011476, -0.0254261, -0.2556266, 249.0;
nan, 0.0010951, -0.0254281, -0.2556639, 249.0;
nan, 0.0010952, -0.0254277, -0.2556908, 250.0;
nan, 0.0011286, -0.0253804, -0.2557276, 249.0;
nan, 0.0010048, -0.0253905, -0.2558038, 249.0;
nan, 0.0010784, -0.0255191, -0.2558575, 249.0;
nan, 0.0010574, -0.0254944, -0.2558797, 249.0;
nan, 0.0010033, -0.0256776, -0.2560010, 250.0;
nan, 0.0009648, -0.0258211, -0.2560150, 249.0;
nan, 0.0009454, -0.0257949, -0.2560443, 249.0;
nan, 0.0009633, -0.0259097, -0.2560558, 249.0;
nan, 0.0008846, -0.0260537, -0.2561063, 249.0;
nan, 0.0008547, -0.0261266, -0.2561431, 249.0;
nan, 0.0008182, -0.0263104, -0.2561662, 249.0;
nan, 0.0007904, -0.0265781, -0.2561952, 249.0;
nan, 0.0005438, -0.0269329, -0.2562603, 249.0;
nan, 0.0004767, -0.0269596, -0.2562696, 249.0;
nan, 0.0003823, -0.0269973, -0.2562667, 249.0;
nan, 0.0003591, -0.0270418, -0.2562807, 250.0;
nan, -0.0000492, -0.0271079, -0.2563516, 250.0;
nan, -0.0000664, -0.0269820, -0.2563665, 249.0;
nan, -0.0000958, -0.0270294, -0.2563766, 249.0;
nan, -0.0001582, -0.0269641, -0.2563982, 249.0;
nan, -0.0001220, -0.0271126, -0.2563850, 249.0;
nan, -0.0002112, -0.0268596, -0.2564514, 250.0;
nan, -0.0002778, -0.0267879, -0.2564844, 249.0;
nan, -0.0002735, -0.0267380, -0.2565000, 250.0;
nan, -0.0002846, -0.0267346, -0.2565215, 249.0;
nan, -0.0003171, -0.0267872, -0.2565298, 249.0;
nan, -0.0003039, -0.0266191, -0.2565484, 249.0;
nan, -0.0003211, -0.0266476, -0.2565553, 249.0;
nan, -0.0002595, -0.0264987, -0.2565838, 250.0;
nan, -0.0002902, -0.0265810, -0.2565904, 249.0;
nan, -0.0003741, -0.0265932, -0.2565989, 249.0;
nan, -0.0002843, -0.0264049, -0.2565906, 249.0;
nan, -0.0003174, -0.0263490, -0.2566564, 249.0;
nan, -0.0002281, -0.0265074, -0.2566732, 249.0;
nan, -0.0002147, -0.0264791, -0.2566727, 249.0;
nan, -0.0002882, -0.0264681, -0.2567208, 249.0;
nan, -0.0002709, -0.0262969, -0.2567507, 249.0;
nan, -0.0002146, -0.0263788, -0.2567853, 249.0;
nan, -0.0002464, -0.0264203, -0.2568178, 250.0;
nan, -0.0002674, -0.0262417, -0.2568814, 249.0;
nan, -0.0002340, -0.0262999, -0.2568938, 249.0;
nan, -0.0002388, -0.0261908, -0.2569043, 249.0;
nan, -0.0002473, -0.0262992, -0.2569149, 249.0;
nan, -0.0002702, -0.0262980, -0.2569283, 249.0;
nan, -0.0002769, -0.0262813, -0.2569348, 249.0;
nan, -0.0002566, -0.0262884, -0.2569453, 249.0;
nan, -0.0002428, -0.0262552, -0.2569683, 250.0;
nan, -0.0002578, -0.0261940, -0.2570029, 249.0;
nan, -0.0002520, -0.0261796, -0.2570064, 249.0;
nan, -0.0002500, -0.0261869, -0.2570129, 250.0;
nan, -0.0002412, -0.0261845, -0.2570345, 249.0;
nan, -0.0002468, -0.0261120, -0.2570850, 249.0;
nan, -0.0002275, -0.0260162, -0.2570901, 249.0;
nan, -0.0002321, -0.0259877, -0.2570943, 249.0;
nan, -0.0002255, -0.0260289, -0.2571038, 250.0;
nan, -0.0001690, -0.0258915, -0.2571205, 249.0;
nan, -0.0001609, -0.0258478, -0.2571298, 249.0;
nan, -0.0001420, -0.0258296, -0.2571429, 249.0;
nan, -0.0001324, -0.0258400, -0.2571527, 249.0;
nan, -0.0001017, -0.0258356, -0.2571547, 250.0;
nan, -0.0000800, -0.0257777, -0.2571554, 249.0;
nan, -0.0000664, -0.0257275, -0.2571707, 249.0;
nan, -0.0000347, -0.0257539, -0.2571965, 249.0;
nan, 0.0000625, -0.0256786, -0.2572484, 249.0;
nan, 0.0000970, -0.0256875, -0.2572377, 249.0;
nan, 0.0001200, -0.0256310, -0.2572605, 249.0;
nan, 0.0001431, -0.0256178, -0.2572592, 250.0;
nan, 0.0002635, -0.0256360, -0.2573142, 249.0;
nan, 0.0003026, -0.0255964, -0.2573252, 249.0;
nan, 0.0003359, -0.0255907, -0.2573381, 249.0;
nan, 0.0003560, -0.0255410, -0.2573720, 250.0;
nan, 0.0004749, -0.0255147, -0.2574569, 249.0;
nan, 0.0004946, -0.0255177, -0.2574857, 249.0;
nan, 0.0005101, -0.0255403, -0.2575043, 249.0;
nan, 0.0005380, -0.0255202, -0.2575009, 249.0;
nan, 0.0005907, -0.0254969, -0.2575271, 249.0;
nan, 0.0006245, -0.0254695, -0.2575288, 250.0;
nan, 0.0006448, -0.0254855, -0.2575177, 249.0;
nan, 0.0007256, -0.0254742, -0.2575518, 249.0;
nan, 0.0007420, -0.0254045, -0.2575942, 249.0;
nan, 0.0007543, -0.0254072, -0.2576240, 249.0;
nan, 0.0008264, -0.0253675, -0.2576729, 249.0;
nan, 0.0008568, -0.0253540, -0.2577056, 249.0;
nan, 0.0008739, -0.0253407, -0.2576905, 249.0;
nan, 0.0008822, -0.0252843, -0.2577016, 250.0;
nan, 0.0009196, -0.0252220, -0.2577107, 249.0;
nan, 0.0009232, -0.0252558, -0.2577136, 250.0;
nan, 0.0009417, -0.0252212, -0.2577262, 249.0;
nan, 0.0009854, -0.0251765, -0.2577479, 249.0;
nan, 0.0009526, -0.0249943, -0.2577521, 249.0;
nan, 0.0009557, -0.0249759, -0.2577560, 249.0;
nan, 0.0009569, -0.0250172, -0.2577571, 249.0;
nan, 0.0009655, -0.0249838, -0.2577901, 250.0;
nan, 0.0009654, -0.0250259, -0.2578017, 249.0;
nan, 0.0009751, -0.0249926, -0.2578136, 250.0;
nan, 0.0010225, -0.0250312, -0.2578214, 250.0;
nan, 0.0009956, -0.0249870, -0.2578258, 250.0;
nan, 0.0009917, -0.0250045, -0.2578621, 249.0;
nan, 0.0009997, -0.0250023, -0.2578656, 249.0;
nan, 0.0010081, -0.0250466, -0.2578658, 249.0;
nan, 0.0009976, -0.0249933, -0.2578838, 250.0;
nan, 0.0010263, -0.0250142, -0.2579305, 249.0;
nan, 0.0010241, -0.0250113, -0.2579499, 250.0;
nan, 0.0010290, -0.0250516, -0.2579355, 249.0;
nan, 0.0010425, -0.0249912, -0.2579809, 250.0;
nan, 0.0010521, -0.0249778, -0.2579737, 250.0;
nan, 0.0010600, -0.0249782, -0.2579952, 249.0;
nan, 0.0010558, -0.0250010, -0.2580000, 249.0;
nan, 0.0010633, -0.0249593, -0.2580450, 250.0;
nan, 0.0010656, -0.0250045, -0.2580363, 250.0;
nan, 0.0010800, -0.0250426, -0.2580191, 250.0;
nan, 0.0010705, -0.0250192, -0.2580654, 249.0;
nan, 0.0010769, -0.0250353, -0.2580658, 250.0;
nan, 0.0010744, -0.0250343, -0.2580812, 249.0;
nan, 0.0010831, -0.0250549, -0.2580850, 249.0;
nan, 0.0010723, -0.0250284, -0.2581131, 249.0;
nan, 0.0010638, -0.0250128, -0.2581244, 249.0;
nan, 0.0010873, -0.0249915, -0.2581234, 249.0;
nan, 0.0010757, -0.0250146, -0.2581191, 249.0;
nan, 0.0011306, -0.0250488, -0.2581210, 250.0;
nan, 0.0011051, -0.0250476, -0.2581032, 249.0;
nan, 0.0011075, -0.0250361, -0.2580867, 250.0;
nan, 0.0010775, -0.0250141, -0.2580993, 248.0;
nan, 0.0011353, -0.0250911, -0.2580943, 249.0;
nan, 0.0011316, -0.0251099, -0.2581010, 250.0;
nan, 0.0010983, -0.0251342, -0.2581002, 250.0;
nan, 0.0011280, -0.0250880, -0.2580959, 249.0;
nan, 0.0011195, -0.0250703, -0.2581172, 250.0;
nan, 0.0010416, -0.0251996, -0.2581152, 249.0;
nan, 0.0010626, -0.0251942, -0.2581184, 249.0;
nan, 0.0009511, -0.0252662, -0.2581129, 249.0;
nan, 0.0009969, -0.0253480, -0.2581580, 250.0;
nan, 0.0010477, -0.0254911, -0.2581676, 249.0;
nan, 0.0009613, -0.0256295, -0.2581555, 250.0;
nan, 0.0009406, -0.0256758, -0.2581776, 249.0;
nan, 0.0009644, -0.0256405, -0.2581676, 249.0;
nan, 0.0010090, -0.0257473, -0.2581797, 250.0;
nan, 0.0009517, -0.0256198, -0.2581722, 249.0;
nan, 0.0009148, -0.0257367, -0.2582047, 248.0;
nan, 0.0007702, -0.0258478, -0.2581808, 249.0;
nan, 0.0008484, -0.0258446, -0.2582057, 249.0;
nan, 0.0008025, -0.0257513, -0.2582253, 255.0;
nan, 0.0008751, -0.0258833, -0.2583119, 250.0;
nan, 0.0008388, -0.0259091, -0.2583417, 250.0;
nan, 0.0008825, -0.0259534, -0.2583393, 250.0;
nan, 0.0008241, -0.0259619, -0.2583352, 249.0;
nan, 0.0008606, -0.0259916, -0.2583449, 249.0;
nan, 0.0008173, -0.0259443, -0.2583698, 250.0;
nan, 0.0008864, -0.0258375, -0.2583766, 250.0;
nan, 0.0008910, -0.0258004, -0.2583707, 250.0;
nan, 0.0009573, -0.0256899, -0.2583730, 249.0;
nan, 0.0009429, -0.0257164, -0.2583947, 249.0;
nan, 0.0009412, -0.0256739, -0.2583944, 249.0;
nan, 0.0009299, -0.0255586, -0.2584040, 249.0;
nan, 0.0009603, -0.0255326, -0.2584275, 249.0;
nan, 0.0009333, -0.0255096, -0.2584517, 249.0;
nan, 0.0009655, -0.0254466, -0.2584640, 249.0;
nan, 0.0009608, -0.0254295, -0.2584616, 249.0;
nan, 0.0009716, -0.0243239, -0.2584696, 249.0;
nan, 0.0009269, -0.0233559, -0.2584514, 249.0;
nan, 0.0009190, -0.0224705, -0.2584295, 248.0;
nan, 0.0009339, -0.0223399, -0.2584177, 249.0;
nan, 0.0009458, -0.0214883, -0.2584172, 249.0;
nan, 0.0009796, -0.0213858, -0.2584411, 249.0;
nan, 0.0009947, -0.0211478, -0.2584416, 249.0;
nan, 0.0010080, -0.0208490, -0.2584364, 249.0;
nan, 0.0010053, -0.0211030, -0.2584324, 249.0;
nan, 0.0010107, -0.0211689, -0.2584443, 249.0;
nan, 0.0010304, -0.0212581, -0.2584708, 250.0;
nan, 0.0010587, -0.0216827, -0.2585626, 250.0;
nan, 0.0010740, -0.0217357, -0.2585793, 249.0;
nan, 0.0010832, -0.0218026, -0.2585991, 250.0;
nan, 0.0010915, -0.0218450, -0.2585961, 249.0;
nan, 0.0011757, -0.0222347, -0.2586325, 249.0;
nan, 0.0011683, -0.0222863, -0.2586353, 250.0;
nan, 0.0011763, -0.0224102, -0.2586246, 249.0;
nan, 0.0011729, -0.0224467, -0.2586108, 250.0;
nan, 0.0012334, -0.0226158, -0.2586981, 250.0;
nan, 0.0012326, -0.0227060, -0.2586967, 250.0;
nan, 0.0012385, -0.0227500, -0.2587172, 249.0;
nan, 0.0012612, -0.0228496, -0.2587099, 249.0;
nan, 0.0012891, -0.0230540, -0.2587368, 250.0;
nan, 0.0012457, -0.0230319, -0.2587456, 250.0;
nan, 0.0012867, -0.0230621, -0.2587787, 249.0;
nan, 0.0012747, -0.0231412, -0.2587954, 250.0;
nan, 0.0013155, -0.0233783, -0.2588404, 249.0;
nan, 0.0013233, -0.0234215, -0.2588141, 250.0;
nan, 0.0013172, -0.0234563, -0.2588165, 249.0;
nan, 0.0013076, -0.0234794, -0.2588362, 250.0;
nan, 0.0013351, -0.0235713, -0.2588311, 249.0;
nan, 0.0014021, -0.0235466, -0.2588336, 238.0;
nan, 0.0012043, -0.0234418, -0.2588362, 250.0;
nan, 0.0013645, -0.0234274, -0.2588436, 249.0;
nan, 0.0013111, -0.0236149, -0.2588980, 249.0;
nan, 0.0013494, -0.0235809, -0.2589109, 249.0;
nan, 0.0013943, -0.0236679, -0.2589290, 249.0;
nan, 0.0013896, -0.0236844, -0.2589362, 250.0;
nan, 0.0014065, -0.0238110, -0.2589526, 249.0;
nan, 0.0013721, -0.0238684, -0.2589684, 249.0;
nan, 0.0014050, -0.0239114, -0.2589640, 249.0;
nan, 0.0012977, -0.0239000, -0.2589664, 249.0;
nan, 0.0013517, -0.0240958, -0.2590268, 249.0;
nan, 0.0010950, -0.0240391, -0.2590362, 249.0;
nan, 0.0011309, -0.0241097, -0.2590582, 250.0;
nan, 0.0011957, -0.0242269, -0.2590699, 249.0;
nan, 0.0012923, -0.0243418, -0.2591374, 249.0;
nan, 0.0010169, -0.0242850, -0.2591411, 249.0;
nan, 0.0011981, -0.0243425, -0.2591482, 249.0;
nan, 0.0011478, -0.0245185, -0.2591715, 248.0;
nan, 0.0009629, -0.0247357, -0.2591864, 249.0;
nan, 0.0010902, -0.0247478, -0.2591726, 249.0;
nan, 0.0009575, -0.0247228, -0.2591682, 249.0;
nan, 0.0011351, -0.0246802, -0.2591554, 249.0;
nan, 0.0009528, -0.0252246, -0.2591599, 249.0;
nan, 0.0010188, -0.0252537, -0.2591666, 249.0;
nan, 0.0008356, -0.0252745, -0.2591657, 250.0;
nan, 0.0011304, -0.0252279, -0.2591516, 250.0;
nan, 0.0009996, -0.0253681, -0.2591767, 249.0;
nan, 0.0010084, -0.0254446, -0.2591763, 249.0;
nan, 0.0009213, -0.0254894, -0.2591742, 249.0;
nan, 0.0010401, -0.0255775, -0.2591742, 250.0;
nan, 0.0008682, -0.0255508, -0.2591572, 248.0;
nan, 0.0012215, -0.0256093, -0.2591699, 250.0;
nan, 0.0010726, -0.0256002, -0.2591777, 249.0;
nan, 0.0008360, -0.0257241, -0.2591729, 250.0;
nan, 0.0009317, -0.0256021, -0.2591455, 250.0;
nan, 0.0009954, -0.0257854, -0.2591289, 250.0;
nan, 0.0010991, -0.0257525, -0.2591286, 250.0;
nan, 0.0010312, -0.0255895, -0.2591250, 249.0;
nan, 0.0008681, -0.0255963, -0.2591578, 249.0;
nan, 0.0008500, -0.0255799, -0.2591710, 250.0;
nan, 0.0009269, -0.0256288, -0.2591775, 249.0;
nan, 0.0010604, -0.0257187, -0.2591741, 250.0;
nan, 0.0010167, -0.0257147, -0.2591805, 249.0;
nan, 0.0008992, -0.0256790, -0.2591775, 249.0;
nan, 0.0010478, -0.0256457, -0.2591757, 249.0;
nan, 0.0010242, -0.0256139, -0.2591815, 249.0;
nan, 0.0010601, -0.0243712, -0.2596554, 249.0;
nan, 0.0010474, -0.0243089, -0.2596432, 249.0;
nan, 0.0010718, -0.0243184, -0.2596399, 249.0;
nan, 0.0010793, -0.0243139, -0.2596443, 249.0;
nan, 0.0010935, -0.0243425, -0.2596478, 250.0;
nan, 0.0011082, -0.0243381, -0.2596712, 249.0;
nan, 0.0011205, -0.0243597, -0.2597019, 249.0;
nan, 0.0011172, -0.0243843, -0.2596942, 249.0;
nan, 0.0011381, -0.0244149, -0.2597371, 249.0;
nan, 0.0011416, -0.0244275, -0.2597489, 250.0;
nan, 0.0011542, -0.0244297, -0.2597550, 250.0;
nan, 0.0011742, -0.0244005, -0.2597564, 249.0;
nan, 0.0012064, -0.0244978, -0.2597836, 249.0;
nan, 0.0011876, -0.0245115, -0.2597886, 250.0;
nan, 0.0011896, -0.0245365, -0.2597642, 249.0;
nan, 0.0012190, -0.0245132, -0.2597460, 250.0;
nan, 0.0012867, -0.0245732, -0.2597977, 250.0;
nan, 0.0013000, -0.0246425, -0.2598012, 249.0;
nan, 0.0013340, -0.0246634, -0.2597947, 250.0;
nan, 0.0012859, -0.0246688, -0.2598122, 250.0;
nan, 0.0012905, -0.0246844, -0.2598441, 249.0;
nan, 0.0013235, -0.0246703, -0.2598400, 249.0;
nan, 0.0012848, -0.0247193, -0.2598327, 249.0;
nan, 0.0013009, -0.0247487, -0.2598359, 249.0;
nan, 0.0011854, -0.0248270, -0.2598373, 249.0;
nan, 0.0011512, -0.0248574, -0.2598452, 250.0;
nan, 0.0012441, -0.0250937, -0.2598605, 249.0;
nan, 0.0011103, -0.0251728, -0.2598891, 250.0;
nan, 0.0007590, -0.0253569, -0.2598811, 250.0;
nan, 0.0010498, -0.0254780, -0.2598790, 250.0;
nan, 0.0010934, -0.0254768, -0.2598897, 250.0;
nan, 0.0012695, -0.0255000, -0.2598934, 250.0;
nan, 0.0010733, -0.0255272, -0.2598957, 248.0;
nan, 0.0010461, -0.0256302, -0.2598949, 249.0;
nan, 0.0008186, -0.0256102, -0.2599098, 249.0;
nan, 0.0010100, -0.0255856, -0.2599358, 249.0;
nan, 0.0010939, -0.0256428, -0.2599315, 249.0;
nan, 0.0009704, -0.0256972, -0.2599418, 249.0;
nan, 0.0011129, -0.0257905, -0.2599535, 250.0;
nan, 0.0009001, -0.0257430, -0.2599664, 250.0;
nan, 0.0010126, -0.0257491, -0.2599845, 249.0;
nan, 0.0008993, -0.0258145, -0.2600135, 250.0;
nan, 0.0009524, -0.0257853, -0.2599905, 249.0;
nan, 0.0008295, -0.0257161, -0.2599775, 249.0;
nan, 0.0009592, -0.0257877, -0.2599804, 249.0;
nan, 0.0009688, -0.0258470, -0.2599752, 249.0;
nan, 0.0009460, -0.0257498, -0.2599748, 250.0;
nan, 0.0009470, -0.0257596, -0.2599712, 250.0;
nan, 0.0009642, -0.0257410, -0.2599728, 249.0;
nan, 0.0009627, -0.0259356, -0.2599832, 249.0;
nan, 0.0009130, -0.0259144, -0.2599891, 249.0;
nan, 0.0009895, -0.0260712, -0.2599744, 250.0;
nan, 0.0010045, -0.0262632, -0.2599871, 250.0;
nan, 0.0010041, -0.0261151, -0.2599069, 250.0;
nan, 0.0009398, -0.0260096, -0.2598824, 249.0;
nan, 0.0010678, -0.0259348, -0.2598954, 250.0;
nan, 0.0009785, -0.0259519, -0.2598915, 249.0;
nan, 0.0010404, -0.0257398, -0.2598655, 250.0;
nan, 0.0009270, -0.0256490, -0.2598783, 249.0;
nan, 0.0008885, -0.0256312, -0.2598815, 250.0;
nan, 0.0008535, -0.0256673, -0.2598931, 250.0;
nan, 0.0009408, -0.0257071, -0.2598644, 250.0;
nan, 0.0008768, -0.0255626, -0.2598472, 250.0;
nan, 0.0009065, -0.0255291, -0.2598524, 249.0;
nan, 0.0009051, -0.0255026, -0.2598413, 250.0;
nan, 0.0009012, -0.0255840, -0.2598314, 250.0;
nan, 0.0008852, -0.0255767, -0.2598315, 249.0;
nan, 0.0007618, -0.0255658, -0.2598285, 249.0;
nan, 0.0008602, -0.0254324, -0.2598307, 249.0;
nan, 0.0008959, -0.0255378, -0.2598269, 249.0;
nan, 0.0007614, -0.0256115, -0.2598032, 266.0;
nan, 0.0007557, -0.0255542, -0.2597988, 250.0;
nan, 0.0008494, -0.0254414, -0.2597994, 250.0;
nan, 0.0008469, -0.0254440, -0.2598250, 250.0;
nan, 0.0007653, -0.0255569, -0.2598502, 250.0;
nan, 0.0008306, -0.0254223, -0.2598649, 249.0;
nan, 0.0008579, -0.0255247, -0.2598413, 250.0;
nan, 0.0008476, -0.0254910, -0.2598750, 249.0;
nan, 0.0008138, -0.0254154, -0.2598826, 250.0;
nan, 0.0008028, -0.0253736, -0.2599037, 249.0;
nan, 0.0007964, -0.0253532, -0.2598945, 249.0;
nan, 0.0007710, -0.0253444, -0.2598763, 249.0;
nan, 0.0007666, -0.0252545, -0.2598841, 250.0;
nan, 0.0007502, -0.0252181, -0.2599018, 250.0;
nan, 0.0007381, -0.0252620, -0.2599046, 249.0;
nan, 0.0007252, -0.0252211, -0.2599876, 249.0;
nan, 0.0007189, -0.0252112, -0.2599721, 249.0;
nan, 0.0007088, -0.0251624, -0.2599651, 250.0;
nan, 0.0006990, -0.0251468, -0.2599786, 249.0;
nan, 0.0007052, -0.0251763, -0.2599729, 249.0;
nan, 0.0006803, -0.0251177, -0.2599988, 250.0;
nan, 0.0006869, -0.0251247, -0.2599836, 250.0;
nan, 0.0006798, -0.0251011, -0.2599888, 250.0;
nan, 0.0006772, -0.0251524, -0.2599790, 249.0;
nan, 0.0006651, -0.0250595, -0.2599833, 250.0;
nan, 0.0006555, -0.0251026, -0.2599804, 250.0;
nan, 0.0006527, -0.0250518, -0.2600000, 250.0;
nan, 0.0006501, -0.0250569, -0.2600143, 250.0;
nan, 0.0006478, -0.0250567, -0.2600062, 249.0;
nan, 0.0006360, -0.0250053, -0.2600115, 249.0;
nan, 0.0006438, -0.0250240, -0.2600052, 249.0;
nan, 0.0006323, -0.0249406, -0.2599749, 249.0;
nan, 0.0006227, -0.0249484, -0.2599604, 249.0;
nan, 0.0006222, -0.0249623, -0.2599562, 249.0;
nan, 0.0006273, -0.0250123, -0.2599387, 250.0;
nan, 0.0006317, -0.0249588, -0.2599533, 250.0;
nan, 0.0006266, -0.0249641, -0.2599701, 249.0;
nan, 0.0006291, -0.0249457, -0.2599698, 249.0;
nan, 0.0006203, -0.0249557, -0.2599637, 249.0;
nan, 0.0006289, -0.0249779, -0.2599503, 249.0;
nan, 0.0006262, -0.0249979, -0.2599391, 250.0;
nan, 0.0006198, -0.0249650, -0.2599300, 249.0;
nan, 0.0006179, -0.0249870, -0.2599438, 250.0;
nan, 0.0006310, -0.0249920, -0.2599220, 249.0;
nan, 0.0006273, -0.0249935, -0.2599248, 250.0;
nan, 0.0006269, -0.0249534, -0.2599285, 249.0;
nan, 0.0006249, -0.0249329, -0.2599529, 250.0;
nan, 0.0006275, -0.0249465, -0.2599380, 249.0;
nan, 0.0006281, -0.0249739, -0.2599374, 250.0;
nan, 0.0006347, -0.0249503, -0.2599403, 249.0;
nan, 0.0006377, -0.0249148, -0.2599358, 249.0;
nan, 0.0006317, -0.0249070, -0.2599516, 249.0;
nan, 0.0006356, -0.0249287, -0.2599624, 249.0;
nan, 0.0006429, -0.0249168, -0.2599498, 250.0;
nan, 0.0006494, -0.0249434, -0.2599294, 249.0;
nan, 0.0006529, -0.0248650, -0.2599101, 249.0;
nan, 0.0006531, -0.0248511, -0.2599013, 249.0;
nan, 0.0006468, -0.0248129, -0.2599086, 249.0;
nan, 0.0006525, -0.0248636, -0.2599144, 249.0;
nan, 0.0006591, -0.0248556, -0.2599140, 249.0;
nan, 0.0006700, -0.0248195, -0.2599447, 250.0;
nan, 0.0006727, -0.0248336, -0.2599396, 249.0;
nan, 0.0006647, -0.0248421, -0.2599551, 250.0;
nan, 0.0006658, -0.0248425, -0.2599506, 250.0;
nan, 0.0006680, -0.0248686, -0.2599714, 250.0;
nan, 0.0006655, -0.0248326, -0.2599823, 249.0;
nan, 0.0006665, -0.0248074, -0.2600035, 250.0;
nan, 0.0006711, -0.0248419, -0.2599895, 249.0;
nan, 0.0006631, -0.0248598, -0.2600101, 250.0;
nan, 0.0006799, -0.0248789, -0.2599982, 250.0;
nan, 0.0006723, -0.0248461, -0.2600121, 250.0;
nan, 0.0006779, -0.0248680, -0.2600584, 249.0;
nan, 0.0006897, -0.0248354, -0.2600666, 250.0;
