nan, 0.0030936, -0.0328576, -0.2184956, 249.0;
nan, 0.0031255, -0.0330524, -0.2192609, 249.0;
nan, 0.0031176, -0.0327452, -0.2198827, 249.0;
nan, 0.0030886, -0.0322878, -0.2206326, 249.0;
nan, 0.0030977, -0.0322850, -0.2212270, 249.0;
nan, 0.0030963, -0.0319389, -0.2219205, 249.0;
nan, 0.0030866, -0.0316967, -0.2225014, 249.0;
nan, 0.0031104, -0.0318403, -0.2231341, 249.0;
nan, 0.0030681, -0.0312730, -0.2236403, 249.0;
nan, 0.0031034, -0.0314777, -0.2242664, 250.0;
nan, 0.0030645, -0.0310144, -0.2249024, 249.0;
nan, 0.0030815, -0.0310401, -0.2253906, 249.0;
nan, 0.0030737, -0.0307466, -0.2259264, 250.0;
nan, 0.0030580, -0.0303480, -0.2264858, 249.0;
nan, 0.0030820, -0.0306193, -0.2268958, 250.0;
nan, 0.0030532, -0.0300598, -0.2274774, 250.0;
nan, 0.0030399, -0.0299375, -0.2279394, 249.0;
nan, 0.0030599, -0.0300788, -0.2285299, 250.0;
nan, 0.0030747, -0.0299807, -0.2289494, 249.0;
nan, 0.0030593, -0.0298473, -0.2294250, 250.0;
nan, 0.0030244, -0.0293064, -0.2299312, 250.0;
nan, 0.0030402, -0.0293858, -0.2303463, 249.0;
nan, 0.0030247, -0.0289977, -0.2308043, 250.0;
nan, 0.0030294, -0.0290662, -0.2312053, 249.0;
nan, 0.0030367, -0.0288034, -0.2316815, 249.0;
nan, 0.0030345, -0.0287254, -0.2320791, 250.0;
nan, 0.0030333, -0.0286609, -0.2324724, 249.0;
nan, 0.0030505, -0.0287184, -0.2328535, 249.0;
nan, 0.0030497, -0.0287243, -0.2332540, 250.0;
nan, 0.0030419, -0.0285035, -0.2336131, 249.0;
nan, 0.0030334, -0.0283473, -0.2339483, 249.0;
nan, 0.0029998, -0.0279658, -0.2343779, 249.0;
nan, 0.0030025, -0.0278627, -0.2347352, 249.0;
nan, 0.0030255, -0.0281760, -0.2350266, 249.0;
nan, 0.0030161, -0.0278060, -0.2354500, 249.0;
nan, 0.0030024, -0.0276092, -0.2357634, 250.0;
nan, 0.0030024, -0.0276042, -0.2361041, 249.0;
nan, 0.0029901, -0.0274357, -0.2364308, 249.0;
nan, 0.0030187, -0.0277272, -0.2368141, 249.0;
nan, 0.0030228, -0.0276236, -0.2370983, 250.0;
nan, 0.0029985, -0.0273569, -0.2373929, 249.0;
nan, 0.0029994, -0.0274773, -0.2377101, 249.0;
nan, 0.0029790, -0.0270455, -0.2378598, 250.0;
nan, 0.0029370, -0.0260277, -0.2444132, 249.0;
nan, 0.0029606, -0.0262197, -0.2446286, 250.0;
nan, 0.0029147, -0.0262286, -0.2448112, 249.0;
nan, 0.0029237, -0.0268126, -0.2453885, 250.0;
nan, 0.0029190, -0.0268305, -0.2455489, 250.0;
nan, 0.0029055, -0.0265097, -0.2457051, 249.0;
nan, 0.0029424, -0.0267429, -0.2458550, 249.0;
nan, 0.0029217, -0.0254039, -0.2465535, 249.0;
nan, 0.0028905, -0.0250137, -0.2466899, 249.0;
nan, 0.0029113, -0.0251217, -0.2468137, 250.0;
nan, 0.0028812, -0.0247405, -0.2469345, 250.0;
nan, 0.0029170, -0.0250756, -0.2469971, 249.0;
nan, 0.0028860, -0.0239407, -0.2475396, 249.0;
nan, 0.0028726, -0.0234798, -0.2476396, 249.0;
nan, 0.0028541, -0.0233526, -0.2477738, 249.0;
nan, 0.0028504, -0.0228752, -0.2481501, 241.0;
nan, 0.0028609, -0.0221210, -0.2483681, 249.0;
nan, 0.0028204, -0.0207277, -0.2485256, 249.0;
nan, 0.0028783, -0.0204660, -0.2486328, 249.0;
nan, 0.0028168, -0.0198972, -0.2486825, 249.0;
nan, 0.0028190, -0.0174352, -0.2490046, 250.0;
nan, 0.0028029, -0.0176092, -0.2490739, 249.0;
nan, 0.0028470, -0.0179069, -0.2491757, 249.0;
nan, 0.0028470, -0.0182086, -0.2494617, 251.0;
nan, 0.0028154, -0.0185817, -0.2496345, 250.0;
nan, 0.0028011, -0.0186927, -0.2497253, 250.0;
nan, 0.0028092, -0.0188510, -0.2498123, 249.0;
nan, 0.0027970, -0.0195429, -0.2500265, 250.0;
nan, 0.0027881, -0.0201443, -0.2501978, 250.0;
nan, 0.0028228, -0.0206385, -0.2502606, 249.0;
nan, 0.0027667, -0.0203146, -0.2503383, 250.0;
nan, 0.0027467, -0.0210694, -0.2506582, 249.0;
nan, 0.0027773, -0.0216341, -0.2508169, 249.0;
nan, 0.0027703, -0.0217382, -0.2509055, 249.0;
nan, 0.0027418, -0.0217463, -0.2509518, 245.0;
nan, 0.0027529, -0.0224245, -0.2511155, 250.0;
nan, 0.0027465, -0.0223152, -0.2511911, 250.0;
nan, 0.0027363, -0.0223566, -0.2512308, 249.0;
nan, 0.0027787, -0.0225747, -0.2512808, 249.0;
nan, 0.0027291, -0.0222371, -0.2513736, 249.0;
nan, 0.0027345, -0.0220371, -0.2514050, 249.0;
nan, 0.0027194, -0.0219096, -0.2515015, 249.0;
nan, 0.0027676, -0.0219491, -0.2515501, 249.0;
nan, 0.0027676, -0.0217634, -0.2516155, 248.0;
nan, 0.0027155, -0.0213643, -0.2516840, 249.0;
nan, 0.0027436, -0.0213961, -0.2518000, 250.0;
nan, 0.0027128, -0.0215089, -0.2518686, 250.0;
nan, 0.0027153, -0.0216710, -0.2519186, 249.0;
nan, 0.0027565, -0.0221709, -0.2519522, 249.0;
nan, 0.0027347, -0.0220233, -0.2519874, 249.0;
nan, 0.0027424, -0.0223228, -0.2520159, 249.0;
nan, 0.0026921, -0.0222140, -0.2521497, 249.0;
nan, 0.0027036, -0.0225027, -0.2522150, 250.0;
nan, 0.0027332, -0.0227844, -0.2523052, 249.0;
nan, 0.0027386, -0.0229823, -0.2523570, 249.0;
nan, 0.0027053, -0.0226432, -0.2524783, 249.0;
nan, 0.0026837, -0.0226137, -0.2525108, 249.0;
nan, 0.0027226, -0.0227012, -0.2525524, 249.0;
nan, 0.0026710, -0.0226045, -0.2525909, 249.0;
nan, 0.0026616, -0.0222822, -0.2526117, 249.0;
nan, 0.0026782, -0.0226895, -0.2527007, 249.0;
nan, 0.0026797, -0.0222255, -0.2527382, 249.0;
nan, 0.0026930, -0.0223033, -0.2527713, 249.0;
nan, 0.0027019, -0.0222647, -0.2528274, 254.0;
nan, 0.0026882, -0.0220757, -0.2528814, 249.0;
nan, 0.0026710, -0.0219763, -0.2528938, 249.0;
nan, 0.0027005, -0.0223396, -0.2529347, 249.0;
nan, 0.0026530, -0.0225008, -0.2530845, 249.0;
nan, 0.0026318, -0.0223871, -0.2531242, 249.0;
nan, 0.0026576, -0.0228216, -0.2531812, 249.0;
nan, 0.0026538, -0.0228988, -0.2532165, 249.0;
nan, 0.0026139, -0.0229363, -0.2532924, 249.0;
nan, 0.0026769, -0.0232583, -0.2533287, 245.0;
nan, 0.0026121, -0.0229630, -0.2533364, 250.0;
nan, 0.0026271, -0.0228583, -0.2533791, 249.0;
nan, 0.0026220, -0.0228107, -0.2534560, 249.0;
nan, 0.0026150, -0.0227865, -0.2534799, 249.0;
nan, 0.0025920, -0.0224996, -0.2535123, 249.0;
nan, 0.0026219, -0.0224703, -0.2535336, 249.0;
nan, 0.0026388, -0.0228392, -0.2535888, 250.0;
nan, 0.0026062, -0.0226994, -0.2535945, 249.0;
nan, 0.0026126, -0.0225373, -0.2536082, 250.0;
nan, 0.0026276, -0.0227588, -0.2536083, 249.0;
nan, 0.0026364, -0.0228062, -0.2536585, 250.0;
nan, 0.0025872, -0.0225199, -0.2536876, 249.0;
nan, 0.0026471, -0.0230143, -0.2537274, 249.0;
nan, 0.0026234, -0.0230050, -0.2537446, 249.0;
nan, 0.0025595, -0.0221295, -0.2538808, 246.0;
nan, 0.0025885, -0.0222762, -0.2538870, 252.0;
nan, 0.0025597, -0.0222534, -0.2538979, 249.0;
nan, 0.0025883, -0.0222180, -0.2539295, 250.0;
nan, 0.0025943, -0.0223074, -0.2539394, 250.0;
nan, 0.0025692, -0.0218727, -0.2540083, 249.0;
nan, 0.0025722, -0.0214707, -0.2540379, 249.0;
nan, 0.0026225, -0.0217748, -0.2540629, 249.0;
nan, 0.0025520, -0.0214792, -0.2541225, 250.0;
nan, 0.0025952, -0.0218035, -0.2541210, 249.0;
nan, 0.0025773, -0.0217397, -0.2541385, 250.0;
nan, 0.0025410, -0.0214513, -0.2541510, 250.0;
nan, 0.0025920, -0.0218086, -0.2541462, 249.0;
nan, 0.0025534, -0.0216153, -0.2541536, 249.0;
nan, 0.0025825, -0.0220024, -0.2541631, 249.0;
nan, 0.0025907, -0.0220374, -0.2541733, 249.0;
nan, 0.0025637, -0.0220747, -0.2541806, 250.0;
nan, 0.0025499, -0.0218836, -0.2541816, 249.0;
nan, 0.0025542, -0.0222643, -0.2542467, 249.0;
nan, 0.0025567, -0.0224335, -0.2542710, 249.0;
nan, 0.0025177, -0.0224184, -0.2542847, 249.0;
nan, 0.0024874, -0.0225608, -0.2543499, 249.0;
nan, 0.0024903, -0.0225976, -0.2543847, 248.0;
nan, 0.0025090, -0.0231899, -0.2544184, 249.0;
nan, 0.0025026, -0.0228522, -0.2544262, 249.0;
nan, 0.0025152, -0.0232235, -0.2544439, 249.0;
nan, 0.0024611, -0.0232743, -0.2545140, 249.0;
nan, 0.0024599, -0.0233680, -0.2545549, 249.0;
nan, 0.0024899, -0.0235767, -0.2545759, 249.0;
nan, 0.0024709, -0.0236658, -0.2545719, 249.0;
nan, 0.0024907, -0.0236146, -0.2545971, 249.0;
nan, 0.0024649, -0.0234603, -0.2546076, 249.0;
nan, 0.0024874, -0.0237807, -0.2546090, 249.0;
nan, 0.0024440, -0.0234461, -0.2546617, 249.0;
nan, 0.0024447, -0.0233241, -0.2546587, 249.0;
nan, 0.0024744, -0.0233187, -0.2546602, 249.0;
nan, 0.0024679, -0.0231350, -0.2546791, 249.0;
nan, 0.0024330, -0.0227441, -0.2547272, 250.0;
nan, 0.0023958, -0.0225914, -0.2547202, 250.0;
nan, 0.0024288, -0.0225306, -0.2547563, 249.0;
nan, 0.0024540, -0.0226109, -0.2547687, 250.0;
nan, 0.0024048, -0.0221086, -0.2548151, 250.0;
nan, 0.0024134, -0.0222706, -0.2548108, 249.0;
nan, 0.0023921, -0.0220314, -0.2548282, 250.0;
nan, 0.0024040, -0.0219781, -0.2548238, 254.0;
nan, 0.0024176, -0.0223739, -0.2549366, 249.0;
nan, 0.0024187, -0.0224464, -0.2549644, 250.0;
nan, 0.0024088, -0.0224024, -0.2549779, 249.0;
nan, 0.0023909, -0.0222315, -0.2549789, 263.0;
nan, 0.0024076, -0.0225538, -0.2550254, 249.0;
nan, 0.0023922, -0.0226149, -0.2550503, 249.0;
nan, 0.0024261, -0.0229065, -0.2550570, 249.0;
nan, 0.0024389, -0.0233447, -0.2550566, 249.0;
nan, 0.0023762, -0.0231418, -0.2550973, 250.0;
nan, 0.0024103, -0.0236392, -0.2551134, 250.0;
nan, 0.0024258, -0.0237200, -0.2551172, 249.0;
nan, 0.0023774, -0.0235306, -0.2551252, 249.0;
nan, 0.0023739, -0.0234755, -0.2551637, 249.0;
nan, 0.0024105, -0.0238415, -0.2551656, 249.0;
nan, 0.0024060, -0.0236782, -0.2551911, 249.0;
nan, 0.0024063, -0.0238344, -0.2551949, 245.0;
nan, 0.0023619, -0.0235634, -0.2551988, 250.0;
nan, 0.0023936, -0.0241010, -0.2552688, 249.0;
nan, 0.0023570, -0.0238873, -0.2552648, 250.0;
nan, 0.0024035, -0.0242798, -0.2552766, 248.0;
nan, 0.0023992, -0.0241284, -0.2552900, 249.0;
nan, 0.0023897, -0.0241848, -0.2553057, 249.0;
nan, 0.0023558, -0.0236073, -0.2553141, 249.0;
nan, 0.0023854, -0.0236219, -0.2553301, 249.0;
nan, 0.0023220, -0.0231843, -0.2553627, 250.0;
nan, 0.0023794, -0.0232708, -0.2553921, 249.0;
nan, 0.0023499, -0.0233289, -0.2553947, 250.0;
nan, 0.0023064, -0.0226707, -0.2554494, 249.0;
nan, 0.0023280, -0.0228581, -0.2554655, 249.0;
nan, 0.0023359, -0.0227420, -0.2554655, 249.0;
nan, 0.0023587, -0.0230604, -0.2554603, 249.0;
nan, 0.0023455, -0.0227807, -0.2555026, 249.0;
nan, 0.0023336, -0.0227655, -0.2555174, 249.0;
nan, 0.0023636, -0.0231219, -0.2555171, 249.0;
nan, 0.0023121, -0.0228318, -0.2555236, 257.0;
nan, 0.0022953, -0.0227192, -0.2555203, 250.0;
nan, 0.0022906, -0.0226831, -0.2555183, 249.0;
nan, 0.0023451, -0.0228639, -0.2555048, 249.0;
nan, 0.0023079, -0.0222167, -0.2555184, 243.0;
nan, 0.0023317, -0.0220038, -0.2555159, 249.0;
nan, 0.0022827, -0.0218222, -0.2555076, 249.0;
nan, 0.0023369, -0.0220827, -0.2555304, 249.0;
nan, 0.0022960, -0.0220524, -0.2555241, 249.0;
nan, 0.0022961, -0.0218993, -0.2555291, 250.0;
nan, 0.0023448, -0.0223760, -0.2556053, 250.0;
nan, 0.0023236, -0.0222422, -0.2555912, 249.0;
nan, 0.0023484, -0.0225139, -0.2555883, 249.0;
nan, 0.0022777, -0.0222283, -0.2555770, 249.0;
nan, 0.0022748, -0.0224694, -0.2555889, 249.0;
nan, 0.0022716, -0.0223690, -0.2556063, 249.0;
nan, 0.0023245, -0.0227245, -0.2555940, 250.0;
nan, 0.0022806, -0.0227896, -0.2556190, 249.0;
nan, 0.0022864, -0.0228669, -0.2556455, 249.0;
nan, 0.0022720, -0.0227881, -0.2556522, 249.0;
nan, 0.0022539, -0.0226128, -0.2556632, 249.0;
nan, 0.0022479, -0.0230003, -0.2557020, 249.0;
nan, 0.0022812, -0.0232078, -0.2557081, 249.0;
nan, 0.0022670, -0.0229975, -0.2557047, 249.0;
nan, 0.0022620, -0.0231585, -0.2556978, 249.0;
nan, 0.0022323, -0.0228786, -0.2557141, 249.0;
nan, 0.0022845, -0.0232933, -0.2557353, 249.0;
nan, 0.0022237, -0.0229461, -0.2557427, 249.0;
