0.0842646
0.0017088
0.0020124
0.0013685
0.0011561
0.0021198
0.0020508
0.0022284
0.0013111
0.0017873
0.0020913
0.0020506
0.0020049
0.0026434
0.0014255
0.0018929
0.0021772
0.0014596
0.0019791
0.0023528
0.002263
0.0016911
0.0039455
0.00138
0.0066802
0.0039246
0.0045442
0.007104
0.0011825
0.0047729
0.0017407
0.0045338
0.0018322
0.0042316
0.0041184
0.0018342
0.0030007
0.0016942
0.0026439
0.0035971
0.0020316
0.0016352
0.0020255
0.0027889
0.002615
0.0025628
0.0036636
0.0021526
0.0064825
0.0035004
0.002258
0.0022498
0.0012261
0.0031345
0.0011343
0.0020202
0.001838
0.0032198
0.0038877
0.0018621
0.0036965
0.0036873
0.0017792
0.003761
0.0014224
0.004999
0.0011062
0.0017464
0.0036276
0.0047621
0.0068069
0.0015718
0.0022536
0.0032346
0.0023156
0.0035148
0.0028364
0.0021113
0.0040961
