0.161783;
0.155249;
0.1569;
0.158578;
0.155318;
0.156763;
0.154836;
0.15493;
0.152577;
0.154402;
0.157027;
0.154376;
0.158531;
0.15544;
0.153694;
0.15359;
0.156798;
0.155435;
0.156209;
0.15506;
0.155272;
0.156482;
0.153968;
0.155066;
0.157155;
0.154303;
0.156284;
0.154883;
0.154718;
0.154016;
0.154371;
0.155162;
0.156034;
0.157536;
0.154758;
0.154218;
0.156499;
0.15433;
0.155774;
0.157515;
0.156581;
0.153003;
0.158539;
0.152362;
0.159687;
0.154885;
0.154301;
0.153124;
0.153528;
0.154454;
0.155107;
0.157712;
0.155131;
0.158662;
0.153309;
0.153713;
0.153652;
0.158369;
0.158174;
0.152938;
0.156338;
0.155063;
0.155377;
0.157616;
0.154669;
0.15716;
0.154664;
0.157403;
0.155717;
0.152124;
0.156192;
0.157542;
0.157068;
0.159316;
0.151841;
0.152714;
0.159014;
0.158026;
0.156093;
0.155711;
0.156964;
0.159109;
0.158114;
0.157265;
0.158029;
0.155697;
0.158713;
0.155832;
0.154443;
0.153124;
0.155313;
0.157779;
0.15975;
0.153962;
0.158617;
0.158579;
0.159618;
0.157917;
0.156399;
0.153477;
0.157153;
0.157503;
0.155757;
0.157603;
0.153639;
0.15369;
0.156789;
0.155674;
0.157197;
0.158267;
0.156149;
0.15678;
0.156084;
0.158355;
0.159221;
0.155669;
0.154753;
0.15875;
0.155815;
0.155385;
0.154798;
0.153853;
0.154452;
0.154569;
0.159914;
0.155571;
0.158457;
0.165988;
0.15899;
0.156337;
0.153724;
0.155733;
0.157384;
0.157059;
0.155542;
0.157508;
0.155142;
0.155654;
0.157695;
0.156638;
0.159424;
0.157119;
0.154626;
0.153887;
0.154704;
0.155618;
0.157074;
0.159245;
0.152659;
0.157386;
0.157468;
0.15824;
0.155237;
0.157963;
0.15795;
0.154788;
0.159757;
0.153378;
0.158067;
0.156563;
0.155808;
0.159623;
0.158045;
0.154194;
0.152323;
0.157402;
0.155838;
0.157406;
0.158517;
0.157753;
0.156137;
0.154157;
0.157823;
0.158128;
0.158521;
0.154503;
0.1577;
0.156803;
0.152626;
0.155554;
0.154763;
0.154462;
0.159202;
0.154426;
0.152804;
0.157779;
0.157954;
0.155458;
0.154492;
0.158844;
0.156097;
0.158828;
0.154964;
0.156504;
0.155609;
0.154847;
0.153525;
0.156809;
0.152625;
0.154716;
0.155517;
0.155847;
0.151716;
0.156726;
0.157953;
0.157674;
0.154445;
0.155047;
0.157494;
0.153646;
0.155635;
0.156762;
0.156676;
0.158727;
0.15158;
0.155574;
0.157795;
0.153481;
0.154697;
0.156777;
0.158199;
0.153116;
0.15773;
0.15689;
0.157637;
0.155598;
0.152785;
0.159615;
0.153758;
0.157784;
0.153961;
0.158314;
0.158428;
0.159157;
0.158294;
0.155073;
0.154588;
0.155692;
0.15568;
0.157889;
0.158112;
0.154197;
0.157124;
0.153142;
0.15878;
0.157824;
0.154607;
0.153761;
0.154702;
0.154493;
0.155612;
0.156861;
0.158281;
0.153136;
0.157909;
0.155585;
0.15269;
0.153772;
0.153507;
0.154719;
0.156815;
0.155871;
0.15391;
0.154575;
0.156662;
0.156941;
0.153137;
0.159542;
0.154359;
0.155578;
0.153387;
0.151687;
0.158404;
0.15978;
0.153391;
0.158868;
0.156714;
0.156515;
0.157839;
0.152449;
0.157929;
0.156708;
0.154145;
0.158239;
0.156761;
0.156468;
0.152927;
0.155749;
0.157635;
0.154578;
0.154994;
0.157597;
0.154586;
0.151725;
0.156883;
0.15375;
0.153431;
0.157289;
0.158385;
0.153469;
0.15474;
0.158712;
0.156712;
0.155759;
0.157681;
0.156036;
0.157655;
0.15726;
0.152752;
0.155773;
0.158801;
0.155507;
0.157695;
0.157564;
0.157135;
0.153243;
0.158327;
0.158342;
0.151389;
0.153716;
0.154978;
0.153319;
0.15893;
0.154103;
0.156901;
0.157855;
