0.300508
0.0131301
0.0149585
0.0166224
0.0147255
0.0204071
0.0159729
0.0054098
0.0153247
0.0170362
0.0089097
0.0149905
0.0154795
0.0078019
0.0139534
0.0158992
0.0119269
0.0134722
0.0048678
0.0169291
0.0158648
0.0061803
0.0156073
0.0169009
0.0085289
0.0139056
0.0068946
0.0109561
0.0142591
0.0049607
0.0197695
0.016436
0.0083769
0.0136199
0.0203653
0.0084271
0.0142406
0.0170386
0.0110045
0.0142893
0.0053919
0.0206546
0.0052445
0.0091661
0.0142445
0.0183631
0.0142225
0.0170459
0.0158382
0.010744
0.0169247
0.0163346
0.0075889
0.0159525
0.0172274
0.0162848
0.015683
0.0169406
0.0076453
0.014114
0.016802
0.0103707
0.0140968
0.0162773
0.0207958
0.0170846
0.0098761
0.0207697
0.0157331
0.0203713
0.0167906
0.0245764
0.0155774
0.0208237
0.0165499
0.0066331
0.0200945
0.0158829
0.0083296
0.0159436
0.0060155
0.0172718
0.0165274
0.0165728
0.0178252
0.0171027
0.0061868
0.0198297
0.0171639
0.0084086
0.0175764
0.0173056
0.0162301
0.0238761
0.009987
0.0074465
0.0073178
0.0086455
0.0208414
0.0093587
0.0042122
0.014246
0.0093257
0.0044552
0.0150605
0.0050265
0.0106323
0.0157554
0.0078966
0.0156355
0.0135721
0.0050442
0.0197496
0.0165944
0.0063066
0.0054216
0.0041325
0.0110853
0.0166502
0.0179462
0.0175945
0.0065227
0.0168319
0.0105439
0.0160598
0.0048102
0.0158532
0.0081034
0.004575
0.0056968
0.0155039
0.0123666
0.0043034
0.013948
0.010372
0.0156921
0.0050285
0.0216027
0.0182442
0.0082835
0.0152299
0.0169788
0.016179
0.0184891
0.0159832
0.0140846
0.0175457
0.0178108
0.0060673
0.0168151
0.0172878
0.0069296
0.0141905
0.0167767
0.0174666
0.0090071
0.0070248
0.0076415
0.0069421
0.0090818
0.0073065
0.0044373
0.0053236
0.0044234
0.0094762
0.0068855
0.0043617
0.0077477
0.0046811
0.0087422
0.0097619
0.0103177
0.0085546
0.0081408
0.00739
0.0134386
0.0084503
0.0048557
0.0071779
0.0072484
0.010476
0.0060706
0.0070743
0.0073971
0.008142
0.0078252
0.0065102
0.0071723
0.0084762
0.0112869
0.0085574
0.0079715
0.0083764
0.0080547
0.0054836
0.0071839
0.0043175
0.01425
0.019505
0.0163346
0.0182735
0.0143167
0.020606
0.0177155
0.0106085
0.0143963
0.0167443
0.0068976
0.0139772
0.0047109
0.0167021
0.017636
0.0159456
0.0119953
0.0135711
0.0084701
0.0197115
0.0053725
0.0044688
0.0144832
0.0159757
0.017684
0.0162939
0.0059524
0.0189698
0.0171532
0.0047069
0.0188217
0.0162199
0.0099476
0.0153865
0.0171847
0.0130875
0.0169323
0.0168692
0.0061575
0.0140893
0.0171357
0.0063921
0.0153297
0.0161237
0.026871
0.0183013
0.0163974
0.019847
0.017442
0.0063815
0.0232711
0.0165109
0.0162786
0.0214288
0.0168165
0.0060212
0.0164806
0.0164548
0.0109327
0.0256266
0.018114
0.0047525
0.0116683
0.0168159
0.0164613
0.0210898
0.0171564
0.0163137
0.0218001
0.0168267
0.0059753
0.0196283
0.0162691
0.0175355
0.0212639
0.017864
0.0168135
0.0217735
0.0174141
0.0172132
0.0156536
0.0160571
0.0174447
0.0212952
0.0179367
0.0179009
0.0170303
0.0163882
0.0167029
0.0179148
0.0188827
0.0130244
0.0093979
0.0183251
0.0171778
0.0084141
0.014108
0.0060033
0.0206139
0.0059905
0.0118677
0.0136292
0.0048069
0.0065268
0.0139647
0.0071338
0.0197014
0.0164683
0.0078837
0.018395
0.0168459
0.0065887
0.0154017
0.0046457
0.0089838
0.0144685
0.0174553
0.010578
0.0154875
0.0134919
0.0223176
0.0166008
0.0147357
0.0139131
0.0167856
0.0049852
0.0212918
0.0161733
0.0093775
0.0213309
0.016801
0.0084153
0.0154235
0.0163897
0.009173
0.0088293
0.0072938
0.0259833
0.0200233
0.0167534
0.0215287
0.0163716
0.0081343
0.0157666
0.0136945
0.0108387
0.0160094
0.0170558
0.0115398
0.0196772
0.0167923
0.0240057
0.0163364
0.0169751
0.0067403
0.0144431
0.0131793
0.0100536
0.0141622
0.01472
0.0202178
0.0168971
0.0060528
0.0184443
0.0162964
0.016348
0.0161358
0.0170922
0.0050867
0.02095
0.0181315
0.0058345
0.0295997
0.0058424
0.0110402
0.0161146
0.0171225
0.0078321
0.0140003
0.0048377
0.0182083
0.0158651
0.0163616
0.0184506
0.0155283
0.0102993
0.0152991
0.0164001
0.0102615
0.0147346
0.0093611
0.0191436
0.0159514
0.0163987
0.0199759
0.0162621
0.0164347
0.0196872
0.0209747
0.0048248
0.0156741
0.0167539
0.0172647
0.0232329
0.0169272
0.0078714
0.0200508
0.0179028
0.0225419
0.0243211
0.0174269
0.0053136
0.0169694
0.0157253
0.0067811
0.0215418
0.0161035
0.0067268
0.0143829
0.0166047
0.0129409
0.0156866
0.0160726
0.0074804
0.0177997
0.0175227
0.0182552
0.0124663
0.0169866
0.0257349
0.0381389
0.0058071
0.0151367
0.0180823
0.0177728
0.0071834
0.0144869
0.016572
0.0233133
0.0146703
0.0159099
0.0225631
0.0180045
0.0047578
0.0155056
0.0162771
0.017315
0.0175051
0.0163792
0.0169438
0.0098123
0.0139537
0.0094176
0.018356
0.0170516
0.0152609
0.0167617
0.0171434
0.016541
0.0161051
0.0163111
0.0171312
0.0133437
0.0168109
0.0048271
0.0135875
0.0165528
0.0060395
0.0160902
0.0170573
0.0081048
0.0186533
0.0157616
0.0073737
0.0085794
0.0140825
0.0081232
0.0142228
0.0199714
0.0066554
0.0149844
0.0065972
0.0041233
0.0146386
0.0048453
0.0143496
0.0081757
0.0066691
0.0047519
0.0139012
0.0122497
0.0158436
0.0102029
0.0263233
0.0163412
0.00756
0.0221991
0.0170311
0.0070485
0.0165184
0.0156061
0.0102434
0.0140052
0.0176231
0.0251912
0.0163792
0.0046252
0.0139523
0.0173534
0.009841
0.0190803
0.0164276
0.0049202
0.021696
0.0167447
0.0187485
0.0219653
0.0161571
0.0089955
0.0147743
0.0158312
0.0076704
0.0149752
0.0173135
0.0101551
0.0136206
0.0160641
0.0219899
0.0153427
0.0047455
0.0107918
0.0169744
0.0165877
0.014418
0.0172298
0.0165537
0.0159657
0.0179882
0.0080971
0.0201283
0.0114338
0.0086816
0.0195482
0.0171167
0.0158111
0.0177255
0.0178588
0.0092674
0.0155311
0.016347
0.007249
0.0170479
0.0183957
0.0076347
0.0129138
0.0167581
0.013213
0.018314
0.0161702
0.0130484
0.0180195
0.0169315
0.0096964
0.0137031
0.0167065
0.0062062
0.0140938
0.0169595
0.0096176
0.0147718
0.0049859
0.0181079
0.0176706
0.006359
0.0166905
0.0166404
0.0084962
0.0137639
0.0047586
0.0171454
0.0165242
0.010252
0.005816
0.0143117
0.0102584
0.0043471
0.0142557
0.0165861
0.0063863
0.0149557
0.0175286
0.0103649
0.0167678
0.0160974
0.0113044
0.0146031
0.0096108
0.0247473
0.010053
0.004413
0.0220022
0.016473
0.0082182
0.0080447
0.0075231
0.0092604
0.0157824
0.0162619
0.0137377
0.010061
0.0141963
0.0137878
0.0158044
0.0103496
0.0076947
0.004535
0.0153272
0.0095612
0.0143356
0.0246792
0.0170165
0.0172531
0.0191754
0.0238786
0.0141882
0.0088327
0.0146949
0.0158705
0.0272084
0.0182524
0.0171592
0.0216286
0.0170629
0.0124198
0.0228003
0.0165678
0.0063345
0.0197568
0.0164079
0.006645
0.0137697
0.010842
0.0218076
0.0159806
0.0166177
0.0166793
0.0170773
0.0174893
0.0126718
0.0161099
0.0167637
0.006236
0.0047779
0.0139925
0.0237772
0.016891
0.0048715
0.0228225
0.0060479
0.0184626
0.0218071
0.0048952
0.0051374
0.0136322
0.018268
0.0105951
0.0155793
0.0049373
0.0091159
0.0135868
