0.0083668
0.0100384
0.0243223
0.014685
0.0058345
0.0096864
0.0119313
0.006744
0.0143869
0.024363
0.0162661
0.033349
0.006202
0.014333
0.0061403
0.014472
0.0129632
0.0302756
0.0335823
0.0209877
0.0082388
0.0111141
0.007615
0.0116851
0.0348695
0.0118891
0.0263357
0.0218279
0.027304
0.0122711
0.0213043
0.0121146
0.0172318
0.0332842
0.006464
0.0145859
0.0245742
0.00645
0.0122607
0.0093641
0.0105749
0.0279474
0.0233214
0.0256226
0.0255098
0.0182466
0.0170835
0.0130264
0.0133563
0.0194581
0.0279101
0.0340337
0.0250457
0.0233351
0.0171947
0.0247213
0.0237171
0.0102078
0.030868
0.028741
0.02466
0.0195139
0.0183869
0.0251731
0.0110346
0.0122034
0.0168759
0.01771
0.025976
0.020912
0.0182643
0.0116345
0.0229437
0.0095056
0.0215528
0.0163066
0.0212411
0.0181568
0.0183891
0.0216404
0.0255954
0.0113819
0.0111406
0.0177857
0.0101883
0.0289707
0.0276413
0.0206854
0.019973
0.0222998
0.0126058
0.0088559
0.0123423
0.0279458
0.0234549
0.0351388
0.0224317
0.0240148
0.0272442
0.0060836
0.0080149
0.0077161
0.0131391
0.0206984
0.0191671
0.0197858
0.0216386
0.0061414
0.0102616
0.0102493
0.0114558
0.0130626
0.0223678
0.0367146
0.0291663
0.0232996
0.0183756
0.018433
0.0186028
0.0101018
0.0105976
0.0236824
0.0217884
0.0263168
0.0228107
0.0206888
0.023535
0.0077154
0.0134629
0.0065909
0.0111488
0.0170389
0.0377365
0.015401
0.0211127
0.0235303
0.0242366
0.0226927
0.0067648
0.0081088
0.0131046
0.0299314
0.0218859
0.0200301
0.0231778
0.0099836
0.0071228
0.0098434
0.0104868
0.0154865
0.0198
0.0306491
0.0206303
0.0247172
0.0063603
0.0217705
0.0081314
0.0135366
0.0175597
0.0280023
0.0250234
0.0239735
0.0213333
0.0227882
0.0115562
0.0111461
0.0184673
0.0329976
0.0089175
0.0209616
0.0345218
0.020798
0.0221934
0.0231313
0.0178085
0.0112273
0.0125983
0.0211169
0.0236686
0.0177697
0.0101523
0.0126603
0.0098836
0.0133125
0.0123567
0.0338329
0.0252929
0.0228956
0.0231496
0.014634
0.0211588
0.0086363
0.0187784
0.0192167
0.0289882
0.0173019
0.0230292
0.0251961
0.0086636
0.0089297
0.0184627
0.0220568
0.0241941
0.0250376
0.0255222
0.0220741
0.0229223
0.0225022
0.012413
0.0103321
0.0089791
0.0275295
0.0257234
0.0269091
0.0198276
0.0214878
0.0139353
0.0066887
0.0114258
0.0111429
0.0239922
0.0189088
0.0169011
0.0257276
0.022532
0.0108664
0.0195005
0.0200064
0.0253262
0.0236528
0.020549
0.0230823
0.0203637
0.0273647
0.0060708
0.0091322
0.0146994
0.0264491
0.0109667
0.018209
0.0286892
0.0105663
0.0232423
0.0235154
0.008469
0.0089044
0.0088555
0.0127203
0.0347947
0.0236198
0.0239316
0.0261513
0.021324
0.0104139
0.0112491
0.0105132
0.0215831
0.0220806
0.0129643
0.0070071
0.0203529
0.0075965
0.0153862
0.019281
0.0090649
0.0145949
0.0183531
0.0202134
0.0163549
0.0071237
0.0171311
0.0080844
0.0109873
0.0140401
0.0082915
0.027758
0.0210716
0.0255779
0.0066306
0.0169672
0.006049
0.0060401
0.0136279
0.0076638
0.0200833
0.030532
0.0237289
0.0219034
0.026743
0.0060725
0.0301975
0.0242065
0.0161613
0.0146368
0.0121291
0.0124127
0.0228342
0.0061413
0.0123049
0.0239569
0.0225448
0.0266031
0.0227489
0.0255295
0.0088236
0.0091141
0.0111538
0.0167689
0.0288455
0.0232293
0.0211866
0.0272682
0.013133
0.0061242
0.0063202
0.0145737
0.038623
