0.156131;
0.155165;
0.155061;
0.151928;
0.154307;
0.154344;
0.152541;
0.15333;
0.154267;
0.15514;
0.153913;
0.153716;
0.153558;
0.152889;
0.15334;
0.151886;
0.159044;
0.16653;
0.15541;
0.154941;
0.152934;
0.155151;
0.153226;
0.153298;
0.155254;
0.168414;
0.15468;
0.153126;
0.153695;
0.152442;
0.154498;
0.155274;
0.150693;
0.155307;
0.154456;
0.152453;
0.153958;
0.152996;
0.152638;
0.156155;
0.153273;
0.154843;
0.154364;
0.154518;
0.152002;
0.153995;
0.154846;
0.157168;
0.166707;
0.155509;
0.15156;
0.152318;
0.15272;
0.153532;
0.152839;
0.151776;
0.156788;
0.152947;
0.1534;
0.167688;
0.152321;
0.153101;
0.154141;
0.152059;
0.153957;
0.155016;
0.155034;
0.154735;
0.154077;
0.151725;
0.153604;
0.15649;
0.150723;
0.153166;
0.15466;
0.152515;
0.155067;
0.152725;
0.152252;
0.155835;
0.153642;
0.152619;
0.156967;
0.153536;
0.154366;
0.158939;
0.153863;
0.154889;
0.15547;
0.15181;
0.156656;
0.151758;
0.152404;
0.154228;
0.157487;
0.154125;
0.153161;
0.152923;
0.152388;
0.154021;
0.153697;
0.15266;
0.154691;
0.155909;
0.151565;
0.155982;
0.153161;
0.154776;
0.154796;
0.15383;
0.154617;
0.15523;
0.153261;
0.153721;
0.157399;
0.152569;
0.155764;
0.157197;
0.15693;
0.168794;
0.154026;
0.154358;
0.154418;
0.15336;
0.152729;
0.156257;
0.154352;
0.153964;
0.154432;
0.153653;
0.151121;
0.15446;
0.15683;
0.154725;
0.152098;
0.154819;
0.154271;
0.153818;
0.156528;
0.155695;
0.152277;
0.156548;
0.155293;
0.15262;
0.154832;
0.152827;
0.153608;
0.155619;
0.154862;
0.154602;
0.155267;
0.15384;
0.153805;
0.152992;
0.153781;
0.155892;
0.15443;
0.153755;
0.153154;
0.155421;
0.152508;
0.15779;
0.153788;
0.153834;
0.155646;
0.154015;
0.155326;
0.155488;
0.155238;
0.154139;
0.153466;
0.154934;
0.153914;
0.154782;
0.152994;
0.154072;
0.1552;
0.15359;
0.153839;
0.153085;
0.154446;
0.153087;
0.152263;
0.151018;
0.154224;
0.156382;
0.153328;
0.154076;
0.155813;
0.154811;
0.153405;
0.15488;
0.154971;
0.155838;
0.165891;
0.152378;
0.153024;
0.154952;
0.153076;
0.153835;
0.154898;
0.154357;
0.15326;
0.153487;
0.154025;
0.154441;
0.153773;
0.154012;
0.154104;
0.153935;
0.15476;
0.168336;
0.155015;
0.155274;
0.154312;
0.15337;
0.154441;
0.169997;
0.154952;
0.154475;
0.154365;
0.170237;
0.152487;
0.154917;
0.156696;
0.155622;
0.153643;
0.153902;
0.152292;
0.154863;
0.154497;
0.155233;
0.153937;
0.153261;
0.153062;
0.153702;
0.151482;
0.153692;
0.154776;
0.153516;
0.153088;
0.154016;
0.152823;
0.153657;
0.154874;
0.154315;
0.15175;
0.155956;
0.167128;
0.15303;
0.153946;
0.155961;
0.152972;
0.15213;
0.152445;
0.153956;
0.155248;
0.168688;
0.152916;
0.15645;
0.153053;
0.153713;
0.154464;
0.154023;
0.153829;
0.154494;
0.154074;
0.154437;
0.153064;
0.155112;
0.153572;
0.154106;
0.153806;
0.153777;
0.157822;
0.153542;
0.15396;
0.154922;
0.153681;
0.153032;
0.154034;
0.154475;
0.155879;
0.153047;
0.167149;
0.154472;
0.155273;
0.153404;
0.153136;
0.15473;
0.155517;
0.167461;
0.154211;
0.153053;
0.155831;
0.152269;
0.152661;
0.156938;
0.155756;
0.151444;
0.155959;
0.155473;
0.153405;
0.153467;
0.15522;
0.154237;
0.154368;
0.155295;
0.152947;
0.154285;
0.169242;
0.153754;
0.151631;
0.153114;
0.154668;
0.1555;
0.154258;
0.152839;
0.152078;
0.153752;
0.15681;
0.156069;
0.154254;
0.154785;
0.155093;
0.154427;
0.154737;
0.153675;
0.152532;
0.1529;
0.154086;
0.152676;
0.153767;
0.157145;
0.167016;
0.152785;
0.154626;
0.169602;
0.155648;
0.155572;
0.153755;
0.152985;
0.153633;
0.153642;
0.156273;
0.155088;
0.155541;
0.154003;
0.154008;
0.153103;
0.154191;
0.155325;
0.153191;
0.154735;
0.153442;
0.154695;
0.154577;
0.153209;
0.152696;
0.153699;
0.152615;
0.157833;
0.155063;
0.154448;
0.155129;
0.157141;
0.154973;
0.154771;
0.153667;
0.1536;
0.154826;
0.151939;
0.168019;
0.153158;
0.154362;
0.153796;
0.154087;
0.154783;
0.154524;
0.154264;
0.152334;
0.152904;
0.153824;
0.154391;
0.155099;
0.15441;
0.153547;
0.152785;
0.156884;
0.153217;
0.154128;
0.152706;
0.153107;
0.15496;
0.153029;
0.15582;
0.15352;
0.153111;
0.155668;
0.166628;
0.15664;
0.153822;
0.154169;
0.1543;
0.151707;
0.153613;
0.155711;
0.151969;
0.155338;
0.153216;
0.15364;
0.154464;
0.154897;
0.15379;
0.15529;
0.152644;
0.153141;
0.155644;
0.152885;
0.154317;
0.153163;
0.154834;
0.155669;
0.155711;
0.15333;
0.153906;
0.168984;
0.153565;
0.153874;
0.155023;
0.15245;
0.153741;
0.155762;
0.153871;
0.154202;
0.154936;
0.155363;
0.152551;
0.152404;
0.152274;
0.154972;
0.153001;
0.154407;
0.154423;
0.153304;
0.153081;
0.155885;
0.154388;
0.156191;
0.152971;
0.153685;
0.155247;
0.156556;
0.15364;
0.154693;
0.153538;
0.153983;
0.152743;
0.15567;
0.153841;
0.152678;
0.153078;
0.153526;
0.153569;
0.153864;
0.153186;
0.156148;
0.154307;
0.15355;
0.154096;
0.155173;
0.152868;
0.154995;
0.155418;
0.153832;
0.152914;
0.153328;
0.153933;
0.1527;
0.155428;
0.154453;
0.154103;
0.1527;
0.154024;
0.156525;
0.154832;
0.153815;
0.152673;
0.154695;
0.153347;
0.155429;
0.152483;
0.153464;
0.153578;
0.155077;
0.15528;
0.155193;
0.154716;
0.15179;
0.153096;
0.15406;
0.154156;
0.155065;
0.153191;
0.153819;
0.153867;
0.16714;
0.155173;
0.153208;
0.152173;
0.156598;
0.154791;
0.152787;
0.156435;
0.152669;
0.152837;
0.154121;
0.154845;
0.154233;
0.154229;
0.153273;
0.154343;
0.156463;
0.154818;
0.151766;
0.153964;
0.152904;
0.153186;
0.1539;
0.166698;
0.153596;
0.153206;
0.154165;
0.153846;
0.154467;
0.151966;
0.156029;
0.153565;
0.152723;
0.152719;
0.153481;
0.155187;
0.15295;
0.155388;
0.153635;
0.154417;
0.153714;
0.153887;
0.152998;
0.152703;
0.157676;
0.154328;
0.151917;
0.154629;
0.154451;
0.154718;
0.153558;
0.154211;
0.153659;
0.153082;
0.153654;
0.153979;
0.154424;
0.155104;
0.155199;
0.154203;
0.155541;
0.152654;
0.153352;
0.15415;
0.154674;
0.153221;
0.156452;
0.153667;
0.153765;
0.155362;
0.152977;
0.152545;
0.154474;
0.154578;
0.155538;
0.154626;
0.156424;
0.153969;
0.152797;
0.152864;
0.153644;
0.15328;
0.154425;
0.153452;
0.154611;
0.1548;
0.15457;
0.152301;
0.153483;
0.151593;
0.154868;
0.152668;
0.152834;
0.155602;
0.153762;
0.153954;
0.15424;
0.154916;
0.154937;
0.151526;
0.153546;
0.155742;
0.156243;
0.152531;
0.154729;
0.156822;
0.155024;
0.153963;
0.157982;
0.151931;
0.157751;
0.157287;
0.154751;
0.154091;
0.154606;
0.15432;
0.153242;
0.156761;
0.151175;
0.154983;
0.156427;
0.152361;
0.154843;
0.156205;
0.156184;
0.152519;
0.157421;
0.153053;
0.155245;
