0.00704539,0,1100,189,0
0.00341234,0,0,377,0
0.00333009,0,0,566,0
0.0032737,0,0,751,0
0.00341995,0,0,937,0
0.00328819,0.00199954,0,1124,1.36272
0.00330669,0.00203772,1.36272,1312,1.38784
0.00342856,0.00184239,2.75056,1497,1.31597
0.0032729,0.00208734,4.06653,1684,1.3927
0.00334388,0.00195359,5.45922,1874,1.3777
0.00341238,0.00188151,6.83693,2056,1.30592
0.00325049,0.00211183,8.14285,2247,1.42756
0.0033867,0.00189341,9.57041,2431,1.31993
0.00335532,0.00197918,10.8903,2619,1.37497
0.00328088,0.00204833,12.2653,2809,1.40173
0.00342165,0.00185425,13.667,2996,1.33334
0.00328412,0.00208141,15.0004,3180,1.37024
0.00331272, 0.0, 3180,3372,192
0.00340428, 0.0, 3372,3555,183
0.00327738, 0.0, 3555,3739,184
0.00342165, 0.0, 3739,3926,187
0.00328831, 0.0, 3926,4113,187
0.00330062, 0.0, 4113,4299,186
0.00344146, 0.0, 4299,4486,187
0.00323987, 0.0, 4486,4677,191
0.00338816, 0.0, 4677,4863,186
0.00336884, 0.0, 4863,5051,188
0.00325868, 0.0, 5051,5236,185
0.00342527, 0.0, 5236,5424,188
0.00332439, 0.0, 5424,5610,186
0.00326292, 0.0, 5610,5799,189
0.00344662, 0.0, 5799,5984,185
0.0032836, 0.0, 5984,6170,186
0.00332876, 0.0, 6170,6360,190
0.00339913, 0.0, 6360,6545,185
0.00329448, 0.0, 6545,6732,187
0.00335394, 0.0, 6732,6919,187
0.0033208, 0.0, 6919,7104,185
0.00334434, 0.0, 7104,7292,188
0.00337274, 0.0, 7292,7476,184
0.00324562, 0.0, 7476,7663,187
0.00340376, 0.0, 7663,7850,187
0.0033203, 0.0, 7850,8041,191
0.00330232, 0.0, 8041,8226,185
0.00342553, 0.0, 8226,8417,191
0.00326981, 0.0, 8417,8604,187
0.00336446, 0.0, 8604,8791,187
0.00336521, 0.0, 8791,8982,191
0.00326868, 0.0, 8982,9169,187
0.00343547, 0.0, 9169,9355,186
0.00329492, 0.0, 9355,9542,187
0.00326909, 0.0, 9542,9727,185
0.00346876, 0.0, 9727,9916,189
0.00323246, 0.0, 9916,10106,190
0.00332085, 0.0, 10106,10289,183
0.00344998, 0.0, 10289,10476,187
0.00323423, 0.0, 10476,10665,189
0.00336797, 0.0, 10665,10850,185
0.00340482, 0.0, 10850,11034,184
0.00329293, 0.0, 11034,11221,187
0.00335826, 0.0, 11221,11409,188
0.00334451, 0.0, 11409,11593,184
0.00332062, 0.0, 11593,11781,188
0.00336611, 0.0, 11781,11968,187
0.00327681, 0.0, 11968,12152,184
0.00337071, 0.0, 12152,12338,186
0.00339415, 0.0, 12338,12525,187
0.00322468, 0.0, 12525,12713,188
0.00341659, 0.0, 12713,12901,188
0.00335862, 0.0, 12901,13087,186
0.00324877, 0.0, 13087,13272,185
0.00340433, 0.0, 13272,13457,185
0.00337407, 0.0, 13457,13644,187
0.00325639, 0.0, 13644,13829,185
0.00340175, 0.0, 13829,14015,186
0.0033331, 0.0, 14015,14202,187
0.00329487, 0.0, 14202,14391,189
0.00341783, 0.0, 14391,14578,187
0.00329647, 0.0, 14578,14765,187
0.00330243, 0.0, 14765,14953,188
0.00339576, 0.0, 14953,15141,188
0.00328369, 0.0, 15141,15327,186
0.00334929, 0.0, 15327,15514,187
0.003386, 0.0, 15514,15701,187
0.00329506, 0.0, 15701,15887,186
0.00334708, 0.0, 15887,16076,189
0.00334195, 0.0, 16076,16263,187
0.00331185, 0.0, 16263,16453,190
0.00339223, 0.0, 16453,16639,186
0.00328366, 0.0, 16639,16822,183
0.00335912, 0.0, 16822,17007,185
0.00341557, 0.0, 17007,17193,186
0.00321453, 0.0, 17193,17379,186
0.00336024, 0.0, 17379,17565,186
0.00344204, 0.0, 17565,17751,186
0.00320194, 0.0, 17751,17940,189
0.00338205, 0.0, 17940,18125,185
0.00341012, 0.0, 18125,18313,188
0.00322965, 0.0, 18313,18498,185
0.00338649, 0.0, 18498,18686,188
0.00340224, 0.0, 18686,18874,188
0.00323997, 0.0, 18874,19058,184
0.0033811, 0.0, 19058,19247,189
0.00338404, 0.0, 19247,19433,186
0.00324456, 0.0, 19433,19619,186
0.00337018, 0.0, 19619,19807,188
0.00337342, 0.0, 19807,19993,186
0.00326709, 0.0, 19993,20181,188
0.00339228, 0.0, 20181,20367,186
0.00334426, 0.0, 20367,20554,187
0.00327977, 0.0, 20554,20742,188
0.00340507, 0.0, 20742,20927,185
0.0033212, 0.0, 20927,21116,189
0.00328623, 0.0, 21116,21303,187
0.00340551, 0.0, 21303,21488,185
0.00331309, 0.0, 21488,21675,187
0.00334028, 0.0, 21675,21861,186
0.00335369, 0.0, 21861,22048,187
0.00327513, 0.0, 22048,22234,186
0.00338978, 0.0, 22234,22421,187
0.00339217, 0.0, 22421,22604,183
0.003247, 0.0, 22604,22791,187
0.00338889, 0.0, 22791,22977,186
0.00339469, 0.0, 22977,23163,186
0.00321248, 0.0, 23163,23350,187
0.00340277, 0.0, 23350,23535,185
0.00337031, 0.0, 23535,23724,189
0.0032536, 0.0, 23724,23910,186
0.0034058, 0.0, 23910,24096,186
0.00331412, 0.0, 24096,24281,185
0.00332356, 0.0, 24281,24467,186
0.00337717, 0.0, 24467,24655,188
0.00331032, 0.0, 24655,24845,190
0.00333725, 0.0, 24845,25029,184
0.00337212, 0.0, 25029,25214,185
0.00326568, 0.0, 25214,25400,186
0.00342631, 0.0, 25400,25589,189
0.00330874, 0.0, 25589,25774,185
0.00328668, 0.0, 25774,25962,188
0.00343403, 0.0, 25962,26149,187
0.00324761, 0.0, 26149,26335,186
0.00335253, 0.0, 26335,26524,189
0.00340469, 0.0, 26524,26709,185
0.00322748, 0.0, 26709,26898,189
0.00342884, 0.0, 26898,27088,190
0.00334285, 0.0, 27088,27271,183
0.00323911, 0.0, 27271,27458,187
0.00345255, 0.0, 27458,27647,189
0.00327523, 0.0, 27647,27834,187
0.00331956, 0.0, 27834,28020,186
0.00342957, 0.0, 28020,28208,188
0.00326242, 0.0, 28208,28393,185
0.00337791, 0.0, 28393,28576,183
0.00331548, 0.0, 28576,28766,190
0.00330665, 0.0, 28766,28949,183
0.00337961, 0.0, 28949,29139,190
0.00326999, 0.0, 29139,29324,185
0.00340011, 0.0, 29324,29511,187
0.00336563, 0.0, 29511,29696,185
0.00325606, 0.0, 29696,29885,189
0.00342172, 0.0, 29885,30069,184
0.00330981, 0.0, 30069,30258,189
0.00331313, 0.0, 30258,30445,187
0.00339648, 0.0, 30445,30632,187
0.00329823, 0.0, 30632,30819,187
0.00335835, 0.0, 30819,31005,186
0.00330574, 0.0, 31005,31193,188
0.00335868, 0.0, 31193,31379,186
0.00335148, 0.0, 31379,31566,187
0.00329292, 0.0, 31566,31757,191
0.0033637, 0.0, 31757,31947,190
0.00331793, 0.0, 31947,32132,185
0.00336396, 0.0, 32132,32320,188
0.00336445, 0.0, 32320,32507,187
0.00325262, 0.0, 32507,32692,185
0.00342919, 0.0, 32692,32878,186
0.00333332, 0.0, 32878,33064,186
0.00326308, 0.0, 33064,33251,187
0.00341535, 0.0, 33251,33437,186
0.00329259, 0.0, 33437,33623,186
0.00333613, 0.0, 33623,33810,187
0.00338432, 0.0, 33810,34000,190
0.00329582, 0.0, 34000,34183,183
0.00335649, 0.0, 34183,34373,190
0.00331163, 0.0, 34373,34561,188
0.00336486, 0.0, 34561,34746,185
0.00334638, 0.0, 34746,34938,192
0.00328718, 0.0, 34938,35123,185
0.00342041, 0.0, 35123,35309,186
0.00325752, 0.0, 35309,35497,188
0.00336381, 0.0, 35497,35683,186
0.00337557, 0.0, 35683,35872,189
0.0032488, 0.0, 35872,36060,188
0.00344167, 0.0, 36060,36250,190
0.00329384, 0.0, 36250,36435,185
0.00329309, 0.0, 36435,36619,184
0.00340563, 0.0, 36619,36801,182
0.00333055, 0.0, 36801,36988,187
0.00337634, 0.0, 36988,37172,184
0.00326586, 0.0, 37172,37359,187
0.00841316, 0.0, 37359,37549,190
0.0084117, 0.0, 37549,37739,190
0.00877899, 0.0, 37739,37924,185
0.00361863, 0.0, 37924,38108,184
0.0014639, 0.0, 38108,38292,184
0.00151012, 0.0, 38292,38480,188
0.0015358, 0.0, 38480,38662,182
0.00147891, 0.0, 38662,38849,187
0.00153421, 0.0, 38849,39034,185
0.00154295, 0.0, 39034,39220,186
0.0015157, 0.0, 39220,39406,186
0.00155275, 0.0, 39406,39596,190
0.00146712, 0.0, 39596,39781,185
0.00147865, 0.0, 39781,39973,192
0.00150725, 0.0, 39973,40157,184
0.00143042, 0.0, 40157,40345,188
0.0014862, 0.0, 40345,40532,187
0.00143872, 0.0, 40532,40716,184
0.0014192, 0.0, 40716,40903,187
0.00142994, 0.0, 40903,41090,187
0.0013916, 0.0, 41090,41279,189
0.00142779, 0.0, 41279,41467,188
0.00143586, 0.0, 41467,41654,187
0.00159901, 0.0, 41654,41844,190
0.00705009, 0.0, 41844,42029,185
0.0158802, 0.0, 42029,42214,185
0.0238698, 0.0, 42214,42401,187
0.0177306, 0.0, 42401,42588,187
0.0179155, 0.0, 42588,42778,190
0.0185657, 0.0, 42778,42962,184
0.0226423, 0.0, 42962,43149,187
0.0230269, 0.0, 43149,43338,189
0.0227898, 0.0, 43338,43528,190
0.028159, 0.0, 43528,43716,188
0.0326219, 0.0, 43716,43901,185
0.00894417, 0.0, 43901,44087,186
0.00250602, 0.0, 44087,44274,187
0.00207486, 0.0, 44274,44463,189
0.00215182, 0.0, 44463,44648,185
0.00228532, 0.0, 44648,44835,187
0.00240564, 0.0, 44835,45023,188
0.00243277, 0.0, 45023,45207,184
0.00241887, 0.0, 45207,45393,186
0.00254674, 0.0, 45393,45582,189
0.00261021, 0.0, 45582,45765,183
0.00256964, 0.0, 45765,45954,189
0.0105309, 0.0, 45954,46141,187
0.0169363, 0.0, 46141,46330,189
0.0275685, 0.0, 46330,46515,185
0.0183794, 0.0, 46515,46700,185
0.0360824, 0.0, 46700,46887,187
0.0881445, 0.0, 46887,47074,187
0.0655504, 0.0, 47074,47260,186
0.0973326, 0.0, 47260,47446,186
0.0807756, 0.0, 47446,47632,186
0.0929796, 0.0, 47632,47820,188
0.0811898, 0.0, 47820,48008,188
0.103305, 0.0, 48008,48195,187
0.151194, 0.0, 48195,48378,183
0.165305, 0.0, 48378,48566,188
0.116889, 0.0, 48566,48750,184
0.110107, 0.0, 48750,48939,189
0.00614817, 0.0, 48939,49125,186
0.000126606, 0.0, 49125,49309,184
0.000166561, 0.0, 49309,49498,189
0.00269268, 0.0, 49498,49688,190
0.0183085, 0.0, 49688,49873,185
0.0122224, 0.0, 49873,50059,186
0.00519656, 0.0, 50059,50245,186
0.0162412, 0.0, 50245,50432,187
0.00717309, 0.0, 50432,50621,189
0.00581548, 0.0, 50621,50805,184
0.00812487, 0.0, 50805,50989,184
0.0144493, 0.0, 50989,51173,184
0.0109635, 0.0, 51173,51361,188
0.0176476, 0.0, 51361,51547,186
0.0380067, 0.0, 51547,51735,188
0.0891837, 0.0, 51735,51920,185
0.110326, 0.0, 51920,52104,184
0.0448234, 0.0, 52104,52290,186
0.0707791, 0.0, 52290,52474,184
0.113272, 0.0, 52474,52660,186
0.130892, 0.0, 52660,52848,188
0.0710683, 0.0, 52848,53036,188
0.169861, 0.0, 53036,53220,184
0.126366, 0.0, 53220,53410,190
0.143464, 0.0, 53410,53597,187
0.11488, 0.0, 53597,53786,189
0.0848993, 0.0, 53786,53970,184
0.0821187, 0.0, 53970,54071,101
0.0853813, 0.0, 54071,54255,184
0.0830074, 0.0, 54255,54438,183
0.0910875, 0.0, 54438,54627,189
0.0907787, 0.0, 54627,54812,185
0.092838, 0.0, 54812,54917,105
0.0889901, 0.0, 54917,55019,102
0.147741, 0.0, 55019,55201,182
0.0966334, 0.0, 55201,55388,187
0.159139, 0.0, 55388,55573,185
0.16945, 0.0, 55573,55764,191
0.0983173, 0.0, 55764,55950,186
0.0961103, 0.0, 55950,56136,186
0.09031, 0.0, 56136,56322,186
0.0862147, 0.0, 56322,56510,188
0.0960016, 0.0, 56510,56693,183
0.123385, 0.0, 56693,56882,189
0.0124679, 0.0, 56882,57070,188
0.000197036, 0.0, 57070,57258,188
4.78488e-06, 0.0, 57258,57445,187
9.80421e-08, 0.0, 57445,57627,182
2.11181e-09, 0.0, 57627,57815,188
4.38715e-11, 0.0, 57815,58005,190
9.01484e-13, 0.0, 58005,58189,184
1.97709e-14, 0.0, 58189,58372,183
4.46066e-16, 0.0, 58372,58559,187
9.06333e-18, 0.0, 58559,58746,187
1.92085e-19, 0.0, 58746,58936,190
