0.15975;
0.155006;
0.156139;
0.15419;
0.155463;
0.153021;
0.155555;
0.154528;
0.158128;
0.15315;
0.153695;
0.152898;
0.152636;
0.153377;
0.154645;
0.154006;
0.1531;
0.154102;
0.156368;
0.1543;
0.153935;
0.15522;
0.153107;
0.156851;
0.15574;
0.153601;
0.155916;
0.156484;
0.15741;
0.156078;
0.152497;
0.153625;
0.156628;
0.155335;
0.154914;
0.153731;
0.154897;
0.155021;
0.155775;
0.165936;
0.15366;
0.152834;
0.153416;
0.155683;
0.15672;
0.153721;
0.157098;
0.157398;
0.154178;
0.153007;
0.158076;
0.155161;
0.151669;
0.157664;
0.156188;
0.158071;
0.156861;
0.156491;
0.156039;
0.159232;
0.157665;
0.157666;
0.155096;
0.159231;
0.154622;
0.15264;
0.159534;
0.153834;
0.156686;
0.155607;
0.153402;
0.153033;
0.157893;
0.158508;
0.158813;
0.165816;
0.157311;
0.155524;
0.154928;
0.152524;
0.157796;
0.15651;
0.153885;
0.155616;
0.155629;
0.157735;
0.156052;
0.156853;
0.155102;
0.157804;
0.158892;
0.15336;
0.156709;
0.151542;
0.157501;
0.154406;
0.155118;
0.159801;
0.155728;
0.155608;
0.152548;
0.153172;
0.159292;
0.157769;
0.157949;
0.156311;
0.155891;
0.156744;
0.154341;
0.15919;
0.156332;
0.155665;
0.157611;
0.161649;
0.154677;
0.155825;
0.157878;
0.154406;
0.154732;
0.155018;
0.152215;
0.158715;
0.155445;
0.155925;
0.158814;
0.153816;
0.157464;
0.156492;
0.156848;
0.157915;
0.151537;
0.154594;
0.158894;
0.15345;
0.15265;
0.15675;
0.157548;
0.158163;
0.153289;
0.1553;
0.154971;
0.158742;
0.157825;
0.156529;
0.156645;
0.152249;
0.154974;
0.155923;
0.159384;
0.153144;
0.157452;
0.155272;
0.158242;
0.153688;
0.153582;
0.153661;
0.154871;
0.153569;
0.155889;
0.156164;
0.159185;
0.154436;
0.15771;
0.156713;
0.158592;
0.156935;
0.157563;
0.156584;
0.154788;
0.154671;
0.156695;
0.156441;
0.153973;
0.156938;
0.153471;
0.153573;
0.153877;
0.156603;
0.159811;
0.151858;
0.157444;
0.158639;
0.166913;
0.155211;
0.152168;
0.156906;
0.155968;
0.154747;
0.153804;
0.154441;
0.155861;
0.154536;
0.158773;
0.1547;
0.15442;
0.155658;
0.158969;
0.156402;
0.157892;
0.158724;
0.157465;
0.15679;
0.155723;
0.156813;
0.15716;
0.159121;
0.154706;
0.155635;
0.153621;
0.153751;
0.155357;
0.153915;
0.159716;
0.15761;
0.151547;
0.158853;
0.152663;
0.157786;
0.157889;
0.156245;
0.154333;
0.152083;
0.157726;
0.156036;
0.158191;
0.153858;
0.152861;
0.160012;
0.169738;
0.157986;
0.155834;
0.156966;
0.154841;
0.15595;
0.165094;
0.152042;
0.151748;
0.169711;
0.151428;
0.157552;
0.162605;
0.153739;
0.159904;
0.157899;
0.159871;
0.15497;
0.157396;
0.158391;
0.152813;
0.180891;
0.171981;
0.154679;
0.153047;
0.15691;
0.170485;
0.185312;
0.152881;
0.15306;
0.155513;
0.153849;
0.156911;
0.154473;
0.15168;
0.154705;
0.152866;
0.154481;
0.156509;
0.156004;
0.155419;
0.15401;
0.154554;
0.153756;
0.155767;
0.158806;
0.157317;
0.158868;
0.150677;
0.157673;
0.157761;
0.155964;
0.157391;
0.152992;
0.156634;
0.15664;
0.152546;
0.154755;
0.15863;
0.154623;
0.154649;
0.158623;
0.154339;
0.155734;
0.155859;
0.156802;
0.159769;
0.156946;
0.157575;
0.153516;
0.153975;
0.158392;
0.157892;
0.155823;
0.154776;
0.154336;
0.157698;
0.156581;
0.153848;
0.154632;
0.155671;
0.15679;
0.155351;
0.15785;
0.156819;
0.154239;
0.156804;
0.154953;
0.155395;
0.154764;
0.153824;
0.154441;
0.157156;
0.158777;
0.154563;
0.158661;
0.154581;
0.156458;
0.152954;
0.158143;
0.1523;
0.158604;
0.156819;
0.156497;
0.157076;
0.157499;
0.154718;
0.156178;
0.15613;
0.155651;
0.152662;
0.155815;
0.15766;
0.153411;
0.159046;
0.156612;
0.157388;
0.15617;
0.155245;
0.15766;
0.157908;
0.1569;
0.154678;
0.157406;
0.153712;
0.159236;
0.156684;
0.156212;
0.154016;
0.157527;
0.157616;
0.15773;
0.157692;
0.152835;
0.154682;
0.15577;
0.157785;
0.156389;
0.153659;
0.159231;
0.156307;
0.154668;
0.153177;
0.159093;
0.155802;
0.153671;
0.154714;
0.156671;
0.157254;
0.153394;
0.156588;
0.156493;
0.153067;
0.151309;
0.157887;
0.154734;
0.15668;
0.154683;
0.157486;
0.150965;
0.152448;
0.157873;
0.154947;
0.155215;
0.15561;
0.156539;
0.155826;
0.157983;
0.156233;
0.15546;
0.154777;
0.153789;
0.155529;
0.156609;
0.156851;
0.157595;
0.154689;
0.156569;
0.156848;
0.155597;
0.152767;
0.15416;
0.15777;
0.152323;
0.155054;
0.166728;
0.158559;
0.154974;
0.155968;
0.158555;
0.165622;
0.155674;
0.157906;
0.1563;
0.157165;
0.15855;
0.156485;
0.153643;
0.15662;
0.156946;
0.157697;
0.158334;
0.154118;
0.157713;
0.159533;
0.15874;
0.152162;
0.157309;
0.159675;
0.152806;
0.15857;
0.158641;
0.157897;
0.155509;
0.150664;
0.157804;
0.157837;
0.155601;
0.155519;
0.155876;
0.152472;
0.15479;
0.157821;
0.1556;
0.157791;
0.153578;
0.15485;
0.155697;
0.153511;
0.153287;
0.154358;
0.154833;
0.155057;
0.156576;
0.157146;
0.157935;
0.157488;
0.15273;
0.152646;
0.15471;
0.151688;
0.154021;
0.154158;
0.157381;
0.152982;
0.158206;
0.157352;
0.157521;
0.159651;
0.15395;
0.153783;
0.156585;
0.156176;
0.158061;
0.151798;
0.158072;
0.157247;
0.15496;
0.159186;
0.157277;
0.154548;
0.156606;
0.151654;
0.155469;
0.157424;
0.158084;
0.154957;
0.155575;
0.15677;
0.153087;
0.158342;
0.15275;
0.158585;
0.154153;
0.15867;
0.154033;
0.153872;
0.164634;
0.150964;
0.15366;
0.158621;
0.156888;
0.159472;
0.157815;
0.155719;
0.153825;
0.155739;
0.15872;
0.155876;
0.15563;
0.158345;
0.15284;
0.153754;
0.156829;
0.156744;
0.157969;
0.156402;
0.157382;
0.153969;
0.153601;
0.153803;
0.153926;
0.157579;
0.154696;
0.15796;
0.158872;
0.155267;
0.156632;
0.154036;
0.156645;
0.165601;
0.159693;
0.154507;
0.15404;
0.156861;
0.153451;
0.155934;
0.155631;
0.155062;
0.153168;
0.155891;
0.159513;
0.156893;
0.152255;
0.152657;
0.156758;
0.165902;
0.157671;
0.155658;
0.153117;
0.158496;
0.152401;
0.154829;
0.156903;
0.153605;
0.152578;
0.153867;
0.158861;
0.155366;
0.156831;
0.154715;
0.154819;
0.154748;
0.156607;
0.158803;
0.152631;
0.157761;
0.152698;
0.155422;
0.155974;
0.153731;
0.157744;
0.152547;
0.156864;
0.152565;
0.15372;
0.155902;
0.157618;
0.154661;
0.157749;
0.157989;
0.15441;
0.156966;
0.156479;
0.158755;
0.156764;
0.158756;
0.155583;
0.158652;
0.157885;
0.156615;
0.155644;
0.152911;
0.159158;
0.158136;
0.15155;
0.153909;
0.153786;
0.157647;
0.159569;
0.154796;
0.157914;
0.155471;
0.153646;
0.154812;
0.153741;
0.157819;
0.156602;
0.157622;
0.157382;
0.154223;
0.155279;
0.15405;
0.157538;
0.152608;
0.157108;
0.157707;
0.157237;
0.15824;
0.156697;
0.157163;
0.157484;
0.155445;
0.158285;
0.156485;
0.15335;
0.154714;
0.156708;
0.157744;
0.15857;
0.158649;
0.156572;
0.156797;
0.157923;
0.153748;
0.155582;
0.152737;
0.155145;
0.157467;
0.159272;
0.156069;
0.156613;
0.154623;
0.156821;
0.154863;
0.157255;
0.159045;
0.155928;
0.15774;
0.156337;
0.155675;
0.153765;
0.156239;
0.167244;
0.151313;
0.152958;
0.154211;
0.155384;
0.155559;
0.156273;
0.154918;
