0.114923
0.0165135
0.0052866
0.0138754
0.0222556
0.0173753
0.014622
0.0127556
0.0165512
0.0211891
0.0158175
0.0180855
0.0084182
0.0179847
0.0171507
0.0179612
0.0215698
0.0175641
0.0111357
0.0099758
0.0151425
0.0094761
0.0143402
0.0073728
0.0148434
0.0168101
0.0176913
0.0120969
0.0179732
0.0171076
0.0123806
0.0169741
0.0163222
0.0078303
0.0167955
0.0169424
0.0100832
0.0142218
0.0172067
0.0187325
0.017125
0.0166019
0.0079112
0.0141052
0.0050747
0.0146122
0.0172233
0.0165984
0.0160505
0.0165704
0.0174557
0.021211
0.0171648
0.0168583
0.0253158
0.0233719
0.0090918
0.0222226
0.0054384
0.014288
0.0198614
0.0160086
0.0170995
0.0141241
0.0181441
0.0051204
0.0181958
0.0175902
0.0103222
0.0299719
0.0206346
0.0111121
0.0190097
0.0165633
0.0170223
0.0241519
0.0173394
0.0055225
0.0178036
0.0163526
0.0128943
0.0165721
0.0172869
0.0061238
0.0166714
0.0177212
0.0197372
0.0168128
0.0067743
0.0191735
0.0168015
0.0050203
0.015942
0.0178066
0.0170173
0.0245098
0.018237
0.0049893
0.0206001
0.0172674
0.0083158
0.0176081
0.0182559
0.0161934
0.0219031
0.0163346
0.0083578
0.0203034
0.0164835
0.0097874
0.0194582
0.0165026
0.0064123
0.0218859
0.0077847
0.0075895
0.0149476
0.0177427
0.0216911
0.0217682
0.0168752
0.0082271
0.015534
0.0175287
0.0197657
0.0203158
0.0178519
0.0094927
0.0204295
0.0171899
0.0108087
0.0226756
0.0172424
0.0077374
0.0194426
0.0177637
0.0080261
0.020123
0.0168222
0.0076494
0.0162308
0.0168173
0.0068479
0.0168908
0.017644
0.0279679
0.0194431
0.0161384
0.0132132
0.0169463
0.0165463
0.0097426
0.0145114
0.0175872
0.0233801
0.0166629
0.0177726
0.0193209
0.0180129
0.0118514
0.015553
0.0195143
0.0169633
0.0098925
0.0153366
0.0183538
0.0087238
0.0142611
0.008408
0.0215491
0.0169643
0.0081659
0.0187662
0.0179192
0.006501
0.0154547
0.016581
0.0091327
0.0161044
0.017399
0.0074278
0.0156175
0.0151974
0.0100165
0.0180699
0.0135926
0.0187631
0.0176758
0.0152249
0.022646
0.0167687
0.0163383
0.0180435
0.0171296
0.0048656
0.0149593
0.0177675
0.0101192
0.0197582
0.0168623
0.0180216
0.0146091
0.0182278
0.0051782
0.022291
0.0173719
0.0109529
0.0199008
0.0170543
0.0085603
0.0183837
0.0169414
0.0096153
0.0150454
0.0172985
0.0117537
0.0177063
0.0167452
0.0188227
0.0168004
0.0166359
0.0119553
0.0176978
0.0179794
0.0155513
0.0147072
0.0173632
0.0072564
0.0144276
0.0174956
0.0091671
0.0141557
0.0061014
0.0182884
0.0167385
0.0050261
0.0211108
0.0181957
0.0128968
0.0165405
0.0165127
0.0130929
0.0168228
0.0180911
0.0211695
0.0169011
0.0050015
0.0107143
0.0168119
0.0083895
0.0165898
0.0168283
0.0176826
0.0239633
0.0172186
0.0085224
0.0148778
0.0219142
0.0171452
0.0205056
0.0169871
0.0170147
0.0218436
0.0167844
0.0180729
0.0239052
0.0174754
0.0049949
0.0206395
0.0181975
0.0112106
0.0162758
0.0163688
0.0110237
0.0172748
0.0160829
0.009304
0.0160993
0.0048087
0.0125883
0.0177045
0.0183193
0.0285774
0.0236806
0.0171499
0.0248055
0.0185507
0.0090965
0.0219982
0.0165712
0.0124472
0.0161668
0.0050439
0.0095372
0.0150431
0.0153102
0.0217017
0.0168411
0.011442
0.0232814
0.017008
0.0051336
0.0160053
0.0169269
0.0177597
0.018084
0.016677
0.0062067
0.0180746
0.0134255
0.0087725
