9.35263e-05,0.000145686,1000,2005,0.000166369
0.0001153, 0.0, 2005,2113,108
0.000339175, 0.0, 2113,2255,142
0.000212434, 0.0, 2255,2378,123
0.000146621, 0.0, 2378,2517,139
0.000141846, 0.0, 2517,2659,142
0.000115365, 0.0, 2659,2794,135
9.84136e-05, 0.0, 2794,2938,144
9.24543e-05, 0.0, 2938,3081,143
9.54324e-05, 0.0, 3081,3219,138
8.67868e-05, 0.0, 3219,3359,140
8.56303e-05, 0.0, 3359,3499,140
8.52852e-05, 0.0, 3499,3639,140
8.47069e-05, 0.0, 3639,3765,126
8.26299e-05, 0.0, 3765,3908,143
8.34036e-05, 0.0, 3908,4046,138
8.2507e-05, 0.0, 4046,4188,142
8.17778e-05, 0.0, 4188,4327,139
8.06777e-05, 0.0, 4327,4468,141
8.10942e-05, 0.0, 4468,4593,125
8.39132e-05, 0.0, 4593,4717,124
8.51211e-05, 0.0, 4717,4854,137
0.000106606, 0.0, 4854,4980,126
8.90567e-05, 0.0, 4980,5123,143
8.60368e-05, 0.0, 5123,5250,127
8.33722e-05, 0.0, 5250,5393,143
8.34252e-05, 0.0, 5393,5532,139
8.45113e-05, 0.0, 5532,5668,136
8.23333e-05, 0.0, 5668,5810,142
8.28778e-05, 0.0, 5810,5952,142
8.3113e-05, 0.0, 5952,6095,143
8.48362e-05, 0.0, 6095,6234,139
8.31184e-05, 0.0, 6234,6376,142
8.53877e-05, 0.0, 6376,6517,141
8.71732e-05, 0.0, 6517,6645,128
8.51684e-05, 0.0, 6645,6787,142
8.52855e-05, 0.0, 6787,6930,143
8.45462e-05, 0.0, 6930,7056,126
8.57102e-05, 0.0, 7056,7199,143
8.56486e-05, 0.0, 7199,7339,140
8.73955e-05, 0.0, 7339,7481,142
8.72693e-05, 0.0, 7481,7622,141
8.59647e-05, 0.0, 7622,7761,139
8.80617e-05, 0.0, 7761,7885,124
8.53722e-05, 0.0, 7885,8022,137
8.97261e-05, 0.0, 8022,8151,129
8.7337e-05, 0.0, 8151,8292,141
8.82475e-05, 0.0, 8292,8435,143
8.81069e-05, 0.0, 8435,8574,139
8.82867e-05, 0.0, 8574,8717,143
8.83458e-05, 0.0, 8717,8860,143
9.78196e-05, 0.0, 8860,9004,144
9.86932e-05, 0.0, 9004,9148,144
8.88794e-05, 0.0, 9148,9288,140
9.04798e-05, 0.0, 9288,9430,142
8.8553e-05, 0.0, 9430,9582,152
9.01031e-05, 0.0, 9582,9724,142
9.11317e-05, 0.0, 9724,9851,127
9.13358e-05, 0.0, 9851,9991,140
9.11221e-05, 0.0, 9991,10118,127
9.07859e-05, 0.0, 10118,10258,140
9.14494e-05, 0.0, 10258,10396,138
9.13485e-05, 0.0, 10396,10537,141
9.21073e-05, 0.0, 10537,10675,138
9.03127e-05, 0.0, 10675,10818,143
9.21411e-05, 0.0, 10818,10958,140
9.04574e-05, 0.0, 10958,11087,129
9.063e-05, 0.0, 11087,11227,140
8.79575e-05, 0.0, 11227,11368,141
9.11629e-05, 0.0, 11368,11497,129
8.9713e-05, 0.0, 11497,11654,157
9.00001e-05, 0.0, 11654,11795,141
8.69602e-05, 0.0, 11795,11923,128
9.02199e-05, 0.0, 11923,12061,138
9.01703e-05, 0.0, 12061,12202,141
8.82693e-05, 0.0, 12202,12345,143
9.14478e-05, 0.0, 12345,12485,140
9.26214e-05, 0.0, 12485,12624,139
9.05033e-05, 0.0, 12624,12751,127
9.44631e-05, 0.0, 12751,12889,138
9.57588e-05, 0.0, 12889,13026,137
9.42872e-05, 0.0, 13026,13168,142
9.21524e-05, 0.0, 13168,13308,140
9.05451e-05, 0.0, 13308,13449,141
9.44998e-05, 0.0, 13449,13576,127
0.000110184, 0.0, 13576,13718,142
0.000101215, 0.0, 13718,13855,137
9.37989e-05, 0.0, 13855,13997,142
0.000102224, 0.0, 13997,14136,139
0.000113213, 0.0, 14136,14264,128
0.000105929, 0.0, 14264,14401,137
0.00010667, 0.0, 14401,14542,141
0.000103248, 0.0, 14542,14668,126
0.000121867, 0.0, 14668,14811,143
0.000110157, 0.0, 14811,14951,140
0.000113668, 0.0, 14951,15092,141
0.000117183, 0.0, 15092,15231,139
0.000120315, 0.0, 15231,15373,142
0.000124008, 0.0, 15373,15499,126
0.000125947, 0.0, 15499,15641,142
0.000171255, 0.0, 15641,15781,140
0.000206692, 0.0, 15781,15909,128
0.000194128, 0.0, 15909,16051,142
0.000142873, 0.0, 16051,16192,141
0.000111114, 0.0, 16192,16331,139
0.000101097, 0.0, 16331,16470,139
9.1907e-05, 0.0, 16470,16610,140
8.75063e-05, 0.0, 16610,16734,124
9.07499e-05, 0.0, 16734,16876,142
9.14112e-05, 0.0, 16876,17019,143
9.00685e-05, 0.0, 17019,17158,139
9.05311e-05, 0.0, 17158,17299,141
8.98956e-05, 0.0, 17299,17440,141
9.30553e-05, 0.0, 17440,17568,128
9.02085e-05, 0.0, 17568,17707,139
8.84854e-05, 0.0, 17707,17833,126
0.000101898, 0.0, 17833,17960,127
9.39009e-05, 0.0, 17960,18103,143
9.16221e-05, 0.0, 18103,18243,140
9.16002e-05, 0.0, 18243,18386,143
9.01811e-05, 0.0, 18386,18526,140
9.08704e-05, 0.0, 18526,18666,140
9.09749e-05, 0.0, 18666,18793,127
8.92631e-05, 0.0, 18793,18935,142
9.07471e-05, 0.0, 18935,19091,156
9.56855e-05, 0.0, 19091,19235,144
9.474e-05, 0.0, 19235,19378,143
9.49249e-05, 0.0, 19378,19518,140
9.017e-05, 0.0, 19518,19654,136
9.04948e-05, 0.0, 19654,19794,140
9.12877e-05, 0.0, 19794,19935,141
8.84425e-05, 0.0, 19935,20077,142
8.88245e-05, 0.0, 20077,20220,143
9.13706e-05, 0.0, 20220,20361,141
9.37144e-05, 0.0, 20361,20489,128
8.95141e-05, 0.0, 20489,20630,141
8.95799e-05, 0.0, 20630,20767,137
9.22677e-05, 0.0, 20767,20894,127
9.14236e-05, 0.0, 20894,21036,142
8.67994e-05, 0.0, 21036,21178,142
8.7518e-05, 0.0, 21178,21305,127
8.98526e-05, 0.0, 21305,21446,141
9.03371e-05, 0.0, 21446,21587,141
9.55837e-05, 0.0, 21587,21714,127
9.40992e-05, 0.0, 21714,21853,139
9.44534e-05, 0.0, 21853,21990,137
0.000106358, 0.0, 21990,22132,142
0.000102961, 0.0, 22132,22270,138
0.00010172, 0.0, 22270,22411,141
0.000111795, 0.0, 22411,22554,143
0.000102271, 0.0, 22554,22692,138
0.000107764, 0.0, 22692,22831,139
0.000126121, 0.0, 22831,22957,126
0.000126131, 0.0, 22957,23100,143
0.000138829, 0.0, 23100,23240,140
0.000142091, 0.0, 23240,23379,139
0.000179217, 0.0, 23379,23521,142
0.000198423, 0.0, 23521,23664,143
0.000197496, 0.0, 23664,23806,142
0.000127062, 0.0, 23806,23948,142
0.000112988, 0.0, 23948,24087,139
9.85674e-05, 0.0, 24087,24230,143
9.03253e-05, 0.0, 24230,24372,142
9.16809e-05, 0.0, 24372,24509,137
8.92106e-05, 0.0, 24509,24634,125
8.67197e-05, 0.0, 24634,24773,139
8.96791e-05, 0.0, 24773,24913,140
9.08196e-05, 0.0, 24913,25035,122
8.89042e-05, 0.0, 25035,25174,139
9.10258e-05, 0.0, 25174,25299,125
8.91404e-05, 0.0, 25299,25439,140
9.37562e-05, 0.0, 25439,25578,139
8.96114e-05, 0.0, 25578,25702,124
8.82352e-05, 0.0, 25702,25844,142
8.76202e-05, 0.0, 25844,25984,140
8.67493e-05, 0.0, 25984,26112,128
8.76919e-05, 0.0, 26112,26251,139
8.90895e-05, 0.0, 26251,26391,140
8.6603e-05, 0.0, 26391,26516,125
9.02581e-05, 0.0, 26516,26658,142
8.87244e-05, 0.0, 26658,26797,139
8.9264e-05, 0.0, 26797,26920,123
8.75606e-05, 0.0, 26920,27063,143
8.59318e-05, 0.0, 27063,27204,141
8.67112e-05, 0.0, 27204,27332,128
8.8636e-05, 0.0, 27332,27468,136
8.62214e-05, 0.0, 27468,27610,142
8.51235e-05, 0.0, 27610,27751,141
8.68141e-05, 0.0, 27751,27891,140
8.71337e-05, 0.0, 27891,28030,139
8.7749e-05, 0.0, 28030,28170,140
8.49244e-05, 0.0, 28170,28311,141
8.87527e-05, 0.0, 28311,28451,140
8.80911e-05, 0.0, 28451,28592,141
8.91243e-05, 0.0, 28592,28732,140
8.76448e-05, 0.0, 28732,28859,127
8.90897e-05, 0.0, 28859,29002,143
9.02979e-05, 0.0, 29002,29141,139
9.83216e-05, 0.0, 29141,29266,125
9.26935e-05, 0.0, 29266,29405,139
9.51318e-05, 0.0, 29405,29549,144
9.14621e-05, 0.0, 29549,29689,140
8.95581e-05, 0.0, 29689,29829,140
8.87396e-05, 0.0, 29829,29968,139
9.02414e-05, 0.0, 29968,30095,127
9.18756e-05, 0.0, 30095,30238,143
8.98368e-05, 0.0, 30238,30379,141
0.000100409, 0.0, 30379,30508,129
9.51987e-05, 0.0, 30508,30651,143
9.46048e-05, 0.0, 30651,30790,139
9.11359e-05, 0.0, 30790,30916,126
9.16458e-05, 0.0, 30916,31055,139
9.04291e-05, 0.0, 31055,31195,140
0.000100963, 0.0, 31195,31321,126
9.84886e-05, 0.0, 31321,31462,141
0.000105022, 0.0, 31462,31603,141
9.82699e-05, 0.0, 31603,31744,141
9.44564e-05, 0.0, 31744,31885,141
9.07265e-05, 0.0, 31885,32023,138
9.31284e-05, 0.0, 32023,32166,143
9.04427e-05, 0.0, 32166,32308,142
9.31898e-05, 0.0, 32308,32451,143
0.000101423, 0.0, 32451,32589,138
0.000113449, 0.0, 32589,32731,142
0.000165579, 0.0, 32731,32866,135
0.000176193, 0.0, 32866,33006,140
0.0001034, 0.0, 33006,33147,141
8.72309e-05, 0.0, 33147,33288,141
8.82795e-05, 0.0, 33288,33415,127
8.46331e-05, 0.0, 33415,33555,140
8.31474e-05, 0.0, 33555,33694,139
8.40972e-05, 0.0, 33694,33821,127
8.54615e-05, 0.0, 33821,33959,138
8.58674e-05, 0.0, 33959,34083,124
8.59001e-05, 0.0, 34083,34222,139
8.41073e-05, 0.0, 34222,34358,136
8.385e-05, 0.0, 34358,34484,126
8.43849e-05, 0.0, 34484,34626,142
8.63189e-05, 0.0, 34626,34764,138
8.42204e-05, 0.0, 34764,34906,142
8.40732e-05, 0.0, 34906,35044,138
8.52942e-05, 0.0, 35044,35184,140
8.52681e-05, 0.0, 35184,35325,141
8.51423e-05, 0.0, 35325,35468,143
8.58538e-05, 0.0, 35468,35621,153
8.33987e-05, 0.0, 35621,35764,143
8.64672e-05, 0.0, 35764,35902,138
8.41793e-05, 0.0, 35902,36030,128
8.61184e-05, 0.0, 36030,36168,138
8.52304e-05, 0.0, 36168,36305,137
8.36428e-05, 0.0, 36305,36429,124
8.59981e-05, 0.0, 36429,36571,142
8.80724e-05, 0.0, 36571,36715,144
8.59888e-05, 0.0, 36715,36855,140
8.45491e-05, 0.0, 36855,36997,142
8.6191e-05, 0.0, 36997,37136,139
8.55717e-05, 0.0, 37136,37264,128
8.60212e-05, 0.0, 37264,37406,142
8.60413e-05, 0.0, 37406,37547,141
8.76775e-05, 0.0, 37547,37684,137
8.80947e-05, 0.0, 37684,37828,144
8.9807e-05, 0.0, 37828,37968,140
9.2924e-05, 0.0, 37968,38107,139
9.39249e-05, 0.0, 38107,38250,143
9.27785e-05, 0.0, 38250,38392,142
9.13679e-05, 0.0, 38392,38534,142
9.03016e-05, 0.0, 38534,38672,138
9.03618e-05, 0.0, 38672,38809,137
9.04914e-05, 0.0, 38809,38936,127
8.90526e-05, 0.0, 38936,39078,142
8.9795e-05, 0.0, 39078,39217,139
8.8504e-05, 0.0, 39217,39358,141
9.14769e-05, 0.0, 39358,39498,140
8.85663e-05, 0.0, 39498,39638,140
9.00798e-05, 0.0, 39638,39777,139
9.79071e-05, 0.0, 39777,39915,138
0.000108564, 0.0, 39915,40054,139
0.000102406, 0.0, 40054,40180,126
8.77396e-05, 0.0, 40180,40317,137
8.95539e-05, 0.0, 40317,40444,127
9.838e-05, 0.0, 40444,40587,143
0.000133003, 0.0, 40587,40726,139
0.000110648, 0.0, 40726,40868,142
9.51821e-05, 0.0, 40868,41024,156
9.22595e-05, 0.0, 41024,41164,140
8.99759e-05, 0.0, 41164,41305,141
9.48345e-05, 0.0, 41305,41447,142
0.000116826, 0.0, 41447,41588,141
0.000100777, 0.0, 41588,41714,126
0.000122256, 0.0, 41714,41855,141
0.000131221, 0.0, 41855,41998,143
0.000188519, 0.0, 41998,42137,139
0.000320643, 0.0, 42137,42274,137
0.000237815, 0.0, 42274,42403,129
0.000238632, 0.0, 42403,42528,125
0.000281454, 0.0, 42528,42669,141
0.000159267, 0.0, 42669,42810,141
9.71202e-05, 0.0, 42810,42953,143
9.54576e-05, 0.0, 42953,43094,141
9.54437e-05, 0.0, 43094,43219,125
9.18114e-05, 0.0, 43219,43360,141
9.34826e-05, 0.0, 43360,43500,140
9.50656e-05, 0.0, 43500,43629,129
9.13912e-05, 0.0, 43629,43765,136
9.29361e-05, 0.0, 43765,43904,139
9.19089e-05, 0.0, 43904,44045,141
9.35348e-05, 0.0, 44045,44183,138
9.61864e-05, 0.0, 44183,44322,139
9.58105e-05, 0.0, 44322,44449,127
9.16942e-05, 0.0, 44449,44589,140
9.33266e-05, 0.0, 44589,44729,140
