0.0404712
0.0018773
0.0042123
0.0023463
0.0028987
0.0043401
0.005883
0.0017792
0.0023883
0.0018891
0.0016839
0.003794
0.00247
0.0027922
0.0030137
0.0017753
0.003416
0.0011807
0.0062066
0.001321
0.0013818
0.0034715
0.0029216
0.001817
0.003961
0.0013328
0.0038805
0.0018071
0.0053947
0.0012655
0.0050398
0.0020284
0.0028057
0.0030589
0.0027453
0.0028068
0.004576
0.0020844
0.0040222
0.0013926
0.0013593
0.005586
0.0018452
0.0029653
0.0020127
0.0051877
0.0040443
0.0047812
0.0025972
0.0030476
0.0055867
0.0021531
0.0021616
0.0029962
0.0018688
0.0030051
0.0013742
0.0066072
0.0042724
0.0056645
0.0063405
0.0024058
0.0026557
0.0020895
0.0054843
0.002936
0.0015025
0.0033538
0.0036305
0.00249
0.0014111
0.0013859
0.0026517
0.001657
0.0029287
0.0013459
0.0012783
0.0026674
0.001532
0.0036693
0.0021792
0.0014155
0.0037758
0.0025441
0.0027479
0.0058055
0.0024241
0.005733
0.0013575
0.0020165
0.0053316
0.0037309
0.0015034
0.0038342
0.0026725
0.0028238
0.0047052
0.0032889
0.0021406
0.00481
0.0012077
0.0023604
0.0041039
0.0015674
0.0033477
0.005885
0.004066
0.0035233
0.0063502
0.0017959
0.0014741
0.0020404
0.0019784
0.0014055
0.0043194
0.0019109
0.0029047
0.0039786
0.0023086
0.0037208
0.0022222
0.0017381
0.0032089
0.0073642
0.0030216
0.0020019
0.0029518
0.0018974
0.0026714
0.0024955
0.0020186
0.00221
0.0028667
0.0025974
0.0016042
0.0013876
0.0102904
0.0033684
0.0027006
0.0080636
0.0021543
0.0046756
0.0019157
0.0036905
0.0025205
0.0014044
0.0047607
0.0020634
0.0023062
0.0047232
0.0014069
0.0025625
0.0028193
0.0020071
0.0019885
0.0016427
0.0078759
0.0017061
0.0019805
0.0019381
0.0026136
0.0017195
0.0022896
0.0062843
0.0032014
0.0018591
0.0059005
0.0025541
0.0045538
0.0022778
0.0022325
0.0034903
0.0030891
0.0025678
0.0039972
0.0028952
0.0032979
0.0026335
0.0030883
0.004266
0.0048556
0.0023574
0.0033705
0.001615
0.0013388
0.0014995
0.0024823
0.0027609
0.0036944
0.0041321
0.002104
0.0034292
0.0043734
0.001728
0.0020858
0.0070858
0.0013726
0.0067977
0.00181
0.0035222
0.0022503
0.0060937
0.0040263
0.0011765
0.00198
0.0012134
0.0011246
0.0066734
0.0050424
0.0053731
0.0054734
0.0021898
0.0024418
0.0041066
0.0114454
0.0017703
0.0011632
0.0027312
0.0033194
0.0013327
0.0044478
0.002325
0.0033087
0.0018668
0.0057284
0.0034778
0.0022258
0.0044783
0.0020189
0.004094
0.0011945
0.0042764
0.0024482
0.0010999
0.0031384
0.0017441
0.0032576
0.0039726
0.0045834
0.001783
0.0018333
0.0039612
0.0037523
0.0021069
0.003848
0.0022145
0.0043595
0.0021316
0.0019294
0.0050753
0.0028086
0.0037022
0.0029223
0.0053094
0.0059402
0.0017758
0.0030435
0.0057547
0.0030767
0.0035537
0.0030341
0.001163
0.0013364
0.0015932
0.0042123
0.0015213
0.0035132
0.0016568
0.0011439
0.0038524
0.008028
0.001597
0.0028884
0.004465
0.0017211
0.0060355
0.0014282
0.0025181
0.0057615
0.0012488
0.0014331
0.0027792
0.0015547
0.0015374
0.0012008
0.0035711
0.0045478
0.0030937
0.0035927
0.0013522
0.0027249
0.0024145
0.0016362
0.0029396
0.0038697
0.0081784
0.0015842
0.0081393
0.0033383
0.0019324
0.0057293
0.0011918
0.0014995
0.0045414
0.0018997
0.0044648
0.0017256
0.0077849
0.0054689
0.0015242
0.0081837
0.0017582
0.0035055
0.006208
0.0011806
0.0029007
0.0104114
0.003633
0.0026819
0.0012481
0.0053168
0.0035757
0.0029535
0.0019797
0.0011893
0.0048331
0.001152
0.0099553
0.0033996
0.0014287
0.0029555
0.0025191
0.0075012
0.001425
0.006362
0.0015816
0.0012932
0.0035506
0.0038748
0.0062065
0.0034053
0.0019523
0.0020674
0.0013074
0.0039068
0.0034594
0.003139
0.0027347
0.0012726
0.00366
0.0012625
0.005554
0.0022057
0.0018002
0.0022733
0.0017479
0.0021592
0.0036708
0.0017569
0.0014015
0.001246
0.0028089
0.0011109
0.0043458
0.0027607
0.0032686
0.004682
0.001774
0.0014228
0.0042598
0.0014645
0.0058083
0.0011529
0.0015793
0.0030791
0.0023696
0.0025502
0.0013717
0.0056466
0.0025016
0.001553
0.009821
0.0059345
0.0013103
0.0031469
0.0013467
0.0056009
0.0046809
0.0018287
0.003977
0.0036918
0.0025572
0.0037746
0.0020577
0.0040314
0.0020321
0.0080674
0.0011423
0.0050133
0.0017632
0.0014196
0.0041487
0.0012755
0.0090791
0.0018597
0.0012426
0.0047365
0.0021852
0.0041659
0.0028709
0.0027796
0.001928
0.0017505
0.0025868
0.0035411
0.003613
0.0016529
0.0038843
0.0017209
0.0011664
0.0066851
0.0033141
0.0024354
0.0026983
0.0029137
0.0039133
0.0057904
0.0026596
0.0032334
0.0025034
0.0021786
0.0014502
0.0025441
0.0017924
0.0013626
0.0030107
0.0038298
0.0041262
0.0035922
0.0053282
0.003199
0.0028475
0.006132
0.0015461
0.0011203
0.0031115
0.0018656
0.00327
0.0040003
0.0017539
0.0031326
0.0033796
0.0043079
0.0047163
0.0028949
0.0024394
0.0011586
0.0048459
0.0030546
0.0015865
0.0026082
0.0019203
0.0021274
0.0017382
0.003635
0.0024289
0.0014682
0.004215
0.0011275
0.001827
0.0033205
0.0087046
0.0043879
0.0025636
0.0028475
0.0039599
0.0018547
0.0034426
0.001208
0.0077176
0.0011459
0.0066639
0.0051759
0.0024047
0.0036887
0.001586
0.0036291
0.001359
0.0024065
0.0039801
0.0022661
0.0082887
0.0020044
0.0021283
0.0053486
0.0018866
0.0024815
0.0018902
0.010343
0.0033092
0.0018449
0.0033094
0.0010448
0.0018349
0.0030707
0.0012477
0.0017021
0.0014484
0.0042964
0.0038818
0.0011099
0.003172
0.003282
0.0025384
0.0011345
0.003255
0.0026677
0.0034664
0.0050168
0.0028202
0.0012933
0.0011915
0.0022383
0.0034085
0.0020558
0.0024922
0.0011984
0.0024111
0.0041247
0.0011611
0.0021088
0.0013217
0.0018129
0.0041325
0.0016643
0.003355
0.0030239
0.002923
0.0032463
0.0020191
0.0051943
0.0028805
0.0032097
0.0020796
0.0030092
0.0075506
0.0016758
0.0035286
0.0011442
0.0020292
0.0035129
0.0016842
0.0026707
0.003879
0.0048863
0.0021687
0.0015635
0.0027039
0.0058269
0.0033315
0.0025585
0.0013303
0.0053332
0.0012507
0.0032011
0.0051733
0.0019938
0.0020416
0.0037321
0.0035616
0.0023296
0.0041026
0.0059145
0.0019001
0.0049573
0.0040169
0.0033766
0.0022402
0.0053705
0.0023184
0.0026007
0.0047675
0.0026449
0.0019478
0.0033846
0.0012492
0.0053264
0.0010529
0.0012076
0.001469
0.001629
0.0031937
0.0015497
0.0019265
0.0040985
0.0018999
0.0019397
0.0020864
0.0048465
0.0030447
0.0016718
0.0026409
0.002634
0.0061361
0.0022366
0.0016508
0.0037018
0.0021636
0.0021559
0.0035147
0.0081192
0.0012403
0.0011052
0.0038702
0.0036379
0.0013387
0.0035628
0.001427
0.0079917
0.0026249
0.0037855
0.0028447
0.0013789
0.001146
0.002413
0.0025707
0.0031529
0.0014311
0.0015736
0.0015671
0.0045653
0.0042803
0.0032907
0.0034605
0.0011563
0.0036615
0.0012955
0.0026059
0.0029625
0.0045281
0.0028651
0.0019712
0.003702
0.0022896
0.0019552
0.0018409
0.0014613
0.0025348
0.0014007
0.0063893
0.0052806
0.0017774
0.004624
0.0020826
0.0017554
0.0016203
0.0033368
0.003172
0.0019923
0.0057858
0.0016618
0.0018614
0.0027555
0.0013116
0.0048114
0.0025106
0.0030185
0.0039968
0.0014147
0.0037196
0.0044496
0.0020569
0.0038388
0.0022097
0.001943
0.0035513
0.0083666
0.0015615
0.0022507
0.0036451
0.0015274
0.0026831
0.003655
0.0017917
0.0016681
0.00316
0.0042034
0.0019829
0.0025089
0.0022776
0.0041908
0.0033466
0.0022546
0.0062702
0.0044247
0.0012685
0.0061138
0.0016371
0.0037997
0.0024977
0.002244
0.0021784
0.0039627
0.0019732
0.0011785
0.0018154
0.0058273
0.001452
0.0037709
0.0029079
0.0030961
0.0021762
0.0011117
0.0011504
0.006509
0.0023322
0.0011813
0.0019644
0.0046566
0.0039879
0.0039195
0.0035703
0.0028737
0.0048466
0.0020524
0.0017208
0.0048655
