0.161835;
0.152596;
0.154729;
0.152808;
0.154482;
0.155502;
0.154925;
0.152979;
0.152917;
0.152532;
0.152879;
0.155097;
0.152928;
0.153026;
0.154183;
0.155048;
0.167748;
0.151944;
0.152345;
0.154697;
0.154014;
0.154267;
0.154316;
0.153337;
0.154989;
0.154139;
0.153193;
0.153407;
0.156461;
0.153302;
0.153257;
0.153245;
0.15359;
0.156651;
0.155294;
0.154599;
0.152849;
0.15845;
0.151955;
0.154743;
0.153704;
0.152281;
0.153151;
0.153961;
0.153445;
0.153923;
0.152598;
0.156282;
0.152882;
0.152529;
0.15334;
0.154086;
0.15373;
0.151896;
0.15586;
0.154982;
0.165945;
0.153064;
0.152669;
0.153968;
0.15081;
0.161509;
0.160282;
0.154137;
0.152665;
0.171307;
0.16667;
0.153328;
0.153564;
0.154025;
0.153151;
0.156702;
0.154673;
0.153523;
0.150849;
0.16749;
0.155094;
0.153904;
0.153586;
0.15452;
0.153619;
0.152895;
0.155675;
0.153628;
0.153787;
0.155453;
0.154479;
0.154029;
0.155584;
0.152884;
0.167833;
0.154903;
0.155443;
0.153013;
0.1558;
0.155261;
0.153661;
0.153451;
0.155055;
0.153652;
0.155763;
0.152638;
0.152681;
0.158705;
0.154351;
0.155042;
0.153259;
0.153122;
0.15257;
0.152903;
0.153149;
0.153255;
0.154157;
0.171387;
0.167296;
