0.136452;
0.141727;
0.142895;
0.137145;
0.13995;
0.137376;
0.139408;
0.138797;
0.144106;
0.150253;
0.139322;
0.137855;
0.140099;
0.140791;
0.137127;
0.139054;
0.140843;
0.139325;
0.140829;
0.140291;
0.140833;
0.137531;
0.140079;
0.136785;
0.137976;
0.139636;
0.137765;
0.14021;
0.140192;
0.137077;
0.138643;
0.13838;
0.139331;
0.139006;
0.141224;
0.139614;
0.141284;
0.138764;
0.139752;
0.139659;
0.14002;
0.140384;
0.141353;
0.138443;
0.139133;
0.140369;
0.140092;
0.138256;
0.141119;
0.140503;
0.138967;
0.139713;
0.142398;
0.142101;
0.13867;
0.137665;
0.140484;
0.141437;
0.137107;
0.138316;
0.141226;
0.138997;
0.139869;
0.139816;
0.139392;
0.141508;
0.140785;
0.139211;
0.141946;
0.136608;
0.140746;
0.140352;
0.140474;
0.139796;
0.140107;
0.138148;
0.140316;
0.140293;
0.140448;
0.141374;
0.138242;
0.140614;
0.13945;
0.138803;
0.140814;
0.138737;
0.138216;
0.140041;
0.13866;
0.140653;
0.141816;
0.139954;
0.141406;
0.140976;
0.14141;
0.140702;
0.14152;
0.140776;
0.140743;
0.138829;
0.139545;
0.139661;
0.138084;
0.139227;
0.140803;
0.141723;
0.139311;
0.139038;
0.14055;
0.139474;
0.137558;
0.140113;
0.139651;
0.139263;
0.139886;
0.138802;
0.138528;
0.142471;
0.13814;
0.138504;
0.140729;
0.138257;
0.140059;
0.139974;
0.140042;
0.139317;
0.140803;
0.138661;
0.13881;
0.139722;
0.13956;
0.138705;
0.13914;
0.13854;
0.140989;
0.140623;
0.140755;
0.140346;
0.139653;
0.140599;
0.140913;
0.139639;
0.140107;
0.139129;
0.140681;
0.139169;
0.139251;
0.13917;
0.142421;
0.140831;
0.141813;
0.137041;
0.13816;
0.140729;
0.13765;
0.139338;
0.138949;
0.137911;
0.139702;
0.138758;
0.139774;
0.139795;
0.14122;
0.1385;
0.141544;
0.140042;
0.141129;
0.140887;
0.137599;
0.138622;
0.141689;
0.138063;
0.138339;
0.142245;
0.138814;
0.141111;
0.14121;
0.139143;
0.139158;
0.139451;
0.142827;
0.137474;
0.139027;
0.140204;
0.139925;
0.14094;
0.138502;
0.138702;
0.139724;
0.138927;
0.141085;
0.139091;
0.141752;
0.137517;
0.137672;
0.139135;
0.138631;
0.139178;
0.139186;
0.139705;
0.138953;
0.140449;
0.14176;
0.138892;
0.140373;
0.138806;
0.138695;
0.137402;
0.14178;
0.139632;
0.142135;
0.138057;
0.137845;
0.139133;
0.138818;
0.14165;
0.138398;
0.140033;
0.141703;
0.139982;
0.140293;
0.139852;
0.139793;
0.138372;
0.141795;
0.141283;
0.140728;
0.13773;
0.139742;
0.142032;
0.140315;
0.139344;
0.140246;
0.137253;
0.141202;
0.13967;
0.136937;
0.140151;
0.139701;
0.138918;
0.140544;
0.140308;
0.139636;
0.139125;
0.139391;
0.13816;
0.141256;
0.137379;
0.141262;
0.139792;
0.140423;
0.140756;
0.140397;
0.139102;
0.139573;
0.140585;
0.139024;
0.139225;
0.141117;
0.139631;
0.142835;
0.144622;
0.136829;
0.13859;
0.140599;
0.139853;
0.140882;
0.138338;
0.140001;
0.138997;
0.138804;
0.138266;
0.141275;
0.139884;
0.139817;
0.141157;
0.138953;
0.140486;
0.141395;
0.139228;
0.141481;
0.139435;
0.142054;
0.140536;
0.13993;
0.138765;
0.139843;
0.139984;
0.141454;
0.139548;
0.142184;
0.140266;
0.139751;
0.138455;
0.139134;
0.150617;
0.138766;
0.139651;
0.139734;
0.139421;
0.141767;
0.141106;
0.139802;
0.140549;
0.136583;
0.138664;
0.139459;
0.138526;
0.137281;
0.137854;
0.140636;
0.137658;
0.139656;
0.139772;
0.13878;
0.140932;
0.138459;
0.141729;
0.14118;
0.141354;
0.139736;
0.140645;
0.13959;
0.137465;
0.141332;
0.137313;
0.142784;
0.139777;
0.139611;
0.140016;
0.141597;
0.140795;
0.140755;
0.137712;
0.139439;
0.140762;
0.139584;
0.139104;
0.144101;
0.136187;
0.140093;
0.138909;
0.14321;
0.141812;
0.138967;
0.142103;
0.139889;
0.138093;
0.140375;
0.139505;
0.139611;
0.139874;
0.140475;
0.140503;
0.142582;
0.151578;
0.13771;
0.140939;
0.139187;
0.138785;
0.141634;
0.140749;
0.138099;
0.141389;
0.138753;
0.139095;
0.139795;
0.139318;
0.140338;
0.139814;
0.139017;
0.138572;
0.139418;
0.14093;
0.140232;
0.14512;
0.15042;
0.137266;
0.140582;
0.139925;
0.138774;
0.14045;
0.139918;
0.138465;
0.138048;
0.14034;
0.142246;
0.141628;
0.137387;
0.140525;
0.138357;
0.139611;
0.14055;
0.139647;
0.139003;
0.140144;
0.146365;
0.14458;
0.13826;
0.141414;
0.138671;
0.140825;
0.139662;
0.139765;
0.136231;
0.139073;
0.139924;
0.13638;
0.140005;
0.13894;
0.140662;
0.139772;
0.139282;
0.141214;
0.140668;
0.138761;
0.141813;
0.140068;
0.13992;
0.139166;
0.139267;
0.140111;
0.139879;
0.141624;
0.1405;
0.139602;
0.140343;
0.137294;
0.140869;
0.137418;
0.14425;
0.139717;
0.137586;
0.139877;
0.14082;
0.13795;
0.138282;
0.140635;
0.13959;
0.141976;
0.141078;
0.139499;
0.138549;
0.137672;
0.138795;
0.140976;
0.141523;
0.138998;
0.139581;
0.137196;
0.144247;
0.150536;
0.13985;
0.141587;
0.139109;
