nan, 0.1264799, -0.0389191, -0.2333108, 249.0;
nan, 0.1274442, -0.0383257, -0.2338156, 249.0;
nan, 0.1330626, -0.0388892, -0.2343201, 250.0;
nan, 0.1365343, -0.0386957, -0.2347927, 248.0;
nan, 0.1347105, -0.0374464, -0.2352049, 249.0;
nan, 0.1365015, -0.0372101, -0.2356786, 249.0;
nan, 0.1367047, -0.0374777, -0.2364061, 249.0;
nan, 0.1378749, -0.0370417, -0.2369859, 249.0;
nan, 0.1414564, -0.0363689, -0.2373344, 224.0;
nan, 0.1412446, -0.0361481, -0.2377646, 250.0;
nan, 0.1441064, -0.0367115, -0.2384279, 248.0;
nan, 0.1538687, -0.0361627, -0.2395338, 250.0;
nan, 0.1520117, -0.0351413, -0.2399679, 249.0;
nan, 0.1483360, -0.0347685, -0.2404437, 249.0;
nan, 0.1502343, -0.0347635, -0.2407953, 250.0;
nan, 0.1523379, -0.0352050, -0.2413907, 249.0;
nan, 0.1524460, -0.0343286, -0.2416271, 249.0;
nan, 0.1533544, -0.0341447, -0.2419853, 249.0;
nan, 0.1539872, -0.0339894, -0.2423435, 250.0;
nan, 0.1570075, -0.0337761, -0.2426677, 249.0;
nan, 0.1579880, -0.0336437, -0.2430167, 249.0;
nan, 0.1587707, -0.0334180, -0.2434663, 249.0;
nan, 0.1603433, -0.0333933, -0.2438049, 250.0;
nan, 0.1617687, -0.0331773, -0.2441550, 250.0;
nan, 0.1645424, -0.0338094, -0.2445998, 250.0;
nan, 0.1591277, -0.0333033, -0.2449528, 249.0;
nan, 0.1643264, -0.0335157, -0.2452358, 250.0;
nan, 0.1686704, -0.0331769, -0.2455395, 249.0;
nan, 0.1618496, -0.0322011, -0.2458261, 250.0;
nan, 0.1658535, -0.0323415, -0.2461211, 249.0;
nan, 0.1635776, -0.0319358, -0.2464650, 249.0;
nan, 0.1629852, -0.0323009, -0.2469474, 249.0;
nan, 0.1629733, -0.0320396, -0.2472095, 249.0;
nan, 0.1636393, -0.0319632, -0.2474770, 249.0;
nan, 0.1688178, -0.0316852, -0.2476227, 249.0;
nan, 0.1733621, -0.0315518, -0.2479273, 248.0;
nan, 0.1645949, -0.0311827, -0.2482869, 249.0;
nan, 0.1665533, -0.0309968, -0.2484685, 249.0;
nan, 0.1683908, -0.0309385, -0.2486650, 249.0;
nan, 0.1682292, -0.0309214, -0.2489101, 249.0;
nan, 0.1705075, -0.0308292, -0.2491443, 249.0;
nan, 0.1707335, -0.0307154, -0.2493776, 249.0;
nan, 0.1728702, -0.0307345, -0.2496343, 250.0;
nan, 0.1751678, -0.0304518, -0.2498744, 249.0;
nan, 0.1738762, -0.0305120, -0.2501617, 249.0;
nan, 0.1748579, -0.0303042, -0.2503699, 250.0;
nan, 0.1760499, -0.0311120, -0.2507798, 250.0;
nan, 0.1703739, -0.0305507, -0.2509743, 250.0;
nan, 0.1704840, -0.0304120, -0.2511721, 249.0;
nan, 0.1767142, -0.0308525, -0.2513420, 249.0;
nan, 0.1757856, -0.0300320, -0.2515075, 249.0;
nan, 0.1763713, -0.0298780, -0.2517112, 249.0;
nan, 0.1728233, -0.0295854, -0.2519207, 249.0;
nan, 0.1737408, -0.0297010, -0.2521407, 249.0;
nan, 0.1762574, -0.0303554, -0.2524815, 249.0;
nan, 0.1747446, -0.0293188, -0.2524993, 250.0;
nan, 0.1819947, -0.0300055, -0.2527697, 249.0;
nan, 0.1784757, -0.0293121, -0.2528580, 249.0;
nan, 0.1820185, -0.0300017, -0.2530978, 249.0;
nan, 0.1777628, -0.0300051, -0.2533332, 249.0;
nan, 0.1793809, -0.0299634, -0.2534636, 249.0;
nan, 0.1746785, -0.0288708, -0.2535202, 249.0;
nan, 0.1754962, -0.0289655, -0.2536324, 250.0;
nan, 0.1778460, -0.0288827, -0.2537621, 249.0;
nan, 0.1763280, -0.0289464, -0.2539167, 248.0;
nan, 0.1836298, -0.0295790, -0.2541480, 249.0;
nan, 0.1828587, -0.0296183, -0.2543726, 249.0;
nan, 0.1805376, -0.0287614, -0.2543864, 249.0;
nan, 0.1762872, -0.0284820, -0.2545581, 250.0;
nan, 0.1790110, -0.0293890, -0.2548795, 249.0;
nan, 0.1774307, -0.0285011, -0.2548700, 249.0;
nan, 0.1801665, -0.0285698, -0.2549772, 249.0;
nan, 0.1813037, -0.0285567, -0.2551660, 249.0;
nan, 0.1792338, -0.0282995, -0.2552674, 249.0;
nan, 0.1823670, -0.0283848, -0.2554069, 249.0;
nan, 0.1828649, -0.0283133, -0.2555380, 249.0;
nan, 0.1862749, -0.0287525, -0.2556767, 249.0;
nan, 0.1790810, -0.0281465, -0.2557816, 249.0;
nan, 0.1800784, -0.0281037, -0.2558744, 234.0;
nan, 0.1841012, -0.0290379, -0.2561272, 249.0;
nan, 0.1857662, -0.0281483, -0.2561457, 249.0;
nan, 0.1841234, -0.0289015, -0.2564415, 250.0;
nan, 0.1797695, -0.0278850, -0.2564511, 249.0;
nan, 0.1829398, -0.0288077, -0.2566961, 249.0;
nan, 0.1777966, -0.0278222, -0.2567557, 249.0;
nan, 0.1869408, -0.0280385, -0.2567928, 244.0;
nan, 0.1873715, -0.0284355, -0.2570828, 249.0;
nan, 0.1799830, -0.0283405, -0.2573681, 250.0;
nan, 0.1807958, -0.0277885, -0.2572645, 249.0;
nan, 0.1846047, -0.0276511, -0.2574570, 249.0;
nan, 0.1805535, -0.0275572, -0.2575455, 250.0;
nan, 0.1839038, -0.0277500, -0.2576145, 249.0;
nan, 0.1876512, -0.0282788, -0.2577827, 249.0;
nan, 0.1835518, -0.0275880, -0.2577823, 249.0;
nan, 0.1819937, -0.0274300, -0.2578628, 249.0;
nan, 0.1832937, -0.0274666, -0.2579742, 250.0;
nan, 0.1821783, -0.0282681, -0.2582224, 249.0;
nan, 0.1841404, -0.0275224, -0.2581382, 249.0;
nan, 0.1816792, -0.0273926, -0.2582246, 249.0;
nan, 0.1871732, -0.0282845, -0.2584132, 249.0;
nan, 0.1857201, -0.0282581, -0.2584996, 249.0;
nan, 0.1853962, -0.0274269, -0.2584670, 250.0;
nan, 0.1841501, -0.0282199, -0.2586859, 249.0;
nan, 0.1831578, -0.0272442, -0.2585901, 249.0;
nan, 0.1800807, -0.0271345, -0.2587497, 249.0;
nan, 0.1797840, -0.0274228, -0.2588647, 249.0;
nan, 0.1798043, -0.0273519, -0.2589175, 249.0;
nan, 0.1823875, -0.0272309, -0.2588690, 249.0;
nan, 0.1824920, -0.0272383, -0.2589409, 249.0;
nan, 0.1866836, -0.0280801, -0.2591139, 249.0;
nan, 0.1832992, -0.0279947, -0.2592027, 249.0;
nan, 0.1865286, -0.0271115, -0.2591189, 249.0;
nan, 0.1828279, -0.0271683, -0.2591786, 249.0;
nan, 0.1827119, -0.0270277, -0.2592728, 249.0;
nan, 0.1861234, -0.0271979, -0.2593426, 249.0;
nan, 0.1895487, -0.0272378, -0.2594253, 250.0;
nan, 0.1824110, -0.0269268, -0.2595167, 249.0;
nan, 0.1875749, -0.0269331, -0.2595659, 249.0;
nan, 0.1812863, -0.0268667, -0.2596662, 249.0;
nan, 0.1826887, -0.0276312, -0.2598216, 249.0;
nan, 0.1852324, -0.0269681, -0.2597153, 249.0;
nan, 0.1847020, -0.0278029, -0.2599404, 249.0;
nan, 0.1836261, -0.0268874, -0.2598584, 249.0;
nan, 0.1868438, -0.0270403, -0.2598854, 250.0;
nan, 0.1852036, -0.0267645, -0.2599297, 249.0;
nan, 0.1878421, -0.0277050, -0.2601151, 250.0;
nan, 0.1922367, -0.0276706, -0.2601147, 249.0;
nan, 0.1863161, -0.0267185, -0.2600950, 249.0;
nan, 0.1873227, -0.0267227, -0.2601154, 249.0;
nan, 0.1895729, -0.0269371, -0.2601576, 249.0;
nan, 0.1892018, -0.0269052, -0.2601810, 249.0;
nan, 0.1874292, -0.0276102, -0.2603859, 250.0;
nan, 0.1881348, -0.0276390, -0.2604359, 250.0;
nan, 0.1845865, -0.0270623, -0.2604625, 250.0;
nan, 0.1845378, -0.0270962, -0.2605200, 249.0;
nan, 0.1859070, -0.0266850, -0.2604381, 249.0;
nan, 0.1860495, -0.0267014, -0.2604830, 249.0;
nan, 0.1858080, -0.0266585, -0.2605150, 249.0;
nan, 0.1867263, -0.0266302, -0.2605231, 249.0;
nan, 0.1859033, -0.0274841, -0.2607248, 249.0;
nan, 0.1885333, -0.0268543, -0.2606210, 249.0;
nan, 0.1924851, -0.0268947, -0.2606868, 249.0;
nan, 0.1906819, -0.0265226, -0.2607282, 249.0;
nan, 0.1933749, -0.0269490, -0.2607508, 249.0;
nan, 0.1934026, -0.0268920, -0.2608018, 249.0;
nan, 0.1852960, -0.0270855, -0.2609489, 249.0;
nan, 0.1890074, -0.0274916, -0.2609853, 250.0;
nan, 0.1844664, -0.0265240, -0.2609830, 249.0;
nan, 0.1854557, -0.0264290, -0.2609696, 249.0;
nan, 0.1852461, -0.0264237, -0.2609976, 249.0;
nan, 0.1936160, -0.0271055, -0.2610019, 249.0;
nan, 0.1867843, -0.0265439, -0.2610164, 249.0;
nan, 0.1868958, -0.0265993, -0.2610343, 249.0;
nan, 0.1879345, -0.0264661, -0.2610290, 249.0;
nan, 0.1875413, -0.0264558, -0.2610933, 249.0;
nan, 0.1877395, -0.0264660, -0.2611010, 249.0;
nan, 0.1884704, -0.0265383, -0.2611214, 249.0;
nan, 0.1888970, -0.0266441, -0.2611534, 249.0;
nan, 0.1889629, -0.0266688, -0.2611852, 249.0;
nan, 0.1895646, -0.0266248, -0.2612672, 249.0;
nan, 0.1844461, -0.0264113, -0.2613608, 249.0;
nan, 0.1879619, -0.0265270, -0.2613074, 249.0;
nan, 0.1880479, -0.0265689, -0.2613554, 249.0;
nan, 0.1931127, -0.0270084, -0.2614371, 249.0;
nan, 0.1857090, -0.0264533, -0.2614353, 250.0;
nan, 0.1886631, -0.0267069, -0.2614574, 249.0;
nan, 0.1836152, -0.0265971, -0.2616051, 249.0;
nan, 0.1859967, -0.0266198, -0.2615416, 250.0;
nan, 0.1890745, -0.0266232, -0.2615863, 250.0;
nan, 0.1854820, -0.0264463, -0.2616021, 249.0;
nan, 0.1867670, -0.0274158, -0.2617841, 250.0;
nan, 0.1856074, -0.0264474, -0.2616709, 249.0;
nan, 0.1852831, -0.0265961, -0.2617213, 249.0;
nan, 0.1899246, -0.0274618, -0.2618565, 253.0;
nan, 0.1851850, -0.0264459, -0.2617789, 250.0;
nan, 0.1852749, -0.0264506, -0.2617943, 249.0;
nan, 0.1875952, -0.0266411, -0.2617861, 249.0;
nan, 0.1876841, -0.0266695, -0.2618015, 249.0;
nan, 0.1854554, -0.0264761, -0.2618517, 249.0;
nan, 0.1850463, -0.0266583, -0.2618926, 249.0;
nan, 0.1850723, -0.0266507, -0.2619030, 249.0;
nan, 0.1885761, -0.0274657, -0.2620309, 249.0;
nan, 0.1874771, -0.0274408, -0.2620464, 250.0;
nan, 0.1854746, -0.0264448, -0.2619195, 250.0;
nan, 0.1842171, -0.0264223, -0.2619736, 249.0;
nan, 0.1853438, -0.0264526, -0.2619632, 250.0;
nan, 0.1851784, -0.0264513, -0.2619888, 250.0;
nan, 0.1905156, -0.0274068, -0.2621002, 249.0;
nan, 0.1822754, -0.0266658, -0.2621548, 249.0;
nan, 0.1845644, -0.0265328, -0.2620527, 249.0;
nan, 0.1822989, -0.0264161, -0.2621331, 249.0;
nan, 0.1914782, -0.0270327, -0.2621127, 249.0;
nan, 0.1878006, -0.0265479, -0.2621212, 249.0;
nan, 0.1911501, -0.0271726, -0.2621925, 250.0;
nan, 0.1894689, -0.0264346, -0.2621771, 249.0;
nan, 0.1912813, -0.0268579, -0.2622072, 249.0;
nan, 0.1839885, -0.0265356, -0.2622098, 249.0;
nan, 0.1819121, -0.0265273, -0.2623217, 250.0;
nan, 0.1869276, -0.0274095, -0.2623759, 249.0;
nan, 0.1866725, -0.0274106, -0.2624057, 249.0;
nan, 0.1842627, -0.0265918, -0.2622855, 249.0;
nan, 0.1908152, -0.0267618, -0.2623124, 249.0;
nan, 0.1907603, -0.0272096, -0.2623804, 249.0;
nan, 0.1816626, -0.0265397, -0.2624273, 250.0;
nan, 0.1832087, -0.0271497, -0.2624790, 250.0;
nan, 0.1831683, -0.0264080, -0.2623834, 250.0;
nan, 0.1834828, -0.0265169, -0.2623737, 248.0;
nan, 0.1839090, -0.0265280, -0.2623797, 249.0;
nan, 0.1829305, -0.0263898, -0.2624329, 249.0;
nan, 0.1838811, -0.0265040, -0.2624255, 249.0;
nan, 0.1839187, -0.0265036, -0.2624346, 249.0;
nan, 0.1839287, -0.0265387, -0.2624313, 249.0;
nan, 0.1837944, -0.0265773, -0.2624478, 249.0;
nan, 0.1856486, -0.0264755, -0.2624266, 249.0;
nan, 0.1839396, -0.0265309, -0.2624441, 249.0;
nan, 0.1829298, -0.0263442, -0.2624793, 239.0;
nan, 0.1861495, -0.0265623, -0.2624433, 249.0;
nan, 0.1877736, -0.0264390, -0.2624833, 249.0;
nan, 0.1866205, -0.0266760, -0.2625010, 249.0;
nan, 0.1879489, -0.0263915, -0.2625338, 249.0;
nan, 0.1878235, -0.0264076, -0.2625471, 250.0;
nan, 0.1893148, -0.0273795, -0.2626244, 250.0;
nan, 0.1883930, -0.0273832, -0.2626570, 249.0;
nan, 0.1830956, -0.0271371, -0.2626899, 249.0;
nan, 0.1820072, -0.0268904, -0.2627021, 249.0;
nan, 0.1837067, -0.0265212, -0.2625805, 249.0;
nan, 0.1819033, -0.0262790, -0.2626304, 249.0;
nan, 0.1898893, -0.0272132, -0.2626707, 249.0;
nan, 0.1862268, -0.0265969, -0.2626008, 249.0;
nan, 0.1831106, -0.0263393, -0.2626566, 249.0;
nan, 0.1835573, -0.0263318, -0.2626488, 249.0;
nan, 0.1895462, -0.0272731, -0.2627657, 249.0;
nan, 0.1834547, -0.0265371, -0.2627269, 249.0;
nan, 0.1844569, -0.0263596, -0.2627230, 250.0;
nan, 0.1859717, -0.0265626, -0.2627087, 250.0;
nan, 0.1904082, -0.0269918, -0.2627651, 249.0;
nan, 0.1820934, -0.0262999, -0.2627998, 249.0;
nan, 0.1836005, -0.0265592, -0.2627812, 249.0;
nan, 0.1890237, -0.0273594, -0.2628799, 249.0;
nan, 0.1875598, -0.0273828, -0.2629280, 250.0;
nan, 0.1869388, -0.0265195, -0.2628395, 249.0;
nan, 0.1835778, -0.0263940, -0.2628237, 249.0;
nan, 0.1869412, -0.0265257, -0.2628422, 250.0;
nan, 0.1830456, -0.0264759, -0.2628525, 249.0;
nan, 0.1844691, -0.0273317, -0.2630262, 250.0;
nan, 0.1830793, -0.0264912, -0.2628900, 249.0;
nan, 0.1861671, -0.0273880, -0.2630186, 250.0;
nan, 0.1838028, -0.0263730, -0.2628839, 249.0;
nan, 0.1877113, -0.0263863, -0.2629285, 250.0;
nan, 0.1827223, -0.0263747, -0.2629634, 249.0;
nan, 0.1825952, -0.0263678, -0.2629687, 249.0;
nan, 0.1904432, -0.0268459, -0.2629574, 249.0;
nan, 0.1816761, -0.0268459, -0.2630933, 249.0;
nan, 0.1812810, -0.0266188, -0.2630866, 249.0;
nan, 0.1834514, -0.0264455, -0.2630170, 250.0;
nan, 0.1813993, -0.0266840, -0.2631332, 250.0;
nan, 0.1851311, -0.0273811, -0.2631586, 249.0;
nan, 0.1866614, -0.0266414, -0.2630293, 249.0;
nan, 0.1877172, -0.0264399, -0.2630222, 249.0;
nan, 0.1868966, -0.0265874, -0.2630347, 249.0;
nan, 0.1877201, -0.0264037, -0.2630421, 249.0;
nan, 0.1871426, -0.0265365, -0.2630552, 250.0;
nan, 0.1812895, -0.0264618, -0.2631626, 249.0;
nan, 0.1812991, -0.0264775, -0.2631736, 249.0;
nan, 0.1837596, -0.0265543, -0.2630992, 249.0;
nan, 0.1844286, -0.0264128, -0.2630974, 249.0;
nan, 0.1861206, -0.0266124, -0.2631054, 249.0;
nan, 0.1867809, -0.0266254, -0.2631342, 249.0;
nan, 0.1835706, -0.0264792, -0.2631422, 249.0;
nan, 0.1906471, -0.0268920, -0.2631513, 249.0;
nan, 0.1877499, -0.0274530, -0.2632644, 250.0;
nan, 0.1886054, -0.0264535, -0.2631499, 249.0;
nan, 0.1852051, -0.0274336, -0.2632961, 249.0;
nan, 0.1819168, -0.0269202, -0.2632841, 249.0;
nan, 0.1835426, -0.0264988, -0.2631799, 249.0;
nan, 0.1861225, -0.0266341, -0.2631593, 249.0;
nan, 0.1833096, -0.0265266, -0.2631932, 249.0;
nan, 0.1866732, -0.0267089, -0.2631898, 249.0;
nan, 0.1907453, -0.0268615, -0.2631956, 249.0;
nan, 0.1905310, -0.0271901, -0.2632525, 249.0;
nan, 0.1852448, -0.0273889, -0.2633466, 249.0;
nan, 0.1821481, -0.0263759, -0.2632611, 249.0;
nan, 0.1825635, -0.0270356, -0.2633396, 250.0;
nan, 0.1818884, -0.0264179, -0.2632900, 249.0;
nan, 0.1815975, -0.0266059, -0.2633200, 249.0;
nan, 0.1825610, -0.0264081, -0.2632973, 249.0;
nan, 0.1841282, -0.0264531, -0.2632463, 249.0;
nan, 0.1851146, -0.0264735, -0.2632428, 249.0;
nan, 0.1848605, -0.0264674, -0.2632583, 250.0;
nan, 0.1840138, -0.0266518, -0.2632774, 249.0;
nan, 0.1831373, -0.0264123, -0.2633274, 249.0;
nan, 0.1841291, -0.0264546, -0.2633069, 249.0;
nan, 0.1817765, -0.0265217, -0.2634163, 250.0;
nan, 0.1879719, -0.0274753, -0.2634726, 249.0;
nan, 0.1836172, -0.0265444, -0.2633593, 249.0;
nan, 0.1869572, -0.0267498, -0.2633704, 250.0;
nan, 0.1891943, -0.0264904, -0.2634054, 249.0;
nan, 0.1849692, -0.0274024, -0.2635626, 249.0;
nan, 0.1906387, -0.0273541, -0.2634946, 249.0;
nan, 0.1863846, -0.0274909, -0.2635654, 249.0;
nan, 0.1823664, -0.0264383, -0.2635036, 249.0;
nan, 0.1829835, -0.0264258, -0.2635044, 250.0;
nan, 0.1840223, -0.0265257, -0.2634745, 249.0;
nan, 0.1861532, -0.0265184, -0.2634558, 249.0;
nan, 0.1853517, -0.0264737, -0.2634646, 249.0;
nan, 0.1868300, -0.0266239, -0.2634577, 249.0;
nan, 0.1832219, -0.0264064, -0.2635260, 249.0;
nan, 0.1854447, -0.0264656, -0.2634582, 249.0;
nan, 0.1874096, -0.0267062, -0.2634805, 249.0;
nan, 0.1837680, -0.0271496, -0.2636319, 249.0;
nan, 0.1838548, -0.0264150, -0.2635320, 249.0;
nan, 0.1823660, -0.0264866, -0.2635904, 249.0;
nan, 0.1848184, -0.0265643, -0.2635171, 249.0;
nan, 0.1846380, -0.0266209, -0.2635314, 250.0;
nan, 0.1873830, -0.0266935, -0.2635281, 249.0;
nan, 0.1883978, -0.0265167, -0.2635745, 249.0;
nan, 0.1865908, -0.0273983, -0.2637054, 249.0;
nan, 0.1824292, -0.0265791, -0.2636739, 250.0;
nan, 0.1845197, -0.0264692, -0.2636163, 250.0;
nan, 0.1842725, -0.0264078, -0.2636168, 249.0;
nan, 0.1838727, -0.0263812, -0.2636439, 249.0;
nan, 0.1828988, -0.0268651, -0.2637412, 249.0;
nan, 0.1876192, -0.0266440, -0.2636422, 249.0;
nan, 0.1876121, -0.0266449, -0.2636603, 250.0;
nan, 0.1900434, -0.0264156, -0.2637085, 249.0;
nan, 0.1913058, -0.0272025, -0.2637737, 249.0;
nan, 0.1918537, -0.0270443, -0.2637546, 249.0;
nan, 0.1881612, -0.0265373, -0.2637487, 249.0;
nan, 0.1854455, -0.0272799, -0.2638992, 249.0;
nan, 0.1919614, -0.0270815, -0.2637941, 249.0;
nan, 0.1902135, -0.0264119, -0.2637503, 248.0;
nan, 0.1841362, -0.0263445, -0.2637939, 249.0;
nan, 0.1885382, -0.0264788, -0.2637908, 249.0;
nan, 0.1847087, -0.0265226, -0.2637818, 249.0;
nan, 0.1878469, -0.0265657, -0.2637999, 249.0;
nan, 0.1871970, -0.0266819, -0.2637815, 250.0;
nan, 0.1911093, -0.0267042, -0.2638015, 249.0;
nan, 0.1842722, -0.0265932, -0.2637865, 249.0;
nan, 0.1871827, -0.0274142, -0.2639203, 249.0;
nan, 0.1845891, -0.0264032, -0.2638014, 249.0;
nan, 0.1871982, -0.0273984, -0.2639623, 249.0;
nan, 0.1895721, -0.0263712, -0.2638465, 249.0;
nan, 0.1889999, -0.0264553, -0.2638505, 249.0;
nan, 0.1854670, -0.0265710, -0.2638537, 250.0;
