0.101254;
0.109423;
0.10739;
0.107409;
0.108936;
0.107573;
0.108427;
0.107906;
0.109773;
0.107256;
0.109394;
0.108853;
0.108826;
0.109414;
0.107333;
0.108443;
0.106526;
0.109099;
0.109127;
0.107902;
0.109098;
0.108069;
0.107491;
0.105714;
0.107678;
0.109189;
0.107916;
0.107902;
0.109595;
0.111795;
0.108076;
0.108399;
0.107202;
0.109781;
0.108976;
0.106697;
0.109964;
0.108466;
0.11065;
0.109389;
0.108332;
0.108504;
0.111352;
0.109258;
0.106998;
0.10768;
0.107314;
0.108201;
0.106663;
0.108312;
0.10819;
0.108523;
0.106994;
0.107791;
0.110919;
0.108713;
0.108593;
0.10859;
0.109181;
0.108184;
0.10643;
0.109502;
0.109404;
0.108899;
0.106514;
0.108361;
0.10742;
0.107971;
0.108685;
0.109465;
0.109937;
0.108157;
0.108987;
0.107185;
0.108885;
0.109246;
0.106814;
0.108561;
0.108527;
0.107889;
0.10787;
0.108995;
0.107295;
0.108645;
0.110138;
0.108052;
0.109033;
0.107674;
0.107955;
0.108067;
0.109537;
0.108034;
0.10847;
0.108636;
0.108354;
0.108588;
0.108414;
0.108502;
0.111926;
0.107369;
0.109132;
0.107621;
0.107899;
0.109151;
0.108937;
0.108532;
0.108755;
0.108706;
0.109402;
0.105437;
0.108946;
0.108656;
0.10756;
0.110106;
0.10876;
0.108603;
0.108513;
0.10858;
0.109251;
0.109313;
0.108808;
0.107092;
0.108558;
0.111623;
0.105929;
0.107674;
0.109204;
0.107549;
0.107855;
0.107242;
0.107614;
0.106726;
0.109525;
0.106298;
0.107371;
0.107531;
0.107906;
0.108921;
0.109471;
0.105786;
0.108315;
0.107874;
0.107949;
0.110807;
0.108081;
0.10556;
0.108872;
0.109492;
0.107112;
0.107088;
0.10872;
0.108;
0.108824;
0.107753;
0.108464;
0.108497;
0.109504;
0.107126;
0.107464;
0.108794;
0.108651;
0.107412;
0.108644;
0.107271;
0.107229;
0.108697;
0.108201;
0.107356;
0.108314;
0.108775;
0.107967;
0.108458;
0.107086;
0.108735;
0.109382;
0.107582;
0.108611;
0.107163;
0.108586;
0.108462;
0.109515;
0.107443;
0.107305;
0.109486;
0.107379;
0.107563;
0.108351;
0.107624;
0.109394;
0.105833;
0.108302;
0.108686;
0.10854;
0.110239;
0.108029;
0.107102;
0.109386;
0.109536;
0.110031;
0.107708;
0.111983;
0.110103;
0.109192;
0.107062;
0.106726;
0.109164;
0.107828;
0.107935;
0.106789;
0.109108;
0.107641;
0.108147;
0.109484;
0.107591;
0.10938;
0.108359;
0.109029;
0.105743;
0.108664;
0.109315;
0.107585;
0.108011;
0.109122;
0.10806;
0.107816;
0.107749;
0.108706;
0.107648;
0.108344;
0.109193;
0.107988;
0.109211;
0.108506;
0.109945;
0.107994;
0.106728;
0.10878;
0.110352;
0.106861;
0.10659;
0.108329;
0.11062;
0.105118;
0.108249;
0.107614;
0.107886;
0.108163;
0.106942;
0.108297;
0.11101;
0.10838;
0.108428;
0.109249;
0.1086;
0.109106;
0.106621;
0.108087;
0.106271;
0.107978;
0.111154;
0.105809;
0.108099;
0.10809;
0.10779;
0.107193;
0.109549;
0.107068;
0.110847;
0.105567;
0.108252;
0.108196;
0.109504;
0.107736;
0.108579;
0.107685;
0.108245;
0.107782;
0.108983;
0.108085;
0.10956;
0.107309;
0.108258;
0.109883;
0.110895;
0.107478;
0.108841;
0.110906;
0.117446;
0.114022;
0.107783;
0.10972;
0.125444;
0.155895;
0.114741;
0.122456;
0.123808;
0.123274;
0.125794;
0.13164;
0.113506;
0.122484;
0.108307;
0.107683;
0.110709;
0.10791;
0.115344;
0.104402;
0.124838;
0.107836;
0.10819;
0.10745;
0.110116;
0.106004;
0.108758;
0.111849;
0.107892;
0.107144;
0.10545;
0.109306;
0.108098;
0.107445;
0.109041;
0.110314;
0.110011;
0.107428;
0.108264;
0.107516;
0.10734;
0.108852;
0.10804;
0.109617;
0.106724;
0.110121;
0.109912;
0.106968;
0.108083;
0.10699;
0.107681;
0.106446;
0.109917;
0.109826;
0.107822;
0.106773;
0.109554;
0.109795;
0.108741;
0.106434;
0.108501;
0.108254;
0.109074;
0.109646;
0.104136;
0.108776;
0.109093;
0.108313;
0.108454;
0.111168;
0.107847;
0.105625;
0.108646;
0.110279;
0.107097;
0.110379;
0.108716;
0.110168;
0.107112;
0.109544;
0.108243;
0.108037;
0.108593;
0.111362;
0.107205;
0.10956;
0.10885;
0.11231;
0.104437;
0.109564;
0.10836;
0.107362;
0.109389;
0.107946;
0.106957;
0.109943;
0.110271;
0.108439;
0.108284;
0.108673;
0.108573;
0.108958;
0.109134;
0.108531;
0.109974;
0.108259;
0.109053;
0.108635;
0.109265;
0.108503;
0.202523;
0.174092;
0.107575;
0.107425;
0.107874;
0.107255;
0.10629;
0.107029;
0.114873;
0.106097;
0.107546;
0.109677;
0.106941;
0.108418;
0.109186;
0.107194;
0.106392;
0.108655;
0.108551;
0.109876;
0.110769;
0.109273;
0.109401;
0.107767;
0.111727;
0.110002;
0.107744;
0.109035;
0.107928;
0.108937;
0.11175;
0.107516;
0.108663;
0.109601;
0.108212;
0.108453;
0.108759;
0.109028;
0.108241;
0.109732;
0.108438;
0.107647;
0.108604;
0.109011;
0.110108;
0.109755;
0.108222;
0.105816;
0.110084;
0.110204;
0.107111;
0.109124;
0.108505;
0.110479;
0.121923;
0.108638;
0.110858;
0.107305;
0.107429;
0.108244;
0.107081;
0.109669;
0.106992;
0.108257;
0.108765;
0.111071;
0.108178;
0.108812;
0.109672;
0.108313;
0.109994;
0.108602;
0.107022;
0.110023;
0.109548;
0.110149;
0.107128;
0.108697;
0.106775;
0.108394;
0.125062;
0.108784;
0.108153;
0.109326;
0.122631;
0.108332;
0.109602;
0.110555;
0.108441;
0.105694;
0.110861;
0.109929;
0.106977;
0.11072;
0.10874;
0.105762;
0.108997;
0.107915;
0.110018;
0.107717;
0.107953;
0.107026;
0.110118;
0.108081;
0.110429;
0.110871;
0.107661;
0.107269;
0.110714;
0.107942;
0.108077;
0.106842;
0.108546;
0.108413;
0.109473;
0.109787;
0.108903;
0.109063;
0.109584;
0.109242;
0.107963;
0.107933;
0.109915;
0.107506;
0.108876;
0.108819;
0.109915;
0.108148;
0.109092;
0.107896;
0.108305;
0.109522;
0.108941;
0.108322;
0.108097;
0.110208;
0.109257;
0.109655;
0.109071;
0.107067;
0.109659;
0.108521;
0.109639;
0.10866;
0.109728;
0.10869;
0.107816;
0.109975;
0.106252;
0.109175;
0.109547;
0.107436;
0.107789;
0.107159;
0.109205;
0.108636;
0.10992;
0.110902;
0.110529;
0.111558;
0.107826;
0.109716;
0.108117;
0.109081;
0.109545;
0.108008;
0.110991;
0.106435;
0.108999;
0.107491;
0.124706;
0.107421;
0.107712;
0.108681;
0.109865;
0.122226;
0.109869;
0.107682;
0.10796;
0.106989;
0.107448;
0.108462;
0.1084;
0.108391;
0.109037;
0.107603;
0.10977;
0.108708;
0.108457;
0.109128;
0.107251;
0.108669;
0.106422;
0.109942;
0.108507;
0.109029;
0.108254;
0.124309;
0.108739;
0.108691;
0.109281;
0.10798;
0.10804;
0.108026;
0.109708;
0.109616;
0.109719;
0.110191;
0.10788;
0.107154;
0.109645;
0.106128;
0.111675;
0.107564;
0.108671;
0.108596;
0.109239;
0.109586;
0.109099;
0.110397;
0.107835;
0.107231;
0.107839;
0.107882;
0.109933;
0.107463;
0.109311;
0.107597;
0.109504;
0.10882;
0.108406;
0.110805;
0.107466;
0.108736;
0.10791;
0.106624;
0.109486;
0.108449;
0.108667;
0.109507;
0.109158;
0.106856;
0.110206;
0.10823;
0.110674;
0.109454;
0.107978;
0.109412;
0.109092;
0.108518;
0.107253;
0.110145;
0.110103;
0.107471;
0.110473;
0.107389;
0.107718;
2.10441;
0.108637;
