0.115352;
0.108752;
0.11783;
0.112753;
0.109247;
0.10557;
0.110164;
0.107671;
0.109045;
0.105548;
0.109334;
0.106823;
0.106732;
0.122117;
0.128014;
0.104603;
0.110954;
0.107342;
0.107578;
0.108445;
0.107947;
0.107077;
0.109654;
0.110808;
0.105783;
0.108243;
0.107135;
0.106801;
0.107697;
0.108329;
0.10849;
0.108127;
0.111034;
0.107966;
0.108843;
0.10719;
0.110017;
0.106931;
0.108312;
0.109475;
0.106781;
0.106788;
0.108858;
0.10862;
0.108725;
0.106888;
0.10848;
0.108188;
0.110217;
0.108056;
0.108608;
0.105976;
0.108958;
0.108189;
0.10922;
0.108594;
0.108084;
0.108508;
0.106452;
0.107987;
0.108992;
0.109283;
0.107853;
0.108399;
0.10769;
0.108993;
0.108938;
0.110009;
0.106095;
0.10788;
0.107731;
0.109192;
0.108964;
0.107678;
0.111008;
0.107066;
0.110314;
0.107361;
0.108993;
0.107188;
0.108352;
0.108185;
0.10701;
0.107883;
0.107927;
0.10874;
0.108587;
0.108939;
0.109022;
0.107185;
0.114966;
0.11792;
0.106374;
0.109368;
0.108348;
0.128566;
0.185296;
0.108043;
0.104422;
0.131264;
0.115094;
0.109516;
0.109616;
0.109059;
0.114417;
0.132529;
0.108456;
0.109644;
0.105065;
0.110078;
0.111739;
0.11906;
0.109094;
0.105944;
0.123415;
0.112368;
0.122711;
0.111767;
0.121405;
0.109561;
0.107571;
0.10744;
0.112312;
0.108466;
0.10676;
0.107207;
0.108843;
0.107969;
0.108633;
0.108858;
0.10665;
0.108603;
0.107257;
0.110202;
0.11073;
0.106873;
0.108212;
0.107355;
0.108409;
0.10829;
0.107835;
0.109343;
0.10864;
0.10784;
0.108508;
0.10804;
0.108232;
0.107221;
0.107895;
0.109167;
0.107035;
0.107162;
0.108652;
0.108228;
0.108712;
0.107419;
0.108961;
0.107411;
0.109964;
0.109343;
0.107096;
0.107552;
0.108942;
0.107076;
0.108958;
0.107494;
0.108659;
0.107934;
0.10759;
0.108708;
0.109841;
0.106503;
0.107431;
0.110127;
0.110413;
0.108588;
0.108865;
0.106323;
0.111097;
0.107652;
0.107275;
0.108946;
0.107123;
0.104897;
0.108063;
0.110327;
0.109732;
0.106875;
0.109183;
0.107878;
0.108956;
0.107062;
0.109413;
0.109741;
0.108764;
0.109975;
0.108452;
0.109712;
0.108612;
0.109073;
0.1065;
0.107929;
0.108081;
0.109307;
0.105949;
0.109569;
0.106839;
0.108177;
0.110885;
0.107319;
0.107762;
0.108506;
0.110365;
0.107344;
0.107964;
0.11082;
0.108139;
0.11075;
0.108684;
0.108859;
0.108633;
0.107423;
0.11078;
0.109638;
0.109635;
0.109546;
0.107384;
0.106817;
0.106103;
0.107776;
0.110086;
0.107731;
0.106751;
0.108533;
0.106227;
0.109062;
0.109746;
0.107037;
0.109082;
0.10838;
0.109911;
0.107349;
0.107988;
0.109117;
0.107076;
0.108038;
0.109684;
0.107613;
0.110031;
0.109971;
0.109487;
0.107643;
0.107164;
0.109113;
0.107532;
0.109801;
0.108288;
0.107576;
0.107707;
0.107417;
0.107391;
0.107497;
0.111275;
0.109022;
0.107841;
0.111032;
0.109669;
0.107296;
0.109119;
0.108394;
0.110828;
0.105357;
0.108388;
0.109817;
0.108488;
0.106627;
0.105166;
0.107479;
0.109644;
0.106639;
0.10805;
0.10805;
0.107674;
0.108929;
0.10914;
0.110506;
0.109961;
0.107187;
0.106907;
0.107931;
0.108775;
0.108419;
0.109874;
0.109437;
0.110118;
0.109701;
0.107554;
0.107705;
0.109529;
