0.115017;
0.104709;
0.117187;
0.133944;
0.139396;
0.118408;
0.108512;
0.110659;
0.108256;
0.118444;
0.112669;
0.108096;
0.118144;
0.126674;
0.115635;
0.109798;
0.10724;
0.107047;
0.109072;
0.108193;
0.107931;
0.112151;
0.107217;
0.10913;
0.107803;
0.108275;
0.108331;
0.10883;
0.107628;
0.107457;
0.108517;
0.107097;
0.108833;
0.109267;
0.109521;
0.107807;
0.107983;
0.108343;
0.106825;
0.108475;
0.108715;
0.108282;
0.107876;
0.106273;
0.107103;
0.107219;
0.108169;
0.10833;
0.108569;
0.107741;
0.109629;
0.108291;
0.110048;
0.105535;
0.108406;
0.105746;
0.108649;
0.110158;
0.107243;
0.11038;
0.109449;
0.111;
0.107844;
0.108505;
0.10984;
0.108317;
0.10838;
0.108683;
0.108372;
0.109577;
0.122033;
0.129347;
0.109915;
0.131602;
0.130998;
0.109592;
0.117075;
0.129032;
0.109067;
0.11018;
0.109381;
0.111264;
0.103923;
0.110154;
0.107242;
0.106655;
0.107383;
0.115644;
0.122761;
0.1203;
0.108744;
0.108637;
0.107688;
0.11677;
0.106007;
0.105853;
0.11081;
0.106016;
0.109669;
0.107364;
0.114068;
0.103821;
0.10585;
0.109443;
0.114586;
0.116105;
0.110204;
0.11167;
0.109355;
0.110354;
0.108437;
0.108994;
0.108036;
0.1105;
0.108046;
0.108368;
0.109418;
0.108621;
0.108018;
0.108148;
0.108575;
0.110369;
0.104604;
0.10832;
0.11158;
0.105538;
0.10873;
0.106596;
0.107763;
0.108598;
0.10854;
0.109699;
0.107268;
0.106936;
0.108735;
0.108097;
0.107987;
0.10698;
0.108578;
0.107641;
0.10851;
0.107922;
0.109119;
0.109358;
0.10597;
0.109124;
0.10745;
0.108608;
0.107699;
0.108417;
0.110211;
0.106659;
0.109903;
0.109082;
0.107282;
0.109148;
0.109512;
0.106669;
0.110616;
0.108176;
0.107927;
0.108225;
0.107969;
0.108069;
0.107282;
0.109264;
0.107032;
0.10774;
0.108476;
0.109284;
0.109246;
0.106127;
0.109744;
0.109879;
0.107797;
0.108753;
0.106704;
0.108525;
0.109207;
0.109742;
0.107928;
0.107986;
0.10781;
0.108928;
0.107751;
0.108174;
0.109924;
0.110902;
0.104249;
0.11044;
0.106303;
0.109123;
0.109059;
0.111067;
0.105572;
0.109377;
0.109267;
0.108218;
0.108875;
0.107572;
0.109757;
0.10617;
0.107138;
0.107509;
0.108268;
0.107209;
0.108719;
0.108223;
0.108001;
0.109018;
0.109196;
0.107875;
0.107945;
0.108346;
0.107957;
0.107586;
0.108957;
0.114979;
0.103124;
0.108667;
0.109759;
0.105947;
0.107753;
0.108595;
0.110047;
0.108384;
0.109953;
0.108041;
0.108845;
0.108074;
0.1076;
0.109953;
0.107028;
0.107201;
0.111489;
0.105699;
0.106203;
0.106942;
0.10775;
0.113822;
0.134619;
0.109562;
0.108086;
0.107108;
0.110782;
0.107751;
0.108456;
0.106812;
0.11094;
0.105893;
0.109628;
0.108027;
0.109275;
0.109752;
0.108731;
0.10754;
0.111405;
0.107535;
0.108286;
0.109041;
0.109238;
0.108202;
0.108753;
0.108665;
0.109218;
0.107925;
0.108632;
0.107818;
0.109476;
0.105875;
0.107926;
0.110986;
0.108153;
0.109124;
0.107503;
0.108633;
0.108319;
0.110889;
0.106254;
0.11184;
0.107427;
0.108268;
0.107524;
0.110938;
0.104772;
0.107076;
0.108058;
0.108207;
0.107824;
0.109263;
0.107356;
0.108814;
0.10996;
0.108375;
0.106999;
0.10855;
0.107573;
0.108488;
0.108138;
0.107897;
0.108844;
0.10747;
0.109046;
0.108809;
0.107595;
0.108571;
0.109449;
0.108871;
0.107539;
0.108494;
0.108589;
0.109905;
0.110037;
0.108748;
0.107965;
0.108574;
0.109709;
0.107585;
0.109209;
0.108461;
0.109016;
0.10743;
0.1068;
0.107538;
0.108118;
0.109452;
0.106405;
0.110473;
0.106701;
0.110972;
0.108544;
0.106589;
0.107021;
0.109349;
0.106745;
0.109673;
0.108653;
0.110619;
0.107385;
0.108907;
0.111835;
0.126005;
0.121262;
0.120841;
0.118499;
0.133787;
0.109807;
0.10787;
0.110499;
0.105318;
0.110334;
0.108346;
0.109927;
0.10588;
0.113139;
0.107338;
0.107804;
0.10741;
0.111188;
0.107259;
0.109069;
0.10607;
0.111235;
0.108906;
0.108165;
0.108186;
0.109427;
0.109518;
0.108621;
0.110464;
0.107781;
0.109681;
0.107864;
0.109409;
0.106251;
0.107885;
0.107803;
0.107411;
0.109171;
0.108276;
0.108671;
0.10825;
0.107337;
0.108168;
0.10908;
0.107134;
0.110404;
0.108535;
0.110983;
0.107849;
0.1093;
0.10831;
0.106708;
0.111003;
0.110209;
0.108216;
0.108112;
0.10726;
0.109247;
0.107376;
0.110491;
0.120978;
0.107882;
0.108384;
0.108932;
0.108278;
0.111333;
0.109557;
0.109375;
0.109236;
0.109388;
0.106217;
0.109;
0.106682;
0.111449;
0.108106;
0.108455;
0.108374;
0.108468;
0.107644;
0.109535;
0.108367;
0.108019;
0.108003;
0.109145;
0.107332;
0.109797;
0.110887;
0.108871;
0.11071;
0.108115;
0.108897;
0.108729;
0.108236;
0.108947;
0.107114;
0.109672;
0.107929;
0.108342;
0.107246;
0.108085;
0.109231;
0.105681;
0.106093;
0.110037;
0.108881;
0.107543;
0.108427;
0.107183;
0.107917;
0.110039;
0.107559;
0.109506;
0.109599;
0.108072;
0.110787;
0.105452;
0.107066;
0.108089;
0.106669;
0.106006;
0.108963;
0.107762;
0.108066;
0.105618;
0.109716;
0.107831;
0.106222;
0.108318;
0.107172;
0.108471;
0.10973;
0.108668;
0.106218;
0.110819;
0.107739;
0.107216;
0.109744;
0.109834;
0.108388;
0.105999;
0.108712;
0.109357;
0.107733;
0.109323;
0.109737;
0.117132;
0.116073;
0.112072;
0.109152;
0.106065;
0.109917;
0.109862;
0.107512;
0.108663;
0.107372;
0.106563;
0.107897;
0.107732;
0.106346;
0.110539;
0.104834;
0.109498;
0.109404;
0.108599;
0.107365;
0.111222;
0.105731;
0.110693;
0.106397;
0.106613;
0.10855;
0.108264;
0.109911;
0.110438;
0.105002;
0.111725;
0.107433;
0.109264;
0.108493;
0.108803;
0.108941;
0.106162;
0.107315;
0.108544;
0.109821;
0.10824;
