0.0294112, 6;
0.0153792, 6;
0.0151641, 6;
0.015775, 6;
0.0160104, 6;
0.0151509, 6;
0.0146396, 6;
0.0150751, 6;
0.0158408, 6;
0.0165404, 6;
0.0142892, 6;
0.0156617, 6;
0.0165789, 6;
0.0134169, 6;
0.0150623, 6;
0.0152205, 6;
0.0156646, 6;
0.0145571, 6;
0.0158064, 6;
0.0151176, 6;
0.0149881, 6;
0.015293, 6;
0.0157095, 6;
0.0166424, 6;
0.0155487, 6;
0.013538, 6;
0.0152209, 6;
0.0153208, 6;
0.0156377, 6;
0.0157419, 6;
0.0159465, 6;
0.0139633, 6;
0.0151377, 6;
0.015434, 6;
0.0153788, 6;
0.0169086, 6;
0.0151381, 6;
0.013821, 6;
0.0143745, 6;
0.0159568, 6;
0.0159501, 6;
0.0158836, 6;
0.0151816, 6;
0.0149467, 6;
0.0161163, 6;
0.0150217, 6;
0.0150146, 6;
0.0156024, 6;
0.0170537, 6;
0.0137614, 6;
0.0160187, 6;
0.015706, 6;
0.0142774, 6;
0.0159501, 6;
0.0151631, 6;
0.0157741, 6;
0.0151339, 6;
0.0151987, 6;
0.0160459, 6;
0.014884, 6;
0.0155345, 6;
0.0160969, 6;
0.0160502, 6;
0.0151611, 6;
0.0148186, 6;
0.0156812, 6;
0.0152626, 6;
0.0161014, 6;
0.0160887, 6;
0.0159074, 6;
0.0152404, 6;
0.0150532, 6;
0.0163769, 6;
0.0143558, 6;
0.0149049, 6;
0.0154535, 6;
0.0159398, 6;
0.0150013, 6;
0.0149975, 6;
0.0165866, 6;
0.0146181, 6;
0.0173702, 6;
0.0135958, 6;
0.0143958, 6;
0.0151206, 6;
0.0167376, 6;
0.0148661, 6;
0.0160233, 6;
0.0161183, 6;
0.0134665, 6;
0.0163044, 6;
0.0151414, 6;
0.015318, 6;
0.0151447, 6;
0.0158367, 6;
0.0156453, 6;
0.0151948, 6;
0.0147111, 6;
0.0149893, 6;
0.0154643, 6;
0.0148336, 6;
0.0149616, 6;
0.0156085, 6;
0.0148608, 6;
0.0156964, 6;
0.0163869, 6;
0.0148101, 6;
0.0159538, 6;
0.0152036, 6;
0.0155985, 6;
0.0159765, 6;
0.0160236, 6;
0.0162104, 6;
0.0158858, 6;
0.0174843, 6;
0.0139808, 6;
0.0136998, 6;
0.0152434, 6;
0.0152818, 6;
0.0157452, 6;
0.0151944, 6;
0.0151497, 6;
0.0152638, 6;
0.0160589, 6;
0.0161087, 6;
0.0160009, 6;
0.0159612, 6;
0.0159998, 6;
0.0168395, 6;
0.0143191, 6;
0.0148809, 6;
0.0151734, 6;
0.0152011, 6;
0.0159904, 6;
0.0159038, 6;
0.0153248, 6;
0.0151478, 6;
0.0162451, 6;
0.0155382, 6;
0.0160566, 6;
0.0180424, 6;
0.0175185, 6;
0.0121054, 6;
0.0169077, 6;
0.0139922, 6;
0.0143167, 6;
0.0157137, 6;
0.0150042, 6;
0.0151921, 6;
0.0156659, 6;
0.0163787, 6;
0.0155366, 6;
0.0157747, 6;
0.015462, 6;
0.0160076, 6;
0.0159922, 6;
0.014622, 6;
0.0153347, 6;
0.0151202, 6;
0.0150794, 6;
0.015674, 6;
0.0156234, 6;
0.0156404, 6;
0.0158803, 6;
0.015977, 6;
0.0159651, 6;
0.0159987, 6;
0.0159475, 6;
0.0151502, 6;
0.0150629, 6;
0.0150983, 6;
0.0159845, 6;
0.0150096, 6;
0.0149633, 6;
0.0149876, 6;
0.0149462, 6;
0.0160031, 6;
0.0160634, 6;
0.0158782, 6;
0.0152017, 6;
0.0150119, 6;
0.015097, 6;
0.0159963, 6;
0.0150061, 6;
0.0156161, 6;
0.0159627, 6;
0.0159971, 6;
0.015247, 6;
0.0159491, 6;
0.0159879, 6;
0.0152547, 6;
0.0156445, 6;
0.0150964, 6;
0.015095, 6;
0.0160136, 6;
0.014959, 6;
0.0153695, 6;
0.0159484, 6;
0.0162329, 6;
0.0152086, 6;
0.015008, 6;
0.0151567, 6;
0.0159633, 6;
0.014974, 6;
0.0149817, 6;
0.0159959, 6;
0.0152859, 6;
0.0157862, 6;
0.0149861, 6;
0.0159618, 6;
0.0159525, 6;
0.0159693, 6;
0.015909, 6;
0.015968, 6;
0.0159916, 6;
0.0160032, 6;
0.015532, 6;
0.0156179, 6;
0.0160027, 6;
0.0149885, 6;
0.015122, 6;
0.0158403, 6;
0.015007, 6;
0.0159926, 6;
0.0150454, 6;
0.0159024, 6;
0.0159751, 6;
0.0159532, 6;
0.0160966, 6;
0.0148795, 6;
0.0159897, 6;
0.0149656, 6;
0.0159683, 6;
0.0149838, 6;
0.0149657, 6;
0.016034, 6;
0.0159987, 6;
0.0150115, 6;
0.0151253, 6;
0.015908, 6;
0.0150748, 6;
0.0149172, 6;
0.0156822, 6;
0.0148977, 6;
0.016081, 6;
0.0150186, 6;
0.0159265, 6;
0.0159831, 6;
0.0159528, 6;
0.0149664, 6;
0.0149897, 6;
0.0149997, 6;
0.0159545, 6;
0.0149738, 6;
0.0149836, 6;
0.0159936, 6;
0.0149746, 6;
0.0159925, 6;
0.0159535, 6;
0.0159798, 6;
0.0159424, 6;
0.0149729, 6;
0.0150136, 6;
0.0160217, 6;
0.0151958, 6;
0.0159992, 6;
0.0152247, 6;
0.0159966, 6;
0.015482, 6;
0.0156467, 6;
0.0153327, 6;
0.0159815, 6;
0.0159777, 6;
0.01501, 6;
0.0159593, 6;
0.0149744, 6;
0.0151281, 6;
0.0158201, 6;
0.0149775, 6;
0.0159666, 6;
0.0159791, 6;
0.0159767, 6;
0.0159717, 6;
0.0159922, 6;
0.0158261, 6;
0.0157092, 6;
0.0150604, 6;
0.0150839, 6;
0.0161306, 6;
0.0159452, 6;
0.0156396, 6;
0.0160166, 6;
0.0149424, 6;
0.0149747, 6;
0.0149767, 6;
0.0159793, 6;
0.0149723, 6;
0.0149775, 6;
0.014941, 6;
0.0159833, 6;
0.014984, 6;
0.0152806, 6;
0.0155922, 6;
0.015667, 6;
0.0159056, 6;
0.0152936, 6;
0.014916, 6;
0.0156082, 6;
0.0145027, 6;
0.0151959, 6;
0.0159891, 6;
0.0159712, 6;
0.0159704, 6;
0.0149972, 6;
0.0149712, 6;
0.0149797, 6;
0.0160028, 6;
0.0149023, 6;
0.0152906, 6;
0.015664, 6;
0.0149911, 6;
0.0149822, 6;
0.0159617, 6;
0.0149956, 6;
0.0152352, 6;
0.0159878, 6;
0.0151166, 6;
0.0159865, 6;
0.015961, 6;
0.0156322, 6;
0.0160957, 6;
0.0151441, 6;
0.0151432, 6;
0.0159572, 6;
0.0159987, 6;
0.0149976, 6;
0.0149364, 6;
0.0149757, 6;
0.0150469, 6;
0.0149139, 6;
0.0160056, 6;
0.0159576, 6;
0.0149791, 6;
0.0160106, 6;
0.0149607, 6;
0.0159851, 6;
0.0159504, 6;
0.0159883, 6;
0.0159749, 6;
0.0151012, 6;
0.0159832, 6;
0.0151008, 6;
0.0160132, 6;
0.0155392, 6;
0.014958, 6;
0.0150101, 6;
0.0159936, 6;
0.015985, 6;
0.015969, 6;
0.0159777, 6;
0.0149679, 6;
0.0149775, 6;
0.0160077, 6;
0.0151025, 6;
0.0152156, 6;
0.01497, 6;
0.0146734, 6;
0.0154284, 6;
0.0159161, 6;
0.0156175, 6;
0.0159661, 6;
0.0159694, 6;
0.0159847, 6;
0.0155647, 6;
0.0157191, 6;
0.0159742, 6;
0.0154869, 6;
0.0160594, 6;
0.0158882, 6;
0.0155656, 6;
0.0155485, 6;
0.0160226, 6;
0.015945, 6;
0.0159751, 6;
0.0160299, 6;
0.0149876, 6;
0.0151507, 6;
0.0151196, 6;
0.0159214, 6;
0.0149767, 6;
0.0149955, 6;
0.0156268, 6;
0.0159985, 6;
0.0156049, 6;
0.0155435, 6;
0.0149922, 6;
0.0159594, 6;
0.0159932, 6;
0.0160369, 6;
0.0149223, 6;
0.0149926, 6;
0.0159308, 6;
0.0149747, 6;
0.0149768, 6;
0.0146426, 6;
0.0160074, 6;
0.0152916, 6;
0.0159812, 6;
0.0157163, 6;
0.0155386, 6;
0.0155975, 6;
0.0149785, 6;
0.0160992, 6;
0.0150127, 6;
0.0159657, 6;
0.0149567, 6;
0.0149899, 6;
0.0160008, 6;
0.0159517, 6;
0.0149854, 6;
0.0159733, 6;
0.015205, 6;
0.015972, 6;
0.0155832, 6;
0.0159916, 6;
0.0151832, 6;
0.0149956, 6;
0.016015, 6;
0.0159972, 6;
0.0159656, 6;
0.0160182, 6;
0.0149431, 6;
0.014979, 6;
0.0149756, 6;
0.0149811, 6;
0.0149544, 6;
0.0150036, 6;
0.0149551, 6;
0.0160527, 6;
0.0149889, 6;
0.014974, 6;
0.0159719, 6;
0.0150147, 6;
0.015969, 6;
0.0159695, 6;
0.0159636, 6;
0.0150102, 6;
0.0149464, 6;
0.0155694, 6;
0.0156252, 6;
0.0150342, 6;
0.0159379, 6;
0.0151468, 6;
0.0147876, 6;
0.0151648, 6;
0.0158122, 6;
0.015006, 6;
0.0149352, 6;
0.0153649, 6;
0.0157262, 6;
0.0154934, 6;
0.0159791, 6;
0.0149185, 6;
0.0160688, 6;
0.0155713, 6;
0.0155433, 6;
0.0159595, 6;
0.0156486, 6;
0.0159823, 6;
0.0158118, 6;
0.0156501, 6;
0.0158741, 6;
0.0160312, 6;
0.015919, 6;
0.0159883, 6;
0.015914, 6;
0.0158287, 6;
0.0159716, 6;
0.0160472, 6;
0.0159209, 6;
0.0160096, 6;
0.014929, 6;
0.0149932, 6;
0.0151568, 6;
0.0159688, 6;
0.015966, 6;
0.0159869, 6;
0.0159824, 6;
0.0159635, 6;
0.0151791, 6;
0.0147748, 6;
0.0151844, 6;
0.0157682, 6;
0.0146854, 6;
0.0157775, 6;
0.0160103, 6;
0.0156147, 6;
0.0159911, 6;
0.0154248, 6;
0.0159744, 6;
0.0159844, 6;
0.0150044, 6;
0.0155465, 6;
0.0150183, 6;
0.0160457, 6;
0.0150138, 6;
0.0159969, 6;
0.015102, 6;
0.0147842, 6;
0.0160848, 6;
0.0151511, 6;
0.0157374, 6;
0.0159712, 6;
0.0154756, 6;
0.0159801, 6;
0.0153215, 6;
0.0159643, 6;
0.015816, 6;
0.0160661, 6;
0.0157305, 6;
0.015606, 6;
0.0155906, 6;
0.0153168, 6;
0.0149059, 6;
0.0155819, 6;
0.0151976, 6;
0.015906, 6;
0.0152895, 6;
0.0158676, 6;
0.0155579, 6;
0.0150945, 6;
0.0152461, 6;
0.0152769, 6;
0.0156083, 6;
0.0153939, 6;
0.0154497, 6;
0.0149963, 6;
0.0159251, 6;
0.0159751, 6;
0.0162588, 6;
0.0148225, 6;
0.0149638, 6;
0.0159935, 6;
0.0159696, 6;
0.0153848, 6;
0.0149645, 6;
0.0155607, 6;
0.0161406, 6;
0.0151322, 6;
0.0155835, 6;
0.0154808, 6;
0.0151061, 6;
0.015683, 6;
0.0156214, 6;
0.0153329, 6;
0.015362, 6;
0.0157767, 6;
0.015171, 6;
0.0154758, 6;
0.0153042, 6;
0.0154347, 6;
0.0151403, 6;
0.015695, 6;
0.015671, 6;
0.0158237, 6;
0.0153067, 6;
0.0151902, 6;
0.015511, 6;
0.0156916, 6;
0.015191, 6;
0.0153825, 6;
0.0156611, 6;
0.0151022, 6;
0.0159449, 6;
0.0154838, 6;
0.0155473, 6;
0.014849, 6;
0.0149147, 6;
0.0151839, 6;
0.0154015, 6;
0.0156226, 6;
0.0151482, 6;
0.0151699, 6;
0.0155034, 6;
0.0158462, 6;
0.0150509, 6;
0.0151132, 6;
0.015172, 6;
0.016072, 6;
0.0154548, 6;
0.0155984, 6;
0.0158203, 6;
0.0160474, 6;
0.0156434, 6;
0.0158976, 6;
0.0159725, 6;
0.0148722, 6;
0.0152675, 6;
0.0156861, 6;
0.015299, 6;
0.0155576, 6;
0.0149378, 6;
0.0149856, 6;
0.015407, 6;
0.0157544, 6;
0.0149823, 6;
0.0160689, 6;
0.0148541, 6;
0.01517, 6;
0.01503, 6;
0.0154519, 6;
0.0158973, 6;
0.0148853, 6;
0.0151074, 6;
0.0152536, 6;
0.0156749, 6;
0.0156059, 6;
0.0154635, 6;
0.0152534, 6;
0.0150738, 6;
0.0158836, 6;
0.0148294, 6;
0.015786, 6;
0.0153204, 6;
0.0149958, 6;
0.0152964, 6;
0.0154061, 6;
0.0158839, 6;
0.0154467, 6;
0.0157504, 6;
0.0148568, 6;
0.0159893, 6;
0.0149888, 6;
0.0149776, 6;
0.0158649, 6;
0.0158366, 6;
0.0160537, 6;
0.0153743, 6;
0.01557, 6;
0.0151382, 6;
0.0151994, 6;
0.0156548, 6;
0.0153618, 6;
0.0150024, 6;
0.0154149, 6;
0.015484, 6;
0.0153861, 6;
0.0161017, 6;
0.0161241, 6;
0.0151941, 6;
0.0157298, 6;
0.0149495, 6;
0.014845, 6;
0.0150564, 6;
0.0153537, 6;
0.0151177, 6;
0.0159378, 6;
0.0150604, 6;
0.0158231, 6;
0.0149433, 6;
0.0154865, 6;
0.0161477, 6;
0.0152522, 6;
0.0155808, 6;
0.0151807, 6;
0.0160666, 6;
0.0151135, 6;
0.0156425, 6;
0.0148629, 6;
0.015293, 6;
0.0155493, 6;
0.0152624, 6;
0.0152119, 6;
0.0154714, 6;
0.0157349, 6;
0.0154573, 6;
0.0157715, 6;
0.0153277, 6;
0.0155922, 6;
0.0156428, 6;
0.0153942, 6;
0.0153848, 6;
0.0150176, 6;
0.0154578, 6;
0.0155288, 6;
0.0149711, 6;
0.014935, 6;
0.0152102, 6;
0.015874, 6;
0.0154197, 6;
0.0155849, 6;
0.0150298, 6;
0.0156933, 6;
0.0157073, 6;
0.0153151, 6;
0.0151381, 6;
0.015562, 6;
0.0149968, 6;
0.0154002, 6;
0.0158108, 6;
0.0152285, 6;
0.0152388, 6;
0.0156577, 6;
0.0154716, 6;
0.015283, 6;
0.0158027, 6;
0.015345, 6;
0.0156706, 6;
0.0153604, 6;
0.0150089, 6;
0.0154789, 6;
0.0158752, 6;
0.0149648, 6;
0.015373, 6;
0.0152608, 6;
0.0161095, 6;
0.015641, 6;
0.0153271, 6;
0.0153037, 6;
0.0152004, 6;
0.0158286, 6;
0.0158945, 6;
0.0160451, 6;
0.0160413, 6;
0.0158112, 6;
0.0150145, 6;
0.0150342, 6;
0.0149403, 6;
0.016014, 6;
0.0149755, 6;
0.0147851, 6;
0.0152065, 6;
0.0151624, 6;
0.0152158, 6;
0.0158175, 6;
0.0150504, 6;
0.0155276, 6;
0.015396, 6;
0.0153969, 6;
0.0159635, 6;
0.0159333, 6;
0.0155626, 6;
0.0153299, 6;
0.0152871, 6;
0.0152395, 6;
0.0149006, 6;
0.0149007, 6;
0.0149294, 6;
0.0155891, 6;
0.0160994, 6;
0.0151644, 6;
0.0155479, 6;
0.0151795, 6;
0.0155308, 6;
0.0160626, 6;
0.0153337, 6;
0.0152255, 6;
0.0159349, 6;
0.0154456, 6;
0.0153677, 6;
0.0156343, 6;
0.0154026, 6;
0.0151131, 6;
0.0152702, 6;
0.0154778, 6;
0.0155669, 6;
0.0155605, 6;
0.0150193, 6;
0.0153036, 6;
0.0158393, 6;
0.015533, 6;
0.0153164, 6;
0.0159315, 6;
0.0160038, 6;
0.0160332, 6;
0.0153564, 6;
0.0151217, 6;
0.0159831, 6;
0.0156873, 6;
0.0149816, 6;
0.0159479, 6;
0.0147408, 6;
0.015061, 6;
0.0152047, 6;
0.0153428, 6;
0.0155757, 6;
0.0153109, 6;
0.0153525, 6;
0.0152989, 6;
0.0155562, 6;
0.0153686, 6;
0.0160169, 6;
0.0159619, 6;
0.0154104, 6;
0.0154408, 6;
0.0154001, 6;
0.0157103, 6;
0.0159434, 6;
0.015978, 6;
0.0159414, 6;
0.0155222, 6;
0.0153293, 6;
0.0151739, 6;
0.0157772, 6;
0.0149353, 6;
0.0149721, 6;
0.0160825, 6;
0.0156821, 6;
0.0156408, 6;
0.0150126, 6;
0.0155245, 6;
0.0153803, 6;
0.015348, 6;
0.0157847, 6;
0.0156263, 6;
0.0154051, 6;
0.0152737, 6;
0.0153057, 6;
0.015411, 6;
0.0160136, 6;
0.01596, 6;
0.0151943, 6;
0.0151115, 6;
0.0151842, 6;
0.014961, 6;
0.015119, 6;
0.0160272, 6;
0.015603, 6;
0.0157186, 6;
0.0155753, 6;
0.0156832, 6;
0.0159615, 6;
0.0156973, 6;
0.0159406, 6;
0.015184, 6;
0.0160193, 6;
0.0159923, 6;
0.0152595, 6;
0.0151409, 6;
0.0158599, 6;
0.0149921, 6;
0.0146938, 6;
0.0156226, 6;
0.015636, 6;
0.0157017, 6;
0.0148458, 6;
0.0154252, 6;
0.0159232, 6;
0.0150546, 6;
0.0155384, 6;
0.0154947, 6;
0.0157179, 6;
0.0152781, 6;
0.0158527, 6;
0.0151184, 6;
0.0148907, 6;
0.0149466, 6;
0.0154158, 6;
0.0155994, 6;
0.0157772, 6;
0.0156562, 6;
0.0152814, 6;
0.0157146, 6;
0.0151612, 6;
0.0153319, 6;
0.0155022, 6;
0.0155189, 6;
0.0151764, 6;
0.0158941, 6;
0.0148527, 6;
0.0153523, 6;
0.0156122, 6;
0.015212, 6;
0.0154348, 6;
0.0151886, 6;
0.0156131, 6;
0.015445, 6;
0.0159498, 6;
0.0159237, 6;
0.0153824, 6;
0.015336, 6;
0.0151455, 6;
0.0150219, 6;
0.0157392, 6;
0.015191, 6;
0.0150391, 6;
0.0157125, 6;
0.0152295, 6;
0.015087, 6;
0.0157019, 6;
0.0155807, 6;
0.0151159, 6;
0.0153843, 6;
0.0152289, 6;
0.0153001, 6;
0.0154628, 6;
0.0155413, 6;
0.0151954, 6;
0.0151624, 6;
0.0155303, 6;
0.0155648, 6;
0.0161501, 6;
0.0152874, 6;
0.0154733, 6;
0.0148773, 6;
0.0159229, 6;
0.0157712, 6;
0.0152012, 6;
0.0160751, 6;
0.015792, 6;
0.0155325, 6;
0.0153437, 6;
0.0147261, 6;
0.015721, 6;
0.0152067, 6;
0.0159903, 6;
0.0153424, 6;
0.0159561, 6;
0.0151975, 6;
0.0159623, 6;
0.0149978, 6;
0.0152291, 6;
0.0157076, 6;
0.0149408, 6;
0.0148735, 6;
0.0160172, 6;
0.0152735, 6;
0.0152963, 6;
0.0160301, 6;
0.0159897, 6;
0.0154717, 6;
0.0153607, 6;
0.0159767, 6;
0.0159378, 6;
0.0155406, 6;
0.0154267, 6;
0.0160087, 6;
0.0159474, 6;
0.0150304, 6;
0.0149879, 6;
0.0153653, 6;
0.0159856, 6;
0.0154778, 6;
0.0151344, 6;
0.0151246, 6;
0.0153792, 6;
0.0152371, 6;
0.0160448, 6;
0.0159737, 6;
0.0157361, 6;
0.0150102, 6;
0.0155564, 6;
0.0152466, 6;
0.0148858, 6;
0.0159815, 6;
0.014964, 6;
0.0149893, 6;
0.014985, 6;
0.0154223, 6;
0.0155805, 6;
0.0160179, 6;
0.0151736, 6;
0.015985, 6;
0.0152275, 6;
0.0160072, 6;
0.0150043, 6;
0.0150549, 6;
0.0156775, 6;
0.0160046, 6;
0.0155305, 6;
0.0159645, 6;
0.0154338, 6;
0.0156617, 6;
0.0150152, 6;
0.0160155, 6;
0.0159719, 6;
0.0151339, 6;
0.0159976, 6;
0.0151944, 6;
0.0159424, 6;
0.015293, 6;
0.0150185, 6;
0.015918, 6;
0.0152438, 6;
0.0155187, 6;
0.0158496, 6;
0.0154522, 6;
0.0147115, 6;
0.0155043, 6;
0.0153711, 6;
0.0154257, 6;
0.0151779, 6;
0.0153248, 6;
0.0157646, 6;
0.0154714, 6;
0.0153949, 6;
0.0148861, 6;
0.0155115, 6;
0.0160652, 6;
0.0151614, 6;
0.0154616, 6;
0.0152023, 6;
0.0152616, 6;
0.0156218, 6;
0.0154617, 6;
0.015647, 6;
0.0157825, 6;
0.0150092, 6;
0.0159174, 6;
0.0150033, 6;
0.015975, 6;
0.015486, 6;
0.0159555, 6;
0.0158279, 6;
0.0147225, 6;
0.0148505, 6;
0.0158148, 6;
0.015245, 6;
0.0157535, 6;
0.0152721, 6;
0.0157258, 6;
0.0154566, 6;
0.0146629, 6;
0.0158982, 6;
0.0156339, 6;
0.0154218, 6;
0.0159069, 6;
0.0160106, 6;
0.0153672, 6;
0.0156213, 6;
0.0159068, 6;
0.0151188, 6;
0.0154208, 6;
0.0159839, 6;
0.0156862, 6;
0.0153824, 6;
0.015394, 6;
0.0155986, 6;
0.0149665, 6;
0.0148763, 6;
0.0151881, 6;
0.0152723, 6;
0.0149439, 6;
0.0153088, 6;
0.0155988, 6;
0.015151, 6;
0.0153946, 6;
0.0158321, 6;
0.015628, 6;
0.0158409, 6;
0.0158399, 6;
0.0150187, 6;
0.0152762, 6;
0.0152166, 6;
0.0151126, 6;
0.0154088, 6;
0.0156915, 6;
0.0154294, 6;
0.0150938, 6;
0.0157113, 6;
0.0149191, 6;
0.0151028, 6;
0.0161367, 6;
0.0156364, 6;
0.0160818, 6;
0.0161005, 6;
0.0153374, 6;
0.0151455, 6;
0.0162229, 6;
0.0151996, 6;
0.0155706, 6;
0.0152001, 6;
0.0160667, 6;
0.0154839, 6;
0.0154024, 6;
0.0157212, 6;
0.0155933, 6;
0.0151195, 6;
0.0159769, 6;
0.0150011, 6;
0.0154706, 6;
0.0151859, 6;
0.0159655, 6;
0.0155652, 6;
0.0155908, 6;
0.014985, 6;
0.015602, 6;
0.0152176, 6;
0.0157946, 6;
0.0155848, 6;
0.0156709, 6;
0.0154228, 6;
0.0157822, 6;
0.0148917, 6;
0.0148322, 6;
0.0158043, 6;
0.015554, 6;
0.015793, 6;
0.0152748, 6;
0.0153321, 6;
0.0157985, 6;
0.0155623, 6;
0.0154394, 6;
0.0154106, 6;
0.0160638, 6;
0.0156553, 6;
0.0153829, 6;
0.0160021, 6;
0.015295, 6;
0.0159665, 6;
0.0159677, 6;
0.0153826, 6;
0.0156934, 6;
0.01485, 6;
0.0150507, 6;
0.0157486, 6;
0.0151173, 6;
0.0157348, 6;
0.0150191, 6;
0.0159753, 6;
0.0147456, 6;
0.0156452, 6;
0.0152942, 6;
0.015351, 6;
0.0156996, 6;
0.0155767, 6;
0.0153031, 6;
0.0155223, 6;
0.0149273, 6;
0.0160215, 6;
0.0151247, 6;
0.0152169, 6;
0.0154713, 6;
0.0154109, 6;
0.0151264, 6;
0.0159076, 6;
0.0147436, 6;
0.0149666, 6;
0.0155174, 6;
0.0156604, 6;
0.0147771, 6;
0.0156774, 6;
0.0151389, 6;
0.0153853, 6;
0.015614, 6;
0.0152092, 6;
0.0149661, 6;
0.0149276, 6;
0.0159801, 6;
0.0154725, 6;
0.0154707, 6;
0.0153107, 6;
0.0154721, 6;
0.0151283, 6;
0.0152404, 6;
0.0155738, 6;
0.0155751, 6;
0.0152238, 6;
0.0149629, 6;
0.0150309, 6;
0.015091, 6;
0.015967, 6;
0.0158289, 6;
0.0154752, 6;
0.0153267, 6;
0.0158604, 6;
0.0158028, 6;
0.0146756, 6;
0.0153038, 6;
0.0161119, 6;
0.0154875, 6;
0.0153394, 6;
0.0156187, 6;
0.0152388, 6;
0.0152675, 6;
0.0155587, 6;
0.01564, 6;
0.0151622, 6;
0.0152842, 6;
0.0155145, 6;
0.0151574, 6;
0.0151657, 6;
0.0155086, 6;
0.0161183, 6;
0.015775, 6;
0.0159549, 6;
0.0152056, 6;
0.0157989, 6;
0.0154636, 6;
0.0157234, 6;
0.0150017, 6;
0.0158281, 6;
0.0158433, 6;
0.0156714, 6;
0.0157053, 6;
0.0154056, 6;
0.0155799, 6;
0.0149154, 6;
0.0160567, 6;
0.0149102, 6;
0.0148707, 6;
0.0152923, 6;
0.0154317, 6;
0.0159813, 6;
0.0153087, 6;
0.015225, 6;
0.0157433, 6;
0.0149317, 6;
0.0161341, 6;
0.0145177, 6;
0.0152269, 6;
0.0159707, 6;
0.0162545, 6;
0.0144875, 6;
0.0151094, 6;
0.0158903, 6;
0.0152422, 6;
0.0158053, 6;
0.0154142, 6;
0.015635, 6;
0.0150837, 6;
0.0152759, 6;
0.0152312, 6;
0.0152825, 6;
0.0159706, 6;
0.0153527, 6;
0.0150274, 6;
0.0155721, 6;
0.015176, 6;
0.0153991, 6;
0.0156124, 6;
0.0154712, 6;
0.0152289, 6;
0.0153499, 6;
0.0156828, 6;
0.0157107, 6;
0.0161745, 6;
0.0160406, 6;
0.0148049, 6;
0.015049, 6;
0.016058, 6;
0.0157894, 6;
0.0159851, 6;
0.0156028, 6;
0.0160572, 6;
0.0191366, 6;
0.0142724, 6;
0.0130683, 6;
0.0149699, 6;
0.0149537, 6;
0.0152105, 6;
0.0154537, 6;
0.0164778, 6;
0.0149517, 6;
0.0151101, 6;
0.015891, 6;
0.0159131, 6;
0.0156491, 6;
0.0147916, 6;
0.0155695, 6;
0.015573, 6;
0.0154363, 6;
0.0159152, 6;
0.0158064, 6;
0.0147998, 6;
0.0155856, 6;
0.0158336, 6;
0.0154355, 6;
0.0151603, 6;
0.0150879, 6;
0.0150288, 6;
0.0151811, 6;
0.0153921, 6;
0.0153378, 6;
0.0155507, 6;
0.0155037, 6;
0.0156173, 6;
0.0158952, 6;
0.0150367, 6;
0.0150039, 6;
0.0147602, 6;
0.0154412, 6;
0.0151397, 6;
0.015788, 6;
0.0155181, 6;
0.0160199, 6;
0.0154067, 6;
0.0152679, 6;
0.0152658, 6;
0.0160062, 6;
0.015104, 6;
0.0149608, 6;
0.0159548, 6;
0.0160228, 6;
0.0169232, 6;
0.0150131, 6;
0.016011, 6;
0.01528, 6;
0.0150369, 6;
0.0179767, 6;
0.0130846, 6;
0.0152336, 6;
0.0155316, 6;
0.0159309, 6;
0.0160919, 6;
0.0155031, 6;
0.0177775, 6;
0.0132989, 6;
0.0153936, 6;
0.0158258, 6;
0.0162087, 6;
0.0148214, 6;
0.0155798, 6;
0.0155538, 6;
0.0147267, 6;
0.0155727, 6;
0.0154676, 6;
0.0159317, 6;
0.0159728, 6;
0.015018, 6;
0.015725, 6;
0.0148322, 6;
0.0158936, 6;
0.0153899, 6;
0.0173503, 6;
0.0131816, 6;
0.0152308, 6;
0.0155696, 6;
0.0157167, 6;
0.0160193, 6;
0.0148332, 6;
0.0149668, 6;
0.0170493, 6;
0.0142822, 6;
0.0146011, 6;
0.0156664, 6;
0.0153079, 6;
0.0155079, 6;
0.0157753, 6;
0.0154713, 6;
0.0155618, 6;
0.0148911, 6;
0.0150215, 6;
0.0154806, 6;
0.0161253, 6;
0.0152865, 6;
0.0148692, 6;
0.0176536, 6;
0.0143251, 6;
0.0151275, 6;
0.0153095, 6;
0.0153892, 6;
0.0150969, 6;
0.0153165, 6;
0.0153661, 6;
0.0153791, 6;
0.0159269, 6;
0.0152082, 6;
0.0147705, 6;
0.0163721, 6;
0.0152624, 6;
0.0152283, 6;
0.0155732, 6;
0.0150311, 6;
0.0156092, 6;
0.0176003, 6;
0.0128243, 6;
0.0157022, 6;
0.0158976, 6;
0.0142312, 6;
0.0169321, 6;
0.0148107, 6;
0.0168989, 6;
0.0141223, 6;
0.0158194, 6;
0.0146785, 6;
0.0147575, 6;
0.0151981, 6;
0.0156177, 6;
0.0161239, 6;
0.0156132, 6;
0.0145456, 6;
0.0152609, 6;
0.0165858, 6;
0.0146408, 6;
0.0147241, 6;
0.0147188, 6;
0.0149843, 6;
0.0147698, 6;
0.0148749, 6;
0.0154972, 6;
0.0157722, 6;
0.0160228, 6;
0.0154648, 6;
0.0152966, 6;
0.0174441, 6;
0.0130735, 6;
0.0159699, 6;
0.0163835, 6;
0.0192268, 6;
0.0149581, 6;
0.0172483, 6;
0.0253712, 6;
0.0153935, 6;
0.0158666, 6;
0.0147581, 6;
0.0154254, 6;
0.0157776, 6;
0.0153779, 6;
0.0154424, 6;
0.0154574, 6;
0.0155509, 6;
0.0161883, 6;
0.0159939, 6;
0.0156635, 6;
0.0153011, 6;
0.0144856, 6;
0.0161406, 6;
0.0158315, 6;
0.0146013, 6;
0.0157688, 6;
0.0153194, 6;
0.015638, 6;
0.0148448, 6;
0.0177972, 6;
0.0130038, 6;
0.0150502, 6;
0.0156128, 6;
0.0154698, 6;
0.0152025, 6;
0.0159355, 6;
0.0160367, 6;
0.0153181, 6;
0.0168382, 6;
0.0145576, 6;
0.0152033, 6;
0.0154695, 6;
0.0143118, 6;
0.0151012, 6;
0.0158352, 6;
0.0149187, 6;
0.0157138, 6;
0.016114, 6;
0.0155318, 6;
0.0150146, 6;
0.015891, 6;
0.0159977, 6;
0.0147809, 6;
0.0179477, 6;
0.0133787, 6;
0.0153153, 6;
0.0149061, 6;
0.0148578, 6;
0.015255, 6;
0.0155651, 6;
0.0154257, 6;
0.0156783, 6;
0.0147503, 6;
0.0153592, 6;
0.0156789, 6;
0.0158196, 6;
0.0154458, 6;
0.0158544, 6;
0.014964, 6;
0.0177855, 6;
0.0141448, 6;
0.0163201, 6;
0.0150122, 6;
0.0152048, 6;
0.0148828, 6;
0.0151979, 6;
0.0149751, 6;
0.0149394, 6;
0.0159517, 6;
0.0155969, 6;
0.0155187, 6;
0.0153736, 6;
0.0155802, 6;
0.016393, 6;
0.0156727, 6;
0.0159168, 6;
0.0152418, 6;
0.0148718, 6;
0.0155307, 6;
0.0151649, 6;
0.0156976, 6;
0.015339, 6;
0.015314, 6;
0.015792, 6;
0.0156715, 6;
0.0161857, 6;
0.0147841, 6;
0.0158822, 6;
0.015797, 6;
0.0145608, 6;
0.0160078, 6;
0.0151119, 6;
0.0160214, 6;
0.015824, 6;
0.0152202, 6;
0.0152514, 6;
0.0156534, 6;
0.0160954, 6;
0.0160155, 6;
0.0148975, 6;
0.0154397, 6;
0.0152178, 6;
0.0155413, 6;
0.0160324, 6;
0.0138463, 6;
0.0150485, 6;
0.0152024, 6;
0.0161572, 6;
0.0155785, 6;
0.0161682, 6;
0.0176876, 6;
0.0139139, 6;
0.0159713, 6;
0.0149785, 6;
0.0155846, 6;
0.0168974, 6;
0.014661, 6;
0.0159438, 6;
0.0152448, 6;
0.0156637, 6;
0.0156669, 6;
0.0148423, 6;
0.0155176, 6;
0.0155468, 6;
0.0160462, 6;
0.0151978, 6;
0.01534, 6;
0.0155021, 6;
0.0167427, 6;
0.0137317, 6;
0.015922, 6;
0.0166133, 6;
0.0135387, 6;
0.0159868, 6;
0.0147929, 6;
0.0155936, 6;
0.016256, 6;
0.0155457, 6;
0.0155998, 6;
0.0153283, 6;
0.0151685, 6;
0.0161744, 6;
0.015941, 6;
0.0155447, 6;
0.0150989, 6;
0.0161004, 6;
0.0154349, 6;
0.0147424, 6;
0.0155221, 6;
0.0151129, 6;
0.0160949, 6;
0.0159301, 6;
0.015274, 6;
0.0151775, 6;
0.0170093, 6;
0.0147275, 6;
0.0158256, 6;
0.0147455, 6;
0.0146189, 6;
0.01519, 6;
0.0151301, 6;
0.0151478, 6;
0.0163883, 6;
0.0159012, 6;
0.0161294, 6;
0.0156799, 6;
0.0155977, 6;
0.0159161, 6;
0.0154514, 6;
0.0160791, 6;
0.0151551, 6;
0.0152248, 6;
0.0156722, 6;
0.0152754, 6;
0.0152122, 6;
0.0157841, 6;
0.0150176, 6;
0.0160393, 6;
0.014691, 6;
0.0152758, 6;
0.0164395, 6;
0.0150765, 6;
0.0155861, 6;
0.0152646, 6;
0.0151902, 6;
0.0157839, 6;
0.0146204, 6;
0.0149852, 6;
0.015358, 6;
0.0158453, 6;
0.0155454, 6;
0.0158614, 6;
0.0154506, 6;
0.0150831, 6;
0.015519, 6;
0.014944, 6;
0.0159398, 6;
0.015333, 6;
0.0185088, 6;
0.0133958, 6;
0.0149742, 6;
0.0153244, 6;
0.0150543, 6;
0.0155768, 6;
0.0152894, 6;
0.0150298, 6;
0.0149045, 6;
0.0147558, 6;
0.015773, 6;
0.0154552, 6;
0.0151312, 6;
0.0151661, 6;
0.0160492, 6;
0.0154495, 6;
0.0156758, 6;
0.0163568, 6;
0.015103, 6;
0.015156, 6;
0.0157168, 6;
0.0159732, 6;
0.0161415, 6;
0.0171746, 6;
0.0140857, 6;
0.015329, 6;
0.0157877, 6;
0.0149221, 6;
0.0153872, 6;
0.016011, 6;
0.0153675, 6;
0.0153957, 6;
0.0159642, 6;
0.015447, 6;
0.0155957, 6;
0.0154277, 6;
0.0146693, 6;
0.0156327, 6;
0.0152207, 6;
0.0147285, 6;
0.0150639, 6;
0.0157699, 6;
0.0151344, 6;
0.0158872, 6;
0.0163023, 6;
0.0148822, 6;
0.0148503, 6;
0.0152356, 6;
0.015247, 6;
0.015767, 6;
0.0158938, 6;
0.0145983, 6;
0.0154399, 6;
0.0160993, 6;
0.0164246, 6;
0.0148694, 6;
0.0150132, 6;
0.0158688, 6;
0.0150635, 6;
0.0160964, 6;
0.015817, 6;
0.0153794, 6;
0.0171574, 6;
0.0139291, 6;
0.0167875, 6;
0.0148837, 6;
0.0159201, 6;
0.0146599, 6;
0.0147685, 6;
0.0151727, 6;
0.0153294, 6;
0.0157103, 6;
0.0152627, 6;
0.0157496, 6;
0.0157651, 6;
0.0163054, 6;
0.0159602, 6;
0.01518, 6;
0.0174884, 6;
0.0137996, 6;
0.0159435, 6;
0.016044, 6;
0.015421, 6;
0.0157312, 6;
0.0149916, 6;
0.0154696, 6;
0.0155189, 6;
0.0150639, 6;
0.0152791, 6;
0.0152838, 6;
0.0154737, 6;
0.0152595, 6;
0.0162319, 6;
0.0145899, 6;
0.0152129, 6;
0.0158224, 6;
0.01488, 6;
0.0151944, 6;
0.0158291, 6;
0.0158604, 6;
0.0153674, 6;
0.0161686, 6;
0.0153827, 6;
0.0154862, 6;
0.0149878, 6;
0.0151725, 6;
0.0182199, 6;
0.0126298, 6;
0.0150087, 6;
0.0153637, 6;
0.0153061, 6;
0.0156883, 6;
0.0153352, 6;
0.0155143, 6;
0.0157989, 6;
0.0150601, 6;
0.0147568, 6;
0.0151868, 6;
0.0150568, 6;
0.0144243, 6;
0.0152797, 6;
0.0157232, 6;
0.0156893, 6;
0.0150623, 6;
0.0150697, 6;
0.0154753, 6;
0.0150656, 6;
0.0152313, 6;
0.0159614, 6;
0.0150937, 6;
0.0154986, 6;
0.017505, 6;
0.0133924, 6;
0.0157492, 6;
0.0154053, 6;
0.0149472, 6;
0.0155358, 6;
0.0160151, 6;
0.0157791, 6;
0.0151966, 6;
0.0150686, 6;
0.0152408, 6;
0.0153953, 6;
0.0155518, 6;
0.0153709, 6;
0.0162012, 6;
0.0143211, 6;
0.0160234, 6;
0.0161069, 6;
0.0147151, 6;
0.0156865, 6;
0.0150051, 6;
0.0152793, 6;
0.0157221, 6;
0.0151958, 6;
0.0157199, 6;
0.0156631, 6;
0.0153439, 6;
0.0156111, 6;
0.0169909, 6;
0.0139821, 6;
0.0152586, 6;
0.0158816, 6;
0.0151641, 6;
0.0151801, 6;
0.0161017, 6;
0.0160586, 6;
0.0158631, 6;
0.0150282, 6;
0.0160555, 6;
0.0151819, 6;
0.0151004, 6;
0.0154617, 6;
0.016085, 6;
0.0158534, 6;
0.016439, 6;
0.014481, 6;
0.0150549, 6;
0.01527, 6;
0.0156369, 6;
0.0149482, 6;
0.0155486, 6;
0.0150979, 6;
0.0151604, 6;
0.0160191, 6;
0.0148482, 6;
0.0153763, 6;
0.014869, 6;
0.0155971, 6;
0.015344, 6;
0.0160466, 6;
0.0149695, 6;
0.0153149, 6;
0.0157643, 6;
0.0146223, 6;
0.0158216, 6;
0.0151479, 6;
0.0157754, 6;
0.0155208, 6;
0.0153929, 6;
0.0154613, 6;
0.0154674, 6;
0.0151662, 6;
0.0155697, 6;
0.0157879, 6;
0.0152786, 6;
0.0153443, 6;
0.0155103, 6;
0.0155486, 6;
0.0153619, 6;
0.0152801, 6;
0.0155609, 6;
0.0175502, 6;
0.0128229, 6;
0.0150871, 6;
0.0149752, 6;
0.0157292, 6;
0.0155026, 6;
0.0156877, 6;
0.0155313, 6;
0.0156611, 6;
0.0159215, 6;
0.0150458, 6;
0.0154941, 6;
0.0157499, 6;
0.0153723, 6;
0.0153828, 6;
0.015874, 6;
0.014707, 6;
0.0154761, 6;
0.0149643, 6;
0.0152809, 6;
0.0157897, 6;
0.0154094, 6;
0.0156147, 6;
0.0153604, 6;
0.0154352, 6;
0.015798, 6;
0.0160384, 6;
0.0152214, 6;
0.0158276, 6;
0.0148055, 6;
0.0155755, 6;
0.0161746, 6;
0.0148171, 6;
0.0156378, 6;
0.0159622, 6;
0.0150798, 6;
0.0155796, 6;
0.0152106, 6;
0.0159369, 6;
0.0147775, 6;
0.0154056, 6;
0.0154448, 6;
0.0154847, 6;
0.0143841, 6;
0.015844, 6;
0.0158844, 6;
0.0153481, 6;
0.0155683, 6;
0.015264, 6;
0.0156998, 6;
0.015642, 6;
0.015266, 6;
0.0152826, 6;
0.015815, 6;
0.0161372, 6;
0.0153855, 6;
0.0159947, 6;
0.0152219, 6;
0.0151822, 6;
0.0151563, 6;
0.0168714, 6;
0.0147347, 6;
0.0152412, 6;
0.0154346, 6;
0.0157333, 6;
0.0154749, 6;
0.0160351, 6;
0.0149554, 6;
0.0148931, 6;
0.0219582, 6;
0.0252212, 6;
0.015897, 6;
0.0148921, 6;
0.0149304, 6;
0.0151785, 6;
0.015476, 6;
0.0158479, 6;
0.0156444, 6;
0.0154064, 6;
0.0155256, 6;
0.0152448, 6;
0.0156095, 6;
0.015175, 6;
0.0157117, 6;
0.0151918, 6;
0.0158477, 6;
0.0159591, 6;
0.0153344, 6;
0.0158677, 6;
0.0163863, 6;
0.0154427, 6;
0.0153979, 6;
0.0160048, 6;
0.0159775, 6;
0.0155101, 6;
0.0158608, 6;
0.0153442, 6;
0.0153611, 6;
0.0156695, 6;
0.0155225, 6;
0.0152418, 6;
0.0156894, 6;
0.0151199, 6;
0.0157736, 6;
0.0169511, 6;
0.0142145, 6;
0.015708, 6;
0.015225, 6;
0.0151151, 6;
0.015708, 6;
0.0150653, 6;
0.0151587, 6;
0.0152491, 6;
0.015534, 6;
0.0152927, 6;
0.0157495, 6;
0.0155107, 6;
0.0158744, 6;
0.0162552, 6;
0.0156137, 6;
0.0221387, 6;
0.0242055, 6;
0.0151287, 6;
0.0159542, 6;
0.0146429, 6;
0.0159464, 6;
0.0147799, 6;
0.0155393, 6;
0.0156536, 6;
0.0157916, 6;
0.0150877, 6;
0.0178009, 6;
0.0175742, 6;
0.0121529, 6;
0.0153082, 6;
0.0160094, 6;
0.0151078, 6;
0.0151853, 6;
0.0151935, 6;
0.0160447, 6;
0.0157058, 6;
0.0159542, 6;
0.0153219, 6;
0.0145412, 6;
0.0157463, 6;
0.0151194, 6;
0.0156283, 6;
0.016496, 6;
0.0144902, 6;
0.0148474, 6;
0.0159918, 6;
0.0160628, 6;
0.0152496, 6;
0.015719, 6;
0.0154278, 6;
0.0152319, 6;
0.0148343, 6;
0.0147688, 6;
0.0160273, 6;
0.0147249, 6;
0.016439, 6;
0.0146168, 6;
0.01488, 6;
0.0153306, 6;
0.0159983, 6;
0.0151298, 6;
0.0148724, 6;
0.016233, 6;
0.0154956, 6;
0.0148304, 6;
0.0149068, 6;
0.015231, 6;
0.0154732, 6;
0.0178374, 6;
0.0138719, 6;
0.0149196, 6;
0.014281, 6;
0.0152899, 6;
0.0156918, 6;
0.0152931, 6;
0.0157264, 6;
0.0153281, 6;
0.0157214, 6;
0.0151557, 6;
0.0157499, 6;
0.0154573, 6;
0.0160486, 6;
0.0170397, 6;
0.0128733, 6;
0.0161306, 6;
0.0147806, 6;
0.0152151, 6;
0.0154158, 6;
0.0149807, 6;
0.0154699, 6;
0.015897, 6;
0.0161416, 6;
0.0150146, 6;
0.0161331, 6;
0.0173499, 6;
0.0139, 6;
0.0146403, 6;
0.0155543, 6;
0.0152761, 6;
0.0159058, 6;
0.014702, 6;
0.0149611, 6;
0.0159049, 6;
0.0164227, 6;
0.0146989, 6;
0.0159613, 6;
0.0163909, 6;
0.0152967, 6;
0.0170521, 6;
0.0150096, 6;
0.0151845, 6;
0.0161784, 6;
0.0159136, 6;
0.0149529, 6;
0.0150536, 6;
0.0159972, 6;
0.0151383, 6;
0.0160741, 6;
0.0146628, 6;
0.0152609, 6;
0.0158307, 6;
0.0153129, 6;
0.0143652, 6;
0.0149549, 6;
0.0163203, 6;
0.0145168, 6;
0.0155457, 6;
0.0149793, 6;
0.0148268, 6;
0.0152488, 6;
0.0152756, 6;
0.015152, 6;
0.0155862, 6;
0.0155251, 6;
0.0158558, 6;
0.0150827, 6;
0.0195048, 6;
0.0123769, 6;
0.0142104, 6;
0.0154599, 6;
0.0145938, 6;
0.0153876, 6;
0.015208, 6;
0.0160565, 6;
0.0160025, 6;
0.0161329, 6;
0.0149975, 6;
0.014989, 6;
0.0153806, 6;
0.0159941, 6;
0.0222805, 6;
0.0336786, 6;
0.0229875, 6;
0.0159261, 6;
0.0150657, 6;
0.0150971, 6;
0.0154407, 6;
0.0152558, 6;
0.0153537, 6;
0.0164147, 6;
0.0155813, 6;
0.0161938, 6;
0.0165816, 6;
0.0150243, 6;
0.0149299, 6;
0.0149599, 6;
0.0153959, 6;
0.0151404, 6;
0.015599, 6;
0.0152941, 6;
0.0159668, 6;
0.0165255, 6;
0.0159844, 6;
0.0152438, 6;
0.0148556, 6;
0.0149122, 6;
0.0159926, 6;
0.015539, 6;
0.0164183, 6;
0.0219638, 6;
0.0292953, 6;
0.010675, 6;
0.0200845, 6;
0.027655, 6;
0.0132431, 6;
0.0269299, 6;
0.0441851, 6;
0.0258088, 6;
0.0164049, 6;
0.0347152, 6;
0.0241122, 6;
0.0174735, 6;
0.0125284, 6;
0.0156301, 6;
0.0139404, 6;
0.0283935, 6;
0.0175572, 6;
0.0160647, 6;
0.0141919, 6;
0.0145562, 6;
0.0162034, 6;
0.01535, 6;
0.0156201, 6;
0.0156147, 6;
0.0151676, 6;
0.0163178, 6;
0.0174231, 6;
0.0255544, 6;
0.0265253, 6;
0.0187108, 6;
0.0115901, 6;
0.0162933, 6;
0.016844, 6;
0.0146088, 6;
0.0157311, 6;
0.0171205, 6;
0.0161774, 6;
0.0168489, 6;
0.0164566, 6;
0.0125342, 6;
0.0150835, 6;
0.015965, 6;
0.0136491, 6;
0.0162796, 6;
0.0160277, 6;
0.0155276, 6;
0.0146547, 6;
0.0150282, 6;
0.016256, 6;
0.0155963, 6;
0.015552, 6;
0.0172207, 6;
0.0159691, 6;
0.0145104, 6;
0.0279448, 6;
0.0124305, 6;
0.0150733, 6;
0.0148322, 6;
0.0158733, 6;
0.0154022, 6;
0.01592, 6;
0.0156819, 6;
0.0157847, 6;
0.0169107, 6;
0.015955, 6;
0.0181391, 6;
0.0118538, 6;
0.016491, 6;
0.0149978, 6;
0.015741, 6;
0.0150462, 6;
0.0148928, 6;
0.0167244, 6;
0.0156265, 6;
0.0152873, 6;
0.0149321, 6;
0.0258447, 6;
0.0270804, 6;
0.0320217, 6;
0.0251729, 6;
0.0158067, 6;
0.013265, 6;
0.0178383, 6;
0.012732, 6;
0.015237, 6;
0.0165799, 6;
0.014215, 6;
0.0165173, 6;
0.0150764, 6;
0.0175397, 6;
0.0151105, 6;
0.0191878, 6;
0.0136761, 6;
0.0144977, 6;
0.0154851, 6;
0.0159742, 6;
0.0152473, 6;
0.0161947, 6;
0.0147368, 6;
0.0151021, 6;
0.0159861, 6;
0.0149443, 6;
0.016482, 6;
0.0150394, 6;
0.0145788, 6;
0.0163356, 6;
0.0147771, 6;
0.0160176, 6;
0.0138779, 6;
0.0149824, 6;
0.0160231, 6;
0.0149471, 6;
0.0150103, 6;
0.0162022, 6;
0.0155882, 6;
0.0160489, 6;
0.0160316, 6;
0.014956, 6;
0.0193427, 6;
0.0126522, 6;
0.0156884, 6;
0.0160865, 6;
0.0161214, 6;
0.0132894, 6;
0.0160701, 6;
0.0159056, 6;
0.0153621, 6;
0.015439, 6;
0.0152594, 6;
0.015267, 6;
0.0153642, 6;
0.0158354, 6;
0.0146837, 6;
0.0156333, 6;
0.0160007, 6;
0.0160789, 6;
0.0157874, 6;
0.0152412, 6;
0.0150992, 6;
0.0147929, 6;
0.0150152, 6;
0.014999, 6;
0.0150759, 6;
0.016072, 6;
0.0162793, 6;
0.0174396, 6;
0.0142103, 6;
0.0160608, 6;
0.0159756, 6;
0.0151273, 6;
0.0160837, 6;
0.0157006, 6;
0.0146045, 6;
0.0150706, 6;
0.015524, 6;
0.0168407, 6;
0.0145866, 6;
0.0162628, 6;
0.0175603, 6;
0.012914, 6;
0.0159419, 6;
0.0150053, 6;
0.0150378, 6;
0.0152622, 6;
0.0158383, 6;
0.0150011, 6;
0.0153371, 6;
0.0157158, 6;
0.0156632, 6;
0.0149958, 6;
0.015491, 6;
0.0159891, 6;
0.0170513, 6;
0.0149753, 6;
0.0154166, 6;
0.0152283, 6;
0.0157619, 6;
0.0150343, 6;
0.0152338, 6;
0.016121, 6;
0.0172077, 6;
0.0137629, 6;
0.0157983, 6;
0.0160351, 6;
0.0149569, 6;
0.0185753, 6;
0.0142696, 6;
0.0151788, 6;
0.0137041, 6;
0.0153138, 6;
0.0150721, 6;
0.0164054, 6;
0.0150597, 6;
0.0184193, 6;
0.0125481, 6;
0.0199849, 6;
0.0119268, 6;
0.0156972, 6;
0.0167365, 6;
0.0151495, 6;
0.0148134, 6;
0.0153599, 6;
0.016035, 6;
0.0146392, 6;
0.0155136, 6;
0.0159142, 6;
0.0154252, 6;
0.0153013, 6;
0.0155351, 6;
0.0153863, 6;
0.0159455, 6;
0.022153, 6;
0.0270028, 6;
0.0139387, 6;
0.0146338, 6;
0.0160308, 6;
0.0157523, 6;
0.0146595, 6;
0.0157119, 6;
0.015258, 6;
0.0161719, 6;
0.0146672, 6;
0.0156579, 6;
0.0161391, 6;
0.0138053, 6;
0.0175609, 6;
0.0135303, 6;
0.0152924, 6;
0.0163206, 6;
0.014406, 6;
0.0154391, 6;
0.0152502, 6;
0.015648, 6;
0.0152587, 6;
0.015024, 6;
0.0155599, 6;
0.0157567, 6;
0.0166388, 6;
0.0147143, 6;
0.01476, 6;
0.0150157, 6;
0.0152425, 6;
0.0160073, 6;
0.0154491, 6;
0.0155949, 6;
0.01506, 6;
0.0152445, 6;
0.015827, 6;
0.0144009, 6;
0.0156383, 6;
0.0159472, 6;
0.0154243, 6;
0.0143069, 6;
0.0150882, 6;
0.0160883, 6;
0.0152541, 6;
0.0151682, 6;
0.0153543, 6;
0.0152488, 6;
0.0169203, 6;
0.0150812, 6;
0.0147906, 6;
0.0153546, 6;
0.016268, 6;
0.0160752, 6;
0.0142314, 6;
0.015206, 6;
0.016476, 6;
0.0148592, 6;
0.0171139, 6;
0.0141583, 6;
0.0154621, 6;
0.0155111, 6;
0.0158158, 6;
0.0154398, 6;
0.0161454, 6;
0.0166261, 6;
0.014229, 6;
0.0154238, 6;
0.0162548, 6;
0.0151183, 6;
0.0142706, 6;
0.0152957, 6;
0.0152793, 6;
0.0154595, 6;
0.0149639, 6;
0.0147613, 6;
0.0160208, 6;
0.015449, 6;
0.0156866, 6;
0.015397, 6;
0.0164853, 6;
0.0151425, 6;
0.014763, 6;
0.0146118, 6;
0.0151716, 6;
0.0153328, 6;
0.0159591, 6;
0.0152342, 6;
0.0151643, 6;
0.015558, 6;
0.0158387, 6;
0.01541, 6;
0.0147981, 6;
0.0157821, 6;
0.0181542, 6;
0.0125235, 6;
0.0153772, 6;
0.0153124, 6;
0.0153907, 6;
0.015288, 6;
0.0161505, 6;
0.0158766, 6;
0.0159205, 6;
0.0156692, 6;
0.016046, 6;
0.0153055, 6;
0.0157354, 6;
0.0159996, 6;
0.0334711, 6;
0.012857, 6;
0.014412, 6;
0.0161513, 6;
0.0155254, 6;
0.01583, 6;
0.0159373, 6;
0.0161094, 6;
0.0152359, 6;
0.0183489, 6;
0.0158827, 6;
0.0131793, 6;
0.0231743, 6;
0.0238716, 6;
0.0144457, 6;
0.0161515, 6;
0.0147186, 6;
0.0158111, 6;
0.0144005, 6;
0.015135, 6;
0.0159216, 6;
0.016089, 6;
0.0158784, 6;
0.0158951, 6;
0.0168007, 6;
0.0141467, 6;
0.0144112, 6;
0.0151503, 6;
0.0153667, 6;
0.0159341, 6;
0.0159489, 6;
0.0160103, 6;
0.0146297, 6;
0.0149347, 6;
0.0162138, 6;
0.01562, 6;
0.014139, 6;
0.0150818, 6;
0.01542, 6;
0.0154012, 6;
0.0157452, 6;
0.0160247, 6;
0.0162366, 6;
0.0153329, 6;
0.0167573, 6;
0.0144392, 6;
0.0170589, 6;
0.014914, 6;
0.0156494, 6;
0.0159319, 6;
0.0156034, 6;
0.016451, 6;
0.0140335, 6;
0.015746, 6;
0.0162748, 6;
0.0156614, 6;
0.015166, 6;
0.0161763, 6;
0.0151232, 6;
0.0149385, 6;
0.0155587, 6;
0.0151836, 6;
0.0153335, 6;
0.016023, 6;
0.0150348, 6;
0.0159726, 6;
0.0150539, 6;
0.0159953, 6;
0.014804, 6;
0.014997, 6;
0.0151691, 6;
0.0159913, 6;
0.0151625, 6;
0.0157651, 6;
0.0157989, 6;
0.0158665, 6;
0.0177989, 6;
0.0126545, 6;
0.0152824, 6;
0.0159487, 6;
0.0149666, 6;
0.015846, 6;
0.0147901, 6;
0.0159523, 6;
0.0154986, 6;
0.01509, 6;
0.0151308, 6;
0.0152721, 6;
0.0153369, 6;
0.0156249, 6;
0.0156753, 6;
0.0154334, 6;
0.0153528, 6;
0.016879, 6;
0.0139333, 6;
0.0150613, 6;
0.0154894, 6;
0.0159663, 6;
0.0152075, 6;
0.0157374, 6;
0.0153121, 6;
0.0148945, 6;
0.0155546, 6;
0.0147085, 6;
0.0158493, 6;
0.0155, 6;
0.0152004, 6;
0.0151974, 6;
0.0157593, 6;
0.0150265, 6;
0.0152069, 6;
0.0151614, 6;
0.0157043, 6;
0.0157495, 6;
0.0160094, 6;
0.0152434, 6;
0.0152688, 6;
0.015679, 6;
0.0156442, 6;
0.0158673, 6;
0.0153698, 6;
0.0156418, 6;
0.0152457, 6;
0.0149742, 6;
0.0161993, 6;
0.0154954, 6;
0.0153283, 6;
0.0155925, 6;
0.0148619, 6;
0.0151657, 6;
0.0163418, 6;
0.0156957, 6;
0.0156656, 6;
0.015988, 6;
0.0159266, 6;
0.0159886, 6;
0.0159772, 6;
0.0160076, 6;
0.0158276, 6;
0.0157201, 6;
0.0159993, 6;
0.0161433, 6;
0.0148136, 6;
0.0149881, 6;
0.0150251, 6;
0.0149253, 6;
0.0153756, 6;
0.0163461, 6;
0.0165644, 6;
0.0153059, 6;
0.0157994, 6;
0.0158589, 6;
0.0159527, 6;
0.0160327, 6;
0.015258, 6;
0.0156156, 6;
0.0155984, 6;
0.0146806, 6;
0.0149738, 6;
0.0157956, 6;
0.0160218, 6;
0.0145214, 6;
0.0157523, 6;
0.0154232, 6;
0.0167914, 6;
0.0146828, 6;
0.0145727, 6;
0.0147536, 6;
0.0149047, 6;
0.0162105, 6;
0.0147933, 6;
0.0158263, 6;
0.0155818, 6;
0.0153407, 6;
0.0239854, 6;
0.0235795, 6;
0.0151894, 6;
0.0152466, 6;
0.0150609, 6;
0.0149484, 6;
0.0152666, 6;
0.0151484, 6;
0.0151874, 6;
0.015478, 6;
0.0154819, 6;
0.0161289, 6;
0.0165991, 6;
0.0144768, 6;
0.0166771, 6;
0.0153094, 6;
0.0160215, 6;
0.016116, 6;
0.0169641, 6;
0.013961, 6;
0.0151785, 6;
0.0154374, 6;
0.0171513, 6;
0.0145822, 6;
0.0147057, 6;
0.0160264, 6;
0.0149763, 6;
0.0156115, 6;
0.0152529, 6;
0.0150094, 6;
0.0156833, 6;
0.0156898, 6;
0.0148457, 6;
0.0156027, 6;
0.0153771, 6;
0.0149622, 6;
0.016039, 6;
0.0159904, 6;
0.015467, 6;
0.016443, 6;
0.014861, 6;
0.0151529, 6;
0.0153238, 6;
0.0154775, 6;
0.0153675, 6;
0.0156869, 6;
0.0149519, 6;
0.0147596, 6;
0.0152886, 6;
0.0156144, 6;
0.0152796, 6;
0.0159555, 6;
0.0155996, 6;
0.0161923, 6;
0.0151156, 6;
0.0160577, 6;
0.0153493, 6;
0.0153609, 6;
0.0153613, 6;
0.015896, 6;
0.0152207, 6;
0.015354, 6;
0.0152813, 6;
0.0157507, 6;
0.0157308, 6;
0.016488, 6;
0.0144521, 6;
0.0150477, 6;
0.0159118, 6;
0.0151557, 6;
0.0150816, 6;
0.0151774, 6;
0.0157126, 6;
0.0158513, 6;
0.0160143, 6;
0.0152549, 6;
0.0149098, 6;
0.0153243, 6;
0.0154686, 6;
0.0160482, 6;
0.0149218, 6;
0.0179813, 6;
0.0131125, 6;
0.0152949, 6;
0.015991, 6;
0.0149064, 6;
0.0152377, 6;
0.0164793, 6;
0.0145991, 6;
0.0158817, 6;
0.0167341, 6;
0.0140942, 6;
0.016268, 6;
0.0147076, 6;
0.014899, 6;
0.0160557, 6;
0.0157635, 6;
0.0160745, 6;
0.0154264, 6;
0.0161237, 6;
0.0146562, 6;
0.0155508, 6;
0.0162744, 6;
0.0186563, 6;
0.0177292, 6;
0.0117395, 6;
0.0151906, 6;
0.0155379, 6;
0.0156502, 6;
0.0154582, 6;
0.0147682, 6;
0.0155703, 6;
0.0160492, 6;
0.0160794, 6;
0.0153174, 6;
0.0155568, 6;
0.0166197, 6;
0.0159827, 6;
0.0151005, 6;
0.015988, 6;
0.016753, 6;
0.0159754, 6;
0.0142154, 6;
0.0164525, 6;
0.0145595, 6;
0.0149532, 6;
0.0152959, 6;
0.015737, 6;
0.0152976, 6;
0.015701, 6;
0.0154666, 6;
0.0163085, 6;
0.0138459, 6;
0.0158686, 6;
0.0159559, 6;
0.0154322, 6;
0.0157965, 6;
0.015512, 6;
0.0158756, 6;
0.0153686, 6;
0.0150678, 6;
0.0148979, 6;
0.0158952, 6;
0.0152942, 6;
0.0158532, 6;
0.014754, 6;
0.0161491, 6;
0.0147043, 6;
0.0152631, 6;
0.0154793, 6;
0.0153244, 6;
0.0155629, 6;
0.0155032, 6;
0.0160584, 6;
0.0157693, 6;
0.0154983, 6;
0.015691, 6;
0.0147899, 6;
0.0149942, 6;
0.0158824, 6;
0.015564, 6;
0.0152938, 6;
0.0155728, 6;
0.0145871, 6;
0.0151053, 6;
0.0152929, 6;
0.0158702, 6;
0.0156981, 6;
0.0156812, 6;
0.0154176, 6;
0.0155421, 6;
0.0165917, 6;
0.0145839, 6;
0.0152227, 6;
0.0149949, 6;
0.0156644, 6;
0.0154816, 6;
0.0150501, 6;
0.0163061, 6;
0.0151294, 6;
0.0155061, 6;
0.0158973, 6;
0.0174389, 6;
0.0129432, 6;
0.0159812, 6;
0.0151971, 6;
0.0154454, 6;
0.014956, 6;
0.0151239, 6;
0.0153142, 6;
0.0158233, 6;
0.0166025, 6;
0.0138578, 6;
0.0157997, 6;
0.0151806, 6;
0.0147389, 6;
0.0153344, 6;
0.0158858, 6;
0.0154591, 6;
0.0155514, 6;
0.0159325, 6;
0.0159071, 6;
0.0159768, 6;
0.0152318, 6;
0.015648, 6;
0.0149692, 6;
0.0155991, 6;
0.0156216, 6;
0.0146145, 6;
0.015193, 6;
0.0148369, 6;
0.0151184, 6;
0.0152713, 6;
0.0147606, 6;
0.0151153, 6;
0.0146109, 6;
0.0150329, 6;
0.0151764, 6;
0.0155091, 6;
0.0154061, 6;
0.0150728, 6;
0.0160712, 6;
0.0151132, 6;
0.0155341, 6;
0.0158528, 6;
0.0160321, 6;
0.0160975, 6;
0.01522, 6;
0.0155108, 6;
0.0151202, 6;
0.0159057, 6;
0.0158094, 6;
0.0166318, 6;
0.0144909, 6;
0.015319, 6;
0.015735, 6;
0.015315, 6;
0.0159024, 6;
0.0143104, 6;
0.0148594, 6;
0.0153153, 6;
0.0155417, 6;
0.0154441, 6;
0.0157788, 6;
0.0149904, 6;
0.0150987, 6;
0.0152352, 6;
0.0160214, 6;
0.0157915, 6;
0.0150526, 6;
0.0153424, 6;
0.0152227, 6;
0.0164515, 6;
0.014335, 6;
0.0153905, 6;
0.0152047, 6;
0.0151824, 6;
0.0151509, 6;
0.0156044, 6;
0.0155661, 6;
0.0155618, 6;
0.0157346, 6;
0.0150703, 6;
0.0164413, 6;
0.0152783, 6;
0.0150938, 6;
0.0148615, 6;
0.015729, 6;
0.0160567, 6;
0.0162979, 6;
0.0147727, 6;
0.0159364, 6;
0.0154326, 6;
0.014366, 6;
0.0160193, 6;
0.0151059, 6;
0.0158578, 6;
0.015763, 6;
0.0155856, 6;
0.0143709, 6;
0.014962, 6;
0.0160656, 6;
0.0161657, 6;
0.0154848, 6;
0.0160968, 6;
0.0165412, 6;
0.0146774, 6;
0.0155174, 6;
0.015992, 6;
0.0154957, 6;
0.0153439, 6;
0.0165621, 6;
0.0148124, 6;
0.0154814, 6;
0.0149177, 6;
0.0153641, 6;
0.0152311, 6;
0.0154731, 6;
0.0153767, 6;
0.0157179, 6;
0.0150796, 6;
0.0162687, 6;
0.0158708, 6;
0.0161636, 6;
0.016137, 6;
0.0148306, 6;
0.0163204, 6;
0.012993, 6;
0.0151059, 6;
0.0147686, 6;
0.0153971, 6;
0.0160099, 6;
0.0155403, 6;
0.0150373, 6;
0.0150268, 6;
0.0160653, 6;
0.014941, 6;
0.0153313, 6;
0.0149202, 6;
0.0149533, 6;
0.0159287, 6;
0.015999, 6;
0.0154374, 6;
0.0145624, 6;
0.0149965, 6;
0.015887, 6;
0.0160853, 6;
0.0160876, 6;
0.0147627, 6;
0.0148784, 6;
0.0150528, 6;
0.0149725, 6;
0.0148496, 6;
0.015126, 6;
0.0148927, 6;
0.0148582, 6;
0.0159751, 6;
0.0151545, 6;
0.0150269, 6;
0.0147582, 6;
0.0157901, 6;
0.0159095, 6;
0.0163975, 6;
0.0146203, 6;
0.0152913, 6;
0.0149316, 6;
0.0160392, 6;
0.0149722, 6;
0.014851, 6;
0.0160632, 6;
0.015846, 6;
0.0158014, 6;
0.0154023, 6;
0.014826, 6;
0.0154532, 6;
0.0153267, 6;
0.0150594, 6;
0.0152602, 6;
0.0140409, 6;
0.0152343, 6;
0.0166917, 6;
0.0140107, 6;
0.0153625, 6;
0.0153905, 6;
0.0146562, 6;
0.0153757, 6;
0.0158966, 6;
0.015024, 6;
0.0151519, 6;
0.0151674, 6;
0.0156359, 6;
0.0159385, 6;
0.016063, 6;
0.0159668, 6;
0.0156847, 6;
0.0152058, 6;
0.0150916, 6;
0.0151298, 6;
0.0152468, 6;
0.015702, 6;
0.0160734, 6;
0.0152936, 6;
0.0153247, 6;
0.0150858, 6;
0.014838, 6;
0.0152607, 6;
0.0159007, 6;
0.0147695, 6;
0.0149506, 6;
0.0160956, 6;
0.0149156, 6;
0.0149226, 6;
0.0161801, 6;
0.0153281, 6;
0.015641, 6;
0.0151606, 6;
0.0151051, 6;
0.0150822, 6;
0.0158166, 6;
0.0149642, 6;
0.0147792, 6;
0.0161243, 6;
0.0151639, 6;
0.0153561, 6;
0.0156886, 6;
0.0155483, 6;
0.0171117, 6;
0.0147601, 6;
0.0150617, 6;
0.0148627, 6;
0.0154161, 6;
0.0152165, 6;
0.0155633, 6;
0.0159221, 6;
0.0167675, 6;
0.0159416, 6;
0.0147974, 6;
0.0154237, 6;
0.0151844, 6;
0.0154929, 6;
0.0154299, 6;
0.0156757, 6;
0.0153454, 6;
0.0159402, 6;
0.0145243, 6;
0.0147468, 6;
0.0153709, 6;
0.0163418, 6;
0.0146775, 6;
0.0152337, 6;
0.0152297, 6;
0.0157328, 6;
0.0155771, 6;
0.016098, 6;
0.0161049, 6;
0.015361, 6;
0.0160045, 6;
0.0158655, 6;
0.0153196, 6;
0.0146247, 6;
0.0157128, 6;
0.0155854, 6;
0.0149148, 6;
0.0159705, 6;
0.0154979, 6;
0.0154486, 6;
0.0157663, 6;
0.0152544, 6;
0.0146633, 6;
0.0154377, 6;
0.014977, 6;
0.0156473, 6;
0.016042, 6;
0.0150629, 6;
0.0154142, 6;
0.0160139, 6;
0.0159313, 6;
0.0153851, 6;
0.0157515, 6;
0.0162967, 6;
0.0147719, 6;
0.0159868, 6;
0.0146997, 6;
0.0159415, 6;
0.0167518, 6;
0.0153747, 6;
0.0151416, 6;
0.0153762, 6;
0.0163652, 6;
0.0145312, 6;
0.014958, 6;
0.0154234, 6;
0.0164761, 6;
0.0147917, 6;
0.0155447, 6;
0.0148363, 6;
0.0164724, 6;
0.0144634, 6;
0.0147986, 6;
0.0149664, 6;
0.0159545, 6;
0.0146921, 6;
0.0157623, 6;
0.0154778, 6;
0.0147894, 6;
0.0159035, 6;
0.0160335, 6;
0.0161196, 6;
0.0147613, 6;
0.0162524, 6;
0.0155194, 6;
0.0154487, 6;
0.015277, 6;
0.0158277, 6;
0.0155885, 6;
0.0142865, 6;
0.0150679, 6;
0.0150644, 6;
0.0158782, 6;
0.0152541, 6;
0.0164514, 6;
0.0149447, 6;
0.0159049, 6;
0.0157143, 6;
0.0160351, 6;
0.0166533, 6;
0.0156129, 6;
0.0141793, 6;
0.0159919, 6;
0.0160388, 6;
0.0151675, 6;
0.0156512, 6;
0.0159079, 6;
0.0152965, 6;
0.0156964, 6;
0.015893, 6;
0.0156913, 6;
0.0153386, 6;
0.0152278, 6;
0.0154487, 6;
0.0160265, 6;
0.0233723, 6;
0.0235188, 6;
0.0152457, 6;
0.015329, 6;
0.0151172, 6;
0.0160211, 6;
0.0155684, 6;
0.0151133, 6;
0.0159469, 6;
0.0179541, 6;
0.0236392, 6;
0.0288334, 6;
0.0253471, 6;
0.015814, 6;
0.0196589, 6;
0.0297484, 6;
0.0113726, 6;
0.0148069, 6;
0.0176229, 6;
0.0127081, 6;
0.0156345, 6;
0.0150451, 6;
0.0160461, 6;
0.0154149, 6;
0.0184267, 6;
0.0127197, 6;
0.0143843, 6;
0.0189244, 6;
0.0124883, 6;
0.0162579, 6;
0.015737, 6;
0.015974, 6;
0.0159057, 6;
0.0155104, 6;
0.015168, 6;
0.0162412, 6;
0.0151714, 6;
0.0154494, 6;
0.0161065, 6;
0.0160627, 6;
0.0152837, 6;
0.0153148, 6;
0.0156404, 6;
0.0164573, 6;
0.0140408, 6;
0.0158948, 6;
0.0148391, 6;
0.0149, 6;
0.0152949, 6;
0.0153259, 6;
0.0160804, 6;
0.0159627, 6;
0.0149304, 6;
0.0158985, 6;
0.0153009, 6;
0.0151783, 6;
0.016025, 6;
0.0149521, 6;
0.0149634, 6;
0.0156871, 6;
0.0147355, 6;
0.0150306, 6;
0.0159111, 6;
0.0153228, 6;
0.0147403, 6;
0.0152528, 6;
0.0149824, 6;
0.015142, 6;
0.0159253, 6;
0.0146786, 6;
0.0155564, 6;
0.0164626, 6;
0.0148055, 6;
0.0151909, 6;
0.0152192, 6;
0.0153136, 6;
0.0159729, 6;
0.0155082, 6;
0.0150596, 6;
0.0145809, 6;
0.0164732, 6;
0.0138594, 6;
0.0152165, 6;
0.0137163, 6;
0.0147969, 6;
0.0150537, 6;
0.0149056, 6;
0.0164692, 6;
0.0141634, 6;
0.0156011, 6;
0.0150632, 6;
0.018475, 6;
0.0127813, 6;
0.0174829, 6;
0.0123991, 6;
0.0186728, 6;
0.0129152, 6;
0.0136904, 6;
0.0152714, 6;
0.0186354, 6;
0.0132288, 6;
0.0154476, 6;
0.0153898, 6;
0.0153533, 6;
0.0156932, 6;
0.0153297, 6;
0.0158484, 6;
0.0161087, 6;
0.0155193, 6;
0.0152595, 6;
0.0155399, 6;
0.0159505, 6;
0.0151595, 6;
0.0156715, 6;
0.0151028, 6;
0.0160257, 6;
0.0158695, 6;
0.0154255, 6;
0.0172318, 6;
0.0162006, 6;
0.011883, 6;
0.0151389, 6;
0.0157702, 6;
0.0178637, 6;
0.0142085, 6;
0.0148842, 6;
0.016936, 6;
0.0139595, 6;
0.0155497, 6;
0.0164257, 6;
0.01424, 6;
0.015165, 6;
0.0166615, 6;
0.0163707, 6;
0.0145121, 6;
0.0152268, 6;
0.0157224, 6;
0.0173811, 6;
0.0128017, 6;
0.0159254, 6;
0.0165247, 6;
0.0153071, 6;
0.0150773, 6;
0.0149172, 6;
0.0150696, 6;
0.0174883, 6;
0.0142158, 6;
0.0141649, 6;
0.015938, 6;
0.0149772, 6;
0.0163547, 6;
0.0174176, 6;
0.0130571, 6;
0.016871, 6;
0.0140635, 6;
0.0155573, 6;
0.0147489, 6;
0.0159673, 6;
0.0159563, 6;
0.0148345, 6;
0.0149426, 6;
0.0156023, 6;
0.0148576, 6;
0.0152883, 6;
0.0163141, 6;
0.0146458, 6;
0.0154564, 6;
0.0150617, 6;
0.0157348, 6;
0.0150018, 6;
0.0153097, 6;
0.0158348, 6;
0.0160848, 6;
0.0158961, 6;
0.0154938, 6;
0.0165911, 6;
0.0143643, 6;
0.0164919, 6;
0.0134162, 6;
0.0158855, 6;
0.0153795, 6;
0.0157083, 6;
0.0151952, 6;
0.0153892, 6;
0.0159336, 6;
0.0156314, 6;
0.0161253, 6;
0.0147909, 6;
0.0154995, 6;
0.0159813, 6;
0.0158901, 6;
0.0151748, 6;
0.0159706, 6;
0.0147027, 6;
0.0133882, 6;
0.0149146, 6;
0.015235, 6;
0.0156669, 6;
0.0150314, 6;
0.0157057, 6;
0.0150563, 6;
0.0160163, 6;
0.0158217, 6;
0.015487, 6;
0.0159734, 6;
0.0151252, 6;
0.0151986, 6;
0.0158932, 6;
0.0164365, 6;
0.0146897, 6;
0.0156345, 6;
0.0149492, 6;
0.015692, 6;
0.0160576, 6;
0.0149697, 6;
0.0156062, 6;
0.015402, 6;
0.0152084, 6;
0.0154454, 6;
0.0155848, 6;
0.0154475, 6;
0.0154585, 6;
0.0163887, 6;
0.0150924, 6;
0.0149091, 6;
0.0153052, 6;
0.0156833, 6;
0.0158042, 6;
0.0157865, 6;
0.0164739, 6;
0.0147901, 6;
0.0159894, 6;
0.0149486, 6;
0.015451, 6;
0.0155994, 6;
0.0153234, 6;
0.0155474, 6;
0.0160767, 6;
0.0144734, 6;
0.0178108, 6;
0.0161019, 6;
0.0127287, 6;
0.0157945, 6;
0.0150323, 6;
0.0142728, 6;
0.0149159, 6;
0.0146985, 6;
0.0153523, 6;
0.0156232, 6;
0.0167744, 6;
0.0151236, 6;
0.0141292, 6;
0.0160233, 6;
0.0149585, 6;
0.0157043, 6;
0.0152865, 6;
0.0148857, 6;
0.0160391, 6;
0.0152405, 6;
0.0156569, 6;
0.0149198, 6;
0.0150369, 6;
0.0154906, 6;
0.0160136, 6;
0.0155488, 6;
0.0157365, 6;
0.0154317, 6;
0.0157963, 6;
0.0157283, 6;
0.0158754, 6;
0.0155143, 6;
0.0159976, 6;
