0.110827;
0.108789;
0.107325;
0.150106;
0.271089;
0.105827;
0.108605;
0.107206;
0.109137;
0.109075;
0.109793;
0.108775;
0.108101;
0.108683;
0.106478;
0.107933;
0.108809;
0.108147;
0.110466;
0.1082;
0.110562;
0.105589;
0.110535;
0.108313;
0.110324;
0.106909;
0.10896;
0.108094;
0.108724;
0.107298;
0.108404;
0.111053;
0.108388;
0.106891;
0.107806;
0.107581;
0.109517;
0.106063;
0.108966;
0.110342;
0.107019;
0.108103;
0.108417;
0.108359;
0.108056;
0.109366;
0.108381;
0.109182;
0.109777;
0.109584;
0.107954;
0.108683;
0.108593;
0.10768;
0.108326;
0.106558;
0.109523;
0.109891;
0.107707;
0.107805;
0.109248;
0.106893;
0.110421;
0.108043;
0.107855;
0.108568;
0.10807;
0.109285;
0.107411;
0.105927;
0.108416;
0.107869;
0.109149;
0.108576;
0.107412;
0.107984;
0.106991;
0.108535;
0.109248;
0.107571;
0.107972;
0.108627;
0.109165;
0.108761;
0.10832;
0.109541;
0.127762;
0.169579;
0.145763;
0.108599;
0.110716;
0.110305;
0.112054;
0.104664;
0.115324;
0.102772;
0.108866;
0.105148;
0.109723;
0.108228;
0.110299;
0.106877;
0.112021;
0.109437;
0.118056;
0.145789;
0.149548;
