0.0058153
0.0065286
0.0057123
0.0045614
0.0166266
0.0126107
0.0109802
0.0038416
0.0161173
0.0179262
0.0052982
0.0041359
0.0212374
0.0037947
0.0094392
0.0121965
0.0065427
0.0037814
0.0055454
0.0048359
0.0055648
0.0096517
0.0095615
0.0056434
0.0133272
0.009005
0.0042685
0.0121413
0.0121992
0.0146548
0.0065308
0.0044123
0.013207
0.01327
0.0053028
0.0133816
0.0299443
0.0048331
0.0162091
0.0070998
0.007008
0.0043133
0.0105612
0.005501
0.0143979
0.015751
0.0227816
0.004252
0.0038914
0.11618
0.0449365
0.0082894
0.0054923
0.0149451
0.0224578
0.0092007
0.0134116
0.0121005
0.0118007
0.0044152
0.0120107
0.0279963
0.0046201
0.0245184
0.027318
0.0411159
0.011707
0.0051369
0.0201777
0.0070067
0.006814
0.0162501
0.0167686
0.0060542
0.0127316
0.0121863
0.0043218
0.0035339
0.0051801
0.0072803
0.0099305
0.0141243
0.0068372
0.0146202
0.0141558
0.0209514
0.0068902
0.0167819
0.0101114
0.0038704
0.0147231
0.0177338
0.0089664
0.0064192
0.0128683
0.0094097
0.0052311
0.0118496
0.0128373
0.0080052
0.0036454
0.0047125
0.0060965
0.0039859
0.0037342
0.004654
0.0040828
0.0118426
0.009635
0.0066641
0.0066339
0.0151014
0.0070179
0.0043366
0.0190854
0.0076114
0.0045904
0.0160491
0.006132
0.0103189
0.0062036
0.0046352
0.0052357
0.0072094
0.0041814
0.004376
0.0152209
0.0058334
0.004174
0.0073434
0.0069159
0.0044748
0.0056054
0.0119708
0.0102399
0.0109881
0.0046904
0.0099566
0.0107749
0.0096733
0.0062589
0.0053666
0.0144091
0.0055356
0.0070999
0.0134873
0.004981
0.0047323
0.0131437
0.0088552
0.0059901
0.0136333
0.0138601
0.0071061
0.0196919
0.0167229
0.0056447
0.0110309
0.0139382
0.0212051
0.0062034
0.0197315
0.0171199
0.0051742
0.0185511
0.0061295
0.0063895
0.0180453
0.019321
0.0179941
0.0054042
0.0038859
0.0098314
0.0057978
0.012829
0.0124864
0.0047588
0.0104269
0.0117966
0.0162204
0.0054919
0.0055472
0.0069999
0.0056214
0.0111745
0.0057592
0.0061983
0.0123824
0.0121139
0.0085077
0.0098752
0.0060464
0.0039222
0.0081836
0.0064207
0.008024
0.0062403
0.0060435
0.0036164
0.009065
0.0063174
0.0066681
0.0137993
0.0070201
0.0174289
0.0078115
0.0180687
0.0046437
0.0126377
0.0210563
0.0067943
0.0164042
0.0063659
0.0111009
0.00355
0.0103981
0.0100397
0.0041186
0.0105297
0.0183348
0.00657
0.0186835
0.0079654
0.0124681
0.0133605
0.012894
0.009737
0.0080511
0.0160668
0.0287834
0.0063963
0.0051477
0.012847
0.0207926
0.0080762
0.0054881
0.02073
0.0044786
0.0060508
0.0198294
0.008736
0.0040256
0.0127784
0.016585
0.0057096
0.005061
0.0288207
0.0036632
0.0047237
0.0166713
0.0130065
0.0081761
0.018684
0.0176343
0.0076654
0.0060468
0.0169916
0.0066654
0.0164491
0.0170681
0.0071529
0.0050051
0.0121502
0.0176088
0.0056265
0.0060584
0.0046899
0.0106676
0.0058602
0.0058779
0.0071911
0.0056769
0.0049046
0.0071837
0.0057891
0.0042363
0.0037008
0.0040704
0.0112191
0.0125704
0.0204181
0.0043068
0.016346
0.0182833
0.0051809
0.0065131
0.0163674
0.0073038
0.0038827
0.0037299
0.0197503
0.0154262
0.0056528
0.0202689
0.0037971
0.0160408
0.0157113
0.0086365
0.0082396
0.0077044
0.0076759
0.0043259
0.0149439
0.0192176
0.0055299
0.0142775
0.0139445
0.0113679
0.004804
0.0138985
0.0128427
0.0034769
0.0107204
0.0138027
0.0065256
0.0130586
0.0133908
0.0115815
0.0160763
0.0145218
0.0131977
0.009829
0.0102543
0.0183856
0.0059561
0.0137236
0.0091848
0.010438
0.0143357
0.0083151
0.011412
0.0050658
0.0043987
0.0197133
0.0044302
0.0040968
0.0037787
0.0076268
0.0040309
0.0119086
0.0074666
0.0122662
0.0096681
0.0076496
0.0061232
0.0154567
0.0228017
0.0158543
0.0196694
0.0068777
0.0079599
0.0054478
0.0038557
0.0044442
0.0039246
0.0039472
0.029776
0.0080896
0.0037204
0.0091676
0.0110462
0.0040063
0.0094509
0.0057544
0.0052323
0.0132804
0.0093635
0.0064101
0.0075317
0.0069649
0.0101549
0.0086927
0.0066658
0.0169255
0.0074464
0.0043915
0.0065329
0.0070477
0.0099565
0.0042283
0.0093203
0.0122228
0.0062088
0.0118367
0.0037061
0.0066559
0.0039344
0.0041013
0.0068642
0.0038336
0.0172997
0.0036657
0.0060898
0.0222887
0.0037604
0.0479561
0.011292
0.005479
0.0049017
0.0202917
0.0077175
0.0040237
0.0121823
0.01252
0.0061514
0.0042168
0.007383
0.0046861
0.0040148
0.0040881
0.0044789
0.0086534
0.0041912
0.0047953
0.004076
0.0072128
0.0038081
0.0057551
0.0072736
0.0060938
0.0049448
0.0043782
0.0037941
0.0123617
0.0042173
0.0262596
0.0051509
0.0121902
0.0036131
0.0042929
0.0099876
0.0038514
0.0151082
0.0097343
0.0060463
0.0037154
0.0046802
0.007466
0.0039534
0.0234468
0.0073503
0.0081911
0.0100668
0.0112023
0.0123202
0.0043346
0.0240424
0.0220121
0.0093086
0.0063485
0.0101593
0.0042032
0.0039679
0.0130718
0.0060885
0.0045202
0.018258
0.0139243
0.0044318
0.0038115
0.0338987
0.0068555
0.0106573
0.0069506
0.0078467
0.0115484
0.0112998
0.0042942
0.003915
0.0092716
0.0042387
0.0038514
0.0171817
0.0074034
0.0195919
0.0054056
0.0077495
0.0172773
0.0084759
0.0109834
0.0085231
0.0057543
0.0053113
0.0043298
0.0064125
0.0063729
0.0066996
0.0085107
0.0072917
0.0052392
0.014081
0.0119666
0.0182581
0.0177432
0.0112509
0.0052622
0.012707
0.0168096
0.0117542
0.004124
0.011019
0.0162938
0.0069303
0.0036344
0.0103862
0.0068917
0.0151072
0.0168413
0.0106336
0.0168119
0.0148621
0.0201808
0.0054949
0.0070652
0.0125449
0.0209843
0.0037551
0.0053795
0.0116205
0.0133542
0.014834
0.0181415
0.0090803
0.0040223
0.0152647
0.0130122
0.0038121
0.0123412
0.0114552
0.0063647
0.0098686
0.006035
0.0069892
0.0044872
0.0045972
0.0080472
