0.112457;
0.109844;
0.108219;
0.108403;
0.109895;
0.111349;
0.103741;
0.107756;
0.114846;
0.119322;
0.109585;
0.108984;
0.11314;
0.104112;
0.112297;
0.107839;
0.108625;
0.109295;
0.109236;
0.108797;
0.106879;
0.109471;
0.108568;
0.108659;
0.107985;
0.109192;
0.110146;
0.108769;
0.110109;
0.107344;
0.108997;
0.110291;
0.107344;
0.108759;
0.107236;
0.110091;
0.10692;
0.107404;
0.108355;
0.109935;
0.106115;
0.106295;
0.107916;
0.108621;
0.10884;
0.108431;
0.109094;
0.111489;
0.109245;
0.109711;
0.10801;
0.10982;
0.108648;
0.109087;
0.10887;
0.107698;
0.108884;
0.108384;
0.107773;
0.108061;
0.108559;
0.108515;
0.109099;
0.108008;
0.112408;
0.104001;
0.106974;
0.110031;
0.107337;
0.109818;
0.106153;
0.108241;
0.108362;
0.110085;
0.107175;
0.107277;
0.107608;
0.1084;
0.107603;
0.110743;
0.107955;
0.107003;
0.108142;
0.107916;
0.106572;
0.107981;
0.110497;
0.108193;
0.107007;
0.109102;
0.109342;
0.108331;
0.10596;
0.107426;
0.107147;
0.107325;
0.107822;
0.112764;
0.104474;
0.111357;
0.107888;
0.10908;
0.106403;
0.107701;
0.108419;
0.109887;
0.108075;
0.108712;
0.10711;
0.107594;
0.109665;
0.10742;
0.109862;
0.12247;
0.107136;
0.108243;
0.108327;
0.110464;
0.105784;
0.109038;
0.110519;
0.107017;
0.108158;
0.107699;
0.107834;
0.108592;
0.108308;
0.108359;
0.106846;
0.110215;
0.109472;
0.10659;
0.10683;
0.10785;
0.107815;
0.106696;
0.109918;
0.110967;
0.107522;
0.1091;
0.108264;
0.109591;
0.105307;
0.109645;
0.109421;
0.108238;
0.110328;
0.107105;
0.108943;
0.108695;
0.108681;
0.109913;
0.108039;
0.108841;
0.107823;
0.109469;
0.109221;
0.108632;
0.11079;
0.105367;
0.109025;
0.106685;
0.106928;
0.107849;
0.107683;
0.107962;
0.109374;
0.106627;
0.11005;
0.106514;
0.107277;
0.107923;
0.110002;
0.107326;
0.107942;
0.108007;
0.110026;
0.110631;
0.107848;
0.110712;
0.108697;
0.108965;
0.106491;
0.1092;
0.109464;
0.109121;
0.108632;
0.108913;
0.106394;
0.109874;
0.109397;
0.108032;
0.108658;
0.111544;
0.106149;
0.108489;
0.107758;
0.107183;
0.109584;
0.107675;
0.108615;
0.108392;
0.109673;
0.107602;
0.107586;
0.1095;
0.107426;
0.107414;
0.107696;
0.109423;
0.108275;
0.108599;
0.108511;
0.108731;
0.107983;
0.10742;
0.110504;
0.10812;
0.110498;
0.10893;
0.107087;
0.107535;
0.109576;
0.107403;
0.109952;
0.106973;
0.107048;
0.108434;
0.110936;
0.106636;
0.109828;
0.10963;
0.110184;
0.108248;
0.109292;
0.110672;
0.106589;
0.107999;
0.107625;
0.108158;
0.108502;
0.108039;
0.108458;
0.10857;
0.108791;
0.108438;
0.108637;
0.108697;
0.108914;
0.108028;
0.10911;
0.105797;
0.107524;
0.107744;
0.108051;
0.108061;
0.10803;
0.108411;
0.106597;
0.108088;
0.107095;
0.107934;
0.108121;
0.11133;
0.107256;
0.107706;
0.106909;
0.107338;
0.110229;
0.106427;
0.106934;
0.107193;
0.107749;
0.108354;
0.108455;
0.109053;
0.109228;
0.109045;
0.107014;
0.108019;
0.109846;
0.106902;
0.108873;
0.110595;
0.108711;
0.109624;
0.109267;
0.108456;
0.108789;
0.108217;
0.107713;
0.108198;
0.108248;
0.10918;
0.107673;
0.107701;
0.10834;
0.109202;
0.107746;
0.109332;
0.108269;
0.109448;
0.108996;
0.109003;
0.106695;
0.108233;
0.108952;
0.107126;
0.108687;
0.107683;
0.110112;
0.10987;
0.108171;
0.108619;
0.108537;
0.107731;
0.109495;
0.109499;
0.107569;
0.110423;
0.109315;
0.109203;
0.108271;
0.108048;
0.108308;
0.107445;
0.109482;
0.108451;
0.107534;
0.109032;
0.108539;
0.108662;
0.108644;
0.107944;
0.108955;
0.107878;
0.11089;
0.107621;
0.107101;
0.109898;
0.110418;
0.105879;
0.108396;
0.109955;
0.109007;
0.108413;
0.108627;
0.10755;
0.107018;
0.108284;
0.108608;
0.109724;
0.109989;
0.110146;
0.107973;
0.10559;
0.107483;
0.108136;
0.109366;
0.108594;
0.105956;
0.10578;
0.107162;
0.107383;
0.110083;
0.105939;
0.109839;
0.108138;
0.11018;
0.108008;
0.109296;
0.109703;
0.107524;
0.109076;
0.108703;
0.1076;
0.110147;
0.109567;
0.108891;
0.108134;
0.109027;
0.127582;
0.120105;
0.110037;
0.107733;
0.109163;
0.108101;
0.106685;
0.106456;
0.107761;
0.110006;
0.110964;
0.108792;
0.107649;
0.109929;
0.108161;
0.107139;
0.107869;
0.108199;
0.106283;
0.108823;
0.109505;
0.109218;
0.107785;
0.108467;
0.107571;
0.109951;
0.106112;
0.107811;
0.107815;
0.107681;
0.108124;
0.107763;
0.109112;
0.12145;
0.107182;
0.109105;
0.107565;
0.107204;
0.107544;
0.109674;
0.108951;
0.109023;
0.108296;
0.109306;
0.107371;
0.109636;
0.108337;
0.10883;
0.10969;
0.106861;
0.108859;
0.108652;
0.122293;
0.107955;
0.108559;
0.108636;
0.107418;
0.108474;
0.105856;
0.108135;
0.11022;
0.107067;
0.109353;
0.108547;
0.108775;
0.109807;
0.110468;
0.109583;
0.109043;
0.108408;
0.1082;
0.108026;
0.110689;
0.108869;
0.10784;
0.109017;
0.109104;
0.107786;
0.109808;
0.109286;
0.109869;
0.108854;
0.109956;
0.109093;
0.107641;
0.106776;
0.108763;
0.117056;
0.117334;
0.109566;
0.107113;
0.108913;
0.112404;
0.107198;
0.106357;
0.10899;
0.107656;
0.109996;
0.110109;
0.115455;
0.118976;
0.107765;
0.108779;
0.10778;
0.110893;
0.109841;
0.108258;
0.109444;
0.10855;
0.106867;
0.108864;
0.107222;
0.108882;
0.107495;
0.109551;
0.109383;
0.107397;
0.109918;
0.107864;
0.108692;
0.108034;
0.109041;
0.108752;
0.109615;
0.107543;
0.110878;
0.106036;
0.109932;
0.109321;
0.108417;
0.109387;
0.109865;
0.108387;
0.107952;
0.10774;
0.108783;
0.108355;
0.107307;
0.108435;
0.108657;
0.108224;
0.107823;
0.110084;
0.109481;
0.108389;
0.10895;
0.108319;
0.10963;
0.105417;
0.109242;
0.105819;
0.108933;
0.108148;
0.109107;
0.107779;
0.107788;
0.109682;
0.107403;
0.108115;
0.109403;
0.109618;
0.106777;
0.108293;
0.108751;
0.109304;
0.1086;
0.109836;
0.107965;
0.108969;
0.107474;
0.112881;
0.101893;
0.112187;
0.105752;
0.110408;
0.108298;
0.10872;
0.106882;
0.110897;
0.107474;
0.108106;
0.108987;
0.109076;
0.109512;
0.108756;
0.112281;
0.106257;
0.109015;
0.109581;
0.111658;
0.103745;
0.109804;
0.109849;
0.108239;
0.106095;
0.111736;
0.102915;
0.108326;
0.107836;
0.108486;
0.109723;
0.11225;
0.106431;
0.111738;
0.108474;
0.107355;
0.110668;
0.108574;
0.109304;
0.108618;
0.109288;
0.109269;
0.109168;
0.124903;
0.108951;
0.108388;
0.108384;
0.109339;
0.114711;
0.117997;
0.110626;
0.106114;
0.107602;
0.107691;
0.108639;
0.10777;
0.109099;
0.106783;
0.108075;
0.108372;
0.110096;
0.108343;
0.109406;
