0.0065504
0.0074133
0.0078038
0.0067494
0.0052319
0.0070562
0.0068334
0.0062054
0.0043185
0.0042465
0.0038879
0.0124034
0.0062831
0.0046625
0.0143829
0.0100604
0.0047391
0.0106589
0.0163826
0.0094297
0.0063793
0.0050956
0.0041199
0.0040473
0.0109746
0.0166349
0.0044994
0.0125
0.0360303
0.0111119
0.0046081
0.0127571
0.0166284
0.0039697
0.006291
0.0148239
0.0133024
0.0058207
0.0110302
0.0063169
0.005561
0.0059719
0.0072093
0.0049542
0.0037858
0.0071403
0.0071236
0.005117
0.014301
0.0118532
0.0037342
0.0108824
0.0182837
0.0055493
0.0064079
0.022603
0.0056612
0.0052803
0.0129901
0.0061903
0.0059714
0.0104475
0.016498
0.0081066
0.0084932
0.0039443
0.0091629
0.0055531
0.0041652
0.0050098
0.0066201
0.0047245
0.0041243
0.0065651
0.0038555
0.0064181
0.0064223
0.0045937
0.0038797
0.007331
0.0036551
0.0090185
0.0194566
0.0059962
0.0046337
0.0168433
0.0114551
0.0043349
0.0037843
0.0207502
0.0072448
0.0133263
0.0122642
0.0199452
0.003587
0.0091857
0.007337
0.0056724
0.0038729
0.0088023
0.0074534
0.0063036
0.0278967
0.0090325
0.0064055
0.0157583
0.005939
0.0064156
0.0039132
0.0155116
0.0133631
0.004991
0.01139
0.0114187
0.0083122
0.006608
0.0069415
0.008298
0.0072591
0.0203114
0.0123305
0.0034708
0.011133
0.0129209
0.0055504
0.0042387
0.0102872
0.0203412
0.0045106
0.013545
0.0088082
0.0063231
0.016286
0.0240974
0.006306
0.0070097
0.0058151
0.0091865
0.0080311
0.0077951
0.0065051
0.0053513
0.0046876
0.0087222
0.0045101
0.0036449
0.0137426
0.009346
0.0065857
0.006271
0.01867
0.0042088
0.0041804
0.0172306
0.0065883
0.0043792
0.0124211
0.0107114
0.005053
0.0109665
0.0258735
0.0041688
0.0046167
0.0145157
0.0052255
0.0057123
0.0161388
0.0148732
0.003948
0.0118821
0.0115344
0.0057096
0.0040143
0.005056
0.0059743
0.0045544
0.0068724
0.0072393
0.0048456
0.0049765
0.0042141
0.004867
0.0116717
0.0198842
0.0057738
0.0048578
0.011416
0.0241327
0.004474
0.0040105
0.0204495
0.0055556
0.0136134
0.017193
0.0060238
0.0184073
0.0081694
0.0092687
0.0108557
0.0107107
0.0171477
0.0059007
0.0148271
0.0216353
0.0077776
0.0054303
0.0072998
0.0101774
0.0038865
0.004617
0.0061274
0.0041597
0.0060216
0.0094431
0.0063847
0.0060361
0.0056545
0.0089752
