0.100912;
0.109928;
0.107933;
0.107903;
0.108705;
0.109065;
0.108926;
0.109182;
0.109108;
0.108327;
0.107749;
0.107437;
0.10673;
0.109112;
0.107569;
0.109525;
0.106753;
0.11302;
0.117396;
0.107319;
0.108397;
0.109827;
0.110113;
0.109968;
0.109475;
0.109241;
0.107526;
0.107398;
0.110667;
0.106892;
0.109501;
0.106978;
0.108942;
0.109451;
0.110914;
0.106983;
0.108781;
0.109447;
0.108902;
0.107256;
0.111059;
0.10454;
0.108605;
0.107863;
0.108166;
0.109452;
0.108854;
0.109568;
0.110217;
0.107774;
0.109414;
0.10804;
0.107298;
0.108458;
0.108899;
0.108909;
0.108338;
0.108143;
0.108417;
0.108438;
0.111077;
0.108075;
0.108118;
0.108305;
0.109024;
0.108607;
0.108014;
0.106655;
0.108995;
0.107679;
0.110427;
0.105618;
0.109711;
0.1082;
0.109781;
0.108268;
0.109538;
0.109508;
0.107665;
0.108886;
0.108625;
0.108275;
0.109615;
0.106543;
0.10881;
0.109473;
0.108529;
0.108469;
0.11157;
0.103371;
0.108447;
0.107116;
0.109581;
0.10873;
0.108966;
0.106478;
0.108464;
0.109486;
0.107096;
0.107912;
0.110372;
0.121486;
0.108191;
0.108595;
0.107529;
0.108308;
0.108333;
0.107772;
0.108287;
0.108195;
0.10891;
0.108476;
0.108182;
0.112579;
0.105788;
0.108665;
0.108595;
0.111337;
0.105554;
0.10782;
0.107417;
0.108927;
0.109156;
0.107485;
0.108635;
0.107628;
0.107956;
0.107635;
0.110303;
0.105309;
0.107371;
0.109482;
0.108343;
0.109662;
0.107088;
0.107983;
0.107974;
0.110926;
0.111515;
0.108034;
0.109959;
0.109005;
0.107947;
0.109101;
0.106567;
0.107976;
0.108728;
0.109368;
0.108985;
0.106319;
0.111052;
0.105948;
0.108981;
0.110078;
0.10732;
0.109487;
0.11069;
0.121423;
0.108219;
0.109032;
0.106617;
0.108789;
0.108759;
0.109026;
0.108025;
0.107367;
0.108138;
0.108835;
0.109494;
0.107414;
0.10873;
0.108776;
0.109868;
0.105782;
0.108478;
0.107114;
0.109773;
0.10785;
0.10677;
0.109878;
0.106829;
0.107895;
0.109982;
0.107329;
0.108432;
0.109544;
0.108332;
0.106904;
0.109565;
0.109079;
0.108884;
0.106366;
0.108104;
0.106414;
0.107941;
0.108936;
0.10854;
0.109445;
0.108695;
0.107946;
0.108479;
0.109382;
0.109555;
0.108022;
0.107898;
0.107318;
0.10874;
0.107838;
0.107935;
0.10703;
0.108827;
0.107497;
0.108786;
0.109817;
0.107372;
0.109672;
0.108725;
0.109445;
0.108262;
0.108035;
0.107339;
0.108768;
0.10825;
0.110717;
0.109259;
0.108776;
0.108869;
0.110096;
0.105175;
0.109145;
0.109552;
0.108877;
0.108869;
0.109253;
0.108279;
0.10699;
0.10972;
0.107604;
0.110112;
0.107724;
0.10731;
0.107395;
0.107476;
0.108855;
0.108325;
0.108356;
0.111604;
0.105474;
0.1089;
0.106764;
0.109248;
0.107177;
0.11015;
0.10497;
0.107823;
0.10782;
0.107971;
0.108377;
0.110959;
0.106772;
0.108643;
0.108927;
0.108312;
0.106014;
0.110172;
0.110047;
0.107865;
0.106656;
0.111885;
0.108088;
0.107815;
0.107124;
0.110182;
0.107655;
0.108448;
0.108667;
0.107752;
0.109079;
0.108333;
0.118616;
0.115364;
