0.109612, 6;
0.011118, 6;
0.0162577, 6;
0.0157695, 6;
0.0155226, 6;
0.0137311, 6;
0.0154406, 6;
0.0176673, 6;
0.0147494, 6;
0.0152302, 6;
0.0161242, 6;
0.0170648, 6;
0.0122074, 6;
0.0164041, 6;
0.0141504, 6;
0.015548, 6;
0.0160168, 6;
0.014652, 6;
0.0165357, 6;
0.0146389, 6;
0.0140485, 6;
0.0175573, 6;
0.0186154, 6;
0.0168512, 6;
0.0284043, 6;
0.0124669, 6;
0.0174377, 6;
0.0164531, 6;
0.0138709, 6;
0.0153917, 6;
0.0157337, 6;
0.0149403, 6;
0.0167101, 6;
0.0125735, 6;
0.0165215, 6;
0.0166776, 6;
0.0198992, 6;
0.0271556, 6;
0.0159704, 6;
0.0328136, 6;
0.0133903, 6;
0.0145739, 6;
0.0145765, 6;
0.0169791, 6;
0.0150055, 6;
0.0144819, 6;
0.0186069, 6;
0.025223, 6;
0.0160794, 6;
0.0146979, 6;
0.0156716, 6;
0.0155207, 6;
0.0143228, 6;
0.0171605, 6;
0.0149046, 6;
0.0139323, 6;
0.0159083, 6;
0.0172465, 6;
0.0160169, 6;
0.0182652, 6;
0.0294733, 6;
0.0140095, 6;
0.0121256, 6;
0.0168173, 6;
0.0160541, 6;
0.0138349, 6;
0.0161714, 6;
0.0148581, 6;
0.0146674, 6;
0.0166762, 6;
0.0145085, 6;
0.0147272, 6;
0.0161062, 6;
0.0151394, 6;
0.0179466, 6;
0.0135794, 6;
0.0157747, 6;
0.0143187, 6;
0.0175372, 6;
0.0125273, 6;
0.0158923, 6;
0.0154156, 6;
0.0160167, 6;
0.0138198, 6;
0.0169076, 6;
0.0168701, 6;
0.0135336, 6;
0.0145785, 6;
0.0149611, 6;
0.0151053, 6;
0.01588, 6;
0.0159515, 6;
0.0159684, 6;
0.0151094, 6;
0.0146708, 6;
0.0149404, 6;
0.0149736, 6;
0.0160688, 6;
0.0150075, 6;
0.0149549, 6;
0.0148068, 6;
0.0160028, 6;
0.0157467, 6;
0.0136069, 6;
0.014916, 6;
0.0154542, 6;
0.0162037, 6;
0.0144041, 6;
0.0154465, 6;
0.0155062, 6;
0.0148706, 6;
0.0160225, 6;
0.0153492, 6;
0.0155001, 6;
0.0157693, 6;
0.016748, 6;
0.0149669, 6;
0.0157762, 6;
0.0154481, 6;
0.0149322, 6;
0.0150833, 6;
0.0160759, 6;
0.0153078, 6;
0.0157265, 6;
0.0154629, 6;
0.0153479, 6;
0.0181834, 6;
0.0130261, 6;
0.0156419, 6;
0.014901, 6;
0.0156101, 6;
0.0152788, 6;
0.0155561, 6;
0.0154051, 6;
0.0150705, 6;
0.0155267, 6;
0.0155564, 6;
0.0164886, 6;
0.0164312, 6;
0.0142282, 6;
0.0159701, 6;
0.0151386, 6;
0.0143088, 6;
0.0156121, 6;
0.015199, 6;
0.015575, 6;
0.0159326, 6;
0.0146987, 6;
0.0156446, 6;
0.0158864, 6;
0.0153966, 6;
0.0142595, 6;
0.0151646, 6;
0.0151372, 6;
0.0164081, 6;
0.0140469, 6;
0.0154682, 6;
0.0152096, 6;
0.0155666, 6;
0.0166896, 6;
0.0140959, 6;
0.0161815, 6;
0.0158318, 6;
0.0158667, 6;
0.0151828, 6;
0.0153861, 6;
0.0160066, 6;
0.0156149, 6;
0.0154071, 6;
0.0151991, 6;
0.015187, 6;
0.015238, 6;
0.0156953, 6;
0.0156004, 6;
0.0172053, 6;
0.0147983, 6;
0.0156961, 6;
0.0156534, 6;
0.0157867, 6;
0.0156534, 6;
0.0159002, 6;
0.0154105, 6;
0.0150118, 6;
0.0155366, 6;
0.0152598, 6;
0.0153499, 6;
0.0156031, 6;
0.0154692, 6;
0.0152541, 6;
0.015352, 6;
0.0169482, 6;
0.0134298, 6;
0.0160083, 6;
0.0157817, 6;
0.015531, 6;
0.0156671, 6;
0.0146684, 6;
0.0159306, 6;
0.0155592, 6;
0.0156708, 6;
0.0151806, 6;
0.0155246, 6;
0.0156041, 6;
0.0152695, 6;
0.0156614, 6;
0.0147041, 6;
0.0150134, 6;
0.015735, 6;
0.0166, 6;
0.0140076, 6;
0.0176123, 6;
0.0131494, 6;
0.01573, 6;
0.0149633, 6;
0.0156878, 6;
0.0159026, 6;
0.0151937, 6;
0.0147755, 6;
0.015286, 6;
0.015042, 6;
0.015761, 6;
0.0156304, 6;
0.0142554, 6;
0.0141757, 6;
0.0160424, 6;
0.0149905, 6;
0.0158032, 6;
0.0149595, 6;
0.0148765, 6;
0.0149053, 6;
0.0150128, 6;
0.0173052, 6;
0.0134105, 6;
0.0155756, 6;
0.01738, 6;
0.0170494, 6;
0.013054, 6;
0.016247, 6;
0.014421, 6;
0.0151432, 6;
0.0154233, 6;
0.0155179, 6;
0.0149834, 6;
0.0166358, 6;
0.0150295, 6;
0.0146835, 6;
0.0151663, 6;
0.0152952, 6;
0.0169645, 6;
0.0145376, 6;
0.0156574, 6;
0.015213, 6;
0.0155959, 6;
0.0156447, 6;
0.015392, 6;
0.0157794, 6;
0.0159145, 6;
0.0160419, 6;
0.0160542, 6;
0.016419, 6;
0.0145326, 6;
0.0154086, 6;
0.0170827, 6;
0.0181865, 6;
0.0115581, 6;
0.0156393, 6;
0.017669, 6;
0.0142166, 6;
0.0148312, 6;
0.0154613, 6;
0.0145865, 6;
0.0148861, 6;
0.0162268, 6;
0.0160536, 6;
0.0159683, 6;
0.0158265, 6;
0.0145122, 6;
0.0160222, 6;
0.0154179, 6;
0.0154672, 6;
0.0153714, 6;
0.0155914, 6;
0.0152994, 6;
0.0148697, 6;
0.0154531, 6;
0.0155594, 6;
0.0152888, 6;
0.0149839, 6;
0.0165412, 6;
0.0148306, 6;
0.0150044, 6;
0.0159351, 6;
0.0153794, 6;
0.0158014, 6;
0.0160503, 6;
0.015093, 6;
0.0155519, 6;
0.0158802, 6;
0.0155573, 6;
0.0160316, 6;
0.0155273, 6;
0.016011, 6;
0.0146202, 6;
0.0152662, 6;
0.0155155, 6;
0.0156336, 6;
0.0153563, 6;
0.0154747, 6;
0.015756, 6;
0.0158727, 6;
0.0169085, 6;
0.013163, 6;
0.0156733, 6;
0.0154205, 6;
0.0156814, 6;
0.0174653, 6;
0.0141397, 6;
0.0154625, 6;
0.0147136, 6;
0.0151836, 6;
0.0156958, 6;
0.0151283, 6;
0.0158382, 6;
0.0151566, 6;
0.0148118, 6;
0.0149808, 6;
0.017284, 6;
0.0135624, 6;
0.0151199, 6;
0.015448, 6;
0.0152934, 6;
0.0148465, 6;
0.0159988, 6;
0.0153794, 6;
0.015329, 6;
0.0155296, 6;
0.015674, 6;
0.0179208, 6;
0.013277, 6;
0.0152406, 6;
0.0152231, 6;
0.0152962, 6;
0.0162063, 6;
0.0157058, 6;
0.014747, 6;
0.0151444, 6;
0.0150946, 6;
0.0151881, 6;
0.0152736, 6;
0.0149994, 6;
0.0170595, 6;
0.0151036, 6;
0.0150574, 6;
0.0155969, 6;
0.0153247, 6;
0.0160966, 6;
0.0155776, 6;
0.0165232, 6;
0.0152471, 6;
0.0151238, 6;
0.0158573, 6;
0.0156992, 6;
0.0152386, 6;
0.0149845, 6;
0.0156454, 6;
0.0155781, 6;
0.0160837, 6;
0.0152848, 6;
0.0151623, 6;
0.0155879, 6;
0.0155534, 6;
0.0156254, 6;
0.0154338, 6;
0.0152474, 6;
0.0153169, 6;
0.0165831, 6;
0.0153817, 6;
0.0151626, 6;
0.0154792, 6;
0.0153258, 6;
0.01581, 6;
0.0139195, 6;
0.0158922, 6;
0.0155022, 6;
0.0156252, 6;
0.0157306, 6;
0.0165673, 6;
0.0155477, 6;
0.0151458, 6;
0.015032, 6;
0.0151352, 6;
0.0155558, 6;
0.0150513, 6;
0.0156464, 6;
0.0158142, 6;
0.0156902, 6;
0.0160932, 6;
0.0149866, 6;
0.0153559, 6;
0.015634, 6;
0.0152634, 6;
0.0152156, 6;
0.0149493, 6;
0.0155998, 6;
0.0155586, 6;
0.015075, 6;
0.0157022, 6;
0.0151516, 6;
0.0157136, 6;
0.0157666, 6;
0.0151283, 6;
0.0150807, 6;
0.0164795, 6;
0.0180487, 6;
0.0112908, 6;
0.0155339, 6;
0.0153883, 6;
0.0149582, 6;
0.0149268, 6;
0.0150209, 6;
0.015515, 6;
0.0164187, 6;
0.0150413, 6;
0.0139298, 6;
0.0161695, 6;
0.0146258, 6;
0.0155163, 6;
0.0166156, 6;
0.0158369, 6;
0.014796, 6;
0.015779, 6;
0.0151956, 6;
0.0150992, 6;
0.0152541, 6;
0.0155707, 6;
0.0159719, 6;
0.0153026, 6;
0.0168043, 6;
0.0151268, 6;
0.0150869, 6;
0.0147098, 6;
0.0164462, 6;
0.0154273, 6;
0.0152523, 6;
0.0152637, 6;
0.0153712, 6;
0.0152798, 6;
0.01572, 6;
0.0150263, 6;
0.0154188, 6;
0.0160147, 6;
0.0147532, 6;
0.0152093, 6;
0.0158287, 6;
0.0151851, 6;
0.0156775, 6;
0.0150789, 6;
0.0154739, 6;
0.0152599, 6;
0.0152686, 6;
0.0159722, 6;
0.0160622, 6;
0.0157726, 6;
0.0161254, 6;
0.0155789, 6;
0.014841, 6;
0.0156744, 6;
0.0148588, 6;
0.0148517, 6;
0.014966, 6;
0.0151975, 6;
0.0150418, 6;
0.0156909, 6;
0.0158968, 6;
0.0149133, 6;
0.0151486, 6;
0.0165248, 6;
0.0153466, 6;
0.0167121, 6;
0.0137557, 6;
0.0157535, 6;
0.0155959, 6;
0.0158052, 6;
0.0152998, 6;
0.0156674, 6;
0.0150375, 6;
0.0150908, 6;
0.0160709, 6;
0.0148498, 6;
0.0155838, 6;
0.0151178, 6;
0.0154869, 6;
0.0154323, 6;
0.0171311, 6;
0.0141202, 6;
0.0154892, 6;
0.0155747, 6;
0.0153864, 6;
0.0159799, 6;
0.0152365, 6;
0.0153985, 6;
0.0157327, 6;
0.0149123, 6;
0.0163722, 6;
0.0142295, 6;
0.0160251, 6;
0.0163531, 6;
0.013626, 6;
0.0160353, 6;
0.0149749, 6;
0.0149212, 6;
0.0150006, 6;
0.0147931, 6;
0.0154006, 6;
0.0156405, 6;
0.0158881, 6;
0.0149333, 6;
0.0154925, 6;
0.0164262, 6;
0.01449, 6;
0.015585, 6;
0.0161058, 6;
0.0151346, 6;
0.0155305, 6;
0.0155071, 6;
0.0157807, 6;
0.0153439, 6;
0.0155696, 6;
0.0151335, 6;
0.0146991, 6;
0.0149574, 6;
0.01533, 6;
0.0159312, 6;
0.0143303, 6;
0.0150845, 6;
0.0164561, 6;
0.0144216, 6;
0.0149807, 6;
0.0159691, 6;
0.0149082, 6;
0.0148918, 6;
0.0153508, 6;
0.0154881, 6;
0.015385, 6;
0.0158727, 6;
0.0153513, 6;
0.0147084, 6;
0.0148219, 6;
0.0155575, 6;
0.0147822, 6;
0.0150566, 6;
0.0155208, 6;
0.0147942, 6;
0.0153288, 6;
0.0153916, 6;
0.0159106, 6;
0.0151643, 6;
0.0150702, 6;
0.0160887, 6;
0.0151227, 6;
0.0155923, 6;
0.0151079, 6;
0.0156974, 6;
0.0150205, 6;
0.0155545, 6;
0.0152698, 6;
0.0151805, 6;
0.015436, 6;
0.0153018, 6;
0.0153851, 6;
0.0152141, 6;
0.0156559, 6;
0.0149909, 6;
0.0161703, 6;
0.0151565, 6;
0.0153137, 6;
0.0153465, 6;
0.0159413, 6;
0.0152197, 6;
0.0149067, 6;
0.0149659, 6;
0.0156531, 6;
0.0161336, 6;
0.0152267, 6;
0.0159139, 6;
0.014798, 6;
0.0151159, 6;
0.0148081, 6;
0.0151652, 6;
0.0155374, 6;
0.015673, 6;
0.016069, 6;
0.0156098, 6;
0.0149163, 6;
0.0156896, 6;
0.01567, 6;
0.0158636, 6;
0.0154094, 6;
0.0153381, 6;
0.015013, 6;
0.0152649, 6;
0.0153749, 6;
0.014915, 6;
0.0150384, 6;
0.0159375, 6;
0.0159839, 6;
0.0158515, 6;
0.0153062, 6;
0.0155933, 6;
0.0150071, 6;
0.0154776, 6;
0.0152012, 6;
0.0153532, 6;
0.0157615, 6;
0.0152995, 6;
0.0152175, 6;
0.0159964, 6;
0.0153798, 6;
0.0151806, 6;
0.0159173, 6;
0.0152227, 6;
0.0151131, 6;
0.0155401, 6;
0.0159417, 6;
0.0155733, 6;
0.0160171, 6;
0.0151467, 6;
0.0156312, 6;
0.0152216, 6;
0.0160321, 6;
0.0160441, 6;
0.0155206, 6;
0.0151426, 6;
0.0151249, 6;
0.0160064, 6;
0.0154977, 6;
0.0152686, 6;
0.0157349, 6;
0.0150001, 6;
0.0159117, 6;
0.0150105, 6;
0.0159862, 6;
0.0150101, 6;
0.0149856, 6;
0.0149521, 6;
0.0150556, 6;
0.016022, 6;
0.0160077, 6;
0.0159626, 6;
0.0152309, 6;
0.0153148, 6;
0.015863, 6;
0.0159945, 6;
0.0160479, 6;
0.0159123, 6;
0.0159947, 6;
0.0155227, 6;
0.015559, 6;
0.0155768, 6;
0.0159802, 6;
0.0152589, 6;
0.0156426, 6;
0.0149644, 6;
0.0151585, 6;
0.0152277, 6;
0.0146853, 6;
0.0159741, 6;
0.015211, 6;
0.015246, 6;
0.0155065, 6;
0.0158737, 6;
0.0149897, 6;
0.0149642, 6;
0.0159926, 6;
0.0159772, 6;
0.0154713, 6;
0.0159765, 6;
0.0159424, 6;
0.0157062, 6;
0.0160183, 6;
0.0153406, 6;
0.0159387, 6;
0.0157492, 6;
0.0149426, 6;
0.0153975, 6;
0.0155523, 6;
0.015426, 6;
0.0159599, 6;
0.0152246, 6;
0.0149924, 6;
0.015012, 6;
0.015401, 6;
0.0154917, 6;
0.0150905, 6;
0.014971, 6;
0.015219, 6;
0.0153182, 6;
0.0152723, 6;
0.0161191, 6;
0.0150577, 6;
0.015379, 6;
0.0156353, 6;
0.0151798, 6;
0.0161931, 6;
0.0150713, 6;
0.0151353, 6;
0.0154291, 6;
0.0158944, 6;
0.0161057, 6;
0.0159496, 6;
0.0156073, 6;
0.0161197, 6;
0.0151639, 6;
0.0156418, 6;
0.0148452, 6;
0.0153668, 6;
0.0153439, 6;
0.0152983, 6;
0.0153403, 6;
0.0153101, 6;
0.0150976, 6;
0.0152171, 6;
0.015927, 6;
0.0151713, 6;
0.0153158, 6;
0.0153474, 6;
0.0153266, 6;
0.0156706, 6;
0.0157465, 6;
0.0151889, 6;
0.0149685, 6;
0.015577, 6;
0.0144751, 6;
0.015954, 6;
0.0151693, 6;
0.0158086, 6;
0.015558, 6;
0.0159208, 6;
0.0154168, 6;
0.0155509, 6;
0.0150572, 6;
0.0152493, 6;
0.0148068, 6;
0.0158719, 6;
0.0155531, 6;
0.0155849, 6;
0.0156889, 6;
0.0154026, 6;
0.0161255, 6;
0.0157333, 6;
0.01505, 6;
0.0159519, 6;
0.0148839, 6;
0.0151339, 6;
0.0152773, 6;
0.0153368, 6;
0.0160429, 6;
0.0155218, 6;
0.0151242, 6;
0.0153631, 6;
0.0151667, 6;
0.0152759, 6;
0.015998, 6;
0.0157357, 6;
0.0147844, 6;
0.0147798, 6;
0.0154335, 6;
0.0154744, 6;
0.015657, 6;
0.0156913, 6;
0.0149162, 6;
0.0156012, 6;
0.0151829, 6;
0.0151798, 6;
0.0153258, 6;
0.0157503, 6;
0.0152169, 6;
0.0157409, 6;
0.0159968, 6;
0.0155175, 6;
0.0159709, 6;
0.0158981, 6;
0.0152588, 6;
0.0151846, 6;
0.0159068, 6;
0.016083, 6;
0.0156863, 6;
0.0154237, 6;
0.015501, 6;
0.0150587, 6;
0.0157519, 6;
0.0154548, 6;
0.0152771, 6;
0.0151924, 6;
0.0150647, 6;
0.0159071, 6;
0.0151893, 6;
0.0146721, 6;
0.0160278, 6;
0.0156316, 6;
0.0157382, 6;
0.0157661, 6;
0.0153596, 6;
0.0154882, 6;
0.0155899, 6;
0.0152545, 6;
0.0156453, 6;
0.0158556, 6;
0.015477, 6;
0.0153632, 6;
0.0156091, 6;
0.0149906, 6;
0.0153313, 6;
0.0153531, 6;
0.0154439, 6;
0.0152108, 6;
0.0159451, 6;
0.015865, 6;
0.0150216, 6;
0.015771, 6;
0.0159946, 6;
0.0160377, 6;
0.0149344, 6;
0.0155375, 6;
0.0156335, 6;
0.0155496, 6;
0.0153326, 6;
0.0150164, 6;
0.0154611, 6;
0.0158941, 6;
0.0152411, 6;
0.0155296, 6;
0.0155377, 6;
0.0154487, 6;
0.0154001, 6;
0.0149465, 6;
0.0149, 6;
0.0147108, 6;
0.0152837, 6;
0.0153454, 6;
0.0154613, 6;
0.0151652, 6;
0.0149641, 6;
0.0154917, 6;
0.0154975, 6;
0.015207, 6;
0.0156456, 6;
0.0153167, 6;
0.0147485, 6;
0.0150379, 6;
0.0151531, 6;
0.0154602, 6;
0.0155863, 6;
0.0148985, 6;
0.0152973, 6;
0.015878, 6;
0.0153232, 6;
0.0151983, 6;
0.0155707, 6;
0.0155065, 6;
0.0161264, 6;
0.0151608, 6;
0.0161178, 6;
0.0157891, 6;
0.0160044, 6;
0.0152422, 6;
0.0154205, 6;
0.015126, 6;
0.0156561, 6;
0.0158054, 6;
0.0152432, 6;
0.0150536, 6;
0.015448, 6;
0.0153244, 6;
0.015191, 6;
0.0157874, 6;
0.0160888, 6;
0.0159221, 6;
0.0149789, 6;
0.0146423, 6;
0.0149502, 6;
0.0147716, 6;
0.0153689, 6;
0.0155886, 6;
0.0153846, 6;
0.01498, 6;
0.0153266, 6;
0.0153384, 6;
0.0154595, 6;
0.0152265, 6;
0.0155312, 6;
0.0151468, 6;
0.0151981, 6;
0.0152298, 6;
0.0157701, 6;
0.015322, 6;
0.0154677, 6;
0.0156341, 6;
0.0159663, 6;
0.015252, 6;
0.0149196, 6;
0.0155559, 6;
0.0153394, 6;
0.0150143, 6;
0.0155905, 6;
0.0155199, 6;
0.0149555, 6;
0.015935, 6;
0.0159996, 6;
0.01578, 6;
0.0150172, 6;
0.015417, 6;
0.0158721, 6;
0.0155023, 6;
0.0154697, 6;
0.0152457, 6;
0.0159687, 6;
0.0152508, 6;
0.0155068, 6;
0.0159752, 6;
0.0154215, 6;
0.0151556, 6;
0.0155358, 6;
0.015755, 6;
0.0156502, 6;
0.0160885, 6;
0.0152607, 6;
0.0157446, 6;
0.0158701, 6;
0.0153775, 6;
0.0153434, 6;
0.0153239, 6;
0.0159378, 6;
0.0155481, 6;
0.0153848, 6;
0.0150354, 6;
0.0153647, 6;
0.0154213, 6;
0.0153077, 6;
0.0151736, 6;
0.0152185, 6;
0.0155706, 6;
0.0154484, 6;
0.0154771, 6;
0.0157744, 6;
0.0156692, 6;
0.0160294, 6;
0.0156358, 6;
0.0155691, 6;
0.0146775, 6;
0.015281, 6;
0.0155084, 6;
0.0157649, 6;
0.0157557, 6;
0.0154383, 6;
0.015411, 6;
0.0157725, 6;
0.0153663, 6;
0.0147006, 6;
0.0151675, 6;
0.0151987, 6;
0.0160524, 6;
0.016043, 6;
0.0159837, 6;
0.0151107, 6;
0.0153438, 6;
0.0152514, 6;
0.0153517, 6;
0.0156626, 6;
0.0157201, 6;
0.0152536, 6;
0.0156751, 6;
0.0153008, 6;
0.015788, 6;
0.015642, 6;
0.0153373, 6;
0.0151366, 6;
0.0155898, 6;
0.0156647, 6;
0.0153689, 6;
0.0151093, 6;
0.0154692, 6;
0.0156572, 6;
0.0158366, 6;
0.0153458, 6;
0.0160926, 6;
0.0154824, 6;
0.0156442, 6;
0.014956, 6;
0.0152635, 6;
0.015992, 6;
0.0155629, 6;
0.015736, 6;
0.0156967, 6;
0.0154918, 6;
0.0146844, 6;
0.0158312, 6;
0.0151796, 6;
0.0148527, 6;
0.0150371, 6;
0.0156879, 6;
0.0160394, 6;
0.0154871, 6;
0.0158953, 6;
0.0151237, 6;
0.0154006, 6;
0.0153325, 6;
0.0155096, 6;
0.016038, 6;
0.0150715, 6;
0.0154593, 6;
0.0155274, 6;
0.0145709, 6;
0.0152466, 6;
0.0156392, 6;
0.0152918, 6;
0.0156088, 6;
0.0150894, 6;
0.0156576, 6;
0.0155902, 6;
0.0160348, 6;
0.0150718, 6;
0.0149475, 6;
0.0154652, 6;
0.015192, 6;
0.0150184, 6;
0.0146981, 6;
0.0152068, 6;
0.0152777, 6;
0.0158747, 6;
0.0160836, 6;
0.0151958, 6;
0.0159821, 6;
0.0148369, 6;
0.0158622, 6;
0.0159172, 6;
0.0152, 6;
0.0152965, 6;
0.015348, 6;
0.0153663, 6;
0.0157264, 6;
0.0148681, 6;
0.0151326, 6;
0.0160963, 6;
0.0153159, 6;
0.0158735, 6;
0.0159916, 6;
0.0160479, 6;
0.0153824, 6;
0.0153289, 6;
0.0156401, 6;
0.0151902, 6;
0.0149409, 6;
0.0158676, 6;
0.0153041, 6;
0.0160266, 6;
0.016005, 6;
0.0151574, 6;
0.0154745, 6;
0.0161553, 6;
0.0159437, 6;
0.0149496, 6;
0.0150112, 6;
0.0157319, 6;
0.0151932, 6;
0.0158949, 6;
0.0160627, 6;
0.0146816, 6;
0.0150595, 6;
0.0159911, 6;
0.0156945, 6;
0.0152483, 6;
0.0150927, 6;
0.0150145, 6;
0.0151205, 6;
0.0149027, 6;
0.0157261, 6;
0.0158242, 6;
0.0151618, 6;
0.0149282, 6;
0.0157435, 6;
0.0156042, 6;
0.0156526, 6;
0.0157897, 6;
0.0153906, 6;
0.0150917, 6;
0.0158887, 6;
0.0159162, 6;
0.0155517, 6;
0.0160808, 6;
0.0153937, 6;
0.0157575, 6;
0.0149165, 6;
0.0151877, 6;
0.015201, 6;
0.0158778, 6;
0.0155995, 6;
0.0152573, 6;
0.0160223, 6;
0.0154501, 6;
0.0154641, 6;
0.0149323, 6;
0.0154205, 6;
0.0155192, 6;
0.014956, 6;
0.0158029, 6;
0.0153454, 6;
0.0158431, 6;
0.0148981, 6;
0.0151808, 6;
0.0152784, 6;
0.01538, 6;
0.0158375, 6;
0.0155076, 6;
0.0154149, 6;
0.014964, 6;
0.0149584, 6;
0.0157006, 6;
0.0153871, 6;
0.0155861, 6;
0.015242, 6;
0.015123, 6;
0.015594, 6;
0.0160182, 6;
0.0152194, 6;
0.01547, 6;
0.01509, 6;
0.0152288, 6;
0.0155022, 6;
0.0152997, 6;
0.0153952, 6;
0.0155879, 6;
0.0151052, 6;
0.0157792, 6;
0.0154218, 6;
0.0153673, 6;
0.0156133, 6;
0.0156243, 6;
0.0160414, 6;
0.0159367, 6;
0.0159662, 6;
0.0160058, 6;
0.0152519, 6;
0.0156069, 6;
0.0150656, 6;
0.0151479, 6;
0.0160119, 6;
0.0148461, 6;
0.0150841, 6;
0.0146324, 6;
0.0160868, 6;
0.0154562, 6;
0.0153427, 6;
0.0153815, 6;
0.0155979, 6;
0.0154044, 6;
0.0149911, 6;
0.0152697, 6;
0.0155552, 6;
0.015743, 6;
0.0149256, 6;
0.0153522, 6;
0.015375, 6;
0.0154232, 6;
0.015862, 6;
0.0153085, 6;
0.0157217, 6;
0.0150068, 6;
0.0159986, 6;
0.0155144, 6;
0.0148256, 6;
0.0156237, 6;
0.0152538, 6;
0.0158932, 6;
0.0148015, 6;
0.015197, 6;
0.0161003, 6;
0.0157304, 6;
0.0160928, 6;
0.0154179, 6;
0.015867, 6;
0.0153612, 6;
0.01539, 6;
0.0157068, 6;
0.0156783, 6;
0.0161695, 6;
0.015842, 6;
0.0159599, 6;
0.0158972, 6;
0.0152832, 6;
0.0148939, 6;
0.01606, 6;
0.0152724, 6;
0.015918, 6;
0.015041, 6;
0.0157476, 6;
0.0149821, 6;
0.0149137, 6;
0.015679, 6;
0.0160269, 6;
0.0156951, 6;
0.0160182, 6;
0.0159169, 6;
0.0148112, 6;
0.015345, 6;
0.0158399, 6;
0.0159506, 6;
0.0157679, 6;
0.0165767, 6;
0.0154967, 6;
0.0158979, 6;
0.0160138, 6;
0.0153373, 6;
0.0153175, 6;
0.015061, 6;
0.016049, 6;
0.0159526, 6;
0.0159457, 6;
0.0159896, 6;
0.015709, 6;
0.0154811, 6;
0.0150493, 6;
0.015115, 6;
0.0159746, 6;
0.0155661, 6;
0.0152426, 6;
0.0151313, 6;
0.0160049, 6;
0.0155699, 6;
0.0159308, 6;
0.0159983, 6;
0.0160075, 6;
0.0149512, 6;
0.0151562, 6;
0.0159587, 6;
0.0150059, 6;
0.0149682, 6;
0.0150606, 6;
0.0154053, 6;
0.0159852, 6;
0.016005, 6;
0.0159967, 6;
0.0160549, 6;
0.0159206, 6;
0.0150776, 6;
0.0155556, 6;
0.0160109, 6;
0.0160089, 6;
0.0151441, 6;
0.0148264, 6;
0.015197, 6;
0.0159094, 6;
0.0149581, 6;
0.0155091, 6;
0.0159527, 6;
0.0156286, 6;
0.0150246, 6;
0.0158736, 6;
0.0159902, 6;
0.0159229, 6;
0.0151607, 6;
0.0155837, 6;
0.0146481, 6;
0.0150157, 6;
0.0159991, 6;
0.0157137, 6;
0.0153826, 6;
0.0152807, 6;
0.0159957, 6;
0.0156124, 6;
0.0159011, 6;
0.0149484, 6;
0.0154651, 6;
0.0162449, 6;
0.0149777, 6;
0.0157353, 6;
0.0153366, 6;
0.0159558, 6;
0.0156232, 6;
0.0156022, 6;
0.0154422, 6;
0.0152672, 6;
0.0156139, 6;
0.0160028, 6;
0.0157415, 6;
0.0152102, 6;
0.0159542, 6;
0.0149639, 6;
0.0159892, 6;
0.0151239, 6;
0.0150058, 6;
0.0159819, 6;
0.0159493, 6;
0.0159908, 6;
0.0159951, 6;
0.014962, 6;
0.0158487, 6;
0.0159863, 6;
0.0150482, 6;
0.0159847, 6;
0.0146839, 6;
0.016018, 6;
0.0154716, 6;
0.015651, 6;
0.0149762, 6;
0.0148975, 6;
0.0160764, 6;
0.0158945, 6;
0.0161371, 6;
0.0159652, 6;
0.0158773, 6;
0.0151964, 6;
0.0149312, 6;
0.0153928, 6;
0.0158853, 6;
0.0154789, 6;
0.0153642, 6;
0.0153057, 6;
0.0156878, 6;
0.0154558, 6;
0.0148169, 6;
0.0154761, 6;
0.0153792, 6;
0.0154373, 6;
0.0159803, 6;
0.0149587, 6;
0.0150256, 6;
0.0150831, 6;
0.0149778, 6;
0.0149518, 6;
0.0148315, 6;
0.0148856, 6;
0.0152307, 6;
0.0149285, 6;
0.0153404, 6;
0.0155411, 6;
0.015855, 6;
0.0155836, 6;
0.0159238, 6;
0.0154102, 6;
0.0153943, 6;
0.0155412, 6;
0.0150099, 6;
0.0159577, 6;
0.0159957, 6;
0.0159691, 6;
0.0149654, 6;
0.0153275, 6;
0.0154747, 6;
0.0155579, 6;
0.0155568, 6;
0.015545, 6;
0.0153307, 6;
0.0152049, 6;
0.0158753, 6;
0.016023, 6;
0.0159534, 6;
0.0152794, 6;
0.0147117, 6;
0.0152663, 6;
0.0156825, 6;
0.0153843, 6;
0.0151536, 6;
0.0158423, 6;
0.015018, 6;
0.0152695, 6;
0.0159867, 6;
0.0153163, 6;
0.0159469, 6;
0.0159576, 6;
0.0151606, 6;
0.0149833, 6;
0.0149487, 6;
0.0159418, 6;
0.0151916, 6;
0.0160835, 6;
0.0160116, 6;
0.0158044, 6;
0.0149341, 6;
0.0146924, 6;
0.0151518, 6;
0.0155031, 6;
0.0152229, 6;
0.0151787, 6;
0.0158874, 6;
0.0157771, 6;
0.0151676, 6;
0.0152785, 6;
0.0154417, 6;
0.0150648, 6;
0.0159559, 6;
0.0157015, 6;
0.0157595, 6;
0.0148732, 6;
0.015099, 6;
0.0151333, 6;
0.0155425, 6;
0.0155126, 6;
0.0153903, 6;
0.0160479, 6;
0.0160217, 6;
0.0160253, 6;
0.0155576, 6;
0.0159222, 6;
0.0158502, 6;
0.0152418, 6;
0.0149492, 6;
0.0160792, 6;
0.0160054, 6;
0.0159064, 6;
0.015778, 6;
0.0152043, 6;
0.0152002, 6;
0.0158929, 6;
0.0152104, 6;
0.0150007, 6;
0.0152849, 6;
0.0160302, 6;
0.0155693, 6;
0.0159501, 6;
0.0158847, 6;
0.0159884, 6;
0.0155836, 6;
0.014998, 6;
0.0151959, 6;
0.0160255, 6;
0.0146117, 6;
0.0153798, 6;
0.0159354, 6;
0.0152734, 6;
0.0157476, 6;
0.0151454, 6;
0.0159278, 6;
0.0149421, 6;
0.0151812, 6;
0.0158943, 6;
0.0147326, 6;
0.0153274, 6;
0.0156338, 6;
0.015739, 6;
0.0151917, 6;
0.0154989, 6;
0.0157115, 6;
0.0158343, 6;
0.0152409, 6;
0.0149329, 6;
0.0148053, 6;
0.0154081, 6;
0.0157457, 6;
0.0150113, 6;
0.0154297, 6;
0.0154116, 6;
0.0153236, 6;
0.0155784, 6;
0.0157201, 6;
0.0155538, 6;
0.0146892, 6;
0.0150898, 6;
0.0149175, 6;
0.0154986, 6;
0.0153846, 6;
0.0159723, 6;
0.0154417, 6;
0.0156489, 6;
0.0156451, 6;
0.0150495, 6;
0.0154218, 6;
0.0154226, 6;
0.0153891, 6;
0.0157131, 6;
0.0149779, 6;
0.0158842, 6;
0.0153184, 6;
0.0157246, 6;
0.0148861, 6;
0.0152846, 6;
0.0150677, 6;
0.0160843, 6;
0.0150988, 6;
0.0153118, 6;
0.0153156, 6;
0.015226, 6;
0.0156265, 6;
0.016049, 6;
0.0158967, 6;
0.0156377, 6;
0.0151364, 6;
0.0155634, 6;
0.0149861, 6;
0.0150313, 6;
0.0154138, 6;
0.015126, 6;
0.0158625, 6;
0.01593, 6;
0.0154049, 6;
0.015203, 6;
0.0151426, 6;
0.0153843, 6;
0.0147846, 6;
0.0150222, 6;
0.0161795, 6;
0.0152334, 6;
0.0155517, 6;
0.0160538, 6;
0.0158766, 6;
0.0157993, 6;
0.0159525, 6;
0.0158741, 6;
0.0158404, 6;
0.0157667, 6;
0.0158382, 6;
0.0152748, 6;
0.0152168, 6;
0.0161621, 6;
0.0147485, 6;
0.015806, 6;
0.0159402, 6;
0.0158825, 6;
0.0159836, 6;
0.0153991, 6;
0.0157962, 6;
0.0154771, 6;
0.0161298, 6;
0.0151044, 6;
0.0149627, 6;
0.0147204, 6;
0.0152726, 6;
0.0156925, 6;
0.0156453, 6;
0.0157376, 6;
0.0152454, 6;
0.0151303, 6;
0.0158011, 6;
0.0155935, 6;
0.0153918, 6;
0.0152532, 6;
0.0158697, 6;
0.0156373, 6;
0.0157742, 6;
0.0153475, 6;
0.015333, 6;
0.0150594, 6;
0.0160623, 6;
0.015354, 6;
0.0155253, 6;
0.0154967, 6;
0.0148832, 6;
0.0153049, 6;
0.0160986, 6;
0.0153108, 6;
0.0158638, 6;
0.0158152, 6;
0.0150436, 6;
0.0157481, 6;
0.0150082, 6;
0.0154741, 6;
0.0159513, 6;
0.0159658, 6;
0.015862, 6;
0.0151925, 6;
0.0155001, 6;
0.0158476, 6;
0.015654, 6;
0.0157321, 6;
0.0150468, 6;
0.0158494, 6;
0.0150211, 6;
0.0152197, 6;
0.0156119, 6;
0.0148128, 6;
0.0151829, 6;
0.0156213, 6;
0.0154056, 6;
0.0155007, 6;
0.0152578, 6;
0.0157457, 6;
0.0159417, 6;
0.0152153, 6;
0.0148129, 6;
0.0150632, 6;
0.0151925, 6;
0.0147811, 6;
0.015173, 6;
0.0150962, 6;
0.015148, 6;
0.0152563, 6;
0.0154731, 6;
0.0151412, 6;
0.0151811, 6;
0.0153848, 6;
0.0157595, 6;
0.0159204, 6;
0.0160237, 6;
0.0158073, 6;
0.0152968, 6;
0.0147013, 6;
0.0158966, 6;
0.0151054, 6;
0.0149184, 6;
0.0146938, 6;
0.0149887, 6;
0.0159256, 6;
0.0154463, 6;
0.0152561, 6;
0.0155153, 6;
0.0156698, 6;
0.0156012, 6;
0.0148672, 6;
0.015199, 6;
0.0160025, 6;
0.014609, 6;
0.0157515, 6;
0.015907, 6;
0.0157703, 6;
0.0159499, 6;
0.0160026, 6;
0.0154941, 6;
0.0155267, 6;
0.0155871, 6;
0.0148281, 6;
0.0157637, 6;
0.0155739, 6;
0.014843, 6;
0.0159374, 6;
0.0155847, 6;
0.0150277, 6;
0.0151609, 6;
0.015969, 6;
0.0155746, 6;
0.0154127, 6;
0.0149432, 6;
0.0150926, 6;
0.0157471, 6;
0.0150016, 6;
0.0156298, 6;
0.0155524, 6;
0.0153431, 6;
0.014844, 6;
0.0149157, 6;
0.0160108, 6;
0.0156744, 6;
0.0156849, 6;
0.0151795, 6;
0.0155114, 6;
0.0151947, 6;
0.0158763, 6;
0.0154447, 6;
0.0155558, 6;
0.0155288, 6;
0.0150362, 6;
0.0160012, 6;
0.0159409, 6;
0.0159744, 6;
0.0150619, 6;
0.0153789, 6;
0.0152915, 6;
0.0155811, 6;
0.0156076, 6;
0.015852, 6;
0.0153623, 6;
0.0160693, 6;
0.0158104, 6;
0.0155764, 6;
0.0155361, 6;
0.0154835, 6;
0.0156486, 6;
0.0151509, 6;
0.0150083, 6;
0.0153641, 6;
0.0157249, 6;
0.015643, 6;
0.0155783, 6;
0.0154443, 6;
0.0152458, 6;
0.0159201, 6;
0.0156399, 6;
0.0153689, 6;
0.0157717, 6;
0.0148598, 6;
0.0155968, 6;
0.0156121, 6;
0.0159013, 6;
0.0149697, 6;
0.0154086, 6;
0.0156938, 6;
0.0158716, 6;
0.0157177, 6;
0.0152594, 6;
0.015695, 6;
0.0159886, 6;
0.0149641, 6;
0.0152408, 6;
0.0153228, 6;
0.0155923, 6;
0.0151279, 6;
0.015998, 6;
0.0156433, 6;
0.0151988, 6;
0.0151391, 6;
0.0157071, 6;
0.0152766, 6;
0.0155484, 6;
0.0157041, 6;
0.0155096, 6;
0.0149619, 6;
0.0149933, 6;
0.0155821, 6;
0.0157961, 6;
0.0149939, 6;
0.015973, 6;
0.0149354, 6;
0.0150439, 6;
0.0153927, 6;
0.0150804, 6;
0.0153643, 6;
0.0151557, 6;
0.0155494, 6;
0.0151476, 6;
0.0159434, 6;
0.0149492, 6;
0.0150247, 6;
0.0157862, 6;
0.0159357, 6;
0.0155738, 6;
0.0154944, 6;
0.0151399, 6;
0.0150763, 6;
0.0154995, 6;
0.0151794, 6;
0.0160204, 6;
0.0154674, 6;
0.0148426, 6;
0.0158408, 6;
0.0154382, 6;
0.0155184, 6;
0.0155912, 6;
0.0149949, 6;
0.015092, 6;
0.0154793, 6;
0.0153555, 6;
0.0150456, 6;
0.0159306, 6;
0.0158001, 6;
0.0156753, 6;
0.0151627, 6;
0.0156692, 6;
0.0153375, 6;
0.0147542, 6;
0.0157743, 6;
0.0158344, 6;
0.0151954, 6;
0.0151816, 6;
0.0159437, 6;
0.0152755, 6;
0.0159594, 6;
0.0152548, 6;
0.0150443, 6;
0.0159057, 6;
0.014808, 6;
0.0154224, 6;
0.0158211, 6;
0.0159104, 6;
0.0156125, 6;
0.0158447, 6;
0.015649, 6;
0.0157165, 6;
0.0159307, 6;
0.0151268, 6;
0.0150209, 6;
0.0148817, 6;
0.016066, 6;
0.0152236, 6;
0.0151994, 6;
0.015272, 6;
0.0153135, 6;
0.0153874, 6;
0.0158112, 6;
0.0144997, 6;
0.0157768, 6;
0.0154916, 6;
0.0159215, 6;
0.0160117, 6;
0.0153714, 6;
0.0151763, 6;
0.0155952, 6;
0.0153013, 6;
0.0156164, 6;
0.0154048, 6;
0.0153821, 6;
0.0154582, 6;
0.0151724, 6;
0.0159497, 6;
0.0159814, 6;
0.0159699, 6;
0.0153985, 6;
0.0159063, 6;
0.014964, 6;
0.0155777, 6;
0.0160343, 6;
0.0159933, 6;
0.0158802, 6;
0.0160277, 6;
0.0159322, 6;
0.015159, 6;
0.0149428, 6;
0.0154315, 6;
0.015152, 6;
0.0155459, 6;
0.0155777, 6;
0.0151186, 6;
0.015441, 6;
0.0159856, 6;
0.0160191, 6;
0.0159228, 6;
0.0149714, 6;
0.0154005, 6;
0.0157681, 6;
0.0151092, 6;
0.0156247, 6;
0.0149957, 6;
0.0160736, 6;
0.015889, 6;
0.0160505, 6;
0.0158819, 6;
0.0149813, 6;
0.0149974, 6;
0.0150291, 6;
0.0159929, 6;
0.0149784, 6;
0.0146671, 6;
0.015133, 6;
0.015801, 6;
0.0147439, 6;
0.0155377, 6;
0.0160014, 6;
0.0160327, 6;
0.01593, 6;
0.0159638, 6;
0.0160684, 6;
0.0151823, 6;
0.0160053, 6;
0.0159451, 6;
0.0151748, 6;
0.0149472, 6;
0.0160051, 6;
0.0160727, 6;
0.0152401, 6;
0.0159904, 6;
0.0156819, 6;
0.0150003, 6;
0.0152874, 6;
0.0164343, 6;
0.0152532, 6;
0.0160496, 6;
0.0159251, 6;
0.0162122, 6;
0.0169046, 6;
0.0143518, 6;
0.0159391, 6;
0.0149457, 6;
0.0146143, 6;
0.0150483, 6;
0.0150648, 6;
0.015912, 6;
0.0153663, 6;
0.0166164, 6;
0.014353, 6;
0.0151564, 6;
0.0154591, 6;
0.0161636, 6;
0.0159779, 6;
0.0156363, 6;
0.0154043, 6;
0.0160634, 6;
0.0158913, 6;
0.0152855, 6;
0.0154551, 6;
0.0159203, 6;
0.0166142, 6;
0.0135809, 6;
0.0152548, 6;
0.0158641, 6;
0.0149274, 6;
0.0151737, 6;
0.0155404, 6;
0.0156596, 6;
0.015734, 6;
0.0160609, 6;
0.0148376, 6;
0.0161025, 6;
0.01479, 6;
0.0153667, 6;
0.0182704, 6;
0.0124748, 6;
0.0152013, 6;
0.0156068, 6;
0.0175244, 6;
0.0140704, 6;
0.0155534, 6;
0.0159805, 6;
0.0153735, 6;
0.0153037, 6;
0.0161695, 6;
0.0159718, 6;
0.0161523, 6;
0.0151251, 6;
0.0150241, 6;
0.0156713, 6;
0.0151498, 6;
0.0154363, 6;
0.0159496, 6;
0.0154503, 6;
0.0162484, 6;
0.0149771, 6;
0.015758, 6;
0.0155931, 6;
0.0158522, 6;
0.0150624, 6;
0.0157085, 6;
0.0153521, 6;
0.0155794, 6;
0.0165949, 6;
0.0141127, 6;
0.0161025, 6;
0.0146795, 6;
0.0152721, 6;
0.0155108, 6;
0.0149829, 6;
0.0155143, 6;
0.0155134, 6;
0.015753, 6;
0.0150617, 6;
0.0182823, 6;
0.0136737, 6;
0.0150712, 6;
0.0157687, 6;
0.015583, 6;
0.0155069, 6;
0.0154877, 6;
0.0149836, 6;
0.0152518, 6;
0.0152783, 6;
0.0158738, 6;
0.0160702, 6;
0.0157499, 6;
0.0170303, 6;
0.014894, 6;
0.0148596, 6;
0.0147676, 6;
0.0158225, 6;
0.0146739, 6;
0.0152914, 6;
0.015415, 6;
0.0152852, 6;
0.0162307, 6;
0.015867, 6;
0.0150796, 6;
0.0148509, 6;
0.0153321, 6;
0.015266, 6;
0.0154457, 6;
0.0160526, 6;
0.0156066, 6;
0.0152283, 6;
0.0153458, 6;
0.0164364, 6;
0.014955, 6;
0.0155459, 6;
0.0157484, 6;
0.016323, 6;
0.0144716, 6;
0.0151847, 6;
0.0152244, 6;
0.0155353, 6;
0.0155986, 6;
0.0154702, 6;
0.0146908, 6;
0.0153069, 6;
0.0160924, 6;
0.0149791, 6;
0.0152662, 6;
0.0155427, 6;
0.0156757, 6;
0.0154571, 6;
0.0150768, 6;
0.0158465, 6;
0.0149352, 6;
0.0157882, 6;
0.014972, 6;
0.0149541, 6;
0.0150145, 6;
0.0155181, 6;
0.0160905, 6;
0.0158878, 6;
0.0151525, 6;
0.0160733, 6;
0.0156406, 6;
0.0147801, 6;
0.0161625, 6;
0.014596, 6;
0.0157141, 6;
0.0152536, 6;
0.0156717, 6;
0.0156282, 6;
0.0156683, 6;
0.0156515, 6;
0.0156026, 6;
0.0159977, 6;
0.0153201, 6;
0.0161971, 6;
0.0152931, 6;
0.0155533, 6;
0.0158137, 6;
0.0151192, 6;
0.0151038, 6;
0.0152489, 6;
0.0156182, 6;
0.0159445, 6;
0.0151625, 6;
0.0153705, 6;
0.0155702, 6;
0.0153948, 6;
0.0158717, 6;
0.0159379, 6;
0.0155297, 6;
0.0158773, 6;
0.0156497, 6;
0.0157178, 6;
0.0146966, 6;
0.0156839, 6;
0.0159299, 6;
0.0152094, 6;
0.0154721, 6;
0.0154208, 6;
0.0159381, 6;
0.0153394, 6;
0.0161003, 6;
0.0154275, 6;
0.0181713, 6;
0.0127383, 6;
0.01522, 6;
0.0160964, 6;
0.0151405, 6;
0.0149571, 6;
0.0147621, 6;
0.0148714, 6;
0.0148925, 6;
0.0151216, 6;
0.0159579, 6;
0.015208, 6;
0.0160802, 6;
0.0154583, 6;
0.0160595, 6;
0.0205337, 6;
0.0247741, 6;
0.0155614, 6;
0.0155535, 6;
0.0152908, 6;
0.0154322, 6;
0.0155636, 6;
0.0160613, 6;
0.0150812, 6;
0.0150432, 6;
0.0150293, 6;
0.0161805, 6;
0.0147922, 6;
0.0149676, 6;
0.0159447, 6;
0.0152026, 6;
0.015993, 6;
0.0148459, 6;
0.0151702, 6;
0.0159446, 6;
0.0159494, 6;
0.0153938, 6;
0.0155676, 6;
0.0148733, 6;
0.014933, 6;
0.0155504, 6;
0.0160801, 6;
0.0158034, 6;
0.0154557, 6;
0.014444, 6;
0.016002, 6;
0.0151774, 6;
0.0148968, 6;
0.0150088, 6;
0.0147821, 6;
0.015812, 6;
0.0153028, 6;
0.0154376, 6;
0.0155015, 6;
0.0155199, 6;
0.0154791, 6;
0.0160128, 6;
0.0189312, 6;
0.0122717, 6;
0.016744, 6;
0.014932, 6;
0.0150069, 6;
0.0154153, 6;
0.0155516, 6;
0.0154405, 6;
0.01549, 6;
0.0154939, 6;
0.0152708, 6;
0.0157131, 6;
0.0159191, 6;
0.0158476, 6;
0.0153077, 6;
0.0151724, 6;
0.0156129, 6;
0.0157694, 6;
0.0162674, 6;
0.0148555, 6;
0.0167856, 6;
0.0145887, 6;
0.0151441, 6;
0.0165193, 6;
0.0148366, 6;
0.0152561, 6;
0.0161047, 6;
0.0157045, 6;
0.0158844, 6;
0.0161058, 6;
0.0152875, 6;
0.0154661, 6;
0.0154098, 6;
0.0156543, 6;
0.0158926, 6;
0.0156318, 6;
0.0153004, 6;
0.0164266, 6;
0.0152498, 6;
0.0159191, 6;
0.0143159, 6;
0.0154693, 6;
0.0156018, 6;
0.015391, 6;
0.0153215, 6;
0.0156702, 6;
0.0151672, 6;
0.0160145, 6;
0.0152013, 6;
0.0154954, 6;
0.0153196, 6;
0.0158242, 6;
0.0148774, 6;
0.0154547, 6;
0.0158651, 6;
0.015915, 6;
0.0148673, 6;
0.0150917, 6;
0.0153764, 6;
0.0147138, 6;
0.0155227, 6;
0.0156647, 6;
0.0152451, 6;
0.0151507, 6;
0.0159817, 6;
0.0148645, 6;
0.014962, 6;
0.0153541, 6;
0.0161768, 6;
0.0156613, 6;
0.0160362, 6;
0.0161247, 6;
0.0157752, 6;
0.0159378, 6;
0.016182, 6;
0.0157773, 6;
0.0153738, 6;
0.0148244, 6;
0.0146966, 6;
0.0160346, 6;
0.0158191, 6;
0.0159791, 6;
0.0159512, 6;
0.0154916, 6;
0.0147874, 6;
0.0148952, 6;
0.01518, 6;
0.0152655, 6;
0.0154055, 6;
0.0157713, 6;
0.015621, 6;
0.0150256, 6;
0.0156542, 6;
0.0152041, 6;
0.0158557, 6;
0.015423, 6;
0.0152068, 6;
0.0153965, 6;
0.0160942, 6;
0.0153376, 6;
0.0154925, 6;
0.0154912, 6;
0.0164334, 6;
0.0145815, 6;
0.0153086, 6;
0.0160131, 6;
0.0151587, 6;
0.0157985, 6;
0.0152745, 6;
0.0155419, 6;
0.0155246, 6;
0.0155671, 6;
0.0148127, 6;
0.0158045, 6;
0.0152782, 6;
0.015013, 6;
0.0164977, 6;
0.0152874, 6;
0.0147733, 6;
0.0148259, 6;
0.0149243, 6;
0.015024, 6;
0.0159074, 6;
0.0154206, 6;
0.0155662, 6;
0.0153338, 6;
0.015464, 6;
0.0149249, 6;
0.0153263, 6;
0.0163518, 6;
0.0146317, 6;
0.016219, 6;
0.014443, 6;
0.0157608, 6;
0.0161982, 6;
0.0158247, 6;
0.0149506, 6;
0.0149806, 6;
0.0152101, 6;
0.015459, 6;
0.0154428, 6;
0.0150628, 6;
0.0293195, 6;
0.0185292, 6;
0.0144958, 6;
0.0146114, 6;
0.0160871, 6;
0.0153717, 6;
0.0147792, 6;
0.0222123, 6;
0.0406738, 6;
0.0151441, 6;
0.0164642, 6;
0.0174995, 6;
0.0134579, 6;
0.0160495, 6;
0.0151155, 6;
0.0149599, 6;
0.0147288, 6;
0.0154908, 6;
0.0152048, 6;
0.0156523, 6;
0.015592, 6;
0.0155011, 6;
0.0155724, 6;
0.0149052, 6;
0.0156699, 6;
0.0155556, 6;
0.0169212, 6;
0.0141017, 6;
0.0178193, 6;
0.0147455, 6;
0.0458971, 6;
0.0147349, 6;
0.0149782, 6;
0.0158208, 6;
0.0158598, 6;
0.014693, 6;
0.0149051, 6;
0.0152529, 6;
0.0178644, 6;
0.016424, 6;
0.0123794, 6;
0.0160968, 6;
0.0239321, 6;
0.0146959, 6;
0.0149511, 6;
0.0160195, 6;
0.0160671, 6;
0.0161281, 6;
0.0154918, 6;
0.0162018, 6;
0.0144434, 6;
0.0153261, 6;
0.0173783, 6;
0.0137598, 6;
0.014832, 6;
0.0155987, 6;
0.015632, 6;
0.01481, 6;
0.0152791, 6;
0.0158412, 6;
0.0149909, 6;
0.0160236, 6;
0.0159596, 6;
0.0161965, 6;
0.0148067, 6;
0.0156997, 6;
0.0153189, 6;
0.0208226, 6;
0.0251621, 6;
0.0162304, 6;
0.0158169, 6;
0.0147725, 6;
0.0159969, 6;
0.0161852, 6;
0.016423, 6;
0.0151008, 6;
0.0138011, 6;
0.0164551, 6;
0.0167288, 6;
0.0250917, 6;
0.0195997, 6;
0.0150094, 6;
0.0156389, 6;
0.016694, 6;
0.0141769, 6;
0.0170002, 6;
0.0151954, 6;
0.0145338, 6;
0.0163919, 6;
0.0145167, 6;
0.0150228, 6;
0.0162844, 6;
0.014764, 6;
0.0148764, 6;
0.0160558, 6;
0.0148677, 6;
0.0154357, 6;
0.0159837, 6;
0.014811, 6;
0.0148599, 6;
0.0150926, 6;
0.015459, 6;
0.0158629, 6;
0.0148196, 6;
0.0160033, 6;
0.0159505, 6;
0.0218301, 6;
0.0120281, 6;
0.0142614, 6;
0.0151011, 6;
0.0164205, 6;
0.015416, 6;
0.0150829, 6;
0.0150479, 6;
0.0153029, 6;
0.0154649, 6;
0.0156932, 6;
0.015315, 6;
0.0155029, 6;
0.0186651, 6;
0.0122259, 6;
0.0159875, 6;
0.0149736, 6;
0.0149254, 6;
0.0156809, 6;
0.0151203, 6;
0.0150379, 6;
0.0155182, 6;
0.0151293, 6;
0.0160721, 6;
0.0148356, 6;
0.0211959, 6;
0.0101498, 6;
0.0154829, 6;
0.0158941, 6;
0.0162221, 6;
0.0167297, 6;
0.0147989, 6;
0.0154781, 6;
0.0165397, 6;
0.0220867, 6;
0.0250454, 6;
0.0142591, 6;
0.015758, 6;
0.0169575, 6;
0.0129969, 6;
0.0161986, 6;
0.0155611, 6;
0.0146003, 6;
0.0156078, 6;
0.0192399, 6;
0.0143088, 6;
0.0128842, 6;
0.0149575, 6;
0.0176758, 6;
0.0133894, 6;
0.0182568, 6;
0.0175942, 6;
0.0162263, 6;
0.0117326, 6;
0.0159535, 6;
0.0164573, 6;
0.0159355, 6;
0.0161995, 6;
0.0152348, 6;
0.0153094, 6;
0.0148043, 6;
0.0150126, 6;
0.0151977, 6;
0.0155982, 6;
0.0153772, 6;
0.0151962, 6;
0.0159366, 6;
0.0156747, 6;
0.0151312, 6;
0.0157223, 6;
0.0161465, 6;
0.015832, 6;
0.015804, 6;
0.016092, 6;
0.0155385, 6;
0.0163801, 6;
0.0169488, 6;
0.0176772, 6;
0.0163511, 6;
0.0136026, 6;
0.0142991, 6;
0.0137827, 6;
0.0170376, 6;
0.0137967, 6;
0.0151176, 6;
0.0171732, 6;
0.0135687, 6;
0.0150073, 6;
0.0157824, 6;
0.0188492, 6;
0.0131745, 6;
0.01971, 6;
0.0271917, 6;
0.0134187, 6;
0.0145653, 6;
0.0164789, 6;
0.0161769, 6;
0.015672, 6;
0.0139775, 6;
0.0164437, 6;
0.0155907, 6;
0.0177417, 6;
0.0143986, 6;
0.0182899, 6;
0.018466, 6;
0.0250715, 6;
0.0147733, 6;
0.0154098, 6;
0.0156845, 6;
0.0171015, 6;
0.0139266, 6;
0.0143598, 6;
0.015367, 6;
0.0165515, 6;
0.0137499, 6;
0.0175279, 6;
0.0149757, 6;
0.0192102, 6;
0.0253615, 6;
0.0181471, 6;
0.0126544, 6;
0.0147159, 6;
0.0152895, 6;
0.014238, 6;
0.0149569, 6;
0.0149804, 6;
0.0157724, 6;
0.0179697, 6;
0.0134097, 6;
0.0158203, 6;
0.0145419, 6;
0.0156656, 6;
0.0154411, 6;
0.0152697, 6;
0.0160309, 6;
0.0151634, 6;
0.0148249, 6;
0.0149642, 6;
0.0156443, 6;
0.0156987, 6;
0.0158445, 6;
0.016019, 6;
0.0156702, 6;
0.014334, 6;
0.0158733, 6;
0.0158424, 6;
0.0158331, 6;
0.015763, 6;
0.0151467, 6;
0.0156876, 6;
0.0160577, 6;
0.0157082, 6;
0.0151015, 6;
0.0152409, 6;
0.0153786, 6;
0.0152877, 6;
0.0157255, 6;
0.0148806, 6;
0.0151539, 6;
0.0157302, 6;
0.0153559, 6;
0.0152368, 6;
0.014991, 6;
0.0150378, 6;
0.0154525, 6;
0.0148775, 6;
0.0156321, 6;
0.0151538, 6;
0.0155713, 6;
0.0153195, 6;
0.0160747, 6;
0.0149725, 6;
0.0147893, 6;
0.0156135, 6;
0.016061, 6;
0.0156771, 6;
0.0157856, 6;
0.0152787, 6;
0.0152417, 6;
0.0155002, 6;
0.0155238, 6;
0.0152355, 6;
0.0167283, 6;
0.0172422, 6;
0.01326, 6;
0.0155769, 6;
0.0150522, 6;
0.0152914, 6;
0.0151453, 6;
0.0166077, 6;
0.0150887, 6;
0.0153947, 6;
0.0157382, 6;
0.0152646, 6;
0.0155042, 6;
0.0157703, 6;
0.0150593, 6;
0.0163602, 6;
0.0147239, 6;
0.0157286, 6;
0.0148828, 6;
0.0159507, 6;
0.0154388, 6;
0.0158694, 6;
0.0157378, 6;
0.0151445, 6;
0.0158886, 6;
0.0151721, 6;
0.0152464, 6;
0.0154443, 6;
0.0156616, 6;
0.0167588, 6;
0.015264, 6;
0.0157155, 6;
0.0172344, 6;
0.0136471, 6;
0.016126, 6;
0.0151359, 6;
0.0158985, 6;
0.0151804, 6;
0.0152692, 6;
0.0156463, 6;
0.0158404, 6;
0.0151829, 6;
0.015311, 6;
0.0158661, 6;
0.0160826, 6;
0.0153263, 6;
0.0151942, 6;
0.015074, 6;
0.0151897, 6;
0.0156167, 6;
0.015316, 6;
0.0159457, 6;
0.015578, 6;
0.0161142, 6;
0.015221, 6;
0.0160183, 6;
0.0166412, 6;
0.014977, 6;
0.0153654, 6;
0.016025, 6;
0.0149288, 6;
0.0156901, 6;
0.0162014, 6;
0.0150489, 6;
0.0150733, 6;
0.0158781, 6;
0.0152397, 6;
0.0154018, 6;
0.0161288, 6;
0.0155019, 6;
0.0150137, 6;
0.0155518, 6;
0.0154835, 6;
0.0153312, 6;
0.0159499, 6;
0.0161612, 6;
0.0156188, 6;
0.0142809, 6;
0.0155126, 6;
0.0156713, 6;
0.0153125, 6;
0.0153499, 6;
0.0163402, 6;
0.0159656, 6;
0.0149973, 6;
0.0148544, 6;
0.0152101, 6;
0.0157066, 6;
0.0152386, 6;
0.0154001, 6;
0.0172144, 6;
0.0136088, 6;
0.0152899, 6;
0.0164787, 6;
0.0148339, 6;
0.0158174, 6;
0.0160499, 6;
0.0139209, 6;
0.0166078, 6;
0.0170094, 6;
0.0134507, 6;
0.0157019, 6;
0.0159226, 6;
0.0156243, 6;
0.015282, 6;
0.0163008, 6;
0.0144133, 6;
0.0156841, 6;
0.0166754, 6;
0.0135553, 6;
0.015282, 6;
0.0158521, 6;
0.0156756, 6;
0.0158264, 6;
0.0159936, 6;
0.0152692, 6;
0.0155381, 6;
0.0154271, 6;
0.0154262, 6;
0.0155091, 6;
0.0150157, 6;
0.0146831, 6;
0.0154088, 6;
0.0156642, 6;
0.0158174, 6;
0.0153432, 6;
0.0158186, 6;
0.0154532, 6;
0.0159826, 6;
0.0149706, 6;
0.0150123, 6;
0.0147142, 6;
0.0167853, 6;
0.0144212, 6;
0.0153834, 6;
0.0161045, 6;
0.0157562, 6;
0.0153459, 6;
0.0152011, 6;
0.0160737, 6;
0.01464, 6;
0.0156538, 6;
0.0155284, 6;
0.0160328, 6;
0.0155205, 6;
0.0158283, 6;
0.0147697, 6;
0.0155302, 6;
0.0154646, 6;
0.0181066, 6;
0.0139348, 6;
0.0155065, 6;
0.0155572, 6;
0.0158481, 6;
0.0153708, 6;
0.0158421, 6;
0.0158026, 6;
