0.106179;
0.107883;
0.106949;
0.106879;
0.108436;
0.115679;
0.131029;
0.114996;
0.128633;
0.109894;
0.110749;
0.105228;
0.108789;
0.109243;
0.120792;
0.121135;
0.130221;
0.121652;
0.120481;
0.106681;
0.11214;
0.136299;
0.12529;
0.108205;
0.104262;
0.107744;
0.107174;
0.109055;
0.108151;
0.122509;
0.106942;
0.10711;
0.106232;
0.107975;
0.109558;
0.111446;
0.105438;
0.109327;
0.107032;
0.108809;
0.107203;
0.109648;
0.109059;
0.108845;
0.107957;
0.108389;
0.10879;
0.11068;
0.105704;
0.107306;
0.108099;
0.107458;
0.107712;
0.108731;
0.111367;
0.109994;
0.10696;
0.108794;
0.107496;
0.109439;
0.109733;
0.107762;
0.1104;
0.106411;
0.107275;
0.108093;
0.109254;
0.107007;
0.110205;
0.107939;
0.109211;
0.108706;
0.109245;
0.108096;
0.109547;
0.107489;
0.111673;
0.119588;
0.108436;
0.107835;
0.109032;
0.107427;
0.107982;
0.110116;
0.106087;
0.109126;
0.108591;
0.107587;
0.109189;
0.108309;
0.105658;
0.108658;
0.109059;
0.10633;
0.106959;
0.107026;
0.106719;
0.108667;
0.107028;
0.108014;
0.108206;
0.106785;
0.109515;
0.107036;
0.109022;
0.108439;
0.109009;
0.109272;
0.10828;
0.106537;
0.1105;
0.111453;
0.106731;
0.107392;
0.11055;
0.11128;
0.104042;
0.108255;
0.109075;
0.109249;
0.107638;
0.109264;
0.1062;
0.108075;
0.109307;
0.1082;
0.107691;
0.108483;
0.108464;
0.109166;
0.108294;
0.107838;
0.108989;
0.108132;
0.109531;
0.107995;
0.109517;
0.105218;
0.106884;
0.107769;
0.108925;
0.109117;
0.10851;
0.105934;
0.109358;
0.105965;
0.110507;
0.105634;
0.112234;
0.106429;
0.10937;
0.107037;
0.109824;
0.107759;
0.107336;
0.109092;
0.109182;
0.108006;
0.109872;
0.107539;
0.108322;
0.108511;
0.107338;
0.108538;
0.106958;
0.108399;
0.107925;
0.109491;
0.108954;
0.109118;
0.10807;
0.107388;
0.108468;
0.109611;
0.108393;
0.110419;
0.105139;
0.107144;
0.10871;
0.107774;
0.110472;
0.108228;
0.106662;
0.107895;
0.108298;
0.108637;
0.109908;
0.110205;
0.107516;
0.109658;
0.111474;
0.10982;
0.107598;
0.110496;
0.10794;
0.111448;
0.106869;
0.109237;
0.107925;
0.109218;
0.109608;
0.109053;
0.110395;
0.107876;
0.109766;
0.107681;
0.108293;
0.105008;
0.11165;
0.121081;
0.108099;
0.108895;
0.107854;
0.108243;
0.108426;
0.108091;
0.107643;
0.110108;
0.110006;
0.107846;
0.110105;
0.108254;
0.107442;
0.108694;
0.107363;
0.106924;
0.10865;
0.108123;
0.107757;
0.109232;
0.107699;
0.10687;
0.110478;
0.109008;
0.110557;
0.107708;
0.107955;
0.109325;
0.108063;
0.111136;
0.107973;
0.106715;
0.108824;
0.105915;
0.107538;
0.107824;
0.10782;
0.108478;
0.109247;
0.107708;
0.107761;
0.108018;
0.109051;
0.108532;
0.10968;
0.107888;
0.109799;
0.107908;
0.109591;
0.107883;
0.10821;
0.107275;
0.107411;
0.108174;
0.108312;
0.107131;
0.11363;
0.1034;
0.107846;
0.110404;
0.106881;
0.108543;
0.108464;
0.109532;
0.110266;
0.108371;
0.13025;
0.118706;
0.106867;
0.110413;
0.10912;
0.108911;
0.110543;
0.106949;
0.110489;
0.107504;
0.109377;
0.107024;
0.109557;
0.109385;
0.109584;
0.108494;
0.107929;
0.109383;
0.108564;
0.10788;
0.108067;
0.108448;
0.109207;
0.108056;
0.108161;
0.107432;
0.109082;
0.109246;
0.109408;
0.108149;
0.110117;
0.108441;
0.109237;
0.105765;
0.1082;
0.108696;
0.107249;
0.108816;
0.10739;
0.107019;
0.109568;
0.108701;
0.108799;
0.1091;
0.110594;
0.109015;
0.108444;
0.108401;
0.107976;
0.107818;
0.109368;
0.108721;
0.108996;
0.108748;
0.107961;
0.10862;
0.108426;
0.106809;
0.108071;
0.109063;
0.106919;
0.108592;
0.10931;
0.107349;
0.108193;
0.127821;
0.121929;
0.105757;
0.109772;
0.10741;
0.110062;
0.107745;
0.110847;
0.106108;
0.114831;
0.116251;
0.115525;
0.103108;
0.108427;
0.107457;
0.108935;
0.124431;
0.109184;
0.10825;
0.112357;
0.107547;
0.109296;
0.114306;
0.10427;
0.113144;
0.117768;
0.123946;
0.125475;
0.109965;
0.121111;
0.106224;
0.108983;
0.10856;
0.109972;
0.105803;
0.107215;
0.109032;
0.110953;
0.105982;
0.109289;
0.108426;
0.109883;
0.109106;
0.108422;
0.107862;
0.110597;
0.108388;
0.108834;
0.108448;
0.108665;
0.10785;
0.109164;
0.108169;
0.108637;
0.108318;
0.108254;
0.107454;
0.110114;
0.108758;
0.110323;
0.109781;
