0.108283;
0.10921;
0.108748;
0.112217;
0.123514;
0.1076;
0.107347;
0.1087;
0.106972;
0.106754;
0.106266;
0.109725;
0.111521;
0.11656;
0.116613;
0.107428;
0.109883;
0.108653;
0.109566;
0.108855;
0.106932;
0.10779;
0.10833;
0.108996;
0.109701;
0.108935;
0.104857;
0.108222;
0.108456;
0.109284;
0.107766;
0.110222;
0.10829;
0.109896;
0.107501;
0.106772;
0.108364;
0.109808;
0.104825;
0.10803;
0.109976;
0.107198;
0.107398;
0.109333;
0.106962;
0.108885;
0.10739;
0.109568;
0.109967;
0.107837;
0.108324;
0.110176;
0.10827;
0.108694;
0.107597;
0.109331;
0.109639;
0.107031;
0.108692;
0.108324;
0.10784;
0.107965;
0.108942;
0.108152;
0.109097;
0.108502;
0.110142;
0.107914;
0.10953;
0.108608;
0.108075;
0.106978;
0.107981;
0.110017;
0.10924;
0.108328;
0.109359;
0.107091;
0.107676;
0.108928;
0.10702;
0.106791;
0.106675;
0.11063;
0.108952;
0.10817;
0.109837;
0.107883;
0.105755;
0.108542;
0.108012;
0.108119;
0.10883;
0.110038;
0.108175;
0.109165;
0.107583;
0.107578;
0.108114;
0.10925;
0.109405;
0.107137;
0.109112;
0.108445;
0.109635;
0.10823;
0.109438;
0.106856;
0.106393;
0.108596;
0.107127;
0.107414;
0.108842;
0.109725;
0.107105;
0.108205;
0.108396;
0.109319;
0.108835;
0.10763;
0.108778;
0.106396;
0.107994;
0.106643;
0.108089;
0.109505;
0.107781;
0.109347;
0.10867;
0.106701;
0.109203;
0.1085;
0.107463;
0.109456;
0.109443;
0.107518;
0.109283;
0.108364;
0.108812;
0.109231;
0.106402;
0.10809;
0.108645;
0.106588;
0.109376;
0.108282;
0.110942;
0.108849;
0.107768;
0.108432;
0.107296;
0.107126;
0.106634;
0.109336;
0.106668;
0.107336;
0.107885;
0.108543;
0.106967;
0.107423;
0.106148;
0.109337;
0.107325;
0.106905;
0.108143;
0.109718;
0.109338;
0.110015;
0.107574;
0.107978;
0.108587;
0.108264;
0.107404;
0.107823;
0.106032;
0.110852;
0.107293;
0.108645;
0.107746;
0.107644;
0.107996;
0.108757;
0.109048;
0.108454;
0.107082;
0.1093;
0.106968;
0.110531;
0.10981;
0.110696;
0.107254;
0.108918;
0.109109;
0.111127;
0.110207;
0.110124;
0.108525;
0.107624;
0.106316;
0.108238;
0.108518;
0.106871;
0.108442;
0.107162;
0.107298;
0.108141;
0.107213;
0.107488;
0.109324;
0.109557;
0.106977;
0.110503;
0.108799;
0.110039;
0.107115;
0.107305;
0.109197;
0.108989;
0.108489;
0.109558;
0.108357;
0.109016;
0.10833;
0.109083;
0.107915;
0.109937;
0.108809;
0.10883;
0.107698;
0.106447;
0.108;
0.107972;
0.108126;
0.109264;
0.109169;
0.108781;
0.107221;
0.107582;
0.107281;
0.107614;
0.109434;
0.108517;
0.108556;
0.108279;
0.106355;
0.109767;
0.108453;
0.107589;
0.109453;
0.107472;
0.108796;
0.10859;
0.106998;
0.105798;
0.109827;
0.110362;
0.118047;
0.111702;
0.103399;
0.108396;
0.120525;
0.146637;
0.119356;
0.114089;
0.115172;
0.146242;
0.111005;
0.10958;
0.112754;
0.161684;
0.148154;
0.11322;
0.117463;
0.107556;
0.126971;
0.106172;
0.113958;
0.119369;
0.106007;
0.110805;
0.12766;
0.119999;
0.112226;
0.107815;
0.10719;
0.106963;
0.106873;
0.105134;
0.107408;
0.108813;
0.107952;
0.109451;
0.108226;
0.107214;
0.109659;
0.110135;
0.10925;
0.109663;
0.107932;
0.10746;
0.107436;
0.109367;
0.109336;
0.109452;
0.109146;
0.109641;
0.108809;
0.108192;
0.108979;
0.107098;
0.1083;
0.108945;
0.109171;
0.108179;
0.108225;
0.109171;
0.107034;
0.108169;
0.108637;
0.108842;
0.108311;
0.109939;
0.109838;
0.108848;
0.108059;
0.109886;
0.108383;
0.109078;
0.109526;
0.107647;
0.109491;
0.109271;
0.110037;
0.108707;
0.10792;
0.110588;
0.109052;
0.108604;
0.10894;
0.10688;
0.108559;
0.109404;
0.109329;
0.107;
0.107812;
0.106383;
0.110993;
0.106181;
0.108385;
0.110467;
0.108623;
0.108771;
0.108019;
0.108657;
0.108603;
0.109308;
0.106238;
0.108238;
0.106834;
0.110552;
0.10716;
0.108504;
0.116952;
0.117721;
0.108016;
0.108013;
0.108941;
0.109937;
0.108781;
0.107762;
0.108589;
0.108795;
0.10714;
0.109071;
0.107482;
0.108828;
0.107543;
0.107;
0.109183;
0.108096;
0.105951;
0.108178;
0.107504;
0.109642;
0.108291;
0.108259;
0.107977;
0.107724;
0.109051;
0.106888;
0.108887;
0.121329;
0.107752;
0.106305;
0.108314;
0.107712;
0.111312;
0.106267;
0.108323;
0.110679;
0.109424;
0.108634;
0.110861;
0.121428;
0.107947;
0.108327;
0.107849;
0.108684;
0.109008;
0.108413;
0.107709;
0.108381;
0.106626;
0.109793;
0.107464;
0.109843;
0.106488;
0.109604;
0.109424;
0.112998;
0.108323;
0.106963;
0.10949;
0.107791;
0.108476;
0.107764;
0.106485;
0.10786;
0.110764;
0.111315;
0.10774;
0.108048;
0.109548;
0.108291;
0.111888;
0.108657;
0.106588;
0.10825;
0.108136;
0.108249;
0.108043;
0.109478;
0.107479;
0.109789;
0.109813;
0.108209;
0.110477;
0.108288;
0.10781;
0.109652;
0.10734;
0.107132;
0.109825;
0.110729;
0.107428;
0.108728;
0.110364;
0.107387;
0.110871;
0.109619;
0.107047;
0.108694;
0.109481;
0.108415;
0.107841;
0.108683;
0.109202;
0.107039;
0.107443;
0.110409;
0.104967;
0.108908;
0.106583;
0.108634;
0.110389;
0.105058;
0.110392;
0.105395;
0.10964;
0.108593;
0.110127;
0.109211;
0.107808;
0.109878;
0.110112;
0.107557;
0.108782;
0.105717;
0.108704;
0.107971;
0.107872;
0.110028;
0.110203;
0.10898;
0.109833;
0.110487;
0.104248;
0.108121;
0.108966;
0.108353;
0.107489;
0.108008;
0.108039;
0.109283;
0.109363;
0.110574;
0.108325;
0.124475;
0.107525;
0.110197;
0.109483;
0.108497;
0.110984;
0.107264;
0.107502;
0.10784;
0.107854;
0.111378;
0.105233;
0.111091;
0.102531;
0.110973;
0.10829;
0.109669;
0.109234;
0.109991;
0.106101;
0.111094;
0.110429;
0.109401;
0.109894;
0.107912;
0.107062;
0.110034;
0.106207;
0.107359;
0.108852;
0.107849;
0.110317;
0.106423;
0.109333;
0.106163;
0.108446;
0.107725;
0.107679;
0.10875;
0.105325;
0.108886;
0.107636;
0.10855;
0.108167;
0.108261;
0.110167;
0.108471;
0.109339;
0.108003;
0.108082;
0.108848;
0.108029;
0.10803;
0.109628;
