0.0296695, 6;
0.0154667, 6;
0.017227, 6;
0.0144365, 6;
0.014925, 6;
0.0150034, 6;
0.0170133, 6;
0.0151857, 6;
0.0148537, 6;
0.0159189, 6;
0.0155303, 6;
0.0155137, 6;
0.0156177, 6;
0.0162979, 6;
0.0156313, 6;
0.0169666, 6;
0.0141704, 6;
0.0150358, 6;
0.0149176, 6;
0.0151585, 6;
0.0153023, 6;
0.0160881, 6;
0.0146553, 6;
0.0161664, 6;
0.015371, 6;
0.0153865, 6;
0.0154537, 6;
0.0166906, 6;
0.0149672, 6;
0.0149134, 6;
0.0153249, 6;
0.0146205, 6;
0.0149203, 6;
0.0149505, 6;
0.0160526, 6;
0.0159469, 6;
0.0155941, 6;
0.015479, 6;
0.0155653, 6;
0.0155088, 6;
0.0159765, 6;
0.0160827, 6;
0.0161149, 6;
0.0150615, 6;
0.0158117, 6;
0.0152551, 6;
0.0156597, 6;
0.0159396, 6;
0.0156157, 6;
0.0150784, 6;
0.0154864, 6;
0.0155039, 6;
0.0159982, 6;
0.0147246, 6;
0.0153083, 6;
0.0155342, 6;
0.0152118, 6;
0.0194089, 6;
0.0124801, 6;
0.0154877, 6;
0.0166391, 6;
0.0143211, 6;
0.0156719, 6;
0.0158219, 6;
0.0157715, 6;
0.0155628, 6;
0.0147232, 6;
0.0153436, 6;
0.0157002, 6;
0.0171822, 6;
0.0144061, 6;
0.0165081, 6;
0.0136945, 6;
0.015217, 6;
0.0162047, 6;
0.0155502, 6;
0.0158858, 6;
0.0155239, 6;
0.0156867, 6;
0.0153987, 6;
0.0157102, 6;
0.0162826, 6;
0.0162929, 6;
0.0128464, 6;
0.0155131, 6;
0.0155798, 6;
0.0152725, 6;
0.0155952, 6;
0.01499, 6;
0.0150623, 6;
0.0151651, 6;
0.0161018, 6;
0.0153768, 6;
0.0152735, 6;
0.0156359, 6;
0.015801, 6;
0.014142, 6;
0.0159548, 6;
0.0151895, 6;
0.0152531, 6;
0.0157359, 6;
0.015797, 6;
0.0152866, 6;
0.0148233, 6;
0.0152724, 6;
0.0155461, 6;
0.0151779, 6;
0.0155927, 6;
0.0160091, 6;
0.0174987, 6;
0.0146, 6;
0.0151652, 6;
0.0159404, 6;
0.0152297, 6;
0.015734, 6;
0.0149618, 6;
0.0150753, 6;
0.0162327, 6;
0.0148421, 6;
0.0157731, 6;
0.0154472, 6;
0.0147537, 6;
0.0157994, 6;
0.0143811, 6;
0.0154185, 6;
0.0153996, 6;
0.0155571, 6;
0.0150772, 6;
0.0154171, 6;
0.0155829, 6;
0.0157973, 6;
0.0162235, 6;
0.0144599, 6;
0.0155251, 6;
0.0158222, 6;
0.0171107, 6;
0.0135667, 6;
0.0166851, 6;
0.014153, 6;
0.0155416, 6;
0.015578, 6;
0.0147315, 6;
0.0149965, 6;
0.0158869, 6;
0.0154367, 6;
0.0144597, 6;
0.0156935, 6;
0.0145528, 6;
0.0150598, 6;
0.0161479, 6;
0.0145778, 6;
0.0154061, 6;
0.0146637, 6;
0.0156906, 6;
0.0156765, 6;
0.0160379, 6;
0.0150973, 6;
0.0155486, 6;
0.0149595, 6;
0.0149894, 6;
0.0157713, 6;
0.016077, 6;
0.0147199, 6;
0.0148803, 6;
0.016194, 6;
0.0155715, 6;
0.0160834, 6;
0.0159606, 6;
0.0152799, 6;
0.0157399, 6;
0.0160245, 6;
0.0148833, 6;
0.0147529, 6;
0.0153117, 6;
0.0157048, 6;
0.0152325, 6;
0.0152766, 6;
0.0156695, 6;
0.0151062, 6;
0.0158716, 6;
0.0153164, 6;
0.0159586, 6;
0.0151597, 6;
0.0158476, 6;
0.0154024, 6;
0.0160098, 6;
0.016264, 6;
0.0143505, 6;
0.015294, 6;
0.0163491, 6;
0.0152491, 6;
0.0159294, 6;
0.0153855, 6;
0.0177867, 6;
0.0157655, 6;
0.014376, 6;
0.0151891, 6;
0.0160485, 6;
0.0155675, 6;
0.0164203, 6;
0.0156423, 6;
0.0162413, 6;
0.0150099, 6;
0.0154995, 6;
0.0154952, 6;
0.0156043, 6;
0.0160431, 6;
0.015799, 6;
0.015275, 6;
0.0149893, 6;
0.0155507, 6;
0.0156098, 6;
0.0146173, 6;
0.0154797, 6;
0.0161408, 6;
0.0159827, 6;
0.0167825, 6;
0.0149262, 6;
0.0150533, 6;
0.0151617, 6;
0.0161214, 6;
0.015711, 6;
0.0150284, 6;
0.0152301, 6;
0.0153766, 6;
0.0166352, 6;
0.0139983, 6;
0.0159175, 6;
0.0160548, 6;
0.0165798, 6;
0.0153042, 6;
0.0147471, 6;
0.0147019, 6;
0.0156434, 6;
0.0159205, 6;
0.015708, 6;
0.0158472, 6;
0.0152384, 6;
0.0152436, 6;
0.01602, 6;
0.0157746, 6;
0.017054, 6;
0.0135635, 6;
0.0155879, 6;
0.0149625, 6;
0.0150108, 6;
0.0165281, 6;
0.0147707, 6;
0.0148015, 6;
0.0156373, 6;
0.0156847, 6;
0.0157919, 6;
0.0151297, 6;
0.0156224, 6;
0.0155502, 6;
0.0159557, 6;
0.0148386, 6;
0.0155099, 6;
0.0154951, 6;
0.0201944, 6;
0.0109999, 6;
0.0160639, 6;
0.0150949, 6;
0.0155112, 6;
0.0144348, 6;
0.0157883, 6;
0.0151232, 6;
0.0159529, 6;
0.0154856, 6;
0.0150529, 6;
0.0151145, 6;
0.0168701, 6;
0.0142113, 6;
0.0159891, 6;
0.0160926, 6;
0.0148541, 6;
0.0148521, 6;
0.0150457, 6;
0.0154762, 6;
0.0154027, 6;
0.0168824, 6;
0.0146579, 6;
0.0150313, 6;
0.015398, 6;
0.015533, 6;
0.015798, 6;
0.0154279, 6;
0.0151222, 6;
0.0159857, 6;
0.0147321, 6;
0.0153147, 6;
0.015048, 6;
0.0159852, 6;
0.0154539, 6;
0.0154462, 6;
0.0150197, 6;
0.0157975, 6;
0.0161014, 6;
0.015167, 6;
0.0154137, 6;
0.0150881, 6;
0.0157898, 6;
0.0152259, 6;
0.0150959, 6;
0.0157685, 6;
0.0167973, 6;
0.0143972, 6;
0.0153072, 6;
0.0147249, 6;
0.0157963, 6;
0.0155911, 6;
0.0160402, 6;
0.0189624, 6;
0.0113627, 6;
0.0149991, 6;
0.0156847, 6;
0.0159172, 6;
0.014799, 6;
0.0152559, 6;
0.0156667, 6;
0.0151709, 6;
0.0161822, 6;
0.0156939, 6;
0.0148651, 6;
0.0146784, 6;
0.0149507, 6;
0.0152192, 6;
0.0167445, 6;
0.0151896, 6;
0.0159773, 6;
0.0159868, 6;
0.015969, 6;
0.0153527, 6;
0.0150155, 6;
0.0148342, 6;
0.0155241, 6;
0.0162216, 6;
0.0142726, 6;
0.0149502, 6;
0.0149627, 6;
0.0160756, 6;
0.0144611, 6;
0.0159533, 6;
0.0152199, 6;
0.0159467, 6;
0.0160022, 6;
0.0150938, 6;
0.0170422, 6;
0.0149005, 6;
0.0170192, 6;
0.0129196, 6;
0.0146977, 6;
0.0157326, 6;
0.0171686, 6;
0.0134564, 6;
0.0156849, 6;
0.0148183, 6;
0.0150149, 6;
0.0156034, 6;
0.0149015, 6;
0.0160963, 6;
0.0160347, 6;
0.0154393, 6;
0.0147167, 6;
0.0157576, 6;
0.015687, 6;
0.0148731, 6;
0.0158705, 6;
0.0160656, 6;
0.0159856, 6;
0.0159254, 6;
0.0156742, 6;
0.0154499, 6;
0.0150958, 6;
0.015774, 6;
0.0154834, 6;
0.0151148, 6;
0.0173517, 6;
0.0135951, 6;
0.0155266, 6;
0.0155355, 6;
0.0159785, 6;
0.0145321, 6;
0.0150239, 6;
0.0151347, 6;
0.0152713, 6;
0.015791, 6;
0.0156288, 6;
0.0151169, 6;
0.0151292, 6;
0.0152163, 6;
0.0149566, 6;
0.016022, 6;
0.0152606, 6;
0.014591, 6;
0.0154442, 6;
0.015825, 6;
0.0156785, 6;
0.0150887, 6;
0.0154792, 6;
0.0156696, 6;
0.0156736, 6;
0.0154322, 6;
0.0152323, 6;
0.0155141, 6;
0.0154668, 6;
0.0175815, 6;
0.013121, 6;
0.0159989, 6;
0.0145549, 6;
0.0152368, 6;
0.0160568, 6;
0.0160672, 6;
0.0160484, 6;
0.0157828, 6;
0.0156247, 6;
0.0152641, 6;
0.0157834, 6;
0.0157409, 6;
0.0154669, 6;
0.0147727, 6;
0.0154117, 6;
0.016133, 6;
0.0151655, 6;
0.0151355, 6;
0.0152743, 6;
0.014875, 6;
0.0150696, 6;
0.015565, 6;
0.0163004, 6;
0.0141915, 6;
0.0154432, 6;
0.0151019, 6;
0.0157383, 6;
0.015802, 6;
0.0163204, 6;
0.0139736, 6;
0.015927, 6;
0.0150289, 6;
0.0148372, 6;
0.0155487, 6;
0.0155939, 6;
0.0148299, 6;
0.0155143, 6;
0.0153546, 6;
0.0161343, 6;
0.0147618, 6;
0.0171093, 6;
0.0131382, 6;
0.015222, 6;
0.0150521, 6;
0.0152107, 6;
0.0158732, 6;
0.0160299, 6;
0.0141592, 6;
0.015562, 6;
0.0160478, 6;
0.015115, 6;
0.0151426, 6;
0.0157624, 6;
0.0156544, 6;
0.0159245, 6;
0.0201393, 6;
0.0109315, 6;
0.0154775, 6;
0.0159521, 6;
0.0157584, 6;
0.0149898, 6;
0.0151404, 6;
0.0152466, 6;
0.0155994, 6;
0.0158517, 6;
0.0151658, 6;
0.0160451, 6;
0.0148742, 6;
0.0153829, 6;
0.0165227, 6;
0.0138857, 6;
0.0151606, 6;
0.0156146, 6;
0.0152463, 6;
0.0154849, 6;
0.0154055, 6;
0.0157554, 6;
0.0151115, 6;
0.015857, 6;
0.0157031, 6;
0.0155748, 6;
0.0156235, 6;
0.0173822, 6;
0.0136768, 6;
0.0151106, 6;
0.0159303, 6;
0.0156857, 6;
0.0156262, 6;
0.0155274, 6;
0.0159632, 6;
0.014966, 6;
0.0148598, 6;
0.0152094, 6;
0.0159281, 6;
0.0158333, 6;
0.0144781, 6;
0.0147035, 6;
0.0156476, 6;
0.0147638, 6;
0.0148536, 6;
0.0157811, 6;
0.0152088, 6;
0.0147726, 6;
0.0151757, 6;
0.0147289, 6;
0.0151582, 6;
0.0153993, 6;
0.0158652, 6;
0.0160746, 6;
0.0166325, 6;
0.0132889, 6;
0.0154587, 6;
0.0146063, 6;
0.0155794, 6;
0.0152487, 6;
0.0154625, 6;
0.0149622, 6;
0.0149951, 6;
0.0154372, 6;
0.0156423, 6;
0.0153028, 6;
0.0158481, 6;
0.0150018, 6;
0.0146365, 6;
0.0149364, 6;
0.0159055, 6;
0.0151797, 6;
0.0157263, 6;
0.0153445, 6;
0.0159718, 6;
0.0158226, 6;
0.0156775, 6;
0.0152813, 6;
0.0147941, 6;
0.0157531, 6;
0.0168838, 6;
0.0147449, 6;
0.0146647, 6;
0.015488, 6;
0.0154354, 6;
0.0155699, 6;
0.0154774, 6;
0.0155331, 6;
0.0157679, 6;
0.0167994, 6;
0.0136775, 6;
0.015666, 6;
0.0152955, 6;
0.0158213, 6;
0.0159611, 6;
0.0156492, 6;
0.0161953, 6;
0.0151186, 6;
0.0156311, 6;
0.0154211, 6;
0.0156116, 6;
0.0157351, 6;
0.0152908, 6;
0.0153233, 6;
0.0153439, 6;
0.0149828, 6;
0.0158458, 6;
0.0157314, 6;
0.0159101, 6;
0.015857, 6;
0.0154906, 6;
0.0153427, 6;
0.0151565, 6;
0.0155604, 6;
0.015269, 6;
0.0149335, 6;
0.0150801, 6;
0.0158774, 6;
0.0149644, 6;
0.015052, 6;
0.0158091, 6;
0.0150788, 6;
0.0152139, 6;
0.0152844, 6;
0.0160968, 6;
0.0155254, 6;
0.0150533, 6;
0.0158568, 6;
0.0149703, 6;
0.0157682, 6;
0.0152278, 6;
0.0157981, 6;
0.0152043, 6;
0.0153345, 6;
0.015495, 6;
0.0161422, 6;
0.0154176, 6;
0.0160437, 6;
0.0154188, 6;
0.0154729, 6;
0.0154475, 6;
0.0159745, 6;
0.0152105, 6;
0.0147457, 6;
0.0150577, 6;
0.0158858, 6;
0.0149163, 6;
0.015979, 6;
0.0148945, 6;
0.0150406, 6;
0.0159802, 6;
0.0159769, 6;
0.0151042, 6;
0.0151289, 6;
0.0156758, 6;
0.0151754, 6;
0.0157458, 6;
0.0158805, 6;
0.0152196, 6;
0.0157575, 6;
0.0153284, 6;
0.0157114, 6;
0.0151101, 6;
0.0149879, 6;
0.0150869, 6;
0.0154929, 6;
0.0154313, 6;
0.0152613, 6;
0.0156683, 6;
0.0150394, 6;
0.0160004, 6;
0.0160828, 6;
0.0159097, 6;
0.0154827, 6;
0.0153283, 6;
0.015656, 6;
0.0149754, 6;
0.0150475, 6;
0.0158981, 6;
0.0150572, 6;
0.0158236, 6;
0.0158812, 6;
0.0158629, 6;
0.0157974, 6;
0.0153542, 6;
0.0153705, 6;
0.0150446, 6;
0.0153395, 6;
0.0158056, 6;
0.0153327, 6;
0.0151123, 6;
0.0151337, 6;
0.015331, 6;
0.0158153, 6;
0.0151571, 6;
0.0148255, 6;
0.0152975, 6;
0.0153813, 6;
0.0160077, 6;
0.0151678, 6;
0.0159665, 6;
0.0151516, 6;
0.0154964, 6;
0.0151807, 6;
0.0160104, 6;
0.0154355, 6;
0.0157019, 6;
0.0157507, 6;
0.0154471, 6;
0.0151516, 6;
0.0157467, 6;
0.0150917, 6;
0.0158546, 6;
0.0149071, 6;
0.0150045, 6;
0.0150661, 6;
0.015497, 6;
0.0160645, 6;
0.0155175, 6;
0.0156917, 6;
0.0158589, 6;
0.015734, 6;
0.0160858, 6;
0.0151017, 6;
0.0155378, 6;
0.0154734, 6;
0.0158602, 6;
0.0151622, 6;
0.0155991, 6;
0.014925, 6;
0.0159394, 6;
0.0151042, 6;
0.0158833, 6;
0.0150777, 6;
0.0153703, 6;
0.0153474, 6;
0.0161434, 6;
0.0153461, 6;
0.0156149, 6;
0.0149759, 6;
0.0160509, 6;
0.0152953, 6;
0.0160631, 6;
0.0159493, 6;
0.0154288, 6;
0.0160583, 6;
0.0152856, 6;
0.0151349, 6;
0.0154115, 6;
0.0154265, 6;
0.0152056, 6;
0.0152252, 6;
0.0157032, 6;
0.0149254, 6;
0.0155558, 6;
0.0153415, 6;
0.0152004, 6;
0.0159952, 6;
0.0157076, 6;
0.0152423, 6;
0.0147563, 6;
0.0156374, 6;
0.015316, 6;
0.0152324, 6;
0.0152588, 6;
0.0155156, 6;
0.0150858, 6;
0.0154836, 6;
0.0153943, 6;
0.0150264, 6;
0.015705, 6;
0.0159769, 6;
0.0154913, 6;
0.0156989, 6;
0.0152927, 6;
0.0153641, 6;
0.0153051, 6;
0.0155599, 6;
0.0156934, 6;
0.0155193, 6;
0.015483, 6;
0.0158903, 6;
0.0153306, 6;
0.0152698, 6;
0.0156258, 6;
0.0152626, 6;
0.015107, 6;
0.0153311, 6;
0.0155534, 6;
0.0154025, 6;
0.0152827, 6;
0.0159562, 6;
0.015678, 6;
0.0156243, 6;
0.0157552, 6;
0.0150592, 6;
0.0149267, 6;
0.0150131, 6;
0.0152384, 6;
0.014858, 6;
0.0153017, 6;
0.0155112, 6;
0.0150676, 6;
0.0157666, 6;
0.0159621, 6;
0.0156618, 6;
0.015651, 6;
0.0154039, 6;
0.0155599, 6;
0.0160415, 6;
0.0158692, 6;
0.0158284, 6;
0.0158695, 6;
0.0152757, 6;
0.0151063, 6;
0.0148514, 6;
0.0152375, 6;
0.0156328, 6;
0.0155362, 6;
0.0150293, 6;
0.0158858, 6;
0.0155296, 6;
0.0156671, 6;
0.0149183, 6;
0.014634, 6;
0.0152827, 6;
0.0151432, 6;
0.0154771, 6;
0.0158761, 6;
0.0157734, 6;
0.0147801, 6;
0.0151596, 6;
0.0151855, 6;
0.0152136, 6;
0.0153044, 6;
0.0156175, 6;
0.0154663, 6;
0.0148785, 6;
0.0149896, 6;
0.015994, 6;
0.0151225, 6;
0.0160918, 6;
0.0154298, 6;
0.0152322, 6;
0.0151319, 6;
0.0149517, 6;
0.0146827, 6;
0.0152366, 6;
0.0158229, 6;
0.0159214, 6;
0.0159689, 6;
0.0159968, 6;
0.0159825, 6;
0.0155577, 6;
0.0155776, 6;
0.014913, 6;
0.0148667, 6;
0.015711, 6;
0.0155038, 6;
0.0157432, 6;
0.0161612, 6;
0.0159393, 6;
0.0162161, 6;
0.0153317, 6;
0.0152828, 6;
0.014991, 6;
0.0160809, 6;
0.0154708, 6;
0.0154771, 6;
0.0152981, 6;
0.0155328, 6;
0.0153802, 6;
0.0156524, 6;
0.0155364, 6;
0.01517, 6;
0.0161216, 6;
0.0157795, 6;
0.0155463, 6;
0.015516, 6;
0.0154622, 6;
0.0150413, 6;
0.0157287, 6;
0.0149888, 6;
0.0158434, 6;
0.0152964, 6;
0.0148573, 6;
0.0148687, 6;
0.0158152, 6;
0.0150958, 6;
0.0150625, 6;
0.0150406, 6;
0.0159984, 6;
0.0151481, 6;
0.0154557, 6;
0.0155267, 6;
0.0156185, 6;
0.0155964, 6;
0.0155241, 6;
0.0156752, 6;
0.0155734, 6;
0.0157002, 6;
0.0158784, 6;
0.0159999, 6;
0.0153245, 6;
0.0153195, 6;
0.0154779, 6;
0.0151381, 6;
0.0157014, 6;
0.0151664, 6;
0.0160661, 6;
0.0157823, 6;
0.0159137, 6;
0.0159948, 6;
0.0152889, 6;
0.0152849, 6;
0.0157914, 6;
0.0157028, 6;
0.0149445, 6;
0.0152488, 6;
0.0158135, 6;
0.0159007, 6;
0.0160394, 6;
0.0152428, 6;
0.0158084, 6;
0.0155499, 6;
0.0157866, 6;
0.0152527, 6;
0.0156832, 6;
0.0153892, 6;
0.015003, 6;
0.014713, 6;
0.0150036, 6;
0.0159564, 6;
0.0149708, 6;
0.0154656, 6;
0.0151014, 6;
0.0160263, 6;
0.0159991, 6;
0.0155949, 6;
0.0157305, 6;
0.0151701, 6;
0.0152754, 6;
0.0158599, 6;
0.0155432, 6;
0.0149943, 6;
0.0149906, 6;
0.0159779, 6;
0.0159499, 6;
0.0159549, 6;
0.0152689, 6;
0.0152727, 6;
0.0157707, 6;
0.0150204, 6;
0.0156927, 6;
0.0160418, 6;
0.0159392, 6;
0.0156597, 6;
0.0155757, 6;
0.016004, 6;
0.015807, 6;
0.0151203, 6;
0.015676, 6;
0.0149777, 6;
0.0149918, 6;
0.015802, 6;
0.0159811, 6;
0.0153037, 6;
0.0152035, 6;
0.0160233, 6;
0.0151051, 6;
0.0152781, 6;
0.0152144, 6;
0.0153397, 6;
0.0159859, 6;
0.0156301, 6;
0.0153056, 6;
0.0149189, 6;
0.0150398, 6;
0.0159765, 6;
0.0154113, 6;
0.0155068, 6;
0.015917, 6;
0.015992, 6;
0.0159919, 6;
0.0159093, 6;
0.0151687, 6;
0.0159586, 6;
0.0149764, 6;
0.0152555, 6;
0.0160362, 6;
0.0152012, 6;
0.0160081, 6;
0.0152997, 6;
0.015141, 6;
0.0154578, 6;
0.0151112, 6;
0.0153037, 6;
0.0158904, 6;
0.0159602, 6;
0.0153044, 6;
0.0159775, 6;
0.0155662, 6;
0.015407, 6;
0.0156452, 6;
0.0151611, 6;
0.0158872, 6;
0.0156422, 6;
0.0156141, 6;
0.0155076, 6;
0.0148918, 6;
0.015148, 6;
0.0152753, 6;
0.0151262, 6;
0.0156563, 6;
0.0154924, 6;
0.0154199, 6;
0.0157261, 6;
0.0151758, 6;
0.0157004, 6;
0.0146506, 6;
0.0154627, 6;
0.0158291, 6;
0.0159616, 6;
0.0152809, 6;
0.0161126, 6;
0.0149127, 6;
0.0150442, 6;
0.0156002, 6;
0.0152061, 6;
0.0152374, 6;
0.0152041, 6;
0.0158465, 6;
0.0149085, 6;
0.0150618, 6;
0.0159637, 6;
0.0149773, 6;
0.0146287, 6;
0.0153305, 6;
0.0159541, 6;
0.0154889, 6;
0.0149571, 6;
0.0149725, 6;
0.0151872, 6;
0.0160629, 6;
0.0156324, 6;
0.015305, 6;
0.0152055, 6;
0.0151881, 6;
0.0155685, 6;
0.015023, 6;
0.0158973, 6;
0.015129, 6;
0.0150394, 6;
0.0154671, 6;
0.0150379, 6;
0.0159257, 6;
0.0159244, 6;
0.0154657, 6;
0.0152085, 6;
0.0158722, 6;
0.0154013, 6;
0.0152901, 6;
0.0158489, 6;
0.0148268, 6;
0.0154965, 6;
0.0159752, 6;
0.0152811, 6;
0.0151716, 6;
0.0156814, 6;
0.0149376, 6;
0.0160771, 6;
0.0148949, 6;
0.0147695, 6;
0.0151374, 6;
0.0159354, 6;
0.0153769, 6;
0.0152913, 6;
0.0156575, 6;
0.0155828, 6;
0.0154571, 6;
0.0149233, 6;
0.0155282, 6;
0.0156955, 6;
0.0153478, 6;
0.0159192, 6;
0.0151222, 6;
0.0152756, 6;
0.0153837, 6;
0.0155702, 6;
0.0156548, 6;
0.0149865, 6;
0.015111, 6;
0.0151842, 6;
0.0155343, 6;
0.0152286, 6;
0.0148917, 6;
0.0155746, 6;
0.0153429, 6;
0.0156063, 6;
0.0154811, 6;
0.015247, 6;
0.0161366, 6;
0.0150187, 6;
0.0151223, 6;
0.0159917, 6;
0.0157987, 6;
0.0160295, 6;
0.0159091, 6;
0.015033, 6;
0.015368, 6;
0.0155729, 6;
0.0152401, 6;
0.0151271, 6;
0.0156914, 6;
0.0152195, 6;
0.0157194, 6;
0.0151134, 6;
0.0151882, 6;
0.0160661, 6;
0.01574, 6;
0.0151674, 6;
0.0149583, 6;
0.0153019, 6;
0.0153278, 6;
0.0158413, 6;
0.0152961, 6;
0.0158481, 6;
0.0149698, 6;
0.0153374, 6;
0.0155351, 6;
0.0152816, 6;
0.0155693, 6;
0.0155037, 6;
0.0159691, 6;
0.0159134, 6;
0.0160213, 6;
0.0159687, 6;
0.0160219, 6;
0.0155496, 6;
0.0150046, 6;
0.0157752, 6;
0.01537, 6;
0.0157769, 6;
0.0154099, 6;
0.0149961, 6;
0.0159631, 6;
0.0157847, 6;
0.0145668, 6;
0.0160215, 6;
0.015937, 6;
0.0159925, 6;
0.0158472, 6;
0.0152215, 6;
0.0159158, 6;
0.0152439, 6;
0.0160154, 6;
0.0159455, 6;
0.0161665, 6;
0.0153256, 6;
0.0152035, 6;
0.0156269, 6;
0.0152733, 6;
0.0160042, 6;
0.0151913, 6;
0.0158597, 6;
0.0149382, 6;
0.0151822, 6;
0.015735, 6;
0.0152487, 6;
0.016023, 6;
0.0153381, 6;
0.0153669, 6;
0.0150955, 6;
0.0155957, 6;
0.0146967, 6;
0.0150089, 6;
0.0157168, 6;
0.0156904, 6;
0.0155283, 6;
0.0153132, 6;
0.0156655, 6;
0.0154788, 6;
0.0153751, 6;
0.0160355, 6;
0.0157103, 6;
0.0158799, 6;
0.015455, 6;
0.0159113, 6;
0.0154016, 6;
0.0151519, 6;
0.015602, 6;
0.0158672, 6;
0.0154753, 6;
0.0159257, 6;
0.0160021, 6;
0.0159014, 6;
0.0152539, 6;
0.014729, 6;
0.0157624, 6;
0.0151195, 6;
0.0150388, 6;
0.0158878, 6;
0.0161337, 6;
0.0154182, 6;
0.0154553, 6;
0.0154488, 6;
0.0154243, 6;
0.0151847, 6;
0.0156199, 6;
0.0154217, 6;
0.0154987, 6;
0.0154709, 6;
0.0157851, 6;
0.0152457, 6;
0.0155113, 6;
0.014922, 6;
0.0147755, 6;
0.0152494, 6;
0.0157378, 6;
0.0152516, 6;
0.0152689, 6;
0.0158714, 6;
0.0157263, 6;
0.0154695, 6;
0.0159688, 6;
0.0155142, 6;
0.0154609, 6;
0.0153367, 6;
0.0147643, 6;
0.0155856, 6;
0.0159824, 6;
0.0159546, 6;
0.0159839, 6;
0.016004, 6;
0.0159566, 6;
0.0151739, 6;
0.0157343, 6;
0.0152854, 6;
0.0151719, 6;
0.0158113, 6;
0.0150734, 6;
0.0156206, 6;
0.0159793, 6;
0.0152367, 6;
0.0151501, 6;
0.0153787, 6;
0.0151582, 6;
0.016031, 6;
0.0152551, 6;
0.0157403, 6;
0.0157043, 6;
0.0154583, 6;
0.0160364, 6;
0.0158688, 6;
0.0161737, 6;
0.0147579, 6;
0.0160111, 6;
0.0144602, 6;
0.015462, 6;
0.0155288, 6;
0.0154989, 6;
0.0154137, 6;
0.0154995, 6;
0.0155133, 6;
0.0158857, 6;
0.0151881, 6;
0.0150164, 6;
0.0151191, 6;
0.0160895, 6;
0.0158141, 6;
0.0150746, 6;
0.0152691, 6;
0.0154664, 6;
0.0154814, 6;
0.0153488, 6;
0.0153319, 6;
0.0157445, 6;
0.0155084, 6;
0.0155368, 6;
0.0154318, 6;
0.0149186, 6;
0.0147725, 6;
0.0152112, 6;
0.0157205, 6;
0.0159911, 6;
0.0151906, 6;
0.0159782, 6;
0.0160174, 6;
0.0153867, 6;
0.0151776, 6;
0.0153528, 6;
0.0157174, 6;
0.0152049, 6;
0.0152704, 6;
0.0148866, 6;
0.015602, 6;
0.0150318, 6;
0.0160304, 6;
0.0148754, 6;
0.0151464, 6;
0.0160773, 6;
0.0158624, 6;
0.0153589, 6;
0.0155435, 6;
0.0147721, 6;
0.0153037, 6;
0.0159602, 6;
0.014577, 6;
0.0160167, 6;
0.0156572, 6;
0.015884, 6;
0.0151934, 6;
0.0154674, 6;
0.0159137, 6;
0.0159289, 6;
0.0151479, 6;
0.0155836, 6;
0.0150995, 6;
0.0155625, 6;
0.015607, 6;
0.0156363, 6;
0.0153417, 6;
0.0150188, 6;
0.0159083, 6;
0.0155667, 6;
0.0152096, 6;
0.0160062, 6;
0.0148969, 6;
0.015309, 6;
0.0158088, 6;
0.0152281, 6;
0.015073, 6;
0.0147426, 6;
0.0155354, 6;
0.015905, 6;
0.0152536, 6;
0.0159806, 6;
0.0159485, 6;
0.0159552, 6;
0.0159886, 6;
0.0151995, 6;
0.014717, 6;
0.0151265, 6;
0.0151061, 6;
0.0153171, 6;
0.0159551, 6;
0.0149282, 6;
0.0149979, 6;
0.0148179, 6;
0.0155887, 6;
0.0155143, 6;
0.0154842, 6;
0.0159391, 6;
0.0152403, 6;
0.0153399, 6;
0.0159179, 6;
0.0147773, 6;
0.0149886, 6;
0.0161359, 6;
0.0150959, 6;
0.0160106, 6;
0.0152585, 6;
0.0153228, 6;
0.0160306, 6;
0.0158652, 6;
0.0157191, 6;
0.0151774, 6;
0.0151385, 6;
0.0159712, 6;
0.0151361, 6;
0.0159327, 6;
0.0148903, 6;
0.0156117, 6;
0.0154852, 6;
0.0149695, 6;
0.015438, 6;
0.0156044, 6;
0.0156261, 6;
0.0158873, 6;
0.0154472, 6;
0.0154081, 6;
0.0152297, 6;
0.0153669, 6;
0.0155808, 6;
0.0152077, 6;
0.0157729, 6;
0.0155262, 6;
0.0155441, 6;
0.014953, 6;
0.01553, 6;
0.0173036, 6;
0.0144963, 6;
0.0153121, 6;
0.0152876, 6;
0.0159816, 6;
0.015646, 6;
0.0157955, 6;
0.0153622, 6;
0.0149243, 6;
0.0152519, 6;
0.0158325, 6;
0.0149757, 6;
0.0148667, 6;
0.0156532, 6;
0.0159011, 6;
0.0153352, 6;
0.0149545, 6;
0.0151742, 6;
0.0154634, 6;
0.016044, 6;
0.0151163, 6;
0.0152255, 6;
0.0160004, 6;
0.0161616, 6;
0.01569, 6;
0.0160223, 6;
0.0156804, 6;
0.0147668, 6;
0.0155273, 6;
0.0159869, 6;
0.0159036, 6;
0.0151859, 6;
0.0149474, 6;
0.0159967, 6;
0.0156894, 6;
0.0159911, 6;
0.0159344, 6;
0.015244, 6;
0.0158727, 6;
0.0155661, 6;
0.0151803, 6;
0.0151641, 6;
0.0158002, 6;
0.0152207, 6;
0.015684, 6;
0.0152156, 6;
0.0155638, 6;
0.0152329, 6;
0.0153666, 6;
0.0156772, 6;
0.0157286, 6;
0.0152011, 6;
0.0153603, 6;
0.0154027, 6;
0.0151573, 6;
0.015313, 6;
0.0153645, 6;
0.0154288, 6;
0.0159618, 6;
0.0148268, 6;
0.0153163, 6;
0.0159074, 6;
0.0151994, 6;
0.0157507, 6;
0.0159176, 6;
0.0149946, 6;
0.0158432, 6;
0.0150049, 6;
0.0159992, 6;
0.0154526, 6;
0.0153636, 6;
0.0150546, 6;
0.0156047, 6;
0.015566, 6;
0.0152066, 6;
0.0156305, 6;
0.0158461, 6;
0.0160418, 6;
0.0160181, 6;
0.0153632, 6;
0.0156483, 6;
0.015149, 6;
0.0146425, 6;
0.0151748, 6;
0.0150661, 6;
0.015176, 6;
0.0157871, 6;
0.0159671, 6;
0.015124, 6;
0.0158971, 6;
0.0151317, 6;
0.0148026, 6;
0.0152797, 6;
0.0152947, 6;
0.0152725, 6;
0.0147194, 6;
0.0155429, 6;
0.0156221, 6;
0.0151717, 6;
0.0158759, 6;
0.01556, 6;
0.0151634, 6;
0.0158954, 6;
0.0158769, 6;
0.0154474, 6;
0.0157908, 6;
0.0161873, 6;
0.0149861, 6;
0.0151147, 6;
0.0160269, 6;
0.0154605, 6;
0.0152608, 6;
0.0150824, 6;
0.016075, 6;
0.0151193, 6;
0.0151392, 6;
0.0157246, 6;
0.0151776, 6;
0.0153514, 6;
0.0154853, 6;
0.0157818, 6;
0.0155858, 6;
0.0160628, 6;
0.0159025, 6;
0.0159924, 6;
0.0159813, 6;
0.0159474, 6;
0.0151752, 6;
0.0154832, 6;
0.0151242, 6;
0.0159829, 6;
0.015364, 6;
0.0152582, 6;
0.0150899, 6;
0.0160203, 6;
0.0159485, 6;
0.0160047, 6;
0.0159674, 6;
0.0157784, 6;
0.0150798, 6;
0.0159801, 6;
0.0150555, 6;
0.0160369, 6;
0.0154017, 6;
0.0159098, 6;
0.0147743, 6;
0.0149709, 6;
0.0156316, 6;
0.0161052, 6;
0.015267, 6;
0.0159794, 6;
0.0160107, 6;
0.0159734, 6;
0.0159999, 6;
0.0155365, 6;
0.0160646, 6;
0.016087, 6;
0.015016, 6;
0.0160696, 6;
0.0148904, 6;
0.0150439, 6;
0.0150117, 6;
0.015531, 6;
0.0156572, 6;
0.0150291, 6;
0.0155268, 6;
0.0161165, 6;
0.0155811, 6;
0.0149035, 6;
0.0149688, 6;
0.0149815, 6;
0.0159439, 6;
0.0149765, 6;
0.0149874, 6;
0.0150131, 6;
0.0149112, 6;
0.0160138, 6;
0.0159745, 6;
0.0159823, 6;
0.0151976, 6;
0.0153731, 6;
0.015381, 6;
0.0154105, 6;
0.0156912, 6;
0.0151629, 6;
0.0154704, 6;
0.0154825, 6;
0.0156492, 6;
0.0152944, 6;
0.0154895, 6;
0.0150672, 6;
0.0159938, 6;
0.015967, 6;
0.0149988, 6;
0.0161027, 6;
0.0151488, 6;
0.0155525, 6;
0.0152138, 6;
0.0152359, 6;
0.0160184, 6;
0.0146691, 6;
0.0150116, 6;
0.0156252, 6;
0.0156473, 6;
0.0159835, 6;
0.0153885, 6;
0.0153019, 6;
0.0151747, 6;
0.0159081, 6;
0.0152287, 6;
0.0158963, 6;
0.0149211, 6;
0.0148934, 6;
0.0160747, 6;
0.0156539, 6;
0.0152879, 6;
0.0153105, 6;
0.0159834, 6;
0.0154523, 6;
0.0160354, 6;
0.0156656, 6;
0.0151459, 6;
0.0157876, 6;
0.0151359, 6;
0.0156313, 6;
0.0156682, 6;
0.015575, 6;
0.0154581, 6;
0.0149882, 6;
0.0155775, 6;
0.0149445, 6;
0.0154028, 6;
0.015929, 6;
0.0158122, 6;
0.0152185, 6;
0.0158083, 6;
0.0155893, 6;
0.0153591, 6;
0.0152075, 6;
0.0158752, 6;
0.0150233, 6;
0.015776, 6;
0.0156314, 6;
0.0149993, 6;
0.0149905, 6;
0.0159768, 6;
0.015964, 6;
0.0159838, 6;
0.01569, 6;
0.0151933, 6;
0.0150714, 6;
0.0156008, 6;
0.015492, 6;
0.0150255, 6;
0.0151148, 6;
0.0151514, 6;
0.015569, 6;
0.015273, 6;
0.0159217, 6;
0.0159576, 6;
0.0151651, 6;
0.0149039, 6;
0.0154512, 6;
0.0157115, 6;
0.0156381, 6;
0.0152658, 6;
0.0158315, 6;
0.0147527, 6;
0.0152229, 6;
0.0149286, 6;
0.0151085, 6;
0.0155568, 6;
0.0159519, 6;
0.0151644, 6;
0.0151803, 6;
0.0154631, 6;
0.0152564, 6;
0.0153269, 6;
0.0150545, 6;
0.0157709, 6;
0.0152187, 6;
0.0155149, 6;
0.0152782, 6;
0.0157998, 6;
0.0148845, 6;
0.0148727, 6;
0.0158987, 6;
0.015521, 6;
0.0153599, 6;
0.015114, 6;
0.0152148, 6;
0.0157473, 6;
0.0152973, 6;
0.0150307, 6;
0.015875, 6;
0.0160903, 6;
0.0158672, 6;
0.0149271, 6;
0.0150347, 6;
0.01591, 6;
0.0159454, 6;
0.0155494, 6;
0.015672, 6;
0.0148944, 6;
0.0149427, 6;
0.0151301, 6;
0.0153586, 6;
0.0154291, 6;
0.0155551, 6;
0.0155416, 6;
0.0148246, 6;
0.014951, 6;
0.0150191, 6;
0.0159802, 6;
0.0152517, 6;
0.0152746, 6;
0.0151634, 6;
0.0151269, 6;
0.0157404, 6;
0.0155388, 6;
0.0154761, 6;
0.0153075, 6;
0.0151002, 6;
0.0158824, 6;
0.0150687, 6;
0.0149526, 6;
0.0159643, 6;
0.015003, 6;
0.0150012, 6;
0.015925, 6;
0.0153191, 6;
0.015728, 6;
0.0152888, 6;
0.0150378, 6;
0.0151465, 6;
0.0154646, 6;
0.0160237, 6;
0.0147941, 6;
0.0158173, 6;
0.0153137, 6;
0.0152469, 6;
0.0155226, 6;
0.014904, 6;
0.0153352, 6;
0.0153461, 6;
0.0155488, 6;
0.0158313, 6;
0.0154988, 6;
0.0156027, 6;
0.0158323, 6;
0.0150192, 6;
0.0151771, 6;
0.0159005, 6;
0.0156087, 6;
0.0159654, 6;
0.0149973, 6;
0.0154491, 6;
0.0155349, 6;
0.015387, 6;
0.0159833, 6;
0.0160271, 6;
0.0152755, 6;
0.0154409, 6;
0.0154411, 6;
0.0154488, 6;
0.0152884, 6;
0.0148232, 6;
0.015423, 6;
0.0160755, 6;
0.0153155, 6;
0.0158436, 6;
0.0150922, 6;
0.0147249, 6;
0.0151602, 6;
0.0160001, 6;
0.0150814, 6;
0.0155905, 6;
0.0153243, 6;
0.015002, 6;
0.015343, 6;
0.0154844, 6;
0.0153939, 6;
0.0151867, 6;
0.0152693, 6;
0.0153507, 6;
0.0160145, 6;
0.0157648, 6;
0.0158992, 6;
0.0155952, 6;
0.0155262, 6;
0.0152245, 6;
0.0158184, 6;
0.0152161, 6;
0.0153529, 6;
0.0152992, 6;
0.0150329, 6;
0.014872, 6;
0.0156128, 6;
0.0152393, 6;
0.0151315, 6;
0.0148361, 6;
0.0153377, 6;
0.0157709, 6;
0.0149405, 6;
0.0147755, 6;
0.0153545, 6;
0.0157515, 6;
0.0160513, 6;
0.0148362, 6;
0.0149717, 6;
0.0153326, 6;
0.0155423, 6;
0.0150194, 6;
0.0157914, 6;
0.0152731, 6;
0.0149958, 6;
0.0152466, 6;
0.0157334, 6;
0.0151896, 6;
0.0158321, 6;
0.0149664, 6;
0.0159972, 6;
0.015689, 6;
0.0154026, 6;
0.0150056, 6;
0.0159901, 6;
0.0152194, 6;
0.015536, 6;
0.0154486, 6;
0.015535, 6;
0.015431, 6;
0.0153186, 6;
0.0156647, 6;
0.0157606, 6;
0.015295, 6;
0.0149857, 6;
0.0159614, 6;
0.0159027, 6;
0.0154786, 6;
0.0157798, 6;
0.0155074, 6;
0.015952, 6;
0.0156102, 6;
0.0151994, 6;
0.0154637, 6;
0.0154121, 6;
0.0152841, 6;
0.0154134, 6;
0.0154432, 6;
0.0160505, 6;
0.0158852, 6;
0.0157893, 6;
0.0151578, 6;
0.0159655, 6;
0.0147673, 6;
0.0152743, 6;
0.015803, 6;
0.0148612, 6;
0.0150459, 6;
0.0147641, 6;
0.0151363, 6;
0.0157123, 6;
0.0164034, 6;
0.0143332, 6;
0.0152553, 6;
0.0155861, 6;
0.0156096, 6;
0.015888, 6;
0.0155583, 6;
0.0155254, 6;
0.0149635, 6;
0.0149718, 6;
0.0156463, 6;
0.015794, 6;
0.0156532, 6;
0.0158904, 6;
0.0154241, 6;
0.0152777, 6;
0.0156668, 6;
0.0153221, 6;
0.0152838, 6;
0.0154664, 6;
0.0155707, 6;
0.0155135, 6;
0.0154243, 6;
0.015843, 6;
0.015536, 6;
0.015318, 6;
0.0160677, 6;
0.0149647, 6;
0.0151358, 6;
0.0158662, 6;
0.0159817, 6;
0.0160053, 6;
0.0158774, 6;
0.0160561, 6;
0.0151209, 6;
0.0157476, 6;
0.0153586, 6;
0.0157063, 6;
0.0158045, 6;
0.0151558, 6;
0.0160389, 6;
0.0149157, 6;
0.0159867, 6;
0.0160134, 6;
0.0157839, 6;
0.0151498, 6;
0.0158654, 6;
0.0156032, 6;
0.0156614, 6;
0.0155785, 6;
0.015159, 6;
0.0159847, 6;
0.016014, 6;
0.0152169, 6;
0.015167, 6;
0.0159404, 6;
0.0153193, 6;
0.0154253, 6;
0.0153079, 6;
0.0156023, 6;
0.0154996, 6;
0.0156211, 6;
0.0156709, 6;
0.0152519, 6;
0.0154825, 6;
0.0152775, 6;
0.0151528, 6;
0.016129, 6;
0.0158717, 6;
0.0156432, 6;
0.01527, 6;
0.0151513, 6;
0.0155803, 6;
0.0154304, 6;
0.0152762, 6;
0.0160158, 6;
0.0151201, 6;
0.0153928, 6;
0.0150998, 6;
0.015686, 6;
0.0149956, 6;
0.0150338, 6;
0.0154243, 6;
0.0152282, 6;
0.0153203, 6;
0.015541, 6;
0.0153853, 6;
0.015563, 6;
0.0159416, 6;
0.0155934, 6;
0.0156704, 6;
0.0150534, 6;
0.0156168, 6;
0.0151439, 6;
0.0150754, 6;
0.0158254, 6;
0.0156802, 6;
0.0154171, 6;
0.0152145, 6;
0.0156506, 6;
0.0158743, 6;
0.0158686, 6;
0.0150987, 6;
0.0148758, 6;
0.0150605, 6;
0.0153458, 6;
0.0154719, 6;
0.0158832, 6;
0.0152374, 6;
0.0150584, 6;
0.0154977, 6;
0.0156591, 6;
0.0147517, 6;
0.015638, 6;
0.0154229, 6;
0.0152989, 6;
0.0154796, 6;
0.0150666, 6;
0.0159443, 6;
0.0159627, 6;
0.0151697, 6;
0.0150837, 6;
0.0155162, 6;
0.0160705, 6;
0.015558, 6;
0.0152415, 6;
0.0154373, 6;
0.01577, 6;
0.0152427, 6;
0.015483, 6;
0.0159867, 6;
0.0146984, 6;
0.0154166, 6;
0.0148587, 6;
0.015171, 6;
0.0156915, 6;
0.01595, 6;
0.0159492, 6;
0.0159981, 6;
0.015341, 6;
0.0152671, 6;
0.0155153, 6;
0.0156314, 6;
0.0155897, 6;
0.0157773, 6;
0.0151443, 6;
0.0157613, 6;
0.0150685, 6;
0.0159693, 6;
0.015935, 6;
0.0154972, 6;
0.015204, 6;
0.0159782, 6;
0.0152535, 6;
0.0160502, 6;
0.0153482, 6;
0.0153998, 6;
0.0156901, 6;
0.0154987, 6;
0.0155257, 6;
0.0155074, 6;
0.0157458, 6;
0.0159264, 6;
0.0152751, 6;
0.0156901, 6;
0.0152153, 6;
0.0158183, 6;
0.0155798, 6;
0.0153878, 6;
0.0149745, 6;
0.0150588, 6;
0.0151906, 6;
0.0156952, 6;
0.015373, 6;
0.0156827, 6;
0.0151972, 6;
0.0154548, 6;
0.0153109, 6;
0.0159544, 6;
0.0148691, 6;
0.015394, 6;
0.015656, 6;
0.0150896, 6;
0.0157314, 6;
0.015977, 6;
0.0144766, 6;
0.0156962, 6;
0.0160763, 6;
0.0154091, 6;
0.015415, 6;
0.0156041, 6;
0.0152709, 6;
0.0151583, 6;
0.0159311, 6;
0.0150648, 6;
0.015434, 6;
0.0155268, 6;
0.0155727, 6;
0.0153554, 6;
0.0150849, 6;
0.0149256, 6;
0.0160122, 6;
0.0155226, 6;
0.015655, 6;
0.014895, 6;
0.0153125, 6;
0.0155778, 6;
0.015427, 6;
0.0150793, 6;
0.0151083, 6;
0.0160514, 6;
0.0147921, 6;
0.0154916, 6;
0.0158652, 6;
0.0154039, 6;
0.015788, 6;
0.0161721, 6;
0.0158235, 6;
0.015447, 6;
0.0153206, 6;
0.015713, 6;
0.015765, 6;
0.0158571, 6;
0.0154155, 6;
0.0155067, 6;
0.0153357, 6;
0.0158103, 6;
0.0155979, 6;
0.0159148, 6;
0.0155915, 6;
0.0159588, 6;
0.015869, 6;
0.0152648, 6;
0.0156842, 6;
0.0150185, 6;
0.0149516, 6;
0.0149132, 6;
0.0151519, 6;
0.0159969, 6;
0.0159187, 6;
0.0154445, 6;
0.0160014, 6;
0.0148882, 6;
0.0159656, 6;
0.0149822, 6;
0.014988, 6;
0.0153712, 6;
0.0159807, 6;
0.0160874, 6;
0.0151246, 6;
0.015647, 6;
0.0158948, 6;
0.0150014, 6;
0.0149757, 6;
0.014994, 6;
0.0159732, 6;
0.0149801, 6;
0.015076, 6;
0.0156646, 6;
0.0151836, 6;
0.0159774, 6;
0.0161259, 6;
0.0160792, 6;
0.0151085, 6;
0.0157691, 6;
0.0156234, 6;
0.0159923, 6;
0.0160696, 6;
0.0157095, 6;
0.015167, 6;
0.0150279, 6;
0.0152408, 6;
0.016054, 6;
0.0159063, 6;
0.0151353, 6;
0.015127, 6;
0.0151905, 6;
0.0151619, 6;
0.0161034, 6;
0.0159868, 6;
0.0153355, 6;
0.0152756, 6;
0.0159877, 6;
0.0156589, 6;
0.0159809, 6;
0.0152368, 6;
0.0152498, 6;
0.0161137, 6;
0.0159742, 6;
0.0159858, 6;
0.0153484, 6;
0.0153884, 6;
0.0159265, 6;
0.015941, 6;
0.0158315, 6;
0.0151604, 6;
0.0157883, 6;
0.0149817, 6;
0.0155075, 6;
0.0153402, 6;
0.0152529, 6;
0.0155089, 6;
0.0153427, 6;
0.0153159, 6;
0.0156528, 6;
0.0157354, 6;
0.0152927, 6;
0.0153552, 6;
0.0155978, 6;
0.0158261, 6;
0.015133, 6;
0.0151994, 6;
0.0155101, 6;
0.015148, 6;
0.0153033, 6;
0.0153347, 6;
0.0152956, 6;
0.0159315, 6;
0.0150407, 6;
0.0155406, 6;
0.0160985, 6;
0.0152171, 6;
0.0158612, 6;
0.0149145, 6;
0.0159825, 6;
0.0152305, 6;
0.0149695, 6;
0.0151036, 6;
0.0162482, 6;
0.0159717, 6;
0.0157378, 6;
0.0157111, 6;
0.0152312, 6;
0.0151888, 6;
0.0151947, 6;
0.0158051, 6;
0.0156904, 6;
0.0152423, 6;
0.0159022, 6;
0.0151314, 6;
0.0154164, 6;
0.0159644, 6;
0.0152473, 6;
0.0152235, 6;
0.0157585, 6;
0.015475, 6;
0.0151319, 6;
0.0147519, 6;
0.0151796, 6;
0.0160841, 6;
0.0155115, 6;
0.0160202, 6;
0.0153997, 6;
0.0152502, 6;
0.0155577, 6;
0.0152139, 6;
0.0156568, 6;
0.0152568, 6;
0.0152378, 6;
0.0159372, 6;
0.0148503, 6;
0.0151287, 6;
0.0160649, 6;
0.0159814, 6;
0.0159527, 6;
0.015666, 6;
0.0152632, 6;
0.0154035, 6;
0.0153575, 6;
0.0152763, 6;
0.0158659, 6;
0.0148448, 6;
0.0159361, 6;
0.0150662, 6;
0.0151427, 6;
0.0153951, 6;
0.0155462, 6;
0.0155145, 6;
0.0159563, 6;
0.0147952, 6;
0.0156351, 6;
0.0158727, 6;
0.0154713, 6;
0.0152483, 6;
0.015984, 6;
0.0153688, 6;
0.0156282, 6;
0.0150695, 6;
0.0159502, 6;
0.0155115, 6;
0.0148458, 6;
0.0153075, 6;
0.0155116, 6;
0.0160036, 6;
0.0154517, 6;
0.0154761, 6;
0.0150774, 6;
0.0157987, 6;
0.015868, 6;
0.0155536, 6;
0.0153968, 6;
0.0159014, 6;
0.0152421, 6;
0.0158242, 6;
0.0148454, 6;
0.0152391, 6;
0.016092, 6;
0.0158001, 6;
0.0153084, 6;
0.016036, 6;
0.0153744, 6;
0.0151518, 6;
0.0150277, 6;
0.0155842, 6;
0.0158294, 6;
0.0151885, 6;
0.0149411, 6;
0.0149421, 6;
0.0149492, 6;
0.0160509, 6;
0.0157454, 6;
0.0155263, 6;
0.01576, 6;
0.0155881, 6;
0.0158414, 6;
0.0153745, 6;
0.0154884, 6;
0.0157968, 6;
0.0160624, 6;
0.0158977, 6;
0.0151574, 6;
0.0159018, 6;
0.0147877, 6;
0.0153186, 6;
0.015884, 6;
0.0148377, 6;
0.0154307, 6;
0.0160273, 6;
0.0153438, 6;
0.0159724, 6;
0.01513, 6;
0.0158744, 6;
0.0149895, 6;
0.0147175, 6;
0.0160515, 6;
0.0154478, 6;
0.0159933, 6;
0.0152162, 6;
0.0160051, 6;
0.0155772, 6;
0.0154255, 6;
0.015705, 6;
0.0152721, 6;
0.0156531, 6;
0.0158745, 6;
0.0151809, 6;
0.0156941, 6;
0.0158688, 6;
0.0152971, 6;
0.0159282, 6;
0.0161008, 6;
0.0157388, 6;
0.0150511, 6;
0.0158584, 6;
0.0149937, 6;
0.0148441, 6;
0.0154521, 6;
0.0152653, 6;
0.0154583, 6;
0.0156609, 6;
0.0153271, 6;
0.0155563, 6;
0.0156572, 6;
0.0151412, 6;
0.0154471, 6;
0.0154509, 6;
0.0154093, 6;
0.0154832, 6;
0.0154669, 6;
0.0149992, 6;
0.015222, 6;
0.0151098, 6;
0.0159865, 6;
0.0160287, 6;
0.0150293, 6;
0.0152677, 6;
0.0151441, 6;
0.0151376, 6;
0.0159371, 6;
0.0152657, 6;
0.0154626, 6;
0.0151993, 6;
0.0154044, 6;
0.0156985, 6;
0.0151446, 6;
0.015437, 6;
0.0151207, 6;
0.0155631, 6;
0.0155378, 6;
0.0151529, 6;
0.0156741, 6;
0.0159683, 6;
0.0160175, 6;
0.0153498, 6;
0.0154464, 6;
0.0154167, 6;
0.0159317, 6;
0.0155981, 6;
0.0154305, 6;
0.0152862, 6;
0.0154447, 6;
0.0158716, 6;
0.0159495, 6;
0.0157195, 6;
0.0160545, 6;
0.0159916, 6;
0.0156177, 6;
0.015431, 6;
0.015902, 6;
0.0155304, 6;
0.016069, 6;
0.0156018, 6;
0.0158381, 6;
0.0153176, 6;
0.0157193, 6;
0.0151953, 6;
0.0149153, 6;
0.0151512, 6;
0.0154258, 6;
0.0154114, 6;
0.0152667, 6;
0.0153045, 6;
0.0159472, 6;
0.0151365, 6;
0.0149097, 6;
0.0149677, 6;
0.0148169, 6;
0.0154733, 6;
0.0155253, 6;
0.015319, 6;
0.0151405, 6;
0.0154011, 6;
0.0155616, 6;
0.0149052, 6;
0.0150954, 6;
0.0160162, 6;
0.0147849, 6;
0.0151879, 6;
0.0154808, 6;
0.0160152, 6;
0.0154076, 6;
0.0156968, 6;
0.015098, 6;
0.0160735, 6;
0.0153492, 6;
0.0154901, 6;
0.0157811, 6;
0.0156688, 6;
0.0154935, 6;
0.0150623, 6;
0.0157869, 6;
0.0153711, 6;
0.0147832, 6;
0.0150226, 6;
0.0160173, 6;
0.0148998, 6;
0.0159323, 6;
0.0155015, 6;
0.0145316, 6;
0.0152327, 6;
0.0150654, 6;
0.0156481, 6;
0.0152997, 6;
0.0156825, 6;
0.0148703, 6;
0.0147796, 6;
0.014877, 6;
0.0147135, 6;
0.0154944, 6;
0.0154431, 6;
0.0148645, 6;
0.0149862, 6;
0.0155496, 6;
0.0149501, 6;
0.0159742, 6;
0.0150939, 6;
0.0151635, 6;
0.0154536, 6;
0.0156873, 6;
0.0150462, 6;
0.0147023, 6;
0.015204, 6;
0.0158866, 6;
0.0153824, 6;
0.0158971, 6;
0.0159579, 6;
0.0159746, 6;
0.0149561, 6;
0.0156088, 6;
0.0159167, 6;
0.0151209, 6;
0.0154965, 6;
0.0149386, 6;
0.0149793, 6;
0.0150003, 6;
0.014963, 6;
0.0155611, 6;
0.0158853, 6;
0.0159962, 6;
0.0157062, 6;
0.0159581, 6;
0.0150901, 6;
0.015501, 6;
0.0153846, 6;
0.0157576, 6;
0.0153987, 6;
0.0156142, 6;
0.0156519, 6;
0.0153286, 6;
0.0151603, 6;
0.0153704, 6;
0.0155776, 6;
0.0159583, 6;
0.0159417, 6;
0.0159628, 6;
0.0157949, 6;
0.0153312, 6;
0.0155275, 6;
0.0154366, 6;
0.014905, 6;
0.0154396, 6;
0.0159962, 6;
0.0151539, 6;
0.0152604, 6;
0.0157022, 6;
0.0159875, 6;
0.015455, 6;
0.0155626, 6;
0.015634, 6;
0.01531, 6;
0.0154183, 6;
0.0158019, 6;
0.0159996, 6;
0.0159947, 6;
0.0155049, 6;
0.0154553, 6;
0.0158109, 6;
0.0155575, 6;
0.0149791, 6;
0.0149694, 6;
0.01495, 6;
0.0159908, 6;
0.0149821, 6;
0.0150185, 6;
0.0178227, 6;
0.0136743, 6;
0.0152805, 6;
0.0156063, 6;
0.0155364, 6;
0.0158782, 6;
0.015802, 6;
0.0157128, 6;
0.0152438, 6;
0.0157947, 6;
0.0156125, 6;
0.0159727, 6;
0.0151177, 6;
0.0155382, 6;
0.0155197, 6;
0.0150268, 6;
0.014698, 6;
0.0154285, 6;
0.0156974, 6;
0.0149918, 6;
0.0152067, 6;
0.0153416, 6;
0.0159775, 6;
0.016051, 6;
0.01599, 6;
0.0159688, 6;
0.0155116, 6;
0.0156438, 6;
0.0156684, 6;
0.015166, 6;
0.0158389, 6;
0.0152222, 6;
0.0153127, 6;
0.0153384, 6;
0.0159718, 6;
0.0158021, 6;
0.0159866, 6;
0.0152007, 6;
0.015723, 6;
0.0154016, 6;
0.0156609, 6;
0.0154424, 6;
0.0155137, 6;
0.015744, 6;
0.0150905, 6;
0.0156915, 6;
0.0154475, 6;
0.0151919, 6;
0.0153622, 6;
0.015225, 6;
0.0160034, 6;
0.0160275, 6;
0.0155629, 6;
0.0151253, 6;
0.0159151, 6;
0.0147382, 6;
0.0158615, 6;
0.0156291, 6;
0.0148264, 6;
0.0155252, 6;
0.0152286, 6;
0.0160663, 6;
0.0159497, 6;
0.0158736, 6;
0.0149946, 6;
0.0154879, 6;
0.0155693, 6;
0.0158243, 6;
0.0159589, 6;
0.0152042, 6;
0.0148635, 6;
0.0149079, 6;
0.0160363, 6;
0.0150979, 6;
0.0160793, 6;
0.0157816, 6;
0.0151987, 6;
0.0160394, 6;
0.0151602, 6;
0.015991, 6;
0.0156402, 6;
0.0151896, 6;
0.015794, 6;
0.0148986, 6;
0.0154225, 6;
0.0154269, 6;
0.0151497, 6;
0.0157056, 6;
0.0157327, 6;
0.0160118, 6;
0.0159906, 6;
0.0158588, 6;
0.0152045, 6;
0.014712, 6;
0.015502, 6;
0.0159488, 6;
0.0160881, 6;
0.0152925, 6;
0.0149401, 6;
0.0158894, 6;
0.0149849, 6;
0.014781, 6;
0.0149702, 6;
0.0149712, 6;
0.0151985, 6;
0.0156807, 6;
0.0149781, 6;
0.0149274, 6;
0.0154498, 6;
0.015009, 6;
0.0148252, 6;
0.0149821, 6;
0.015275, 6;
0.0152281, 6;
0.0157711, 6;
0.0156117, 6;
0.0156071, 6;
0.0153562, 6;
0.0154689, 6;
0.0153225, 6;
0.0154578, 6;
0.0158504, 6;
0.0145597, 6;
0.0151671, 6;
0.0160562, 6;
0.0157688, 6;
0.0159607, 6;
0.016199, 6;
0.0150514, 6;
0.0155964, 6;
0.0159583, 6;
0.0159287, 6;
0.0152213, 6;
0.0156048, 6;
0.0160079, 6;
0.015937, 6;
0.0157242, 6;
0.0154112, 6;
0.0148063, 6;
0.0159362, 6;
0.0159809, 6;
0.0157266, 6;
0.0150202, 6;
0.0160308, 6;
0.0155807, 6;
0.0154948, 6;
0.0148653, 6;
0.0150884, 6;
0.0152164, 6;
0.0160391, 6;
0.0153754, 6;
0.0155114, 6;
0.0158566, 6;
0.0156504, 6;
0.0157891, 6;
0.0153572, 6;
0.015348, 6;
0.0160906, 6;
0.0157973, 6;
0.0154443, 6;
0.016013, 6;
0.0158836, 6;
0.0154424, 6;
0.0154951, 6;
0.0149847, 6;
0.0152477, 6;
0.0152918, 6;
0.0154352, 6;
0.0151018, 6;
0.0154023, 6;
0.015714, 6;
0.0151063, 6;
0.015164, 6;
0.0149908, 6;
0.0159673, 6;
0.0155984, 6;
0.0150379, 6;
0.0159733, 6;
0.0149821, 6;
0.0149874, 6;
0.0151072, 6;
0.016222, 6;
0.0148783, 6;
0.0151319, 6;
0.0158482, 6;
0.0151848, 6;
0.0147137, 6;
0.0148883, 6;
0.0151944, 6;
0.0160888, 6;
0.0158588, 6;
0.0150958, 6;
0.0151513, 6;
0.0151743, 6;
0.0151867, 6;
0.016011, 6;
0.0159868, 6;
0.0160112, 6;
0.0151538, 6;
0.0152549, 6;
0.015668, 6;
0.0151667, 6;
0.0159833, 6;
0.0156478, 6;
0.015254, 6;
0.0155562, 6;
0.0159845, 6;
0.0156143, 6;
0.0159594, 6;
0.015585, 6;
0.0184802, 6;
0.012464, 6;
0.0160225, 6;
0.0149463, 6;
0.0150491, 6;
0.0148955, 6;
0.0153192, 6;
0.0159055, 6;
0.0150126, 6;
0.0155568, 6;
0.015939, 6;
0.0155631, 6;
0.0161006, 6;
0.0155625, 6;
0.0159096, 6;
0.0149835, 6;
0.0149614, 6;
0.0149829, 6;
0.0151973, 6;
0.0154667, 6;
0.0158677, 6;
0.015103, 6;
0.0150788, 6;
0.0155124, 6;
0.015454, 6;
0.0155743, 6;
0.016062, 6;
0.0159911, 6;
0.0155862, 6;
0.0157005, 6;
0.0156097, 6;
0.0153664, 6;
0.0149572, 6;
0.0149389, 6;
0.0148544, 6;
0.0149711, 6;
0.0158632, 6;
0.0153355, 6;
0.0151348, 6;
0.0146996, 6;
0.0151594, 6;
0.0159761, 6;
0.0160478, 6;
0.0152122, 6;
0.0153694, 6;
0.0152709, 6;
0.0155537, 6;
0.0153475, 6;
0.0152466, 6;
0.0155106, 6;
0.0151628, 6;
0.0148487, 6;
0.0152472, 6;
0.0154678, 6;
0.0156074, 6;
0.0151438, 6;
0.0152066, 6;
0.0156464, 6;
0.0151535, 6;
0.0160985, 6;
0.0155304, 6;
0.0161395, 6;
0.0150537, 6;
0.0156256, 6;
0.0155832, 6;
0.0148734, 6;
0.0151185, 6;
0.0153725, 6;
0.0153982, 6;
0.0153216, 6;
0.015227, 6;
0.0159486, 6;
0.0152211, 6;
0.0151327, 6;
0.0155389, 6;
0.0152996, 6;
0.0154797, 6;
0.015332, 6;
0.0151406, 6;
0.0154275, 6;
0.0154292, 6;
0.0152305, 6;
0.0152499, 6;
0.0152001, 6;
0.0151437, 6;
0.0148396, 6;
0.015665, 6;
0.0151645, 6;
0.0159451, 6;
0.0152018, 6;
0.0149539, 6;
0.015789, 6;
0.0151274, 6;
0.0148626, 6;
0.0159161, 6;
0.0153125, 6;
0.0156637, 6;
0.0158525, 6;
0.0151191, 6;
0.0151864, 6;
0.0158162, 6;
0.0159637, 6;
0.0155097, 6;
0.015497, 6;
0.0155248, 6;
0.0152919, 6;
0.015175, 6;
0.0151311, 6;
0.0149902, 6;
0.0159951, 6;
0.0151375, 6;
0.0156747, 6;
0.0149586, 6;
0.0150262, 6;
0.015266, 6;
0.0151887, 6;
0.0158097, 6;
0.0150546, 6;
0.0154058, 6;
0.0151372, 6;
0.0158858, 6;
0.0155876, 6;
0.0151901, 6;
0.0150992, 6;
0.0160309, 6;
0.016031, 6;
0.0152168, 6;
0.0157647, 6;
0.0154344, 6;
0.0155596, 6;
0.0155974, 6;
0.0152494, 6;
0.0157115, 6;
0.0158476, 6;
0.0157966, 6;
0.0151526, 6;
0.0153304, 6;
0.0156807, 6;
0.0159079, 6;
0.0162607, 6;
0.0156753, 6;
0.0158171, 6;
0.0156745, 6;
0.014883, 6;
0.0149788, 6;
0.015593, 6;
0.0151815, 6;
0.0156506, 6;
0.015397, 6;
0.0152516, 6;
0.0155488, 6;
0.0155748, 6;
0.0159656, 6;
0.0151907, 6;
0.0153742, 6;
0.0153526, 6;
0.0160653, 6;
0.0153368, 6;
0.0159541, 6;
0.0159109, 6;
0.0151631, 6;
0.0151145, 6;
0.0157843, 6;
0.0148072, 6;
0.0152227, 6;
0.0151703, 6;
0.0157768, 6;
0.0153072, 6;
0.0153707, 6;
0.0159566, 6;
0.0158402, 6;
0.0155269, 6;
0.0156057, 6;
0.0154849, 6;
0.0149232, 6;
0.0151763, 6;
0.0159713, 6;
0.0156252, 6;
0.0158921, 6;
0.0152712, 6;
0.0157067, 6;
0.0156534, 6;
0.0152684, 6;
0.0152794, 6;
0.0158922, 6;
0.0154774, 6;
0.0155085, 6;
0.0155125, 6;
0.0156202, 6;
0.0164383, 6;
0.0148057, 6;
0.0160787, 6;
0.0157416, 6;
0.0153194, 6;
0.0150616, 6;
0.0153289, 6;
0.0151338, 6;
0.0152997, 6;
0.0152452, 6;
0.0154599, 6;
0.0153185, 6;
0.0155808, 6;
0.0159373, 6;
0.015821, 6;
0.0151097, 6;
0.0150558, 6;
0.0156795, 6;
0.0156325, 6;
0.015592, 6;
0.0154195, 6;
0.0152451, 6;
0.0159556, 6;
0.0151944, 6;
0.0151411, 6;
0.0159139, 6;
0.0149861, 6;
0.0149372, 6;
0.0149665, 6;
0.0152901, 6;
0.0160702, 6;
0.0151644, 6;
0.0160534, 6;
0.0148445, 6;
0.0154005, 6;
0.0155325, 6;
0.0150515, 6;
0.0159856, 6;
0.015348, 6;
0.0150309, 6;
0.0154237, 6;
0.0154642, 6;
0.0152906, 6;
0.0156845, 6;
0.0159672, 6;
0.0151341, 6;
0.0156304, 6;
0.0153568, 6;
0.0153281, 6;
0.0155514, 6;
0.0157504, 6;
0.0160531, 6;
0.0155923, 6;
0.015238, 6;
0.0153648, 6;
0.0158593, 6;
0.015909, 6;
0.0152067, 6;
0.0149796, 6;
0.0150698, 6;
0.0147797, 6;
0.0150001, 6;
0.0149844, 6;
0.0153049, 6;
0.0159673, 6;
0.0158838, 6;
0.0152682, 6;
0.0153164, 6;
0.0158136, 6;
0.0154501, 6;
0.0147694, 6;
0.0149509, 6;
0.0151421, 6;
0.0156202, 6;
0.0148432, 6;
0.0152291, 6;
0.0158261, 6;
0.0153917, 6;
0.0150276, 6;
0.0153638, 6;
0.015374, 6;
0.0150098, 6;
0.0160474, 6;
0.0157892, 6;
0.016663, 6;
0.0143275, 6;
0.0151492, 6;
0.0159869, 6;
0.0161009, 6;
0.015419, 6;
0.0157379, 6;
0.0151064, 6;
0.0155856, 6;
0.0157248, 6;
0.0148863, 6;
0.0152195, 6;
0.0151226, 6;
0.0160994, 6;
0.0158307, 6;
0.0157161, 6;
0.0160396, 6;
0.0151353, 6;
0.0151566, 6;
0.0149302, 6;
0.0150928, 6;
0.0152985, 6;
0.015971, 6;
0.0149181, 6;
0.0149194, 6;
0.016016, 6;
0.015942, 6;
0.015524, 6;
0.015283, 6;
0.0151298, 6;
0.0151022, 6;
0.0161227, 6;
0.016122, 6;
0.0154154, 6;
0.0154305, 6;
0.0153558, 6;
0.0159984, 6;
0.0159145, 6;
0.015955, 6;
0.0152492, 6;
0.0157374, 6;
0.0158366, 6;
0.0162782, 6;
0.0155568, 6;
0.0157392, 6;
0.0151853, 6;
0.0159513, 6;
0.0162414, 6;
0.015061, 6;
0.015278, 6;
0.0152926, 6;
0.0159208, 6;
0.0159665, 6;
0.0153337, 6;
0.0159551, 6;
0.0150548, 6;
0.0150433, 6;
0.015214, 6;
0.0156555, 6;
0.0161409, 6;
0.0150772, 6;
0.0164373, 6;
0.0159928, 6;
0.0140139, 6;
0.0159392, 6;
0.0153749, 6;
0.01596, 6;
0.0153246, 6;
0.0155781, 6;
0.0154489, 6;
0.0155674, 6;
0.0154783, 6;
0.0154048, 6;
0.015066, 6;
0.0159303, 6;
0.0151864, 6;
0.0201579, 6;
0.014011, 6;
0.0124003, 6;
0.0170052, 6;
0.0144571, 6;
0.0149937, 6;
0.0149528, 6;
0.015586, 6;
0.0159454, 6;
0.0159565, 6;
0.0160566, 6;
0.0153056, 6;
0.0159909, 6;
0.0155784, 6;
0.0150524, 6;
0.0158245, 6;
0.0161826, 6;
0.0147827, 6;
0.015585, 6;
0.0155198, 6;
0.0159053, 6;
0.0154929, 6;
0.0151506, 6;
0.0151227, 6;
0.0155915, 6;
0.0156313, 6;
0.0150433, 6;
0.0155759, 6;
0.0154266, 6;
0.0164592, 6;
0.0154433, 6;
0.0152925, 6;
0.0151168, 6;
0.0157106, 6;
0.0154254, 6;
0.0160614, 6;
0.0157099, 6;
0.0157594, 6;
0.014772, 6;
0.0163436, 6;
0.0136068, 6;
0.0161159, 6;
0.014676, 6;
0.0159238, 6;
0.0159446, 6;
0.0150375, 6;
0.0154568, 6;
0.0156275, 6;
0.0150103, 6;
0.0157602, 6;
0.0156516, 6;
0.0153512, 6;
0.0153597, 6;
0.0156681, 6;
0.0162773, 6;
0.0155076, 6;
0.0153589, 6;
0.0154264, 6;
0.0157565, 6;
0.0160437, 6;
0.015139, 6;
0.0153323, 6;
0.0161441, 6;
0.0161139, 6;
0.0156712, 6;
0.0158835, 6;
0.0160075, 6;
0.0154177, 6;
0.0170157, 6;
0.0137163, 6;
0.0160711, 6;
0.0150926, 6;
0.0158041, 6;
0.0158223, 6;
0.0159888, 6;
0.015414, 6;
0.0145477, 6;
0.0173754, 6;
0.0151637, 6;
0.0144097, 6;
0.01506, 6;
0.0158689, 6;
0.0163962, 6;
0.0155588, 6;
0.0149874, 6;
0.0151871, 6;
0.0155273, 6;
0.0159957, 6;
0.0159746, 6;
0.0159215, 6;
0.0154496, 6;
0.0157558, 6;
0.0185537, 6;
0.0113354, 6;
0.0250545, 6;
0.0209546, 6;
0.0159257, 6;
0.0150266, 6;
0.0154937, 6;
0.0156997, 6;
0.0149199, 6;
0.0150622, 6;
0.0149039, 6;
0.0154554, 6;
0.0157067, 6;
0.0213086, 6;
0.0115181, 6;
0.0182516, 6;
0.0112712, 6;
0.0160549, 6;
0.0144774, 6;
0.0152877, 6;
0.0215312, 6;
0.0253683, 6;
0.0173652, 6;
0.0240457, 6;
0.0461081, 6;
0.0282405, 6;
0.0308365, 6;
0.0254412, 6;
0.0157765, 6;
0.019465, 6;
0.0126247, 6;
0.0145189, 6;
0.0165577, 6;
0.0148293, 6;
0.0156785, 6;
0.0174455, 6;
0.0166201, 6;
0.0238593, 6;
0.0251739, 6;
0.0241549, 6;
0.0163118, 6;
0.0155833, 6;
0.0146538, 6;
0.016423, 6;
0.0157895, 6;
0.0143241, 6;
0.0149665, 6;
0.0152386, 6;
0.0155913, 6;
0.0178193, 6;
0.0127727, 6;
0.0171213, 6;
0.0147073, 6;
0.0192392, 6;
0.0130988, 6;
0.0164538, 6;
0.0146497, 6;
0.0160685, 6;
0.0158789, 6;
0.0160685, 6;
0.0157889, 6;
0.0157385, 6;
0.0139811, 6;
0.0152904, 6;
0.0149834, 6;
0.0149575, 6;
0.0153514, 6;
0.0145456, 6;
0.015072, 6;
0.0154727, 6;
0.016846, 6;
0.0157172, 6;
0.0145359, 6;
0.0154759, 6;
0.0157286, 6;
0.0153127, 6;
0.014706, 6;
0.0152569, 6;
0.0145309, 6;
0.0156519, 6;
0.0160988, 6;
0.0160296, 6;
0.0154524, 6;
0.0159144, 6;
0.0153896, 6;
0.0148619, 6;
0.0160537, 6;
0.0181612, 6;
0.0140751, 6;
0.0154405, 6;
0.0161791, 6;
0.0157152, 6;
0.0153037, 6;
0.0152126, 6;
0.0165957, 6;
0.0149124, 6;
0.014568, 6;
0.0159451, 6;
0.0152573, 6;
0.0152082, 6;
0.0161328, 6;
0.0179875, 6;
0.0202267, 6;
0.0259727, 6;
0.0157764, 6;
0.0148266, 6;
0.0152381, 6;
0.0154972, 6;
0.0157439, 6;
0.0157755, 6;
0.0167442, 6;
0.0133886, 6;
0.015764, 6;
0.0153165, 6;
0.0159017, 6;
0.0153273, 6;
0.0150229, 6;
0.0150319, 6;
0.0150977, 6;
0.016255, 6;
0.0159347, 6;
0.0146244, 6;
0.0152831, 6;
0.0162611, 6;
0.015665, 6;
0.0150919, 6;
0.0149219, 6;
0.02224, 6;
0.0241092, 6;
0.0157169, 6;
0.0159305, 6;
0.0164488, 6;
0.0154923, 6;
0.016043, 6;
0.0153761, 6;
0.0153853, 6;
0.0161336, 6;
0.0161531, 6;
0.0164174, 6;
0.016225, 6;
0.0154027, 6;
0.0142995, 6;
0.0158516, 6;
0.0151491, 6;
0.014817, 6;
0.0159285, 6;
0.0157016, 6;
0.0156393, 6;
0.0156865, 6;
0.0153326, 6;
0.0152155, 6;
0.0154138, 6;
0.0158257, 6;
0.0162445, 6;
0.0170616, 6;
0.0132493, 6;
0.0150945, 6;
0.0164495, 6;
0.0146738, 6;
0.0147231, 6;
0.0159657, 6;
0.0149834, 6;
0.0153052, 6;
0.0158989, 6;
0.0169298, 6;
0.0163797, 6;
0.0137117, 6;
0.0150737, 6;
0.0159588, 6;
0.0157167, 6;
0.0149005, 6;
0.0148529, 6;
0.0154051, 6;
0.0152068, 6;
0.0157853, 6;
0.014934, 6;
0.0152194, 6;
0.0159611, 6;
0.0162823, 6;
0.014964, 6;
0.0156669, 6;
0.0160854, 6;
0.015377, 6;
0.0143811, 6;
0.0152133, 6;
0.0155419, 6;
0.0156071, 6;
0.0156285, 6;
0.0157003, 6;
0.0167841, 6;
0.0137813, 6;
0.015952, 6;
0.0148584, 6;
0.0147735, 6;
0.015602, 6;
0.0158136, 6;
0.0151573, 6;
0.0157262, 6;
0.0151807, 6;
0.0151587, 6;
0.016025, 6;
0.0155583, 6;
0.0153372, 6;
0.0158164, 6;
0.0159012, 6;
0.0151843, 6;
0.0156262, 6;
0.0151658, 6;
0.0160425, 6;
0.0150758, 6;
0.0158079, 6;
0.0156577, 6;
0.0154806, 6;
0.0160675, 6;
0.0164062, 6;
0.0148068, 6;
0.0156933, 6;
0.0151887, 6;
0.0149995, 6;
0.0150179, 6;
0.0150925, 6;
0.0157704, 6;
0.0160745, 6;
0.0154486, 6;
0.0159933, 6;
0.0157403, 6;
0.0153099, 6;
0.0155764, 6;
0.0151231, 6;
0.0146477, 6;
0.0157367, 6;
0.0146754, 6;
0.0158662, 6;
0.0156389, 6;
0.0159748, 6;
0.0155057, 6;
0.0156395, 6;
0.015549, 6;
0.0152694, 6;
0.015639, 6;
0.0152668, 6;
0.0158513, 6;
0.015377, 6;
0.0147056, 6;
0.0157593, 6;
0.0161691, 6;
0.0156524, 6;
0.0153795, 6;
0.01486, 6;
0.0157664, 6;
0.0157486, 6;
0.0159489, 6;
0.0154437, 6;
0.0157158, 6;
0.0166694, 6;
0.0135809, 6;
0.0153831, 6;
0.0153732, 6;
0.0153754, 6;
0.0157441, 6;
0.0153622, 6;
0.0159023, 6;
0.0155079, 6;
0.0155608, 6;
0.0158565, 6;
0.0157525, 6;
0.0154306, 6;
0.0151575, 6;
0.0159974, 6;
0.0155783, 6;
0.0154934, 6;
0.0151518, 6;
0.015073, 6;
0.0156144, 6;
0.0164226, 6;
0.0137934, 6;
0.0158003, 6;
0.0152017, 6;
0.0152862, 6;
0.0156622, 6;
0.0151094, 6;
0.0157785, 6;
0.0168924, 6;
0.0168045, 6;
0.0123264, 6;
0.0158319, 6;
0.0150343, 6;
0.0149762, 6;
0.0159316, 6;
0.0158086, 6;
0.0160531, 6;
0.0159721, 6;
0.0159652, 6;
0.0161511, 6;
0.015183, 6;
0.0158429, 6;
0.0152152, 6;
0.0153906, 6;
0.0161355, 6;
0.0185753, 6;
0.0124231, 6;
0.0157874, 6;
0.0148557, 6;
0.0153992, 6;
0.0159114, 6;
0.0156904, 6;
0.0154531, 6;
0.015489, 6;
0.0153931, 6;
0.0156557, 6;
0.0167322, 6;
0.0136152, 6;
0.01636, 6;
0.0156444, 6;
0.0135088, 6;
0.0158899, 6;
0.0159782, 6;
0.0159823, 6;
0.015852, 6;
0.0153457, 6;
0.0151656, 6;
0.0157153, 6;
0.0156291, 6;
0.0161762, 6;
0.0153722, 6;
0.0163282, 6;
0.0152234, 6;
0.0147933, 6;
0.0165461, 6;
0.0155794, 6;
0.014628, 6;
0.015723, 6;
0.0156751, 6;
0.0158011, 6;
0.0145274, 6;
0.015511, 6;
0.0155702, 6;
0.0153142, 6;
0.0151792, 6;
0.0156719, 6;
0.014687, 6;
0.0150139, 6;
0.015939, 6;
0.0169741, 6;
0.0144081, 6;
0.0146454, 6;
0.01611, 6;
0.0147315, 6;
0.0149841, 6;
0.0158256, 6;
0.0176976, 6;
0.0145067, 6;
0.0158096, 6;
0.0148446, 6;
0.0152374, 6;
0.0158679, 6;
0.0154538, 6;
0.0165131, 6;
0.0151005, 6;
0.014968, 6;
0.0150843, 6;
0.014859, 6;
0.0148257, 6;
0.0158882, 6;
0.0148583, 6;
0.0151001, 6;
0.0154602, 6;
0.0162206, 6;
0.0157527, 6;
0.0152429, 6;
0.0156624, 6;
0.0150305, 6;
0.0159623, 6;
0.015283, 6;
0.0154628, 6;
0.0159908, 6;
0.0157455, 6;
0.0153326, 6;
0.0148109, 6;
0.0152002, 6;
0.0160035, 6;
0.0153468, 6;
0.0167316, 6;
0.0143132, 6;
0.0156911, 6;
0.0159932, 6;
0.0144405, 6;
0.0155668, 6;
0.0151419, 6;
0.0155096, 6;
0.0151781, 6;
0.0151616, 6;
0.0156596, 6;
0.0163256, 6;
0.0145039, 6;
0.0149908, 6;
0.0155909, 6;
0.0154803, 6;
0.0153926, 6;
0.0178694, 6;
0.013918, 6;
0.016075, 6;
0.0156953, 6;
0.0152125, 6;
0.0156352, 6;
0.0157132, 6;
0.015614, 6;
0.0150338, 6;
0.0160545, 6;
0.0158626, 6;
0.0160226, 6;
0.0144579, 6;
0.0141981, 6;
0.0160527, 6;
0.015953, 6;
0.016795, 6;
0.014278, 6;
0.0151284, 6;
0.015395, 6;
0.0158387, 6;
0.016092, 6;
0.0156933, 6;
0.0157016, 6;
0.014981, 6;
0.01879, 6;
0.0126011, 6;
0.0159454, 6;
0.0150483, 6;
0.0152866, 6;
0.0156383, 6;
0.0151456, 6;
0.014725, 6;
0.0160101, 6;
0.0151039, 6;
0.0154073, 6;
0.0153, 6;
0.0161243, 6;
0.0166435, 6;
0.0143774, 6;
0.0151891, 6;
0.014924, 6;
0.0152361, 6;
0.0152256, 6;
0.0153819, 6;
0.0150116, 6;
0.0157725, 6;
0.0149384, 6;
0.0150687, 6;
0.0156488, 6;
0.0150302, 6;
0.0155474, 6;
0.017129, 6;
0.0148915, 6;
0.0147449, 6;
0.0152076, 6;
0.016084, 6;
0.013703, 6;
0.0155927, 6;
0.0152778, 6;
0.0157462, 6;
0.0150967, 6;
0.0154253, 6;
0.0156752, 6;
0.0148686, 6;
0.0158803, 6;
0.0159477, 6;
0.0153131, 6;
0.016176, 6;
0.0152194, 6;
0.0154385, 6;
0.015189, 6;
0.0151926, 6;
0.0154998, 6;
0.0156144, 6;
0.0172742, 6;
0.0143883, 6;
0.0145403, 6;
0.0159409, 6;
0.0157912, 6;
0.0149282, 6;
0.0159269, 6;
0.0148606, 6;
0.015305, 6;
0.0158978, 6;
0.014828, 6;
0.0151141, 6;
0.0146505, 6;
0.015055, 6;
0.0155349, 6;
0.0153698, 6;
0.0152409, 6;
0.0153129, 6;
0.0154762, 6;
0.0156763, 6;
0.0157546, 6;
0.0155549, 6;
0.0158375, 6;
0.0159869, 6;
0.0153609, 6;
0.0154905, 6;
0.0155951, 6;
0.0154358, 6;
0.0152629, 6;
0.0175723, 6;
0.0139241, 6;
0.0150213, 6;
0.0149191, 6;
0.0151939, 6;
0.0153732, 6;
0.0155609, 6;
0.0157102, 6;
0.0160338, 6;
0.015131, 6;
0.0147586, 6;
0.0153035, 6;
0.0157715, 6;
0.0172191, 6;
0.0140702, 6;
0.015238, 6;
0.0161288, 6;
0.0152933, 6;
0.0156638, 6;
0.0156792, 6;
0.0156731, 6;
0.0155554, 6;
0.0156329, 6;
0.0160034, 6;
0.0157218, 6;
0.0152138, 6;
0.0153906, 6;
0.0149264, 6;
0.0147025, 6;
0.0151905, 6;
0.0152895, 6;
0.0152489, 6;
0.0159182, 6;
0.0153203, 6;
0.0149779, 6;
0.0153447, 6;
0.0157759, 6;
0.0136936, 6;
0.0161537, 6;
0.0160596, 6;
0.015995, 6;
0.0151582, 6;
0.0166583, 6;
0.013725, 6;
0.015286, 6;
0.0152086, 6;
0.0155078, 6;
0.0153884, 6;
0.015435, 6;
0.0157748, 6;
0.0159516, 6;
0.0158876, 6;
0.0150676, 6;
0.015723, 6;
0.0157736, 6;
0.014908, 6;
0.0158804, 6;
0.0156108, 6;
0.0153789, 6;
0.0153724, 6;
0.0160261, 6;
0.0148706, 6;
0.0155963, 6;
0.0158092, 6;
0.0154035, 6;
0.016101, 6;
0.0155313, 6;
0.0154014, 6;
0.014104, 6;
0.0158394, 6;
0.016084, 6;
0.015929, 6;
0.0153701, 6;
0.0156217, 6;
0.0148141, 6;
0.0150021, 6;
0.0159787, 6;
0.0152216, 6;
0.0157945, 6;
0.0156144, 6;
0.015365, 6;
0.0159668, 6;
0.0164382, 6;
0.0147247, 6;
0.0147709, 6;
0.0151606, 6;
0.0151481, 6;
0.0160436, 6;
0.0151421, 6;
0.0173093, 6;
0.0139657, 6;
0.0146261, 6;
0.0157615, 6;
0.0153389, 6;
0.0158028, 6;
0.0196184, 6;
0.0295618, 6;
0.0113068, 6;
0.0163437, 6;
0.0144629, 6;
0.0162102, 6;
0.0141464, 6;
0.014831, 6;
0.0172263, 6;
0.0136529, 6;
0.0168166, 6;
0.0241634, 6;
0.0253262, 6;
0.0119015, 6;
0.0163852, 6;
0.0153487, 6;
0.0149482, 6;
0.0161161, 6;
0.0152155, 6;
0.0157961, 6;
0.0160965, 6;
0.0156184, 6;
0.0164243, 6;
0.0169236, 6;
0.0146142, 6;
0.0152702, 6;
0.0151346, 6;
0.0146429, 6;
0.0155972, 6;
0.015564, 6;
0.0153785, 6;
0.0152536, 6;
0.0161094, 6;
0.0156729, 6;
0.0154492, 6;
0.0150881, 6;
0.0152541, 6;
0.0160269, 6;
0.0153293, 6;
0.0154846, 6;
0.0155491, 6;
0.0155785, 6;
0.0153008, 6;
0.0149539, 6;
0.0152171, 6;
0.0160081, 6;
0.0149722, 6;
0.0151409, 6;
0.0160616, 6;
0.0155305, 6;
0.0160141, 6;
0.0159287, 6;
0.0159457, 6;
0.0159788, 6;
0.0152559, 6;
0.0149854, 6;
0.016162, 6;
0.0154009, 6;
0.0160252, 6;
0.0149161, 6;
0.014965, 6;
0.0149168, 6;
0.0151002, 6;
0.0159418, 6;
0.015558, 6;
0.0177019, 6;
0.0129552, 6;
0.015456, 6;
0.0153196, 6;
0.0150517, 6;
0.0166482, 6;
0.014824, 6;
0.015568, 6;
0.0153858, 6;
0.0163612, 6;
0.0150394, 6;
0.0149743, 6;
0.0153345, 6;
0.0159029, 6;
0.0158702, 6;
0.0157532, 6;
0.0154578, 6;
0.015574, 6;
0.0153519, 6;
0.0149945, 6;
0.0156134, 6;
0.0160241, 6;
0.0153383, 6;
0.0159575, 6;
0.0160274, 6;
0.0149486, 6;
0.0164654, 6;
0.0156657, 6;
0.0148436, 6;
0.0150196, 6;
0.0159713, 6;
0.0157654, 6;
0.0163781, 6;
0.0154187, 6;
0.0154293, 6;
0.0153342, 6;
0.0168556, 6;
0.0140601, 6;
0.0186501, 6;
0.0122864, 6;
0.015982, 6;
0.0150083, 6;
0.0149228, 6;
0.0160994, 6;
0.0159093, 6;
0.0159684, 6;
0.0159641, 6;
0.0160424, 6;
0.016002, 6;
0.016053, 6;
0.0149694, 6;
0.0148049, 6;
0.0150189, 6;
0.0159731, 6;
0.0149612, 6;
0.0149979, 6;
0.0153418, 6;
0.0159188, 6;
0.0150696, 6;
0.0172949, 6;
0.0139592, 6;
0.0153833, 6;
0.0161071, 6;
0.0156862, 6;
0.0151272, 6;
0.0158677, 6;
0.0190534, 6;
0.0109864, 6;
0.0148683, 6;
0.0159381, 6;
0.0153102, 6;
0.0159452, 6;
0.0156789, 6;
0.0150446, 6;
0.0160006, 6;
0.015179, 6;
0.0159767, 6;
0.0156109, 6;
0.0159097, 6;
0.0161512, 6;
0.0147414, 6;
0.0152893, 6;
0.0155905, 6;
0.0154392, 6;
0.0152541, 6;
0.0157176, 6;
0.0161818, 6;
0.0157801, 6;
0.0156484, 6;
0.0153809, 6;
0.0146628, 6;
0.0149797, 6;
0.0166675, 6;
0.0134526, 6;
0.0175804, 6;
0.0134949, 6;
0.0149191, 6;
0.014728, 6;
0.0156546, 6;
0.015577, 6;
0.0157886, 6;
0.0158881, 6;
0.0154408, 6;
0.0152519, 6;
0.0153434, 6;
0.0157044, 6;
0.0164408, 6;
0.014396, 6;
0.0189087, 6;
0.0117405, 6;
0.0144953, 6;
0.0153046, 6;
0.0149276, 6;
0.0155238, 6;
0.0152786, 6;
0.0156336, 6;
0.0153269, 6;
0.0160001, 6;
0.0150651, 6;
0.0158739, 6;
0.0161329, 6;
0.0202722, 6;
0.0254583, 6;
0.0158148, 6;
0.0149966, 6;
0.0150274, 6;
0.0152736, 6;
0.0151947, 6;
0.0152845, 6;
0.0154904, 6;
0.0148449, 6;
0.0152443, 6;
0.015919, 6;
0.0153461, 6;
0.0161338, 6;
0.0154214, 6;
0.0155519, 6;
0.0159819, 6;
0.0157376, 6;
0.0158735, 6;
0.0156303, 6;
0.015791, 6;
0.0150624, 6;
0.0157853, 6;
0.0151054, 6;
0.0152547, 6;
0.0157749, 6;
0.0227136, 6;
0.0274544, 6;
0.0126368, 6;
0.0147606, 6;
0.0163604, 6;
0.0151012, 6;
0.0161595, 6;
0.0148188, 6;
0.0156753, 6;
0.0157003, 6;
0.0167345, 6;
0.0148687, 6;
0.0156871, 6;
0.0161361, 6;
0.0158199, 6;
0.0160503, 6;
0.0147127, 6;
0.0161762, 6;
0.0152382, 6;
0.0148474, 6;
0.0146706, 6;
0.0159903, 6;
0.0159947, 6;
0.015375, 6;
0.018591, 6;
0.0126337, 6;
0.0152066, 6;
0.0159578, 6;
0.0154336, 6;
0.0148032, 6;
0.0160088, 6;
0.0160185, 6;
0.0156874, 6;
0.015975, 6;
0.0152068, 6;
0.0157028, 6;
0.0159245, 6;
0.0159099, 6;
0.0159744, 6;
0.0156858, 6;
0.015016, 6;
0.0147786, 6;
0.0151286, 6;
0.0159766, 6;
0.0155929, 6;
0.0153782, 6;
0.0157973, 6;
0.0151215, 6;
0.0160851, 6;
0.0160718, 6;
0.0151957, 6;
0.0159499, 6;
0.0148789, 6;
0.015364, 6;
0.0153219, 6;
0.0160502, 6;
0.0153775, 6;
0.0155752, 6;
0.0154849, 6;
0.0150436, 6;
0.0156432, 6;
0.0153571, 6;
0.0158873, 6;
0.0154552, 6;
0.016521, 6;
0.0216778, 6;
0.0374348, 6;
0.0181527, 6;
0.0155266, 6;
0.0162234, 6;
0.0157467, 6;
0.0148874, 6;
0.0149209, 6;
0.0150849, 6;
0.016032, 6;
0.0203991, 6;
0.0120014, 6;
0.0215724, 6;
0.0272442, 6;
0.0183113, 6;
0.0107148, 6;
0.0157998, 6;
0.0156348, 6;
0.0156705, 6;
0.0151924, 6;
0.0159604, 6;
0.0162415, 6;
0.0148305, 6;
0.0154833, 6;
0.0151375, 6;
0.015951, 6;
0.0154898, 6;
0.0158162, 6;
0.0147592, 6;
0.0154506, 6;
0.015408, 6;
0.0154157, 6;
0.0159782, 6;
0.0153754, 6;
0.0155572, 6;
0.0155477, 6;
0.0151702, 6;
0.0159938, 6;
0.015346, 6;
0.0152616, 6;
0.0157106, 6;
0.0155438, 6;
0.0174392, 6;
0.0144858, 6;
0.0159545, 6;
0.0149767, 6;
0.0151429, 6;
0.015017, 6;
0.015984, 6;
0.0151991, 6;
0.0162387, 6;
0.0209713, 6;
0.0314021, 6;
0.0285248, 6;
0.015373, 6;
0.0151238, 6;
0.0127455, 6;
0.0147085, 6;
0.015649, 6;
0.0155587, 6;
0.0155848, 6;
0.0148712, 6;
0.0206935, 6;
0.0122098, 6;
0.0136508, 6;
0.0150158, 6;
0.0185006, 6;
0.0154694, 6;
0.0147623, 6;
0.0205717, 6;
0.0230478, 6;
0.0150189, 6;
0.0166641, 6;
0.014579, 6;
0.0156545, 6;
0.01581, 6;
0.0153918, 6;
0.0147666, 6;
0.0137133, 6;
0.0155848, 6;
0.0153533, 6;
0.0173103, 6;
0.0136065, 6;
0.0161255, 6;
0.0147576, 6;
0.0161208, 6;
0.0142877, 6;
0.0162002, 6;
0.0141957, 6;
0.0167147, 6;
0.0146377, 6;
0.0150366, 6;
0.0150369, 6;
0.0166541, 6;
0.0150986, 6;
0.0145827, 6;
0.0172322, 6;
0.0147129, 6;
0.0163608, 6;
0.0143986, 6;
0.0154395, 6;
0.0150858, 6;
0.01561, 6;
0.0152052, 6;
0.0157863, 6;
0.0165486, 6;
0.0143092, 6;
0.0161836, 6;
0.0148206, 6;
0.0158601, 6;
0.0147638, 6;
0.016358, 6;
0.0150955, 6;
0.0146807, 6;
0.0150124, 6;
0.0155064, 6;
0.0152028, 6;
0.0161558, 6;
0.0149452, 6;
0.0149871, 6;
0.0158565, 6;
0.0153897, 6;
0.0154462, 6;
0.0152924, 6;
0.017243, 6;
0.0141564, 6;
0.0149617, 6;
0.0161712, 6;
0.0149511, 6;
0.0159881, 6;
0.0159263, 6;
0.0152101, 6;
0.0159524, 6;
0.0155498, 6;
0.0154784, 6;
0.015909, 6;
0.0159541, 6;
0.0140956, 6;
0.0159843, 6;
0.0154737, 6;
0.0153225, 6;
0.0159166, 6;
0.0155236, 6;
0.0162241, 6;
