0.102877;
0.1081;
0.108257;
0.109304;
0.106277;
0.107725;
0.10773;
0.107459;
0.109577;
0.109368;
0.107013;
0.109032;
0.108254;
0.107094;
0.107848;
0.108299;
0.108477;
0.10611;
0.109918;
0.106438;
0.108395;
0.107755;
0.108612;
0.106811;
0.110665;
0.107299;
0.109292;
0.106619;
0.108123;
0.109952;
0.109681;
0.108532;
0.108887;
0.108005;
0.108194;
0.10869;
0.108369;
0.107369;
0.110266;
0.110116;
0.105028;
0.107137;
0.108213;
0.1082;
0.107805;
0.1085;
0.108087;
0.109496;
0.109222;
0.108082;
0.107953;
0.112743;
0.10705;
0.108729;
0.109922;
0.108123;
0.109323;
0.108685;
0.107443;
0.108488;
0.108237;
0.108423;
0.110246;
0.107317;
0.108134;
0.108315;
0.107175;
0.109975;
0.108868;
0.109908;
0.109155;
0.107596;
0.10815;
0.108872;
0.108094;
0.109824;
0.108398;
0.106803;
0.110972;
0.105786;
0.108877;
0.107761;
0.109924;
0.107692;
0.107305;
0.108215;
0.109551;
0.108243;
0.107245;
0.109374;
0.109363;
0.108083;
0.107801;
0.108189;
0.107421;
0.108815;
0.109406;
0.108083;
0.109555;
0.107159;
0.107098;
0.109096;
0.108621;
0.109316;
0.108273;
0.107979;
0.105736;
0.109024;
0.109983;
0.108328;
0.110193;
0.108139;
0.107207;
0.107401;
0.107926;
0.108904;
0.108768;
0.10808;
0.107769;
0.107111;
0.108305;
0.108555;
0.10829;
0.108913;
0.110304;
0.107156;
0.109779;
0.107709;
0.108574;
0.10725;
0.108559;
0.10759;
0.108861;
0.108821;
0.10744;
0.108717;
0.109436;
0.107439;
0.108954;
0.107966;
0.108118;
0.108252;
0.108744;
0.110748;
0.105155;
0.109434;
0.107224;
0.108205;
0.109012;
0.108171;
0.108986;
0.108806;
0.107057;
0.108733;
0.108872;
0.106243;
0.10967;
0.107761;
0.110905;
0.107876;
0.109645;
0.109521;
0.108251;
0.108532;
0.108187;
0.107512;
0.10876;
0.10933;
0.107023;
0.107181;
0.109381;
0.10783;
0.107517;
0.111033;
0.105952;
0.107696;
0.109605;
0.107382;
0.107836;
0.108622;
0.109892;
0.10742;
0.107766;
0.10909;
0.10803;
0.108837;
0.107425;
0.106875;
0.109039;
0.108573;
0.108746;
0.114192;
0.10446;
0.109039;
0.107839;
0.108001;
0.107808;
0.107211;
0.107545;
0.109165;
0.107627;
0.109482;
0.106954;
0.108235;
0.10692;
0.109792;
0.108369;
0.109115;
0.108815;
0.108872;
0.109147;
0.107547;
0.109245;
0.10775;
0.108548;
0.107906;
0.108106;
0.110496;
0.110222;
0.107956;
0.107191;
0.109084;
0.108025;
0.107933;
0.108536;
0.107841;
0.108912;
0.109407;
0.107784;
0.10992;
0.108754;
0.109941;
0.105788;
0.107943;
0.107205;
0.10942;
0.109264;
0.109498;
0.121002;
0.109228;
0.107818;
0.107713;
0.110173;
0.108906;
0.108741;
0.108327;
0.108919;
0.105672;
0.112096;
0.104782;
0.107301;
0.108602;
0.10793;
0.108908;
0.10834;
0.106624;
0.108139;
0.109562;
0.11022;
0.108737;
0.110065;
0.106898;
0.112013;
0.102479;
0.108043;
0.110394;
0.107602;
0.108465;
0.108025;
0.109505;
0.108341;
0.107069;
0.111248;
0.106743;
0.109857;
0.111008;
0.108975;
0.110041;
0.108188;
0.109331;
0.10464;
0.114165;
0.105703;
0.108634;
0.108233;
0.109987;
0.107382;
0.108764;
0.109217;
0.108155;
0.107892;
0.108079;
0.108691;
0.112523;
0.105769;
0.108272;
0.107671;
0.10955;
0.108614;
0.108145;
0.10872;
0.11074;
0.109153;
0.107127;
0.10869;
0.107064;
0.110469;
0.108351;
0.108688;
0.106672;
0.108365;
0.107356;
0.107636;
0.107446;
0.10896;
0.10911;
0.109168;
0.10669;
0.107238;
0.108491;
0.111158;
0.10624;
0.108599;
0.10878;
0.109418;
0.107468;
0.109337;
0.107554;
0.109629;
0.1076;
0.107604;
0.109641;
0.109411;
0.108691;
0.108144;
0.107999;
0.110097;
0.107971;
0.106611;
0.109305;
0.109095;
0.107279;
0.108201;
0.107077;
0.108274;
0.108954;
0.107711;
0.107629;
0.108548;
0.108172;
0.107945;
0.110357;
0.108727;
0.106118;
0.108689;
0.107899;
0.109071;
0.106051;
0.111471;
0.104673;
0.109064;
0.107647;
0.106948;
0.108777;
0.109217;
0.108694;
0.109525;
0.110604;
0.106561;
0.108605;
0.107357;
0.108843;
0.110949;
0.108989;
0.106767;
0.109458;
0.107204;
0.109718;
0.107312;
0.108029;
0.108665;
0.109348;
0.107216;
0.10716;
0.107042;
0.109573;
0.105973;
0.109201;
0.111108;
0.105721;
0.110383;
0.108642;
0.10793;
0.108039;
0.106928;
0.108762;
0.107462;
0.108918;
0.108047;
0.106671;
0.109213;
0.106826;
0.110071;
0.111309;
0.107637;
0.110308;
0.107949;
0.108225;
0.109838;
0.106759;
0.110212;
0.107567;
0.109327;
0.107419;
0.10866;
0.105972;
0.107685;
0.108404;
0.108557;
0.107425;
0.110166;
0.10829;
0.109707;
0.108851;
0.107942;
0.108688;
0.107744;
0.110303;
0.107429;
0.109466;
0.107234;
0.109985;
0.109523;
0.110137;
0.106702;
0.110824;
0.10506;
0.107857;
0.108874;
0.107401;
0.109604;
0.107105;
0.107099;
0.107964;
0.107802;
0.109767;
0.108525;
0.108153;
0.107486;
0.108394;
0.108354;
0.109078;
0.108357;
0.107727;
0.108069;
0.10945;
0.108439;
0.10717;
0.108666;
0.10809;
0.105808;
0.108411;
0.108157;
0.107081;
0.107555;
0.106773;
0.107932;
0.108651;
0.107644;
0.10842;
0.109367;
0.107216;
0.109053;
0.106815;
0.10931;
0.107676;
0.109138;
0.107765;
0.10777;
0.106718;
0.108963;
0.107639;
0.10763;
0.109489;
0.107353;
0.106685;
0.108871;
0.109516;
0.108463;
0.106808;
0.106817;
0.111932;
0.106866;
0.11;
0.108902;
0.109043;
0.109087;
0.108492;
0.109743;
0.106952;
0.106438;
0.1078;
0.106341;
0.109727;
0.108268;
0.108427;
0.108881;
0.109661;
0.10848;
0.107811;
0.109703;
0.107122;
0.109623;
0.107287;
0.109817;
0.109143;
0.109909;
0.108259;
0.113725;
0.122736;
0.113072;
0.104521;
0.111001;
0.106231;
0.110691;
0.105394;
0.114262;
0.100754;
0.109458;
0.107687;
0.106923;
0.107387;
0.113006;
0.122133;
0.109532;
0.107636;
0.107784;
0.108261;
0.10901;
0.109554;
0.108896;
0.108846;
0.109117;
0.108615;
0.123697;
0.109672;
0.10658;
0.11082;
0.107714;
0.109151;
0.107136;
0.110121;
0.105282;
0.11101;
0.107311;
0.109805;
0.107434;
0.108562;
0.108185;
0.1093;
0.112706;
0.101425;
0.107982;
0.110203;
0.107966;
0.110719;
0.1082;
0.1081;
0.108693;
0.107562;
0.110326;
0.106682;
0.106951;
0.110233;
0.108643;
0.111394;
0.106558;
0.109063;
0.106962;
0.108085;
0.108347;
0.109666;
0.108422;
0.109267;
0.110381;
0.108809;
0.110503;
0.106968;
0.110412;
0.10869;
0.105827;
0.108534;
0.110094;
0.108483;
0.106248;
0.106656;
0.109043;
0.107919;
0.109799;
0.106155;
0.109372;
0.110171;
0.106112;
0.111927;
0.106927;
0.109881;
0.108059;
0.108482;
0.109379;
0.110433;
0.107406;
0.108865;
0.108824;
0.108195;
0.107212;
0.108819;
0.107463;
0.105904;
0.10866;
0.107197;
0.109255;
0.107312;
0.108704;
0.10911;
0.108818;
0.110036;
0.108615;
0.108367;
0.10893;
0.110589;
0.10757;
0.107137;
0.111402;
0.105212;
0.107834;
0.108304;
0.108753;
0.109478;
0.110901;
0.105198;
0.108053;
0.10881;
0.109294;
0.107313;
0.107237;
0.107191;
0.10674;
0.106012;
0.109551;
0.104631;
0.109075;
0.110012;
0.107794;
0.109422;
0.107895;
0.111793;
0.105606;
0.10955;
0.108999;
0.107419;
0.107895;
0.109818;
0.107428;
0.107057;
0.10856;
0.107442;
0.108354;
0.108106;
0.106748;
0.110311;
0.107207;
0.107954;
0.110207;
0.110453;
0.107193;
0.106279;
0.107086;
0.108895;
0.106807;
0.11025;
0.110105;
0.110021;
0.11062;
0.107344;
0.107518;
0.106987;
0.10807;
0.109352;
0.107854;
0.109213;
0.108066;
0.107914;
0.106918;
0.107562;
0.108133;
0.107833;
0.109656;
0.107575;
0.109277;
0.106325;
0.109312;
0.108741;
0.108383;
0.108705;
0.110103;
0.110579;
0.108312;
0.107869;
0.106571;
0.108844;
0.107084;
0.108436;
0.108968;
0.114013;
0.104384;
0.106924;
0.107963;
0.11161;
0.105142;
0.108682;
0.10893;
0.107875;
0.108201;
0.108595;
0.107284;
0.107532;
0.110367;
0.108963;
0.107683;
0.10939;
0.10994;
0.113528;
0.104436;
0.10984;
0.108894;
0.108412;
0.109402;
0.108447;
0.109279;
0.108706;
0.110058;
0.107785;
0.104828;
0.109601;
0.108723;
0.106901;
0.111154;
0.107729;
0.108119;
0.106827;
0.10966;
0.10755;
0.111981;
0.106681;
0.108783;
0.108264;
0.108855;
0.110009;
0.108872;
0.109419;
0.108508;
0.108449;
0.106945;
0.108739;
0.107642;
0.109732;
0.107609;
0.109228;
0.107343;
0.108414;
0.108419;
0.109151;
0.110521;
0.107445;
0.107442;
0.107232;
0.108164;
0.108271;
0.107188;
0.107978;
0.106998;
0.106182;
0.110566;
0.107789;
0.10867;
0.107697;
0.108688;
0.105999;
0.11037;
0.109703;
0.108597;
0.10888;
0.106553;
0.11024;
0.108532;
0.108997;
0.107066;
0.108589;
0.106348;
0.108243;
0.10734;
0.107558;
0.109335;
0.107673;
0.109808;
0.107104;
0.110003;
0.105855;
0.110058;
0.106887;
0.109451;
0.108637;
0.1104;
0.106984;
0.108221;
0.108372;
0.108284;
0.108328;
0.108288;
0.108509;
0.107771;
0.109157;
0.109417;
0.108466;
0.107943;
0.107187;
0.108445;
0.113614;
0.119938;
0.108713;
0.10863;
0.110621;
0.10874;
0.110607;
0.108228;
0.106423;
0.109204;
0.109792;
0.10741;
0.10984;
0.109958;
0.105758;
0.108739;
0.107714;
0.108988;
0.108298;
0.108822;
0.107407;
0.108343;
0.106743;
0.109525;
0.107072;
0.109887;
0.107865;
0.107182;
0.105766;
0.108862;
0.109975;
0.108823;
0.107473;
0.109396;
0.108784;
0.108672;
0.108969;
0.108992;
0.109238;
0.10873;
0.109805;
0.104708;
0.110238;
0.107528;
0.108012;
0.108122;
0.108037;
0.109262;
0.109683;
0.106757;
0.110639;
0.111328;
0.108476;
0.108047;
0.108432;
0.107153;
0.109454;
0.105859;
0.106969;
0.110083;
0.106372;
0.108098;
0.10739;
0.108155;
0.106639;
0.108306;
0.109798;
0.107748;
0.108972;
0.109476;
0.108998;
0.106766;
0.10927;
0.108119;
0.107688;
0.107528;
0.107597;
0.110506;
0.109354;
0.109002;
0.106904;
0.108492;
0.109219;
0.108654;
0.108262;
0.107916;
0.109327;
0.110306;
0.111453;
0.133942;
0.108929;
0.104444;
0.109712;
0.107891;
0.108805;
0.107037;
0.110201;
0.108452;
0.106786;
0.109458;
0.106932;
0.110261;
0.106839;
0.107843;
0.109814;
0.107228;
0.109124;
0.109557;
0.106592;
0.109343;
0.108479;
0.107334;
0.109021;
0.105694;
0.108269;
0.108337;
0.109526;
0.107029;
0.107134;
0.113382;
0.105081;
0.109705;
0.108172;
0.109048;
0.106593;
0.108759;
0.108435;
0.108458;
0.110159;
0.106812;
0.109486;
0.121085;
0.107703;
0.107288;
0.1099;
0.107547;
0.108479;
0.110021;
0.106238;
0.106944;
0.109121;
0.110361;
0.107661;
0.108884;
0.109892;
0.108491;
0.108353;
0.108763;
0.110835;
0.108299;
0.107437;
0.107679;
0.110086;
0.109148;
0.107852;
0.108419;
0.106488;
0.110987;
0.108869;
0.106814;
0.108225;
0.107164;
0.109129;
0.108994;
0.106745;
0.108338;
0.107284;
0.107999;
0.108091;
0.109598;
0.10802;
0.107698;
0.107169;
0.107285;
0.108556;
0.110057;
0.109063;
0.107723;
0.110496;
0.105084;
0.105899;
0.106291;
0.107598;
0.105887;
0.107382;
0.10544;
0.108789;
0.106309;
0.107653;
0.104928;
0.107218;
0.10756;
0.108518;
0.11002;
0.108566;
0.10916;
0.120831;
0.105968;
0.105411;
0.107458;
0.10884;
0.10883;
0.110001;
0.107156;
0.11001;
0.107952;
0.110168;
0.10776;
0.122673;
0.109026;
0.108702;
0.10925;
0.107091;
0.10701;
0.108805;
0.108733;
0.108075;
0.109683;
0.107496;
0.109204;
0.107152;
0.109964;
0.108597;
0.107248;
0.107036;
0.109213;
0.110058;
0.106541;
0.108616;
0.109185;
0.106061;
0.110211;
