0.0267785, 6;
0.015125, 6;
0.0154357, 6;
0.0157014, 6;
0.0151341, 6;
0.0156278, 6;
0.0152334, 6;
0.0151271, 6;
0.0155587, 6;
0.0159127, 6;
0.0147304, 6;
0.01551, 6;
0.01521, 6;
0.0155207, 6;
0.0154821, 6;
0.0147249, 6;
0.0147667, 6;
0.015693, 6;
0.0151145, 6;
0.0153666, 6;
0.01539, 6;
0.0154136, 6;
0.0173225, 6;
0.013834, 6;
0.0157441, 6;
0.0149718, 6;
0.0156657, 6;
0.0151376, 6;
0.0157895, 6;
0.0159976, 6;
0.0145629, 6;
0.0153838, 6;
0.0151939, 6;
0.0161474, 6;
0.015346, 6;
0.0164734, 6;
0.0155375, 6;
0.015077, 6;
0.014762, 6;
0.0149175, 6;
0.0150374, 6;
0.015242, 6;
0.0164266, 6;
0.0138981, 6;
0.0167325, 6;
0.0139648, 6;
0.0157261, 6;
0.0152157, 6;
0.0155938, 6;
0.0154369, 6;
0.015989, 6;
0.0173335, 6;
0.0130738, 6;
0.0146879, 6;
0.0153764, 6;
0.0164318, 6;
0.0142582, 6;
0.0158323, 6;
0.0149836, 6;
0.0157292, 6;
0.0162531, 6;
0.0155582, 6;
0.016176, 6;
0.014801, 6;
0.015305, 6;
0.0158666, 6;
0.0157119, 6;
0.0165247, 6;
0.0153734, 6;
0.0149625, 6;
0.0150178, 6;
0.0149687, 6;
0.0156336, 6;
0.0159456, 6;
0.0161779, 6;
0.0150753, 6;
0.0160321, 6;
0.0150609, 6;
0.0151694, 6;
0.0159021, 6;
0.0161459, 6;
0.015108, 6;
0.0162081, 6;
0.0148835, 6;
0.0156262, 6;
0.0160217, 6;
0.0151955, 6;
0.0159411, 6;
0.0152086, 6;
0.0153281, 6;
0.0150905, 6;
0.0154079, 6;
0.0150657, 6;
0.0156469, 6;
0.0154344, 6;
0.0160149, 6;
0.0151933, 6;
0.013852, 6;
0.0150812, 6;
0.0152047, 6;
0.0154589, 6;
0.0151642, 6;
0.015465, 6;
0.015345, 6;
0.0160215, 6;
0.0158683, 6;
0.0147973, 6;
0.0161195, 6;
0.0151103, 6;
0.0154562, 6;
0.0154201, 6;
0.0154445, 6;
0.0158449, 6;
0.0152335, 6;
0.0158266, 6;
0.0160577, 6;
0.0153613, 6;
0.0152051, 6;
0.0156872, 6;
0.0153292, 6;
0.0152972, 6;
0.0152965, 6;
0.0165891, 6;
0.0153371, 6;
0.0153257, 6;
0.0151398, 6;
0.0154141, 6;
0.0156818, 6;
0.0151343, 6;
0.014911, 6;
0.0148524, 6;
0.0150027, 6;
0.0156145, 6;
0.0151817, 6;
0.0151829, 6;
0.0153151, 6;
0.015781, 6;
0.0161394, 6;
0.0174836, 6;
0.0132637, 6;
0.0149913, 6;
0.0147625, 6;
0.0160084, 6;
0.0150102, 6;
0.0155344, 6;
0.0154666, 6;
0.014735, 6;
0.0157782, 6;
0.0192992, 6;
0.0113927, 6;
0.015671, 6;
0.0155686, 6;
0.014606, 6;
0.0154544, 6;
0.0153531, 6;
0.0156624, 6;
0.0161792, 6;
0.0158577, 6;
0.0153109, 6;
0.0159199, 6;
0.0147832, 6;
0.0151838, 6;
0.0177552, 6;
0.0137606, 6;
0.0172648, 6;
0.0145519, 6;
0.0159646, 6;
0.0159627, 6;
0.0160623, 6;
0.0157294, 6;
0.0152044, 6;
0.0160692, 6;
0.0149059, 6;
0.0163316, 6;
0.0148381, 6;
0.0156424, 6;
0.0190997, 6;
0.0108597, 6;
0.0159053, 6;
0.014584, 6;
0.0152057, 6;
0.0155682, 6;
0.0160555, 6;
0.0154072, 6;
0.0157841, 6;
0.0148308, 6;
0.0157409, 6;
0.0157131, 6;
0.0153508, 6;
0.0160797, 6;
0.0135364, 6;
0.0169242, 6;
0.0141021, 6;
0.0152856, 6;
0.0161937, 6;
0.0151729, 6;
0.0155689, 6;
0.0152648, 6;
0.0152944, 6;
0.0161093, 6;
0.015122, 6;
0.0156801, 6;
0.0160194, 6;
0.0157461, 6;
0.0151326, 6;
0.015869, 6;
0.0153724, 6;
0.0148884, 6;
0.0142602, 6;
0.0151771, 6;
0.0164622, 6;
0.014949, 6;
0.0153057, 6;
0.0153736, 6;
0.015083, 6;
0.0162346, 6;
0.0148557, 6;
0.0167431, 6;
0.0141031, 6;
0.0160466, 6;
0.0148122, 6;
0.0156244, 6;
0.0162599, 6;
0.0150423, 6;
0.0151686, 6;
0.0156193, 6;
0.0152587, 6;
0.015158, 6;
0.015779, 6;
0.0158656, 6;
0.0157021, 6;
0.0158206, 6;
0.0140561, 6;
0.0161337, 6;
0.0147396, 6;
0.0155611, 6;
0.0153221, 6;
0.0151957, 6;
0.0152503, 6;
0.0156994, 6;
0.0154648, 6;
0.0153184, 6;
0.0153102, 6;
0.0152769, 6;
0.0146344, 6;
0.0156896, 6;
0.0152339, 6;
0.0157973, 6;
0.0160541, 6;
0.0161633, 6;
0.0155639, 6;
0.0152755, 6;
0.0148621, 6;
0.0152981, 6;
0.0152115, 6;
0.0152774, 6;
0.0154017, 6;
0.015859, 6;
0.0157295, 6;
0.0157645, 6;
0.0153099, 6;
0.0148037, 6;
0.0149157, 6;
0.0160315, 6;
0.0157394, 6;
0.0154416, 6;
0.0155953, 6;
0.0152863, 6;
0.0151136, 6;
0.0160737, 6;
0.0166482, 6;
0.0150543, 6;
0.018822, 6;
0.0138903, 6;
0.0138442, 6;
0.0159329, 6;
0.015799, 6;
0.0146203, 6;
0.0156533, 6;
0.0155403, 6;
0.0158442, 6;
0.01502, 6;
0.0151785, 6;
0.0157913, 6;
0.0151843, 6;
0.0151319, 6;
0.0153895, 6;
0.0149887, 6;
0.0154061, 6;
0.0155721, 6;
0.0154858, 6;
0.0152705, 6;
0.0163132, 6;
0.0147807, 6;
0.014743, 6;
0.0147655, 6;
0.0155935, 6;
0.015338, 6;
0.015081, 6;
0.0165707, 6;
0.0144866, 6;
0.0150619, 6;
0.0167673, 6;
0.0144085, 6;
0.0155028, 6;
0.015131, 6;
0.0156453, 6;
0.015272, 6;
0.0159538, 6;
0.014962, 6;
0.0157271, 6;
0.015268, 6;
0.0157346, 6;
0.0159506, 6;
0.0146526, 6;
0.0160306, 6;
0.0158139, 6;
0.015182, 6;
0.0151273, 6;
0.015691, 6;
0.0158916, 6;
0.0155072, 6;
0.0165186, 6;
0.0144973, 6;
0.0157584, 6;
0.0152608, 6;
0.0148174, 6;
0.0149879, 6;
0.0160864, 6;
0.0148906, 6;
0.016111, 6;
0.0148928, 6;
0.0151123, 6;
0.0164497, 6;
0.0152583, 6;
0.0155726, 6;
0.0148213, 6;
0.0157955, 6;
0.0159936, 6;
0.0153247, 6;
0.0150895, 6;
0.015668, 6;
0.0163145, 6;
0.0148221, 6;
0.0156888, 6;
0.015078, 6;
0.0162092, 6;
0.0144046, 6;
0.0157582, 6;
0.015472, 6;
0.0160034, 6;
0.0150406, 6;
0.0157145, 6;
0.0147214, 6;
0.0154562, 6;
0.0156389, 6;
0.0156023, 6;
0.0151108, 6;
0.0160075, 6;
0.0150295, 6;
0.0163418, 6;
0.0145191, 6;
0.0163258, 6;
0.0144939, 6;
0.0154744, 6;
0.0155928, 6;
0.0152189, 6;
0.0156683, 6;
0.0184739, 6;
0.0131499, 6;
0.0158206, 6;
0.0165016, 6;
0.0146031, 6;
0.0152523, 6;
0.0160596, 6;
0.0159631, 6;
0.0161699, 6;
0.0145926, 6;
0.0170298, 6;
0.0138838, 6;
0.0156801, 6;
0.0156806, 6;
0.0159038, 6;
0.016083, 6;
0.0143198, 6;
0.0150387, 6;
0.0152808, 6;
0.0156643, 6;
0.015873, 6;
0.0150127, 6;
0.0157502, 6;
0.0152645, 6;
0.0152381, 6;
0.0156298, 6;
0.0154755, 6;
0.014523, 6;
0.0158494, 6;
0.0160843, 6;
0.0152084, 6;
0.0155379, 6;
0.0151188, 6;
0.0159438, 6;
0.0160089, 6;
0.0149956, 6;
0.0161232, 6;
0.0154514, 6;
0.0146171, 6;
0.0169984, 6;
0.0140165, 6;
0.0157815, 6;
0.0158142, 6;
0.0154015, 6;
0.0159755, 6;
0.0159461, 6;
0.0171091, 6;
0.0130803, 6;
0.0151761, 6;
0.0151807, 6;
0.0154668, 6;
0.0154963, 6;
0.0152418, 6;
0.0152354, 6;
0.0157012, 6;
0.0159969, 6;
0.01541, 6;
0.0163473, 6;
0.0150496, 6;
0.0158964, 6;
0.0154647, 6;
0.0157764, 6;
0.0154181, 6;
0.0145704, 6;
0.015626, 6;
0.0163672, 6;
0.0169321, 6;
0.0141628, 6;
0.015541, 6;
0.0154857, 6;
0.014885, 6;
0.0148183, 6;
0.0157837, 6;
0.0145227, 6;
0.0156, 6;
0.0149598, 6;
0.015392, 6;
0.0145175, 6;
0.0164305, 6;
0.0146561, 6;
0.0151954, 6;
0.0153545, 6;
0.0149113, 6;
0.0161033, 6;
0.0159256, 6;
0.0151533, 6;
0.0159979, 6;
0.015534, 6;
0.0155036, 6;
0.0155534, 6;
0.014841, 6;
0.0148761, 6;
0.0149563, 6;
0.0147603, 6;
0.0160548, 6;
0.0150498, 6;
0.0150747, 6;
0.0158015, 6;
0.0155441, 6;
0.0150446, 6;
0.0154084, 6;
0.0143887, 6;
0.0156269, 6;
0.0149918, 6;
0.0157589, 6;
0.0178442, 6;
0.0149199, 6;
0.0147373, 6;
0.016001, 6;
0.0162379, 6;
0.015635, 6;
0.0159431, 6;
0.0152561, 6;
0.0149461, 6;
0.015117, 6;
0.0160929, 6;
0.0147323, 6;
0.0155615, 6;
0.0150724, 6;
0.0170758, 6;
0.0149698, 6;
0.0168798, 6;
0.0137359, 6;
0.0160325, 6;
0.0156554, 6;
0.0151025, 6;
0.0160607, 6;
0.0156862, 6;
0.0152945, 6;
0.0158863, 6;
0.0154071, 6;
0.0155587, 6;
0.0151572, 6;
0.0158422, 6;
0.0146867, 6;
0.0161252, 6;
0.0154126, 6;
0.015076, 6;
0.0156305, 6;
0.0170233, 6;
0.0150458, 6;
0.0164212, 6;
0.0157127, 6;
0.015596, 6;
0.0156248, 6;
0.0158043, 6;
0.0154391, 6;
0.0145365, 6;
0.0150549, 6;
0.0155092, 6;
0.0150031, 6;
0.0167636, 6;
0.0153436, 6;
0.0161659, 6;
0.0148386, 6;
0.0155222, 6;
0.0150415, 6;
0.0157078, 6;
0.014702, 6;
0.0152126, 6;
0.0155894, 6;
0.0151463, 6;
0.015206, 6;
0.0168646, 6;
0.0144975, 6;
0.0154166, 6;
0.0152224, 6;
0.0153631, 6;
0.0158202, 6;
0.0158108, 6;
0.0154494, 6;
0.0157117, 6;
0.0164436, 6;
0.0145303, 6;
0.0148361, 6;
0.0185225, 6;
0.0124973, 6;
0.0160184, 6;
0.0160001, 6;
0.0157213, 6;
0.0159247, 6;
0.0148849, 6;
0.0149773, 6;
0.0160725, 6;
0.0150331, 6;
0.0148383, 6;
0.0152184, 6;
0.0160113, 6;
0.0150733, 6;
0.0146651, 6;
0.0152144, 6;
0.0162862, 6;
0.0154664, 6;
0.01561, 6;
0.0150857, 6;
0.0155257, 6;
0.015672, 6;
0.0153847, 6;
0.0155781, 6;
0.0170726, 6;
0.0138427, 6;
0.0157766, 6;
0.0152178, 6;
0.0147782, 6;
0.0150848, 6;
0.0158418, 6;
0.0151468, 6;
0.0151029, 6;
0.0163311, 6;
0.0144295, 6;
0.0151003, 6;
0.0151784, 6;
0.0153984, 6;
0.017029, 6;
0.0142025, 6;
0.0153814, 6;
0.0149485, 6;
0.0147848, 6;
0.0155025, 6;
0.0151075, 6;
0.015637, 6;
0.0155279, 6;
0.0149962, 6;
0.0159863, 6;
0.0145051, 6;
0.0158558, 6;
0.0150787, 6;
0.0148109, 6;
0.0148528, 6;
0.0160261, 6;
0.0140337, 6;
0.0159521, 6;
0.0166362, 6;
0.0139671, 6;
0.0153591, 6;
0.0153156, 6;
0.015963, 6;
0.0158821, 6;
0.0161358, 6;
0.0144104, 6;
0.0154202, 6;
0.0151132, 6;
0.0153161, 6;
0.014794, 6;
0.0150916, 6;
0.0158691, 6;
0.0150967, 6;
0.0151511, 6;
0.0159023, 6;
0.0148617, 6;
0.0149257, 6;
0.0158698, 6;
0.015396, 6;
0.0151751, 6;
0.0155204, 6;
0.0151651, 6;
0.0160579, 6;
0.0157104, 6;
0.0149171, 6;
0.014737, 6;
0.0150615, 6;
0.0154569, 6;
0.017063, 6;
0.0138299, 6;
0.0155881, 6;
0.0151101, 6;
0.0155538, 6;
0.0152719, 6;
0.0147314, 6;
0.0149004, 6;
0.0157347, 6;
0.0157661, 6;
0.0159393, 6;
0.0159346, 6;
0.0160396, 6;
0.0159922, 6;
0.0159966, 6;
0.015563, 6;
0.0152862, 6;
0.0159179, 6;
0.0148327, 6;
0.0150547, 6;
0.0155792, 6;
0.0141334, 6;
0.0152477, 6;
0.0153166, 6;
0.0158643, 6;
0.0154714, 6;
0.0152847, 6;
0.0157559, 6;
0.01598, 6;
0.0152576, 6;
0.0149881, 6;
0.0157141, 6;
0.0151286, 6;
0.0151579, 6;
0.0148783, 6;
0.0151715, 6;
0.0154831, 6;
0.016031, 6;
0.0156423, 6;
0.0151953, 6;
0.0151419, 6;
0.0152068, 6;
0.0155724, 6;
0.0157582, 6;
0.015218, 6;
0.0158223, 6;
0.0152285, 6;
0.0160624, 6;
0.0160599, 6;
0.0160652, 6;
0.0151778, 6;
0.0160089, 6;
0.0155864, 6;
0.0154006, 6;
0.0156586, 6;
0.0149661, 6;
0.0156587, 6;
0.0154627, 6;
0.0155305, 6;
0.0154874, 6;
0.0152134, 6;
0.0150556, 6;
0.0153691, 6;
0.0155143, 6;
0.0148289, 6;
0.0150319, 6;
0.0151901, 6;
0.0154224, 6;
0.0159984, 6;
0.0152222, 6;
0.0157815, 6;
0.0152975, 6;
0.0148367, 6;
0.0157245, 6;
0.0156388, 6;
0.0161647, 6;
0.0152326, 6;
0.0148487, 6;
0.0158128, 6;
0.0156343, 6;
0.0161035, 6;
0.0155094, 6;
0.0152578, 6;
0.0152998, 6;
0.0154847, 6;
0.01476, 6;
0.0151881, 6;
0.0158722, 6;
0.0148823, 6;
0.015012, 6;
0.0156151, 6;
0.0152769, 6;
0.0150058, 6;
0.0149971, 6;
0.0154005, 6;
0.0156498, 6;
0.0149509, 6;
0.0154243, 6;
0.0154198, 6;
0.0152163, 6;
0.0153482, 6;
0.0152135, 6;
0.0156565, 6;
0.0154998, 6;
0.0159528, 6;
0.0153618, 6;
0.0159264, 6;
0.0151659, 6;
0.0153246, 6;
0.0158562, 6;
0.0155693, 6;
0.0158693, 6;
0.0154424, 6;
0.0151337, 6;
0.0155812, 6;
0.0150331, 6;
0.0157365, 6;
0.0149993, 6;
0.0159058, 6;
0.0156164, 6;
0.0153912, 6;
0.015573, 6;
0.0152864, 6;
0.0149345, 6;
0.014834, 6;
0.0157518, 6;
0.0151348, 6;
0.0156473, 6;
0.0155794, 6;
0.0152502, 6;
0.0160272, 6;
0.0155396, 6;
0.0149821, 6;
0.0160023, 6;
0.0155364, 6;
0.0152439, 6;
0.0157414, 6;
0.0152171, 6;
0.0159033, 6;
0.0148817, 6;
0.0157712, 6;
0.0159843, 6;
0.0153036, 6;
0.0158679, 6;
0.0155878, 6;
0.0158825, 6;
0.0153637, 6;
0.0146815, 6;
0.0152823, 6;
0.0156473, 6;
0.0154781, 6;
0.0153676, 6;
0.0155611, 6;
0.0152641, 6;
0.0155676, 6;
0.0151011, 6;
0.0155337, 6;
0.0151617, 6;
0.0152161, 6;
0.0160694, 6;
0.0159041, 6;
0.0151202, 6;
0.0151087, 6;
0.0156041, 6;
0.0153204, 6;
0.0156492, 6;
0.0159883, 6;
0.0149905, 6;
0.0159446, 6;
0.0146144, 6;
0.0157183, 6;
0.0153183, 6;
0.0158368, 6;
0.0151236, 6;
0.0159261, 6;
0.0144602, 6;
0.0156155, 6;
0.0153207, 6;
0.0156419, 6;
0.015074, 6;
0.016014, 6;
0.0150605, 6;
0.0157943, 6;
0.0152542, 6;
0.0149588, 6;
0.0148279, 6;
0.0159779, 6;
0.0151194, 6;
0.0156152, 6;
0.0151493, 6;
0.0151434, 6;
0.0152392, 6;
0.0155009, 6;
0.0159769, 6;
0.0149307, 6;
0.016061, 6;
0.0151064, 6;
0.0153081, 6;
0.0153792, 6;
0.0149241, 6;
0.0152067, 6;
0.0160535, 6;
0.015034, 6;
0.0157778, 6;
0.0155883, 6;
0.015365, 6;
0.0156517, 6;
0.0149674, 6;
0.0153432, 6;
0.0151724, 6;
0.0160094, 6;
0.0153949, 6;
0.0156488, 6;
0.0149056, 6;
0.0151421, 6;
0.015477, 6;
0.0154438, 6;
0.0152411, 6;
0.0151787, 6;
0.0151855, 6;
0.0159332, 6;
0.0152486, 6;
0.0154344, 6;
0.0156289, 6;
0.0150826, 6;
0.0152754, 6;
0.0151182, 6;
0.015564, 6;
0.0159453, 6;
0.0159146, 6;
0.0158772, 6;
0.0149035, 6;
0.0152336, 6;
0.0153402, 6;
0.0155381, 6;
0.0156913, 6;
0.0155104, 6;
0.015474, 6;
0.015476, 6;
0.0154222, 6;
0.0152994, 6;
0.0158568, 6;
0.0147758, 6;
0.0156191, 6;
0.0155156, 6;
0.0152017, 6;
0.0158122, 6;
0.0149094, 6;
0.0147099, 6;
0.0152293, 6;
0.0147788, 6;
0.0153556, 6;
0.0156889, 6;
0.0150335, 6;
0.0155507, 6;
0.0158197, 6;
0.0159086, 6;
0.0149647, 6;
0.0155387, 6;
0.0152414, 6;
0.0156185, 6;
0.0151256, 6;
0.0159692, 6;
0.0160961, 6;
0.015687, 6;
0.0160733, 6;
0.0159903, 6;
0.0152334, 6;
0.0150922, 6;
0.0153457, 6;
0.0156484, 6;
0.0158815, 6;
0.0150582, 6;
0.0150231, 6;
0.0151633, 6;
0.01529, 6;
0.0152484, 6;
0.0156585, 6;
0.0153457, 6;
0.0154367, 6;
0.015493, 6;
0.0157952, 6;
0.0156117, 6;
0.0155849, 6;
0.0149368, 6;
0.0147566, 6;
0.0156541, 6;
0.0155742, 6;
0.0158924, 6;
0.0166656, 6;
0.0137869, 6;
0.0149119, 6;
0.015222, 6;
0.0154264, 6;
0.0154673, 6;
0.0151626, 6;
0.0158218, 6;
0.0156694, 6;
0.0156318, 6;
0.0157976, 6;
0.015478, 6;
0.0153039, 6;
0.0159463, 6;
0.015492, 6;
0.014732, 6;
0.0155238, 6;
0.0159826, 6;
0.0159905, 6;
0.0151542, 6;
0.0160154, 6;
0.01503, 6;
0.0158512, 6;
0.0153518, 6;
0.0147474, 6;
0.0152235, 6;
0.0152549, 6;
0.0152581, 6;
0.0157652, 6;
0.0149879, 6;
0.015964, 6;
0.0154844, 6;
0.0155791, 6;
0.0148995, 6;
0.0155534, 6;
0.0153584, 6;
0.0149556, 6;
0.0153624, 6;
0.0155383, 6;
0.0160309, 6;
0.0156263, 6;
0.0154151, 6;
0.0148071, 6;
0.0155323, 6;
0.0154512, 6;
0.0158924, 6;
0.0152976, 6;
0.0154766, 6;
0.0153715, 6;
0.0153829, 6;
0.0156978, 6;
0.0150362, 6;
0.015324, 6;
0.0152037, 6;
0.0152293, 6;
0.0151204, 6;
0.0155678, 6;
0.0151744, 6;
0.0152118, 6;
0.0160106, 6;
0.0158774, 6;
0.0149719, 6;
0.01568, 6;
0.0154183, 6;
0.0155801, 6;
0.0150104, 6;
0.0151813, 6;
0.015625, 6;
0.015534, 6;
0.0156465, 6;
0.0151876, 6;
0.0153398, 6;
0.0151259, 6;
0.0155558, 6;
0.0155625, 6;
0.0153609, 6;
0.0152339, 6;
0.0154656, 6;
0.0157753, 6;
0.0149542, 6;
0.0149415, 6;
0.0158908, 6;
0.0149816, 6;
0.0149535, 6;
0.0158156, 6;
0.0153156, 6;
0.0149893, 6;
0.0155904, 6;
0.0157247, 6;
0.0150802, 6;
0.015235, 6;
0.0150803, 6;
0.0157274, 6;
0.0157366, 6;
0.0154341, 6;
0.0152504, 6;
0.0152972, 6;
0.0152866, 6;
0.0159755, 6;
0.0156797, 6;
0.0154672, 6;
0.0161098, 6;
0.0152224, 6;
0.0149689, 6;
0.0152181, 6;
0.0158019, 6;
0.0151587, 6;
0.0154006, 6;
0.0152658, 6;
0.0152594, 6;
0.015352, 6;
0.0151135, 6;
0.0152174, 6;
0.0157626, 6;
0.0156906, 6;
0.0158812, 6;
0.0154191, 6;
0.0152278, 6;
0.0160221, 6;
0.015981, 6;
0.0157731, 6;
0.015553, 6;
0.0152172, 6;
0.0157877, 6;
0.0153241, 6;
0.0152477, 6;
0.0153478, 6;
0.0151889, 6;
0.0152059, 6;
0.0161326, 6;
0.0162368, 6;
0.0161698, 6;
0.0145299, 6;
0.0160193, 6;
0.0149793, 6;
0.0150139, 6;
0.0153782, 6;
0.0159777, 6;
0.0159748, 6;
0.0153504, 6;
0.0159483, 6;
0.0156459, 6;
0.0150236, 6;
0.0159687, 6;
0.0154337, 6;
0.0159784, 6;
0.0160279, 6;
0.0159459, 6;
0.0154122, 6;
0.014936, 6;
0.0151268, 6;
0.0160597, 6;
0.0152271, 6;
0.0158786, 6;
0.0149435, 6;
0.0149522, 6;
0.015731, 6;
0.015999, 6;
0.0159671, 6;
0.0159888, 6;
0.0159852, 6;
0.0159979, 6;
0.0159203, 6;
0.0159901, 6;
0.0151994, 6;
0.0159404, 6;
0.0149973, 6;
0.0159759, 6;
0.0160016, 6;
0.0159929, 6;
0.0159571, 6;
0.0149913, 6;
0.0151842, 6;
0.0162024, 6;
0.0155247, 6;
0.0164598, 6;
0.0157566, 6;
0.0149323, 6;
0.0155746, 6;
0.0154856, 6;
0.0149897, 6;
0.0148083, 6;
0.0147834, 6;
0.0151859, 6;
0.0160763, 6;
0.0153617, 6;
0.0146847, 6;
0.0147898, 6;
0.0156461, 6;
0.0154053, 6;
0.0150332, 6;
0.0155599, 6;
0.0155219, 6;
0.0158562, 6;
0.0157755, 6;
0.0153189, 6;
0.015671, 6;
0.0151368, 6;
0.0156824, 6;
0.0151812, 6;
0.014808, 6;
0.0152024, 6;
0.0155023, 6;
0.0159296, 6;
0.015248, 6;
0.0157406, 6;
0.0158812, 6;
0.0160914, 6;
0.0151207, 6;
0.0148053, 6;
0.0151365, 6;
0.0161074, 6;
0.0147399, 6;
0.0151898, 6;
0.0147865, 6;
0.0152863, 6;
0.0155231, 6;
0.0154672, 6;
0.0152707, 6;
0.0150905, 6;
0.0158315, 6;
0.0157333, 6;
0.0152643, 6;
0.0156714, 6;
0.0161508, 6;
0.0142978, 6;
0.0160438, 6;
0.0145787, 6;
0.0155958, 6;
0.0151382, 6;
0.0151435, 6;
0.015834, 6;
0.0157609, 6;
0.0151336, 6;
0.0157506, 6;
0.0148952, 6;
0.0167533, 6;
0.0144937, 6;
0.0144247, 6;
0.0158278, 6;
0.015818, 6;
0.016096, 6;
0.0149852, 6;
0.0158504, 6;
0.0154513, 6;
0.0155658, 6;
0.0169621, 6;
0.0142724, 6;
0.0157471, 6;
0.0150545, 6;
0.0150905, 6;
0.0159862, 6;
0.0153311, 6;
0.0152346, 6;
0.015133, 6;
0.0154406, 6;
0.0157868, 6;
0.0159796, 6;
0.0159614, 6;
0.0162183, 6;
0.0144974, 6;
0.0153391, 6;
0.0153565, 6;
0.0158673, 6;
0.0143805, 6;
0.0158949, 6;
0.0157272, 6;
0.0152972, 6;
0.0150655, 6;
0.015087, 6;
0.0147051, 6;
0.0154252, 6;
0.0158051, 6;
0.0156267, 6;
0.0161165, 6;
0.0163224, 6;
0.0140212, 6;
0.0156644, 6;
0.0146963, 6;
0.0150772, 6;
0.0155312, 6;
0.0149957, 6;
0.0158244, 6;
0.015611, 6;
0.0167822, 6;
0.0140311, 6;
0.0151852, 6;
0.015483, 6;
0.0154323, 6;
0.0157879, 6;
0.015355, 6;
0.0147656, 6;
0.0159978, 6;
0.0145649, 6;
0.0156377, 6;
0.0157752, 6;
0.0159049, 6;
0.0148413, 6;
0.015704, 6;
0.0164027, 6;
0.01456, 6;
0.0149648, 6;
0.0156591, 6;
0.0149231, 6;
0.0151171, 6;
0.0165491, 6;
0.0154177, 6;
0.0150239, 6;
0.0166789, 6;
0.0141705, 6;
0.0153039, 6;
0.0154365, 6;
0.0153182, 6;
0.0156215, 6;
0.0155746, 6;
0.0161704, 6;
0.0166088, 6;
0.0140283, 6;
0.0153385, 6;
0.0156471, 6;
0.0156884, 6;
0.0157623, 6;
0.0145859, 6;
0.0147963, 6;
0.0157016, 6;
0.015082, 6;
0.015104, 6;
0.0156046, 6;
0.0156593, 6;
0.0152393, 6;
0.0177604, 6;
0.0134413, 6;
0.0165681, 6;
0.0138888, 6;
0.0152229, 6;
0.0156118, 6;
0.0156057, 6;
0.0151892, 6;
0.0153262, 6;
0.0153334, 6;
0.0161557, 6;
0.0164249, 6;
0.0141937, 6;
0.0158832, 6;
0.0166502, 6;
0.0139174, 6;
0.0153285, 6;
0.0152684, 6;
0.0154172, 6;
0.0150984, 6;
0.0157014, 6;
0.0157382, 6;
0.0149632, 6;
0.0159088, 6;
0.0152769, 6;
0.0150299, 6;
0.015711, 6;
0.0150153, 6;
0.0157609, 6;
0.0154662, 6;
0.0160092, 6;
0.015486, 6;
0.0153277, 6;
0.0155382, 6;
0.0156003, 6;
0.0151866, 6;
0.0156559, 6;
0.0153382, 6;
0.0153022, 6;
0.0154806, 6;
0.0152774, 6;
0.0159629, 6;
0.0147468, 6;
0.0154776, 6;
0.0160525, 6;
0.0154218, 6;
0.0155291, 6;
0.0148772, 6;
0.015252, 6;
0.0157218, 6;
0.0160877, 6;
0.0152072, 6;
0.0156628, 6;
0.0154409, 6;
0.0157607, 6;
0.0159559, 6;
0.0149996, 6;
0.0154247, 6;
0.0158567, 6;
0.0148346, 6;
0.0158721, 6;
0.0157856, 6;
0.0165012, 6;
0.0152697, 6;
0.0157451, 6;
0.014955, 6;
0.0154141, 6;
0.0155386, 6;
0.0158494, 6;
0.0155651, 6;
0.0150069, 6;
0.0155347, 6;
0.0143786, 6;
0.0150281, 6;
0.0157048, 6;
0.0151125, 6;
0.0154307, 6;
0.0153598, 6;
0.015533, 6;
0.0154078, 6;
0.0151405, 6;
0.0157861, 6;
0.0155164, 6;
0.0156836, 6;
0.0163606, 6;
0.0146684, 6;
0.0165508, 6;
0.0155709, 6;
0.0156046, 6;
0.0155059, 6;
0.0157625, 6;
0.0160522, 6;
0.0150902, 6;
0.0147332, 6;
0.0152713, 6;
0.015493, 6;
0.0153894, 6;
0.01674, 6;
0.0137685, 6;
0.0151361, 6;
0.0154222, 6;
0.0149671, 6;
0.0150703, 6;
0.0150521, 6;
0.0152651, 6;
0.0156352, 6;
0.014919, 6;
0.0160347, 6;
0.0148039, 6;
0.015986, 6;
0.0160629, 6;
0.0144804, 6;
0.0152312, 6;
0.0153153, 6;
0.0152034, 6;
0.0155585, 6;
0.0160885, 6;
0.015013, 6;
0.0152842, 6;
0.0158841, 6;
0.0173382, 6;
0.0143148, 6;
0.014326, 6;
0.0153827, 6;
0.0156395, 6;
0.0150455, 6;
0.0152121, 6;
0.0152204, 6;
0.0161432, 6;
0.0159843, 6;
0.015143, 6;
0.0150727, 6;
0.0155106, 6;
0.0152525, 6;
0.0149357, 6;
0.014851, 6;
0.0147394, 6;
0.015896, 6;
0.0150866, 6;
0.0151739, 6;
0.0154254, 6;
0.0159373, 6;
0.0158471, 6;
0.0154165, 6;
0.0158487, 6;
0.014598, 6;
0.0152246, 6;
0.0154903, 6;
0.0151237, 6;
0.0152678, 6;
0.015046, 6;
0.0158346, 6;
0.0152155, 6;
0.0163967, 6;
0.0152223, 6;
0.0150685, 6;
0.0151572, 6;
0.015542, 6;
0.0158029, 6;
0.0153211, 6;
0.0147041, 6;
0.0150751, 6;
0.0152129, 6;
0.0145688, 6;
0.0160356, 6;
0.0153676, 6;
0.0156192, 6;
0.0164589, 6;
0.0140728, 6;
0.0160072, 6;
0.0164169, 6;
0.0155163, 6;
0.0154308, 6;
0.0152169, 6;
0.0163192, 6;
0.0157333, 6;
0.0157822, 6;
0.0156533, 6;
0.020975, 6;
0.0105422, 6;
0.0150755, 6;
0.0157289, 6;
0.0159546, 6;
0.0147581, 6;
0.0150199, 6;
0.0150676, 6;
0.0151347, 6;
0.0156735, 6;
0.0150702, 6;
0.0161913, 6;
0.0156799, 6;
0.0157041, 6;
0.0158628, 6;
0.0170403, 6;
0.0150278, 6;
0.0147133, 6;
0.0155082, 6;
0.0154972, 6;
0.015661, 6;
0.0150026, 6;
0.0157625, 6;
0.0153489, 6;
0.0153181, 6;
0.0154945, 6;
0.0157295, 6;
0.0161823, 6;
0.0141352, 6;
0.0157614, 6;
0.0159804, 6;
0.014314, 6;
0.0158881, 6;
0.0152945, 6;
0.0147158, 6;
0.0158536, 6;
0.0144416, 6;
0.0150019, 6;
0.0151224, 6;
0.0157629, 6;
0.0153612, 6;
0.0157091, 6;
0.0152841, 6;
0.0164574, 6;
0.0133961, 6;
0.016188, 6;
0.0147279, 6;
0.0150919, 6;
0.016066, 6;
0.014847, 6;
0.0145278, 6;
0.0154986, 6;
0.0146926, 6;
0.0147083, 6;
0.0158989, 6;
0.0155694, 6;
0.0152664, 6;
0.0156608, 6;
0.0149722, 6;
0.0156232, 6;
0.0147096, 6;
0.0152137, 6;
0.0156973, 6;
0.0152464, 6;
0.015631, 6;
0.0155382, 6;
0.0155278, 6;
0.015514, 6;
0.0167581, 6;
0.0125151, 6;
0.0153581, 6;
0.0150688, 6;
0.0156113, 6;
0.0153635, 6;
0.0155501, 6;
0.0155527, 6;
0.0146197, 6;
0.0152477, 6;
0.0155801, 6;
0.0152632, 6;
0.0160702, 6;
0.0156048, 6;
0.0158961, 6;
0.0158383, 6;
0.0153375, 6;
0.0155988, 6;
0.0148744, 6;
0.0150478, 6;
0.0160648, 6;
0.0147196, 6;
0.0157783, 6;
0.0149502, 6;
0.0158602, 6;
0.0157753, 6;
0.0151993, 6;
0.0149305, 6;
0.0153721, 6;
0.014186, 6;
0.0160481, 6;
0.0162393, 6;
0.0146004, 6;
0.0157806, 6;
0.0149108, 6;
0.0154478, 6;
0.0154701, 6;
0.0150062, 6;
0.0157721, 6;
0.015104, 6;
0.0162678, 6;
0.0146904, 6;
0.0162062, 6;
0.015908, 6;
0.0153604, 6;
0.0151835, 6;
0.0151096, 6;
0.015768, 6;
0.015424, 6;
0.0150794, 6;
0.0157496, 6;
0.0164644, 6;
0.0149002, 6;
0.0155914, 6;
0.0151253, 6;
0.0148509, 6;
0.0180276, 6;
0.0129163, 6;
0.0157017, 6;
0.0155556, 6;
0.016364, 6;
0.014202, 6;
0.0155414, 6;
0.0152648, 6;
0.0151025, 6;
0.0160954, 6;
0.0148697, 6;
0.0169925, 6;
0.0158151, 6;
0.014034, 6;
0.0148084, 6;
0.0156973, 6;
0.0149665, 6;
0.0150871, 6;
0.015265, 6;
0.0160092, 6;
0.015198, 6;
0.0158338, 6;
0.0161565, 6;
0.0157672, 6;
0.0164641, 6;
0.0152307, 6;
0.0160741, 6;
0.014827, 6;
0.0148557, 6;
0.0153176, 6;
0.01531, 6;
0.0160037, 6;
0.0146518, 6;
0.0157512, 6;
0.015888, 6;
0.0146928, 6;
0.0151591, 6;
0.0153209, 6;
0.0157338, 6;
0.0154898, 6;
0.0154011, 6;
0.0150938, 6;
0.0158814, 6;
0.0155242, 6;
0.0151744, 6;
0.0163463, 6;
0.0150895, 6;
0.015566, 6;
0.0151925, 6;
0.0144793, 6;
0.0156919, 6;
0.0150158, 6;
0.0163318, 6;
0.0150254, 6;
0.0151679, 6;
0.0170017, 6;
0.0140416, 6;
0.0150564, 6;
0.015295, 6;
0.0155922, 6;
0.0153078, 6;
0.0153582, 6;
0.0146243, 6;
0.0157495, 6;
0.0151973, 6;
0.0156, 6;
0.0160368, 6;
0.0137698, 6;
0.0158914, 6;
0.0163586, 6;
0.0159336, 6;
0.0137026, 6;
0.0163881, 6;
0.0147697, 6;
0.0150551, 6;
0.0154416, 6;
0.0160632, 6;
0.016181, 6;
0.0157836, 6;
0.015724, 6;
0.0162144, 6;
0.0150743, 6;
0.0150289, 6;
0.0153207, 6;
0.0165433, 6;
0.0146924, 6;
0.0159413, 6;
0.0147501, 6;
0.0152215, 6;
0.0150178, 6;
0.0154779, 6;
0.0161105, 6;
0.0151148, 6;
0.0150647, 6;
0.0158653, 6;
0.0157195, 6;
0.0156022, 6;
0.0156773, 6;
0.0151203, 6;
0.0151136, 6;
0.0160443, 6;
0.0149906, 6;
0.0159719, 6;
0.0158683, 6;
0.015461, 6;
0.0163165, 6;
0.0155117, 6;
0.0160155, 6;
0.0163178, 6;
0.015619, 6;
0.0152913, 6;
0.0160775, 6;
0.0159875, 6;
0.0159206, 6;
0.0145903, 6;
0.0159354, 6;
0.0149211, 6;
0.0149246, 6;
0.0160992, 6;
0.0147996, 6;
0.0154904, 6;
0.0156209, 6;
0.0156762, 6;
0.0151058, 6;
0.0158709, 6;
0.0156476, 6;
0.0152232, 6;
0.0189814, 6;
0.0141808, 6;
0.016077, 6;
0.0146846, 6;
0.0170733, 6;
0.0139149, 6;
0.0159117, 6;
0.0169507, 6;
0.0151127, 6;
0.0206047, 6;
0.0276568, 6;
0.0141968, 6;
0.0229477, 6;
0.0206379, 6;
0.0154527, 6;
0.0150667, 6;
0.0189305, 6;
0.0119836, 6;
0.016251, 6;
0.0154232, 6;
0.0159486, 6;
0.0140322, 6;
0.0156541, 6;
0.0150668, 6;
0.0155663, 6;
0.0158765, 6;
0.0156956, 6;
0.0151692, 6;
0.0156459, 6;
0.0153922, 6;
0.0155972, 6;
0.0154069, 6;
0.0148913, 6;
0.0173137, 6;
0.0138625, 6;
0.0361785, 6;
0.074665, 6;
0.0407294, 6;
0.0243387, 6;
0.0136948, 6;
0.0183429, 6;
0.0148488, 6;
0.0167419, 6;
0.0116944, 6;
0.0158898, 6;
0.0137015, 6;
0.0159019, 6;
0.0187008, 6;
0.0127867, 6;
0.0143721, 6;
0.0166751, 6;
0.0226279, 6;
0.0233325, 6;
0.0451281, 6;
0.0206536, 6;
0.0136853, 6;
0.0194931, 6;
0.0256788, 6;
0.016547, 6;
0.0134761, 6;
0.015876, 6;
0.0207661, 6;
0.0315373, 6;
0.0352079, 6;
0.0283845, 6;
0.024921, 6;
0.0173987, 6;
0.0164003, 6;
0.0126053, 6;
0.0133833, 6;
0.0145557, 6;
0.0161964, 6;
0.0217022, 6;
0.0247235, 6;
0.0144023, 6;
0.0290827, 6;
0.018331, 6;
0.0156921, 6;
0.014708, 6;
0.0151083, 6;
0.0160048, 6;
0.0173726, 6;
0.0142959, 6;
0.0156623, 6;
0.0157051, 6;
0.016509, 6;
0.0177594, 6;
0.0223918, 6;
0.0255179, 6;
0.0144686, 6;
0.0128074, 6;
0.0158171, 6;
0.0156968, 6;
0.0156105, 6;
0.014773, 6;
0.0159537, 6;
0.0162649, 6;
0.0162585, 6;
0.0208143, 6;
0.0251591, 6;
0.0180548, 6;
0.0135578, 6;
0.0143057, 6;
0.0160579, 6;
0.0158046, 6;
0.0147454, 6;
0.0153868, 6;
0.016147, 6;
0.0138378, 6;
0.015752, 6;
0.0166878, 6;
0.0172118, 6;
0.0192699, 6;
0.0239256, 6;
0.01837, 6;
0.0150396, 6;
0.0136397, 6;
0.0147375, 6;
0.0160944, 6;
0.0146499, 6;
0.0149773, 6;
0.0168921, 6;
0.0165251, 6;
0.0156075, 6;
0.0183043, 6;
0.0161756, 6;
0.0148035, 6;
0.0211786, 6;
0.0299376, 6;
0.0277637, 6;
0.0127095, 6;
0.0189181, 6;
0.0140867, 6;
0.0192356, 6;
0.0107441, 6;
0.0171414, 6;
0.0169046, 6;
0.0130469, 6;
0.0174845, 6;
0.0144318, 6;
0.0162938, 6;
0.014948, 6;
0.014509, 6;
0.0152622, 6;
0.0146708, 6;
0.0149808, 6;
0.0162275, 6;
0.0140896, 6;
0.0156039, 6;
0.0149284, 6;
0.0152314, 6;
0.0158126, 6;
0.0160063, 6;
0.0165931, 6;
0.0161728, 6;
0.0156053, 6;
0.0155524, 6;
0.0154995, 6;
0.0159266, 6;
0.0150793, 6;
0.0155412, 6;
0.0219934, 6;
0.0234072, 6;
0.0166466, 6;
0.0155199, 6;
0.0155611, 6;
0.0153372, 6;
0.0145009, 6;
0.0160012, 6;
0.015673, 6;
0.0159717, 6;
0.0146948, 6;
0.0165393, 6;
0.0173172, 6;
0.0118449, 6;
0.0162991, 6;
0.0139398, 6;
0.0153753, 6;
0.0168436, 6;
0.0172066, 6;
0.0131443, 6;
0.0162619, 6;
0.0149888, 6;
0.0149506, 6;
0.0168348, 6;
0.0157599, 6;
0.0164389, 6;
0.0188251, 6;
0.0185206, 6;
0.0254477, 6;
0.0145862, 6;
0.0149285, 6;
0.0155803, 6;
0.0156566, 6;
0.0157491, 6;
0.0158593, 6;
0.0153024, 6;
0.0148215, 6;
0.0163856, 6;
0.0153622, 6;
0.0154949, 6;
0.0145548, 6;
0.0148308, 6;
0.0155476, 6;
0.0152706, 6;
0.0147319, 6;
0.0146813, 6;
0.0154548, 6;
0.0146043, 6;
0.0149982, 6;
0.0157015, 6;
0.0175894, 6;
0.0759054, 1;
0.0156881, 1;
0.0157456, 1;
0.0152999, 1;
0.015916, 1;
0.0148228, 1;
0.0152603, 1;
0.0153085, 1;
0.0155739, 1;
0.0150157, 1;
0.0154391, 1;
0.015021, 1;
0.0151305, 1;
0.0160338, 1;
0.0154353, 1;
0.0152603, 1;
0.0159008, 1;
0.0156963, 1;
0.015846, 1;
0.0147692, 1;
0.0152011, 1;
0.0159416, 1;
0.0155787, 1;
0.0159414, 1;
0.0155926, 1;
0.0157704, 1;
0.0159884, 1;
0.0160397, 1;
0.0153782, 1;
0.0155331, 1;
0.0159708, 1;
0.0154119, 1;
0.0158856, 1;
0.0158271, 1;
0.015194, 1;
0.0154686, 1;
0.0160832, 1;
0.0148231, 1;
0.0151994, 1;
0.0156283, 1;
0.0151442, 1;
0.0155371, 1;
0.0158577, 1;
0.0152144, 1;
0.0156378, 1;
0.0149562, 1;
0.015803, 1;
0.0157935, 1;
0.0152436, 1;
0.0156417, 1;
0.0149798, 1;
0.0147415, 1;
0.0150169, 1;
0.0155123, 1;
0.0160161, 1;
0.0147892, 1;
0.0153593, 1;
0.0159166, 1;
0.0153811, 1;
0.0154059, 1;
0.0153513, 1;
0.0150232, 1;
0.0149161, 1;
0.0159749, 1;
0.0153057, 1;
0.0159861, 1;
0.0159374, 1;
0.0149527, 1;
0.0161072, 1;
0.0149433, 1;
0.0151935, 1;
0.0155384, 1;
0.0154194, 1;
0.0157422, 1;
0.015521, 1;
0.0148997, 1;
0.0147748, 1;
0.0152365, 1;
0.0156273, 1;
0.0161753, 1;
0.0157973, 1;
0.0155902, 1;
0.0156097, 1;
0.0151004, 1;
0.015819, 1;
0.0157686, 1;
0.0154264, 1;
0.0151504, 1;
0.0157954, 1;
0.0147995, 1;
0.0151515, 1;
0.0155194, 1;
0.0149785, 1;
0.016012, 1;
0.0159107, 1;
0.0156564, 1;
0.0156685, 1;
0.015643, 1;
0.0153583, 1;
0.0157586, 1;
0.0156084, 1;
0.0150413, 1;
0.0159588, 1;
0.0154512, 1;
0.0154924, 1;
0.0156297, 1;
0.0152806, 1;
0.0151123, 1;
0.0159615, 1;
0.0152547, 1;
0.0159574, 1;
0.0153217, 1;
0.0151413, 1;
0.0155977, 1;
0.0152603, 1;
0.0151283, 1;
0.0156832, 1;
0.0159235, 1;
0.015463, 1;
0.0151616, 1;
0.0151767, 1;
0.0150647, 1;
0.0146324, 1;
0.0151376, 1;
0.0156188, 1;
0.0155864, 1;
0.0153169, 1;
0.015546, 1;
0.0153297, 1;
0.0155899, 1;
0.0149208, 1;
0.0154813, 1;
0.015242, 1;
0.0148169, 1;
0.015325, 1;
0.015414, 1;
0.016103, 1;
0.014781, 1;
0.0153373, 1;
0.0154903, 1;
0.0146303, 1;
0.0155135, 1;
0.0156577, 1;
0.0159327, 1;
0.0160155, 1;
0.0153819, 1;
0.0154019, 1;
0.0154001, 1;
0.0159399, 1;
0.015804, 1;
0.0159344, 1;
0.0155058, 1;
0.0159716, 1;
0.0157565, 1;
0.0156168, 1;
0.0151089, 1;
0.0156263, 1;
0.0150896, 1;
0.0159915, 1;
0.014988, 1;
0.0149152, 1;
0.0152041, 1;
0.0159567, 1;
0.0151794, 1;
0.0157251, 1;
0.0149983, 1;
0.0153553, 1;
0.0153898, 1;
0.0149313, 1;
0.0150985, 1;
0.0156076, 1;
0.0154699, 1;
0.0172558, 1;
0.0147458, 1;
0.0157525, 1;
0.0152675, 1;
0.0152842, 1;
0.0157814, 1;
0.0161464, 1;
0.015756, 1;
0.0158391, 1;
0.0145965, 1;
0.0156405, 1;
0.0153552, 1;
0.015618, 1;
0.0153282, 1;
0.0150345, 1;
0.0158612, 1;
0.015658, 1;
0.0153561, 1;
0.0159779, 1;
0.0154106, 1;
0.0147075, 1;
0.015785, 1;
0.0149283, 1;
0.0151053, 1;
0.0152156, 1;
0.0153088, 1;
0.0156033, 1;
0.0151468, 1;
0.0156522, 1;
0.0166569, 1;
0.0152757, 1;
0.0151714, 1;
0.0149875, 1;
0.0156821, 1;
0.015213, 1;
0.0150573, 1;
0.0158694, 1;
0.0156266, 1;
0.0154459, 1;
0.0152593, 1;
0.0155488, 1;
0.0158294, 1;
0.0151032, 1;
0.0149952, 1;
0.0159548, 1;
0.0154025, 1;
0.0160138, 1;
0.0152242, 1;
0.0159119, 1;
0.0144868, 1;
0.0157645, 1;
0.0152239, 1;
0.0152995, 1;
0.0158208, 1;
0.0145851, 1;
0.0151181, 1;
0.0154935, 1;
0.014807, 1;
0.0155623, 1;
0.0146618, 1;
0.0157509, 1;
0.015187, 1;
0.0153335, 1;
0.015892, 1;
0.0159149, 1;
0.015087, 1;
0.0158307, 1;
0.0150413, 1;
0.0162496, 1;
0.0152582, 1;
0.015384, 1;
0.015408, 1;
0.0152311, 1;
0.0154863, 1;
0.0161162, 1;
0.0155729, 1;
0.0160145, 1;
0.0150947, 1;
0.0154365, 1;
0.0150974, 1;
0.0158382, 1;
0.0148779, 1;
0.0154704, 1;
0.0159274, 1;
0.0153768, 1;
0.0152873, 1;
0.0153017, 1;
0.015726, 1;
0.0152709, 1;
0.0154692, 1;
0.0149593, 1;
0.0153384, 1;
0.0162381, 1;
0.0149925, 1;
0.0157333, 1;
0.0152204, 1;
0.0155672, 1;
0.0159744, 1;
0.0154139, 1;
0.0151844, 1;
0.0152538, 1;
0.0161601, 1;
0.015709, 1;
0.0150728, 1;
0.0158712, 1;
0.0150597, 1;
0.0149902, 1;
0.015149, 1;
0.014902, 1;
0.0157248, 1;
0.0150045, 1;
0.0159861, 1;
0.0159495, 1;
0.0149777, 1;
0.014987, 1;
0.0154204, 1;
0.0161598, 1;
0.0158582, 1;
0.016128, 1;
0.0160471, 1;
0.0162129, 1;
0.0159446, 1;
0.0168849, 1;
0.0133102, 1;
0.0159548, 1;
0.0154379, 1;
0.0143832, 1;
0.0150748, 1;
0.0154107, 1;
0.0155296, 1;
0.0150899, 1;
0.0160285, 1;
0.0152444, 1;
0.0164072, 1;
0.0160384, 1;
0.0148404, 1;
0.014857, 1;
0.0167075, 1;
0.0143109, 1;
0.0150278, 1;
0.0154926, 1;
0.0159786, 1;
0.0159843, 1;
0.0159321, 1;
0.0159459, 1;
0.0159973, 1;
0.0159294, 1;
0.0150898, 1;
0.0148314, 1;
0.0153262, 1;
0.0155138, 1;
0.0171807, 1;
0.014066, 1;
0.0157625, 1;
0.0156506, 1;
0.0178885, 1;
0.012846, 1;
0.0151338, 1;
0.0155793, 1;
0.0160347, 1;
0.0153882, 1;
0.0159392, 1;
0.0152427, 1;
0.0153076, 1;
0.0155479, 1;
0.0158937, 1;
0.0157955, 1;
0.0152925, 1;
0.0150638, 1;
0.0153394, 1;
0.0150949, 1;
0.0168855, 1;
0.0143929, 1;
0.0151062, 1;
0.0159517, 1;
0.0158327, 1;
0.0153401, 1;
0.0146833, 1;
0.0150463, 1;
0.0150017, 1;
0.0149357, 1;
0.0162793, 1;
0.0319513, 1;
0.0146181, 1;
0.0318595, 1;
0.016393, 1;
0.0151506, 1;
0.0325364, 1;
0.0149725, 1;
0.015876, 1;
0.031418, 1;
0.0142767, 1;
0.0146374, 1;
0.0158393, 1;
0.0157437, 1;
0.0152514, 1;
0.0157625, 1;
0.0311096, 1;
0.0168507, 1;
0.0147253, 1;
0.0311831, 1;
0.0155372, 1;
0.0150996, 1;
0.0303751, 1;
0.0160375, 1;
0.0153739, 1;
0.015838, 1;
0.016042, 1;
0.0164054, 1;
0.0148655, 1;
0.0312871, 1;
0.0152064, 1;
0.0157822, 1;
0.0307061, 1;
0.0164896, 1;
0.0155608, 1;
0.0295808, 1;
0.0152751, 1;
0.0153, 1;
0.0150556, 1;
0.0164118, 1;
0.0153778, 1;
0.0154255, 1;
0.0472084, 1;
0.0148711, 1;
0.0156371, 1;
0.0156048, 1;
0.0154503, 1;
0.0143472, 1;
0.0322693, 1;
0.0155235, 1;
0.0147146, 1;
0.0300417, 1;
0.0145113, 1;
0.0160439, 1;
0.0319511, 1;
0.0150913, 1;
0.0158538, 1;
0.0155339, 1;
0.0156916, 1;
0.0166261, 1;
0.0136417, 1;
0.0309163, 1;
0.0151647, 1;
0.0158039, 1;
0.0300211, 1;
0.015253, 1;
0.0159209, 1;
0.0303329, 1;
0.0150483, 1;
0.0148454, 1;
0.0314742, 1;
0.016033, 1;
0.0159149, 1;
0.0309127, 1;
0.0151183, 1;
0.0160494, 1;
0.0315028, 1;
0.0158819, 1;
0.0159079, 1;
0.0317531, 1;
0.0151224, 1;
0.014675, 1;
0.0308279, 1;
0.0151252, 1;
0.0159686, 1;
0.0156618, 1;
0.0155926, 1;
0.0156452, 1;
0.0156715, 1;
0.0309519, 1;
0.0156371, 1;
0.0156035, 1;
0.0302779, 1;
0.0157771, 1;
0.0169064, 1;
0.0304795, 1;
0.0149002, 1;
0.0148944, 1;
0.0309684, 1;
0.0156522, 1;
0.0151561, 1;
0.0159217, 1;
0.0149349, 1;
0.0155841, 1;
0.0157449, 1;
0.0311807, 1;
0.0152437, 1;
0.0149038, 1;
0.0308655, 1;
0.0161854, 1;
0.01573, 1;
0.0309581, 1;
0.0160762, 1;
0.0152172, 1;
0.031437, 1;
0.0150721, 1;
0.0144451, 1;
0.0470917, 1;
0.0158969, 1;
0.0159503, 1;
0.0160324, 1;
0.0165624, 1;
0.0152658, 1;
0.0309685, 1;
0.0154066, 1;
0.0156214, 1;
0.0339429, 1;
0.029048, 1;
0.0295545, 1;
0.0156314, 1;
0.0157909, 1;
0.0150968, 1;
0.0152157, 1;
0.0157522, 1;
0.0156278, 1;
0.0316979, 1;
0.0162197, 1;
0.0140501, 1;
0.0159466, 1;
0.0157393, 1;
0.0153168, 1;
0.0156053, 1;
0.0308212, 1;
0.0160248, 1;
0.0156711, 1;
0.0301291, 1;
0.0240066, 1;
0.0373073, 1;
0.0158141, 1;
0.0160839, 1;
0.0159728, 1;
0.0157674, 1;
0.015197, 1;
0.0312677, 2;
0.0905263, 2;
0.137627, 2;
0.0567936, 2;
0.0289423, 2;
0.0149317, 2;
0.0160277, 2;
0.03057, 2;
0.0149426, 2;
0.015043, 2;
0.031802, 2;
0.0150592, 2;
0.0163546, 2;
0.0460126, 2;
0.013776, 2;
0.0312973, 2;
0.0157003, 2;
0.0151209, 2;
0.0308234, 2;
0.015754, 2;
0.015407, 2;
0.0306694, 2;
0.0160643, 2;
0.0158118, 2;
0.0298623, 2;
0.0148732, 2;
0.014888, 2;
0.0153444, 2;
0.0145982, 2;
0.0151107, 2;
0.0154172, 2;
0.0306415, 2;
0.0148408, 2;
0.0160704, 2;
0.0480428, 2;
0.0128757, 2;
0.0301851, 2;
0.0147083, 2;
0.0159851, 2;
0.0744592, 2;
0.0574926, 2;
0.0713035, 2;
0.0320924, 2;
0.0137309, 2;
0.0158651, 2;
0.015864, 2;
0.0158371, 2;
0.0161476, 2;
0.0162881, 2;
0.045306, 2;
0.0158638, 2;
0.0311048, 2;
0.0152942, 2;
0.015396, 2;
0.0307914, 2;
0.0149617, 2;
0.0150702, 2;
0.0310299, 2;
0.0159117, 2;
0.0157077, 2;
0.0301754, 2;
0.0154317, 2;
0.0155221, 2;
0.0304965, 2;
0.0158428, 2;
0.0154581, 2;
0.0316171, 2;
0.018157, 2;
0.0123183, 2;
0.0348525, 2;
0.0265365, 2;
0.0295457, 2;
0.0150732, 2;
0.015006, 2;
0.0157375, 2;
0.015389, 2;
0.0150931, 2;
0.0160123, 2;
0.030586, 2;
0.0151074, 2;
0.0159397, 2;
0.0309601, 2;
0.0158842, 2;
0.0162946, 2;
0.0318853, 2;
0.0143423, 2;
0.0157463, 2;
0.0298862, 2;
0.0159342, 2;
0.0163662, 2;
0.0304407, 2;
0.0159829, 2;
0.0151219, 2;
0.0320792, 2;
0.015088, 2;
0.0151594, 2;
0.0307615, 2;
0.0160226, 2;
0.0169985, 2;
0.0468663, 2;
0.0160135, 2;
0.0316627, 2;
0.0149986, 2;
0.0154435, 2;
0.0318189, 2;
0.0163256, 2;
0.0158739, 2;
0.0296256, 2;
0.0155185, 2;
0.0153503, 2;
0.0146094, 2;
0.0150945, 2;
0.0164199, 2;
0.0145224, 2;
0.0323069, 2;
0.0155298, 2;
0.0161853, 2;
0.0318185, 2;
0.0161493, 2;
0.0313433, 2;
0.0153582, 2;
0.0155846, 2;
0.0309695, 2;
0.0152205, 2;
0.0164766, 2;
0.0306298, 2;
0.0169339, 2;
0.0132081, 2;
0.030707, 2;
0.0150596, 2;
0.0160579, 2;
0.0303696, 2;
0.0146076, 2;
0.015289, 2;
0.0326138, 2;
0.0137322, 2;
0.0147003, 2;
0.0318847, 2;
0.0150267, 2;
0.0160235, 2;
0.0324569, 2;
0.0146767, 2;
0.015599, 2;
0.0163257, 2;
0.0148656, 2;
0.0152667, 2;
0.0156283, 2;
0.0158934, 2;
0.0160766, 2;
0.0152169, 2;
0.0150116, 2;
0.0322313, 2;
0.01577, 2;
0.0148297, 2;
0.0165007, 2;
0.0152718, 2;
0.0148858, 2;
0.014887, 2;
0.0161187, 2;
0.0160251, 2;
0.0155329, 2;
0.0154426, 2;
0.0155639, 2;
0.015331, 2;
0.015541, 2;
0.0153363, 2;
0.0154939, 2;
0.016112, 2;
0.0158371, 2;
0.0159171, 2;
0.031102, 2;
0.0152901, 2;
0.0152548, 2;
0.0316581, 2;
0.0137119, 2;
0.0156434, 2;
0.0307372, 2;
0.0155723, 2;
0.0160742, 2;
0.0305818, 2;
0.0153961, 2;
0.0153589, 2;
0.0307952, 2;
0.0351205, 2;
0.02731, 2;
0.0155827, 2;
0.0152203, 2;
0.0159923, 2;
0.0153857, 2;
0.0154062, 2;
0.0159936, 2;
0.0318813, 2;
0.0152155, 2;
0.014929, 2;
0.0310914, 2;
0.0154957, 2;
0.0151731, 2;
0.0154869, 2;
0.0156085, 2;
0.015078, 2;
0.0316452, 2;
0.0151768, 2;
0.0149647, 2;
0.03092, 2;
0.0162995, 2;
0.0149448, 2;
0.0310205, 2;
0.0158892, 2;
0.0154014, 2;
0.0319649, 2;
0.0164066, 2;
0.0148084, 2;
0.0150852, 2;
0.0167232, 2;
0.0139555, 2;
0.015586, 2;
0.030387, 2;
0.0155697, 2;
0.0170718, 2;
0.0290063, 2;
0.0159427, 2;
0.0153339, 2;
0.0152272, 2;
0.0158257, 2;
0.0160826, 2;
0.0153457, 2;
0.0171633, 2;
0.0135492, 2;
0.01598, 2;
0.0150531, 2;
0.0315672, 2;
0.0167385, 2;
0.0151659, 2;
0.0311615, 2;
0.0158959, 2;
0.0149645, 2;
0.016622, 2;
0.0153969, 2;
0.0149799, 2;
0.015608, 2;
0.0313468, 2;
0.0159159, 2;
0.015166, 2;
0.0314223, 2;
0.0153069, 2;
0.0150279, 2;
0.0151718, 2;
0.0144955, 2;
0.0149894, 2;
0.0163018, 2;
0.0293912, 2;
0.0152603, 2;
0.0153907, 2;
0.0321892, 2;
0.015659, 2;
0.0150998, 2;
0.0316151, 2;
0.0148221, 2;
0.0157007, 2;
0.0316679, 2;
0.0159658, 2;
0.0162534, 2;
0.0156604, 2;
0.0151481, 2;
0.0146296, 2;
0.014872, 2;
0.030082, 2;
0.0161071, 2;
0.0160006, 2;
0.0310064, 2;
0.0158667, 2;
0.0154984, 2;
0.0314841, 2;
0.0150912, 2;
0.0160087, 2;
0.0315719, 2;
0.0151188, 2;
0.0163428, 2;
0.0294633, 2;
0.0149963, 2;
0.0158254, 2;
0.0322077, 2;
0.0150241, 2;
0.0151858, 2;
0.0307824, 2;
0.0157648, 2;
0.0152487, 2;
0.0310096, 2;
0.014853, 2;
0.0149978, 2;
0.0317089, 2;
0.0145019, 2;
0.0160194, 2;
0.0159155, 2;
0.0146484, 2;
0.0152557, 2;
0.0163188, 2;
0.0309557, 2;
0.015753, 2;
0.0153298, 2;
0.0312028, 2;
0.0167341, 2;
0.0150195, 2;
0.0308205, 2;
0.0149988, 2;
0.0160189, 2;
0.0308383, 2;
0.0149691, 2;
0.0148779, 2;
0.0308395, 2;
0.0160344, 2;
0.0153234, 2;
0.0309962, 2;
0.0155517, 2;
0.0156052, 2;
0.0309203, 2;
0.0151051, 2;
0.0164779, 2;
0.0450657, 2;
0.0149481, 2;
0.0321697, 2;
0.0145735, 2;
0.0148807, 2;
0.030879, 2;
0.0158325, 2;
0.0153464, 2;
0.0320962, 2;
0.0148933, 2;
0.0152151, 2;
0.030715, 2;
0.0151904, 2;
0.0153976, 2;
0.0470226, 2;
0.0149727, 2;
0.031604, 2;
0.0152438, 2;
0.0158385, 2;
0.0308355, 2;
0.0150246, 2;
0.0169867, 2;
0.0298007, 2;
0.0158383, 2;
0.0168078, 2;
0.0312395, 2;
0.015639, 2;
0.0159356, 2;
0.0314095, 2;
0.0145679, 2;
0.0153134, 2;
0.030517, 2;
0.0159468, 2;
0.0161523, 2;
0.0316736, 2;
0.0133848, 2;
0.0151308, 2;
0.0312445, 2;
0.0158591, 2;
0.0158671, 2;
0.0304238, 2;
0.0153786, 2;
0.0159214, 2;
0.0318299, 2;
0.0159922, 2;
0.0159228, 2;
0.0308633, 2;
0.015144, 2;
0.0155821, 2;
0.0157628, 2;
0.015183, 2;
0.0147722, 2;
0.0159467, 2;
0.0315702, 2;
0.0158472, 2;
0.0157919, 2;
0.0313814, 2;
0.0148727, 2;
0.0160575, 2;
0.0307816, 2;
0.0147883, 2;
0.0160182, 2;
0.0300402, 2;
0.0152351, 2;
0.0158391, 2;
0.03012, 2;
0.0159568, 2;
0.0162072, 2;
0.0304368, 2;
0.0150665, 2;
0.0160983, 2;
0.0330604, 2;
0.0153431, 2;
0.0142892, 2;
0.0309934, 2;
0.0155855, 2;
0.0160023, 2;
0.0160699, 2;
0.0155004, 2;
0.0155579, 2;
0.0155812, 2;
0.0301665, 2;
0.0154397, 2;
0.0173251, 2;
0.0309993, 2;
0.0134585, 2;
0.0159658, 2;
0.0313194, 2;
0.0155472, 2;
0.0150827, 2;
0.0318292, 2;
0.015375, 2;
0.0152249, 2;
0.0314606, 2;
0.0151858, 2;
0.0153684, 2;
0.0307312, 2;
0.0149063, 2;
0.0150014, 2;
0.0357776, 2;
0.0580024, 2;
0.0153366, 2;
0.0187491, 2;
0.0558393, 2;
0.034178, 2;
0.0156874, 2;
0.0310973, 2;
0.0151244, 2;
0.0160864, 2;
0.0155499, 2;
0.0150269, 2;
0.0164759, 2;
0.0146099, 2;
0.0306074, 2;
0.0151807, 2;
0.0154466, 2;
0.0306297, 2;
0.0158941, 2;
0.0156877, 2;
0.0312612, 2;
0.0148549, 2;
0.0159158, 2;
0.0316416, 2;
0.013356, 2;
0.0159982, 2;
0.0307691, 2;
0.0152318, 2;
0.0147029, 2;
0.0159183, 2;
0.0152234, 2;
0.0167465, 2;
0.0145018, 2;
0.0310245, 2;
0.0157135, 2;
0.0155324, 2;
0.0323064, 2;
0.014667, 2;
0.0301009, 2;
0.0164267, 2;
0.0153145, 2;
0.032198, 2;
0.0155657, 2;
0.0157789, 2;
0.0311673, 2;
0.0157601, 2;
0.0160219, 2;
0.0310831, 2;
0.0150462, 2;
0.015475, 2;
0.0306921, 2;
0.0158529, 2;
0.0151135, 2;
0.0308502, 2;
0.0148561, 2;
0.0153023, 2;
0.0297205, 2;
0.015355, 2;
0.0160113, 2;
0.0315021, 2;
0.0155973, 2;
0.0159363, 2;
0.0336791, 4;
0.0136253, 4;
0.0154182, 4;
0.0313495, 4;
0.0158842, 4;
0.016007, 4;
0.0304757, 4;
0.0155322, 4;
0.0146802, 4;
0.0314079, 4;
0.0143707, 4;
0.0154535, 4;
0.0313428, 4;
0.0157859, 4;
0.0159155, 4;
0.0163386, 4;
0.0156622, 4;
0.0153185, 4;
0.0155768, 4;
0.0302785, 4;
0.0159271, 4;
0.0157756, 4;
0.0308829, 4;
0.0150053, 4;
0.0149182, 4;
0.0150416, 4;
0.0149318, 4;
0.0154117, 4;
0.0152881, 4;
0.0297037, 4;
0.0157961, 4;
0.0154659, 4;
0.0318316, 4;
0.0160733, 4;
0.0151494, 4;
0.0311694, 4;
0.0153831, 4;
0.0154264, 4;
0.0307401, 4;
0.0155489, 4;
0.0156345, 4;
0.0301999, 4;
0.0153159, 4;
0.0158653, 4;
0.031819, 4;
0.0148951, 4;
0.0159452, 4;
0.0307876, 4;
0.0160892, 4;
0.015086, 4;
0.0310316, 4;
0.0154533, 4;
0.0150666, 4;
0.0308646, 4;
0.0154236, 4;
0.0151877, 4;
0.0309676, 4;
0.0155064, 4;
0.0155376, 4;
0.0297435, 4;
0.0150614, 4;
0.0170189, 4;
0.0459371, 4;
0.0153657, 4;
0.0315763, 4;
0.015943, 4;
0.0159564, 4;
0.0306515, 4;
0.0151752, 4;
0.0152883, 4;
0.0311681, 4;
0.0157011, 4;
0.0157504, 4;
0.0317743, 4;
0.0156793, 4;
0.0157063, 4;
0.0318482, 4;
0.0159558, 4;
0.0151699, 4;
0.0323543, 4;
0.014541, 4;
0.0151185, 4;
0.0461758, 4;
0.0158124, 4;
0.0156532, 4;
0.0151238, 4;
0.0158062, 4;
0.0152515, 4;
0.0313881, 4;
0.014444, 4;
0.0150929, 4;
0.0308997, 4;
0.0170812, 4;
0.0147426, 4;
0.0319762, 4;
0.0158494, 4;
0.0155122, 4;
0.014986, 4;
0.0158293, 4;
0.0150891, 4;
0.015525, 4;
0.0305781, 4;
0.0154489, 4;
0.0158326, 4;
0.0311746, 4;
0.0151373, 4;
0.0146819, 4;
0.0308155, 4;
0.0151538, 4;
0.0151642, 4;
0.0159394, 4;
0.0151034, 4;
0.0148504, 4;
0.0151912, 4;
0.0468421, 4;
0.015159, 4;
0.0154817, 4;
0.0157924, 4;
0.0153739, 4;
0.0155703, 4;
0.0163076, 4;
0.014554, 4;
0.0149863, 4;
0.0154005, 4;
0.0314021, 4;
0.0154525, 4;
0.0140466, 4;
0.0313807, 4;
0.0159168, 4;
0.0159795, 4;
0.0302929, 4;
0.0158352, 4;
0.0159312, 4;
0.0318497, 4;
0.0157541, 4;
0.0151602, 4;
0.0308099, 4;
0.0148568, 4;
0.0158219, 4;
0.0314163, 4;
0.0159016, 4;
0.0157316, 4;
0.0314558, 4;
0.0153153, 4;
0.0154334, 4;
0.0310669, 4;
0.0154979, 4;
0.0168763, 4;
0.029861, 4;
0.0154186, 4;
0.0156196, 4;
0.0305745, 4;
0.0159653, 4;
0.0154061, 4;
0.0331454, 4;
0.0139389, 4;
0.0154734, 4;
0.0310112, 4;
0.0147728, 4;
0.014956, 4;
0.0168175, 4;
0.0141983, 4;
0.0155711, 4;
0.0153478, 4;
0.0307462, 4;
0.0151992, 4;
0.016075, 4;
0.0325315, 4;
0.0132448, 4;
0.0168259, 4;
0.0315627, 4;
0.0149121, 4;
0.0154468, 4;
0.0313526, 4;
0.0158781, 4;
0.0151322, 4;
0.0153807, 4;
0.0152697, 4;
0.0152124, 4;
0.0151212, 4;
0.0308825, 4;
0.0152886, 4;
0.0159895, 4;
0.0305706, 4;
0.0160234, 4;
0.0158745, 4;
0.0311386, 4;
0.0163788, 4;
0.014457, 4;
0.0308995, 4;
0.0151901, 4;
0.0149378, 4;
0.0161998, 4;
0.0156228, 4;
0.0151812, 4;
0.0159318, 4;
0.0159262, 4;
0.0158192, 4;
0.0155308, 4;
0.0156052, 4;
0.0308853, 4;
0.0159199, 4;
0.014686, 4;
0.0315894, 4;
0.015836, 4;
0.0151275, 4;
0.0150895, 4;
0.0159048, 4;
0.0149313, 4;
0.0152786, 4;
0.0159636, 4;
0.0151775, 4;
0.0152076, 4;
0.0154454, 4;
0.0159347, 4;
0.0152679, 4;
0.0156171, 4;
0.0150381, 4;
0.0309533, 4;
0.0152248, 4;
0.0155321, 4;
0.0313276, 4;
0.0154827, 4;
0.0160028, 4;
0.031863, 4;
0.0149239, 4;
0.0153314, 4;
0.0157938, 4;
0.0151388, 4;
0.0159253, 4;
0.0150507, 4;
0.0329115, 4;
0.0141603, 4;
0.0162636, 4;
0.0306581, 4;
0.0141411, 4;
0.0159755, 4;
0.0298399, 4;
0.0156595, 4;
0.0152524, 4;
0.0308072, 4;
0.0164948, 4;
0.0143914, 4;
0.0316723, 4;
0.0148783, 4;
0.0166134, 4;
0.0313717, 4;
0.0158007, 4;
0.0152287, 4;
0.0156181, 4;
0.0159539, 4;
0.0153537, 4;
0.0151559, 4;
0.0152305, 4;
0.0159478, 4;
0.0159067, 4;
0.0161051, 4;
0.0308816, 4;
0.0157703, 4;
0.0156065, 4;
0.0312179, 4;
0.015856, 4;
0.0159939, 4;
0.0322312, 4;
0.0138181, 4;
0.0151772, 4;
0.0308495, 4;
0.0150076, 4;
0.0150767, 4;
0.0154329, 4;
0.0152233, 4;
0.0159443, 4;
0.0149456, 4;
0.0309037, 4;
0.0159043, 4;
0.0153726, 4;
0.0316986, 4;
0.0155559, 4;
0.015764, 4;
0.0310204, 4;
0.0153068, 4;
0.0155807, 4;
0.0307753, 4;
0.0156148, 4;
0.0152447, 4;
0.0314406, 4;
0.0160335, 4;
0.0152761, 4;
0.031848, 4;
0.0156889, 4;
0.0148479, 4;
0.0151823, 4;
0.015946, 4;
0.0155472, 4;
0.0155303, 4;
0.0304458, 4;
0.016026, 4;
0.0160641, 4;
0.0309971, 4;
0.0154275, 4;
0.0146543, 4;
0.0304799, 4;
0.0160563, 4;
0.0157449, 4;
0.0319566, 4;
0.014803, 4;
0.0148542, 4;
0.0309684, 4;
0.0155905, 4;
0.0155078, 4;
0.0316696, 4;
0.0150936, 4;
0.0151518, 4;
0.0160268, 4;
0.0161318, 4;
0.0151989, 4;
0.0152921, 4;
0.0314304, 4;
0.0148964, 4;
0.0145205, 4;
0.0310764, 4;
0.0147819, 4;
0.0148984, 4;
0.0149968, 4;
0.0161462, 4;
0.0160466, 4;
0.0157984, 4;
0.0312458, 4;
0.0153806, 4;
0.0151735, 4;
0.0321284, 4;
0.0159215, 4;
0.0159519, 4;
0.0298765, 4;
0.0147487, 4;
0.0153034, 4;
0.0306698, 4;
0.0171225, 4;
0.0143523, 4;
0.0305575, 4;
0.0145071, 4;
0.0156666, 4;
0.0309739, 4;
0.0158294, 4;
0.015996, 4;
0.0301348, 4;
0.0147952, 4;
0.0146009, 4;
0.0312942, 4;
0.0155801, 4;
0.015867, 4;
0.031226, 4;
0.0154873, 4;
0.0154286, 4;
0.0306246, 4;
0.0169627, 4;
0.013838, 4;
0.0312435, 4;
0.0154665, 4;
0.0151443, 4;
0.0307642, 4;
0.0159947, 4;
0.0157906, 4;
0.0313952, 4;
0.0151361, 4;
0.0165038, 4;
0.0307303, 4;
0.0160543, 4;
0.0158063, 4;
0.0316615, 4;
0.0159564, 4;
0.0152766, 4;
0.031782, 4;
0.0159192, 4;
0.0159217, 4;
0.0316469, 4;
0.0162172, 4;
0.0157793, 4;
0.031885, 4;
0.0158713, 4;
0.0157397, 4;
0.0324645, 4;
0.0135512, 4;
0.0152482, 4;
0.0155763, 4;
0.0155549, 4;
0.0153898, 4;
0.0155609, 4;
0.0152443, 4;
0.0159394, 4;
0.0160011, 4;
0.015941, 4;
0.048649, 4;
0.0119272, 4;
0.0160419, 4;
0.0159388, 4;
0.0157956, 4;
0.0150792, 4;
0.0153515, 4;
0.0153407, 4;
0.0159064, 4;
0.0153769, 4;
0.0155125, 4;
0.0155986, 4;
0.016373, 4;
0.0148918, 4;
0.0318308, 4;
0.0159408, 4;
0.0151526, 4;
0.0148155, 4;
0.0159936, 4;
0.0159764, 4;
0.0145639, 4;
0.0304374, 4;
0.0159082, 4;
0.0157263, 4;
0.0310404, 4;
0.0144801, 4;
0.0302366, 4;
0.0386951, 4;
0.0276149, 4;
0.0308318, 4;
0.0142684, 4;
0.0157244, 4;
0.0294558, 4;
0.0159951, 4;
0.015779, 4;
0.031946, 4;
0.0151546, 4;
0.023328, 4;
0.0388013, 4;
0.0154965, 4;
0.0534696, 4;
0.0435616, 4;
0.0263572, 2;
0.0323395, 2;
0.0139105, 2;
0.015274, 2;
0.0312388, 2;
0.0137056, 2;
0.0153906, 2;
0.0310094, 2;
0.0162152, 2;
0.0145017, 2;
0.0311218, 2;
0.0150588, 2;
0.0148539, 2;
0.0158412, 2;
0.0156858, 2;
0.0150863, 2;
0.0164244, 2;
0.0294892, 2;
0.015761, 2;
0.0158918, 2;
0.0157474, 2;
0.0151536, 2;
0.0154614, 2;
0.0160026, 2;
0.0153921, 2;
0.0162418, 2;
0.0149457, 2;
0.0155358, 2;
0.0462615, 2;
0.0170021, 2;
0.0302112, 2;
0.0147656, 2;
0.0146201, 2;
0.015362, 2;
0.0158456, 2;
0.0154359, 2;
0.0162804, 2;
0.0298277, 2;
0.0166642, 2;
0.0148125, 2;
0.0316155, 2;
0.0154238, 2;
0.0158071, 2;
0.0148888, 2;
0.0150596, 2;
0.0156, 2;
0.0154971, 2;
0.0303686, 2;
0.0151762, 2;
0.015812, 2;
0.0309823, 2;
0.0146941, 2;
0.0154214, 2;
0.030513, 2;
0.0147861, 2;
0.0160904, 2;
0.0307786, 2;
0.0152941, 2;
0.0156777, 2;
0.03071, 2;
0.0150177, 2;
0.0140444, 2;
0.03109, 2;
0.0152042, 2;
0.0155068, 2;
0.0312373, 2;
0.0152723, 2;
0.0159542, 2;
0.032305, 2;
0.0137509, 2;
0.0151468, 2;
0.0307408, 2;
0.0159154, 2;
0.0158524, 2;
0.0304321, 2;
0.0154809, 2;
0.0157742, 2;
0.031242, 2;
0.0176075, 2;
0.0127099, 2;
0.0323182, 2;
0.014519, 2;
0.0156058, 2;
0.0305867, 2;
0.0155695, 2;
0.0153362, 2;
0.0148068, 2;
0.0156028, 2;
0.0156723, 2;
0.0156229, 2;
0.0315533, 2;
0.0148722, 2;
0.015927, 2;
0.0317075, 2;
0.0159597, 2;
0.0159774, 2;
0.0307579, 2;
0.0150417, 2;
0.0154357, 2;
0.0154343, 2;
0.0155035, 2;
0.0163946, 2;
0.015841, 2;
0.0283706, 2;
0.0151331, 2;
0.0164023, 2;
0.0295176, 2;
0.0159882, 2;
0.0160403, 2;
0.0319641, 2;
0.0151991, 2;
0.0182637, 2;
0.0289469, 2;
0.0148541, 2;
0.0152756, 2;
0.014701, 2;
0.0151064, 2;
0.015259, 2;
0.0156718, 2;
0.0319336, 2;
0.0152403, 2;
0.0151171, 2;
0.0152829, 2;
0.0156261, 2;
0.0158744, 2;
0.0152835, 2;
0.0295721, 2;
0.0148437, 2;
0.015167, 2;
0.0321617, 2;
0.015817, 2;
0.0160893, 2;
0.0153068, 2;
0.0149684, 2;
0.0149706, 2;
0.0161223, 2;
0.0297082, 2;
0.0157951, 2;
0.0153798, 2;
0.0154854, 2;
0.015562, 2;
0.0151337, 2;
0.0156681, 2;
0.030781, 2;
0.0156877, 2;
0.0152658, 2;
0.0471192, 2;
0.0154751, 2;
0.0156508, 2;
0.0153209, 2;
0.0155081, 2;
0.0151197, 2;
0.0634773, 2;
0.0299902, 2;
0.0194285, 2;
0.0114178, 2;
0.0306823, 2;
0.0149461, 2;
0.0160067, 2;
0.01585, 2;
0.0158035, 2;
0.015069, 2;
0.0156424, 2;
0.0466129, 2;
0.0150952, 2;
0.0314367, 2;
0.0166698, 2;
0.0150972, 2;
0.0155791, 2;
0.0155074, 2;
0.0155432, 2;
0.0154105, 2;
0.0302295, 2;
0.0159307, 2;
0.0171203, 2;
0.0286009, 2;
0.0150436, 2;
0.0159057, 2;
0.0309861, 2;
0.0146488, 2;
0.0156979, 2;
0.0153077, 2;
0.0158445, 2;
0.0156676, 2;
0.0157696, 2;
0.0304022, 2;
0.0145889, 2;
0.0152982, 2;
0.0155999, 2;
0.015652, 2;
0.0159363, 2;
0.0164413, 2;
0.0156257, 2;
0.0158653, 2;
0.0149803, 2;
0.0152987, 2;
0.015441, 2;
0.0153376, 2;
0.01564, 2;
0.0165592, 2;
0.0293207, 2;
0.0171926, 2;
0.0147539, 2;
0.0323366, 2;
0.0154865, 2;
0.0159995, 2;
0.0149922, 2;
0.016169, 2;
0.0151713, 2;
0.018944, 2;
0.0274388, 2;
0.0158352, 2;
0.0159102, 2;
0.0158416, 2;
0.0159657, 2;
0.0157129, 2;
0.0156431, 2;
0.0302918, 2;
0.0159679, 2;
0.0149707, 2;
0.015311, 2;
0.0177215, 2;
0.014646, 2;
0.0133217, 2;
0.0310139, 2;
0.014721, 2;
0.0149597, 2;
0.0322873, 2;
0.0158782, 2;
0.0159655, 2;
0.0307092, 2;
0.0153638, 2;
0.0155147, 2;
0.0296113, 2;
0.0152103, 2;
0.0159906, 2;
0.014753, 2;
0.0145344, 2;
0.0159315, 2;
0.0163989, 2;
0.0158922, 2;
0.0155007, 2;
0.015997, 2;
0.0159626, 2;
0.0309909, 2;
0.0177648, 2;
0.0128635, 2;
0.0153495, 2;
0.0154244, 2;
0.0156054, 2;
0.0153443, 2;
0.0471781, 2;
0.015495, 2;
0.0306524, 2;
0.0151845, 2;
0.0161497, 2;
0.0305435, 2;
0.0158931, 2;
0.0150815, 2;
0.0151806, 2;
0.0156545, 2;
0.0155575, 2;
0.0148336, 2;
0.0154707, 2;
0.0160068, 2;
0.0163135, 2;
0.0149703, 2;
0.0317625, 2;
0.0150962, 2;
0.0157416, 2;
0.0157096, 2;
0.0150304, 2;
0.0154851, 2;
0.0159593, 2;
0.0324007, 2;
0.0146362, 2;
0.0154803, 2;
0.0311867, 2;
0.0165684, 2;
0.0164738, 2;
0.0312212, 2;
0.0148755, 2;
0.0156218, 2;
0.0151659, 2;
0.0159649, 2;
0.0153395, 2;
0.0146392, 2;
0.0158312, 2;
0.0150524, 2;
0.0154233, 2;
0.0154807, 2;
0.0305066, 2;
0.0154502, 2;
0.0154804, 2;
0.0152212, 2;
0.0154675, 2;
0.0154579, 2;
0.0152788, 2;
0.0460717, 2;
0.0160981, 2;
0.0302138, 2;
0.0152225, 2;
0.0157197, 2;
0.0305247, 2;
0.0156294, 2;
0.0148799, 2;
0.0309883, 2;
0.0157829, 2;
0.0160909, 2;
0.0307889, 2;
0.015116, 2;
0.0158553, 2;
0.0312436, 2;
0.015164, 2;
0.0159281, 2;
0.0310103, 2;
0.0147617, 2;
0.0152066, 2;
0.0463451, 2;
0.016626, 2;
0.0465421, 2;
0.0157027, 2;
0.0302148, 2;
0.0155767, 2;
0.0156787, 2;
0.0301573, 2;
0.0160912, 2;
0.0156284, 2;
0.0319731, 2;
0.0146697, 2;
0.0151514, 2;
0.0158886, 2;
0.0158478, 2;
0.0152128, 2;
0.0150731, 2;
0.0170507, 2;
0.014549, 2;
0.0154192, 2;
0.0154874, 2;
0.0334167, 2;
0.0142154, 2;
0.0151633, 2;
0.0296402, 2;
0.0159797, 2;
0.0158238, 2;
0.0161055, 2;
0.0159948, 2;
0.0160987, 2;
0.0157953, 2;
0.0308062, 2;
0.0162492, 2;
0.0149072, 2;
0.0305021, 2;
0.0154359, 2;
0.0151658, 2;
0.0151487, 2;
0.0155755, 2;
0.0156344, 2;
0.0155361, 2;
0.0150683, 2;
0.0157819, 2;
0.0150379, 2;
0.0155304, 2;
0.0452678, 2;
0.015936, 2;
0.0318569, 2;
0.0153123, 2;
0.0149643, 2;
0.0314891, 2;
0.0154774, 2;
0.0150116, 2;
0.0305334, 2;
0.0158116, 2;
0.0175084, 2;
0.0289914, 2;
0.0148555, 2;
0.0159253, 2;
0.0318824, 2;
0.0161353, 2;
0.0163284, 2;
0.0302606, 2;
0.0158645, 2;
0.0138872, 2;
0.0152753, 2;
0.0160764, 2;
0.0149113, 2;
0.0153936, 2;
0.0156589, 2;
0.0153236, 2;
0.0157837, 2;
0.0164016, 2;
0.0300814, 2;
0.0152228, 2;
0.0159392, 2;
0.0160669, 2;
0.0154888, 2;
0.0159658, 2;
0.0151186, 2;
0.0153506, 2;
0.0145787, 2;
0.0161963, 2;
0.0158488, 2;
0.0310318, 2;
0.0168555, 2;
0.0126944, 2;
0.0310091, 2;
0.0150994, 2;
0.0158415, 2;
0.0328376, 2;
0.0142991, 2;
0.0159369, 2;
0.0315602, 2;
0.0158631, 2;
0.0150026, 2;
0.0305925, 2;
0.0155892, 2;
0.0158704, 2;
0.0306093, 2;
0.0159872, 2;
0.0166622, 2;
0.0307074, 2;
0.0151448, 2;
0.0265477, 2;
0.0397764, 2;
0.0132308, 2;
0.0303738, 2;
0.0161443, 2;
0.0153568, 2;
0.0412924, 2;
0.0202442, 2;
0.0307482, 2;
0.0152033, 2;
0.0156267, 2;
0.0160258, 2;
0.0158577, 2;
0.0149636, 2;
0.014865, 2;
0.0319579, 2;
0.0160929, 2;
0.0149176, 2;
0.03118, 2;
0.01577, 2;
0.0156731, 2;
0.031217, 2;
0.0178096, 2;
0.0282209, 2;
0.0153052, 2;
0.0152171, 2;
0.0320817, 2;
0.0156639, 2;
0.0150483, 2;
0.0300698, 2;
0.0143653, 2;
0.0151672, 2;
0.0331427, 2;
0.0143362, 2;
0.016511, 2;
0.0307438, 2;
0.0159936, 2;
0.0160038, 2;
0.0312462, 2;
0.0156963, 2;
0.0151531, 2;
0.030491, 2;
0.0153212, 2;
0.0170638, 2;
0.0296171, 2;
0.0158526, 2;
0.0149661, 2;
0.0160455, 2;
0.0158853, 2;
0.017187, 2;
0.029833, 2;
0.0156188, 2;
0.0160481, 2;
0.0322843, 2;
0.0142902, 2;
0.0148623, 2;
0.0308968, 2;
0.0149954, 2;
0.0160721, 2;
0.0148515, 2;
0.0149519, 2;
0.0159572, 2;
0.0155105, 2;
0.0308131, 2;
0.0154495, 2;
0.0161313, 2;
0.0303718, 2;
0.0160349, 2;
0.0164733, 2;
0.0293755, 2;
0.0149345, 2;
0.0149306, 2;
0.0149304, 2;
0.0154227, 2;
0.0144394, 2;
0.0148928, 2;
0.030976, 2;
0.0155002, 2;
0.0149544, 2;
0.0314888, 2;
0.0152865, 2;
0.0152235, 2;
0.0312304, 2;
0.0159541, 2;
0.016054, 2;
0.0307273, 2;
0.0155447, 2;
0.0152593, 2;
0.0317515, 2;
0.01614, 2;
0.0156809, 2;
0.0310207, 2;
0.0146399, 2;
0.0154017, 2;
0.030563, 2;
0.015119, 2;
0.0154675, 2;
0.0471382, 2;
0.0157764, 2;
0.0159423, 2;
0.0156221, 2;
0.0152988, 2;
0.0159524, 2;
0.0300701, 2;
0.0159677, 2;
0.0158737, 2;
0.0314993, 2;
0.0156901, 2;
0.0459617, 2;
0.0150845, 2;
0.0147164, 2;
0.0151625, 2;
0.0154361, 2;
0.0154648, 2;
0.0310101, 2;
0.0150191, 2;
0.0157844, 2;
0.0308544, 2;
0.0153058, 2;
0.0155115, 2;
0.0323354, 2;
0.015093, 2;
0.0163029, 2;
0.0310561, 2;
0.0154217, 2;
0.0162258, 2;
0.0307356, 2;
0.0156717, 2;
0.0149652, 2;
0.031109, 2;
0.0148218, 2;
0.0149208, 2;
0.0153359, 2;
0.015574, 2;
0.0159588, 2;
0.0154071, 2;
0.0306627, 2;
0.0148791, 2;
0.0152222, 2;
0.0309048, 2;
0.0153572, 2;
0.0153088, 2;
0.0157322, 2;
0.0151527, 2;
0.0157627, 2;
0.0155462, 2;
0.0305002, 2;
0.0149955, 2;
0.0152435, 2;
0.0303267, 2;
0.0148896, 2;
0.0150217, 2;
0.0308404, 2;
0.0154646, 2;
0.0146712, 2;
0.0301243, 2;
0.0147207, 2;
0.016009, 2;
0.0318656, 2;
0.0150578, 2;
0.015556, 2;
0.0319221, 2;
0.0155369, 2;
0.0160342, 2;
0.0151181, 2;
0.017242, 4;
0.0141854, 4;
0.0149507, 4;
0.0160297, 4;
0.0153638, 4;
0.0154112, 4;
0.0156213, 4;
0.030603, 4;
