0.0107801,0,1100,55,0
0.00203652,0,0,108,0
0.000520614,0,0,171,0
-1.85278e-05,0,0,234,0
1.06703e-05,0,0,293,0
-4.35864e-06,0,0,355,0
-9.93445e-06,0,0,417,0
-9.16768e-06,0,0,479,0
-1.0088e-05,0,0,542,0
-7.71299e-06,0,0,604,0
-9.48147e-06,0,0,668,0
-8.91451e-06,0,0,729,0
-9.78729e-06,0,0,792,0
-6.79809e-06,0,0,855,0
-7.9288e-06,0,0,917,0
-1.09488e-05,0,0,979,0
-9.16198e-06,0,0,1040,0
-7.83649e-06,2.73115e-05,0,1104,0.000372434
-7.37455e-06,2.69925e-05,0.000372434,1166,0.000379546
-8.32647e-06,2.94985e-05,0.00075198,1217,0.000327563
-9.56826e-06,3.13684e-05,0.00107954,1280,0.000385303
-8.70892e-06,2.85614e-05,0.00146485,1338,0.000323164
-8.50666e-06,2.72551e-05,0.00178801,1398,0.000307252
-8.55755e-06,2.6982e-05,0.00209526,1460,0.000305875
-9.53489e-06,2.91693e-05,0.00240114,1523,0.000318136
-9.10787e-06,2.96214e-05,0.00271927,1584,0.000347871
-8.05695e-06,2.6042e-05,0.00306715,1646,0.00030777
-7.63688e-06,2.50448e-05,0.00337492,1708,0.000302904
-9.10539e-06,2.88395e-05,0.00367782,1770,0.000329491
-8.80571e-06,2.79701e-05,0.00400731,1833,0.0003263
-8.84946e-06,2.71457e-05,0.00433361,1893,0.000283402
-7.03795e-06,2.44274e-05,0.00461701,1955,0.000320898
-8.4755e-06,2.70787e-05,0.00493791,2017,0.00031396
-8.94253e-06,2.78705e-05,0.00525187,2079,0.000309547
-9.74666e-06,2.90562e-05,0.00556142,2144,0.000310795
-7.25847e-06,2.46836e-05,0.00587221,2204,0.000305
-6.48118e-06,2.39833e-05,0.00617721,2266,0.00034165
-1.01467e-05,2.93061e-05,0.00651886,2330,0.000288404
-8.87782e-06,2.92931e-05,0.00680727,2392,0.000357661
-8.32152e-06,2.73403e-05,0.00716493,2454,0.000331615
-6.19167e-06,2.43759e-05,0.00749654,2515,0.000365774
-7.69819e-06,2.59177e-05,0.00786232,2578,0.000331422
-9.41078e-06,2.9881e-05,0.00819374,2640,0.000342842
-9.02926e-06,2.91161e-05,0.00853658,2704,0.000353844
-7.49133e-06,2.5942e-05,0.00889042,2765,0.000334261
-6.53861e-06,2.43836e-05,0.00922468,2826,0.000344844
-8.1934e-06,2.69699e-05,0.00956953,2889,0.000333367
-9.15695e-06,2.923e-05,0.0099029,2951,0.000338401
-9.20917e-06,2.9872e-05,0.0102413,3014,0.000360789
-6.374e-06, 0.0, 3014,3075,61
-6.83827e-06, 0.0, 3075,3136,61
-9.28749e-06, 0.0, 3136,3199,63
-8.46457e-06, 0.0, 3199,3262,63
-8.18821e-06, 0.0, 3262,3325,63
-8.61283e-06, 0.0, 3325,3387,62
-9.36912e-06, 0.0, 3387,3451,64
-9.45952e-06, 0.0, 3451,3514,63
-8.17671e-06, 0.0, 3514,3574,60
-7.44652e-06, 0.0, 3574,3635,61
-7.53061e-06, 0.0, 3635,3699,64
-9.41897e-06, 0.0, 3699,3761,62
-8.5048e-06, 0.0, 3761,3823,62
-8.20415e-06, 0.0, 3823,3884,61
-6.87659e-06, 0.0, 3884,3946,62
-9.84399e-06, 0.0, 3946,4008,62
-8.406e-06, 0.0, 4008,4071,63
-8.70454e-06, 0.0, 4071,4132,61
-6.59906e-06, 0.0, 4132,4193,61
-8.64976e-06, 0.0, 4193,4258,65
-8.62438e-06, 0.0, 4258,4320,62
-8.25873e-06, 0.0, 4320,4382,62
-8.9656e-06, 0.0, 4382,4446,64
-6.12682e-06, 0.0, 4446,4507,61
-9.19777e-06, 0.0, 4507,4570,63
-9.32384e-06, 0.0, 4570,4631,61
-7.00621e-06, 0.0, 4631,4693,62
-7.22697e-06, 0.0, 4693,4753,60
-7.76785e-06, 0.0, 4753,4817,64
-8.14023e-06, 0.0, 4817,4877,60
-9.37831e-06, 0.0, 4877,4940,63
-8.28871e-06, 0.0, 4940,5004,64
-6.90139e-06, 0.0, 5004,5065,61
-8.22397e-06, 0.0, 5065,5127,62
-8.50703e-06, 0.0, 5127,5190,63
-9.61182e-06, 0.0, 5190,5240,50
-8.35999e-06, 0.0, 5240,5300,60
-6.71787e-06, 0.0, 5300,5363,63
-8.69343e-06, 0.0, 5363,5425,62
-8.73177e-06, 0.0, 5425,5488,63
-9.32055e-06, 0.0, 5488,5548,60
-5.13173e-06, 0.0, 5548,5611,63
-9.78319e-06, 0.0, 5611,5672,61
-9.38009e-06, 0.0, 5672,5734,62
-7.86342e-06, 0.0, 5734,5797,63
-6.9132e-06, 0.0, 5797,5858,61
-5.84591e-06, 0.0, 5858,5920,62
-9.07369e-06, 0.0, 5920,5983,63
-8.04302e-06, 0.0, 5983,6045,62
-6.57749e-06, 0.0, 6045,6107,62
-7.847e-06, 0.0, 6107,6170,63
-7.2395e-06, 0.0, 6170,6233,63
-9.16109e-06, 0.0, 6233,6296,63
-7.79137e-06, 0.0, 6296,6358,62
-8.59816e-06, 0.0, 6358,6421,63
-6.44873e-06, 0.0, 6421,6483,62
-8.48283e-06, 0.0, 6483,6546,63
-9.1444e-06, 0.0, 6546,6606,60
-8.06627e-06, 0.0, 6606,6667,61
-6.91871e-06, 0.0, 6667,6730,63
-6.70293e-06, 0.0, 6730,6791,61
-8.99789e-06, 0.0, 6791,6852,61
-8.31308e-06, 0.0, 6852,6915,63
-8.31854e-06, 0.0, 6915,6975,60
-7.58367e-06, 0.0, 6975,7039,64
-8.12887e-06, 0.0, 7039,7101,62
-8.32749e-06, 0.0, 7101,7163,62
-8.66532e-06, 0.0, 7163,7226,63
-9.24386e-06, 0.0, 7226,7288,62
-6.56868e-06, 0.0, 7288,7349,61
-8.79217e-06, 0.0, 7349,7412,63
-8.56278e-06, 0.0, 7412,7477,65
-8.59423e-06, 0.0, 7477,7537,60
-7.9432e-06, 0.0, 7537,7600,63
-8.3759e-06, 0.0, 7600,7661,61
-9.52888e-06, 0.0, 7661,7723,62
-8.29909e-06, 0.0, 7723,7787,64
-8.15688e-06, 0.0, 7787,7848,61
-6.05913e-06, 0.0, 7848,7912,64
-8.45744e-06, 0.0, 7912,7973,61
-8.19382e-06, 0.0, 7973,8034,61
-8.33636e-06, 0.0, 8034,8096,62
-5.02481e-06, 0.0, 8096,8160,64
-7.54152e-06, 0.0, 8160,8226,66
-8.10539e-06, 0.0, 8226,8284,58
-7.37557e-06, 0.0, 8284,8347,63
-8.56559e-06, 0.0, 8347,8412,65
-6.37501e-06, 0.0, 8412,8473,61
-7.47545e-06, 0.0, 8473,8535,62
-8.55237e-06, 0.0, 8535,8597,62
-8.57919e-06, 0.0, 8597,8659,62
-6.979e-06, 0.0, 8659,8722,63
-6.77565e-06, 0.0, 8722,8786,64
-7.91995e-06, 0.0, 8786,8847,61
-7.40107e-06, 0.0, 8847,8911,64
-7.44662e-06, 0.0, 8911,8974,63
-7.72027e-06, 0.0, 8974,9035,61
-5.85546e-06, 0.0, 9035,9099,64
-7.9895e-06, 0.0, 9099,9161,62
-7.49583e-06, 0.0, 9161,9224,63
-7.24587e-06, 0.0, 9224,9285,61
-5.66015e-06, 0.0, 9285,9347,62
-6.24337e-06, 0.0, 9347,9410,63
-7.91027e-06, 0.0, 9410,9474,64
-7.50274e-06, 0.0, 9474,9534,60
-7.39153e-06, 0.0, 9534,9595,61
-5.96279e-06, 0.0, 9595,9657,62
-7.34071e-06, 0.0, 9657,9720,63
-8.13185e-06, 0.0, 9720,9783,63
-6.74968e-06, 0.0, 9783,9845,62
-8.00246e-06, 0.0, 9845,9908,63
-5.18695e-06, 0.0, 9908,9970,62
-8.36257e-06, 0.0, 9970,10032,62
-7.25397e-06, 0.0, 10032,10095,63
-7.44198e-06, 0.0, 10095,10156,61
-6.12312e-06, 0.0, 10156,10220,64
-5.60943e-06, 0.0, 10220,10270,50
-8.72114e-06, 0.0, 10270,10329,59
-8.87e-06, 0.0, 10329,10392,63
-7.01624e-06, 0.0, 10392,10456,64
-6.47828e-06, 0.0, 10456,10519,63
-4.42444e-06, 0.0, 10519,10580,61
-8.30508e-06, 0.0, 10580,10642,62
-7.43114e-06, 0.0, 10642,10704,62
-6.96297e-06, 0.0, 10704,10765,61
-6.06816e-06, 0.0, 10765,10828,63
-6.57567e-06, 0.0, 10828,10890,62
-8.75822e-06, 0.0, 10890,10954,64
-7.02396e-06, 0.0, 10954,11019,65
-8.04578e-06, 0.0, 11019,11081,62
-6.2439e-06, 0.0, 11081,11144,63
-7.27558e-06, 0.0, 11144,11205,61
-7.61839e-06, 0.0, 11205,11269,64
-7.64965e-06, 0.0, 11269,11330,61
-7.5421e-06, 0.0, 11330,11393,63
-6.03205e-06, 0.0, 11393,11456,63
-6.60445e-06, 0.0, 11456,11517,61
-7.49142e-06, 0.0, 11517,11579,62
-8.53501e-06, 0.0, 11579,11643,64
-6.92761e-06, 0.0, 11643,11704,61
-5.097e-06, 0.0, 11704,11766,62
-6.64188e-06, 0.0, 11766,11828,62
-7.72361e-06, 0.0, 11828,11891,63
-8.28646e-06, 0.0, 11891,11956,65
-6.01134e-06, 0.0, 11956,12016,60
-5.91096e-06, 0.0, 12016,12077,61
-7.36377e-06, 0.0, 12077,12141,64
-8.444e-06, 0.0, 12141,12204,63
-6.26025e-06, 0.0, 12204,12262,58
-7.55551e-06, 0.0, 12262,12326,64
-5.37152e-06, 0.0, 12326,12388,62
-7.29144e-06, 0.0, 12388,12450,62
-7.83897e-06, 0.0, 12450,12514,64
-7.77413e-06, 0.0, 12514,12578,64
-5.32781e-06, 0.0, 12578,12636,58
-8.875e-06, 0.0, 12636,12699,63
-7.73641e-06, 0.0, 12699,12762,63
-7.70914e-06, 0.0, 12762,12821,59
-6.56635e-06, 0.0, 12821,12885,64
-6.60462e-06, 0.0, 12885,12946,61
-5.68474e-06, 0.0, 12946,13008,62
-7.48604e-06, 0.0, 13008,13071,63
-7.1592e-06, 0.0, 13071,13136,65
-6.56521e-06, 0.0, 13136,13196,60
-4.28296e-06, 0.0, 13196,13259,63
-7.61711e-06, 0.0, 13259,13322,63
-7.18275e-06, 0.0, 13322,13382,60
-7.49376e-06, 0.0, 13382,13444,62
-7.57281e-06, 0.0, 13444,13508,64
-4.73206e-06, 0.0, 13508,13571,63
-6.10855e-06, 0.0, 13571,13632,61
-7.59838e-06, 0.0, 13632,13694,62
-7.71547e-06, 0.0, 13694,13757,63
-6.66523e-06, 0.0, 13757,13821,64
-5.38703e-06, 0.0, 13821,13881,60
-7.01402e-06, 0.0, 13881,13942,61
-6.98844e-06, 0.0, 13942,14006,64
-6.62515e-06, 0.0, 14006,14068,62
-6.97369e-06, 0.0, 14068,14132,64
-5.28299e-06, 0.0, 14132,14195,63
-6.72558e-06, 0.0, 14195,14256,61
-7.573e-06, 0.0, 14256,14319,63
-8.05599e-06, 0.0, 14319,14380,61
-6.53899e-06, 0.0, 14380,14443,63
-3.92356e-06, 0.0, 14443,14502,59
-8.85216e-06, 0.0, 14502,14566,64
-7.61119e-06, 0.0, 14566,14626,60
-6.33037e-06, 0.0, 14626,14688,62
-6.85544e-06, 0.0, 14688,14750,62
-6.0582e-06, 0.0, 14750,14813,63
-7.07871e-06, 0.0, 14813,14875,62
-6.63288e-06, 0.0, 14875,14938,63
-7.00884e-06, 0.0, 14938,15001,63
-6.70411e-06, 0.0, 15001,15063,62
-6.43543e-06, 0.0, 15063,15126,63
-7.38659e-06, 0.0, 15126,15188,62
-6.66527e-06, 0.0, 15188,15251,63
-5.75327e-06, 0.0, 15251,15313,62
-7.16777e-06, 0.0, 15313,15377,64
-4.77966e-06, 0.0, 15377,15438,61
-7.65352e-06, 0.0, 15438,15500,62
-7.32677e-06, 0.0, 15500,15568,68
-5.51611e-06, 0.0, 15568,15623,55
-6.44201e-06, 0.0, 15623,15685,62
-6.031e-06, 0.0, 15685,15746,61
-7.80845e-06, 0.0, 15746,15807,61
-7.72569e-06, 0.0, 15807,15870,63
-6.05558e-06, 0.0, 15870,15933,63
-6.63344e-06, 0.0, 15933,15994,61
-5.91479e-06, 0.0, 15994,16056,62
-7.88394e-06, 0.0, 16056,16117,61
-6.78469e-06, 0.0, 16117,16177,60
-5.85705e-06, 0.0, 16177,16241,64
-6.17178e-06, 0.0, 16241,16303,62
-5.81139e-06, 0.0, 16303,16364,61
-6.5303e-06, 0.0, 16364,16428,64
-6.64341e-06, 0.0, 16428,16488,60
-7.34752e-06, 0.0, 16488,16549,61
-6.70589e-06, 0.0, 16549,16612,63
-4.78399e-06, 0.0, 16612,16674,62
-7.58627e-06, 0.0, 16674,16738,64
-6.91855e-06, 0.0, 16738,16801,63
-5.49094e-06, 0.0, 16801,16863,62
-5.49408e-06, 0.0, 16863,16925,62
-5.03692e-06, 0.0, 16925,16987,62
-5.90393e-06, 0.0, 16987,17049,62
-7.39104e-06, 0.0, 17049,17112,63
-6.34972e-06, 0.0, 17112,17174,62
-6.08017e-06, 0.0, 17174,17237,63
-5.64312e-06, 0.0, 17237,17299,62
-7.65631e-06, 0.0, 17299,17352,53
-7.29254e-06, 0.0, 17352,17409,57
-6.4531e-06, 0.0, 17409,17473,64
-7.55574e-06, 0.0, 17473,17533,60
-4.34984e-06, 0.0, 17533,17607,74
-6.62281e-06, 0.0, 17607,17671,64
-6.95763e-06, 0.0, 17671,17725,54
-7.29358e-06, 0.0, 17725,17785,60
-4.97465e-06, 0.0, 17785,17848,63
-5.50108e-06, 0.0, 17848,17910,62
-6.04451e-06, 0.0, 17910,17972,62
-7.51022e-06, 0.0, 17972,18037,65
-6.19178e-06, 0.0, 18037,18098,61
-7.24073e-06, 0.0, 18098,18160,62
-4.90393e-06, 0.0, 18160,18223,63
-6.80424e-06, 0.0, 18223,18284,61
-7.03863e-06, 0.0, 18284,18345,61
-7.0303e-06, 0.0, 18345,18407,62
-7.6499e-06, 0.0, 18407,18469,62
-4.53663e-06, 0.0, 18469,18532,63
-6.36273e-06, 0.0, 18532,18594,62
-7.70312e-06, 0.0, 18594,18657,63
-7.13046e-06, 0.0, 18657,18720,63
-7.21783e-06, 0.0, 18720,18783,63
-5.05156e-06, 0.0, 18783,18846,63
-5.34311e-06, 0.0, 18846,18910,64
-8.4517e-06, 0.0, 18910,18972,62
-6.98801e-06, 0.0, 18972,19034,62
-5.05941e-06, 0.0, 19034,19097,63
-5.97237e-06, 0.0, 19097,19160,63
-6.67591e-06, 0.0, 19160,19224,64
-7.19807e-06, 0.0, 19224,19286,62
-6.91119e-06, 0.0, 19286,19347,61
-6.41458e-06, 0.0, 19347,19411,64
-5.40496e-06, 0.0, 19411,19472,61
-6.42811e-06, 0.0, 19472,19534,62
-5.50321e-06, 0.0, 19534,19596,62
-7.84746e-06, 0.0, 19596,19657,61
-5.57467e-06, 0.0, 19657,19718,61
-5.46956e-06, 0.0, 19718,19781,63
-6.15684e-06, 0.0, 19781,19845,64
-6.7195e-06, 0.0, 19845,19908,63
-6.71187e-06, 0.0, 19908,19969,61
-6.9249e-06, 0.0, 19969,20032,63
-5.24722e-06, 0.0, 20032,20096,64
-7.23615e-06, 0.0, 20096,20156,60
-7.44941e-06, 0.0, 20156,20219,63
-6.97015e-06, 0.0, 20219,20283,64
-6.10114e-06, 0.0, 20283,20347,64
-5.96883e-06, 0.0, 20347,20406,59
-8.26174e-06, 0.0, 20406,20469,63
-7.88449e-06, 0.0, 20469,20533,64
-7.30224e-06, 0.0, 20533,20594,61
-6.21617e-06, 0.0, 20594,20656,62
-5.66254e-06, 0.0, 20656,20717,61
-8.10347e-06, 0.0, 20717,20783,66
-7.19348e-06, 0.0, 20783,20841,58
-7.12133e-06, 0.0, 20841,20904,63
-7.11726e-06, 0.0, 20904,20966,62
-6.07296e-06, 0.0, 20966,21029,63
-7.39171e-06, 0.0, 21029,21091,62
-7.5515e-06, 0.0, 21091,21154,63
-7.65812e-06, 0.0, 21154,21216,62
-5.55883e-06, 0.0, 21216,21277,61
-6.9928e-06, 0.0, 21277,21338,61
-7.20164e-06, 0.0, 21338,21402,64
-6.70418e-06, 0.0, 21402,21463,61
-7.27218e-06, 0.0, 21463,21524,61
-5.73642e-06, 0.0, 21524,21586,62
-7.24249e-06, 0.0, 21586,21649,63
-7.58266e-06, 0.0, 21649,21712,63
-7.19292e-06, 0.0, 21712,21774,62
-7.11793e-06, 0.0, 21774,21837,63
-5.24391e-06, 0.0, 21837,21899,62
-6.56082e-06, 0.0, 21899,21960,61
-8.4789e-06, 0.0, 21960,22022,62
-7.23002e-06, 0.0, 22022,22087,65
-6.30432e-06, 0.0, 22087,22147,60
-5.76096e-06, 0.0, 22147,22208,61
-6.80605e-06, 0.0, 22208,22270,62
-6.83538e-06, 0.0, 22270,22335,65
-6.93188e-06, 0.0, 22335,22395,60
-7.25416e-06, 0.0, 22395,22459,64
-5.51561e-06, 0.0, 22459,22520,61
-6.70535e-06, 0.0, 22520,22584,64
-6.85161e-06, 0.0, 22584,22648,64
-6.11219e-06, 0.0, 22648,22708,60
-7.81326e-06, 0.0, 22708,22771,63
-5.73557e-06, 0.0, 22771,22832,61
-6.37332e-06, 0.0, 22832,22895,63
-7.51614e-06, 0.0, 22895,22956,61
-8.03223e-06, 0.0, 22956,23020,64
-7.29989e-06, 0.0, 23020,23082,62
-5.40536e-06, 0.0, 23082,23144,62
-8.00475e-06, 0.0, 23144,23208,64
-7.18347e-06, 0.0, 23208,23271,63
-7.47328e-06, 0.0, 23271,23333,62
-6.02897e-06, 0.0, 23333,23397,64
-6.13015e-06, 0.0, 23397,23456,59
-7.40713e-06, 0.0, 23456,23520,64
-8.69047e-06, 0.0, 23520,23583,63
-6.98224e-06, 0.0, 23583,23647,64
-4.70566e-06, 0.0, 23647,23711,64
-7.50351e-06, 0.0, 23711,23773,62
-8.08402e-06, 0.0, 23773,23835,62
-6.51471e-06, 0.0, 23835,23897,62
-8.34126e-06, 0.0, 23897,23957,60
-5.02583e-06, 0.0, 23957,24020,63
-7.15572e-06, 0.0, 24020,24082,62
-8.09197e-06, 0.0, 24082,24143,61
-6.93484e-06, 0.0, 24143,24206,63
-7.33013e-06, 0.0, 24206,24267,61
-6.62174e-06, 0.0, 24267,24331,64
-7.68814e-06, 0.0, 24331,24393,62
-7.846e-06, 0.0, 24393,24457,64
-6.99714e-06, 0.0, 24457,24523,66
-6.65544e-06, 0.0, 24523,24580,57
-5.90378e-06, 0.0, 24580,24644,64
-8.27415e-06, 0.0, 24644,24707,63
-7.47776e-06, 0.0, 24707,24768,61
-6.74589e-06, 0.0, 24768,24830,62
-6.51843e-06, 0.0, 24830,24893,63
-5.99978e-06, 0.0, 24893,24956,63
-8.4511e-06, 0.0, 24956,25019,63
-7.76637e-06, 0.0, 25019,25081,62
-6.64351e-06, 0.0, 25081,25143,62
-7.42434e-06, 0.0, 25143,25207,64
-6.09416e-06, 0.0, 25207,25269,62
-7.62731e-06, 0.0, 25269,25331,62
-6.76534e-06, 0.0, 25331,25392,61
-7.65196e-06, 0.0, 25392,25453,61
-5.30002e-06, 0.0, 25453,25516,63
-7.47812e-06, 0.0, 25516,25579,63
-7.87192e-06, 0.0, 25579,25640,61
-7.45686e-06, 0.0, 25640,25703,63
-7.32859e-06, 0.0, 25703,25768,65
-5.81609e-06, 0.0, 25768,25829,61
-6.49946e-06, 0.0, 25829,25892,63
-8.47174e-06, 0.0, 25892,25954,62
-6.81251e-06, 0.0, 25954,26019,65
-8.26589e-06, 0.0, 26019,26077,58
-5.12365e-06, 0.0, 26077,26141,64
-8.3936e-06, 0.0, 26141,26203,62
-7.61935e-06, 0.0, 26203,26266,63
-6.26814e-06, 0.0, 26266,26327,61
-8.37805e-06, 0.0, 26327,26390,63
-6.15562e-06, 0.0, 26390,26452,62
-8.00666e-06, 0.0, 26452,26515,63
-7.44176e-06, 0.0, 26515,26576,61
-8.20139e-06, 0.0, 26576,26640,64
-6.08905e-06, 0.0, 26640,26700,60
-7.30198e-06, 0.0, 26700,26760,60
-8.65624e-06, 0.0, 26760,26823,63
-8.26842e-06, 0.0, 26823,26886,63
-7.90198e-06, 0.0, 26886,26947,61
-5.26995e-06, 0.0, 26947,27009,62
-8.52269e-06, 0.0, 27009,27073,64
-7.95333e-06, 0.0, 27073,27134,61
-7.94163e-06, 0.0, 27134,27196,62
-6.86744e-06, 0.0, 27196,27259,63
-7.13064e-06, 0.0, 27259,27326,67
-8.7004e-06, 0.0, 27326,27383,57
-7.95716e-06, 0.0, 27383,27445,62
-8.58117e-06, 0.0, 27445,27507,62
-6.45208e-06, 0.0, 27507,27569,62
-6.99144e-06, 0.0, 27569,27632,63
-8.64271e-06, 0.0, 27632,27696,64
-8.57916e-06, 0.0, 27696,27759,63
-6.66052e-06, 0.0, 27759,27823,64
-5.95604e-06, 0.0, 27823,27884,61
-8.73024e-06, 0.0, 27884,27945,61
-7.93237e-06, 0.0, 27945,28007,62
-7.59238e-06, 0.0, 28007,28071,64
-6.89659e-06, 0.0, 28071,28134,63
-6.23711e-06, 0.0, 28134,28198,64
-8.08271e-06, 0.0, 28198,28259,61
-7.26494e-06, 0.0, 28259,28322,63
-8.94078e-06, 0.0, 28322,28383,61
-6.52708e-06, 0.0, 28383,28445,62
-6.9652e-06, 0.0, 28445,28506,61
-8.19118e-06, 0.0, 28506,28568,62
-8.31231e-06, 0.0, 28568,28630,62
-7.78207e-06, 0.0, 28630,28722,92
-6.95579e-06, 0.0, 28722,28787,65
-8.77438e-06, 0.0, 28787,28849,62
-9.15724e-06, 0.0, 28849,28912,63
-6.91027e-06, 0.0, 28912,28975,63
-5.54462e-06, 0.0, 28975,29037,62
-8.42598e-06, 0.0, 29037,29100,63
-7.93021e-06, 0.0, 29100,29160,60
-6.9413e-06, 0.0, 29160,29223,63
-7.38897e-06, 0.0, 29223,29288,65
-6.61601e-06, 0.0, 29288,29349,61
-7.13157e-06, 0.0, 29349,29411,62
-8.59596e-06, 0.0, 29411,29472,61
-8.2984e-06, 0.0, 29472,29534,62
-7.86465e-06, 0.0, 29534,29595,61
-6.99962e-06, 0.0, 29595,29655,60
-8.45321e-06, 0.0, 29655,29716,61
-7.89857e-06, 0.0, 29716,29778,62
-8.75767e-06, 0.0, 29778,29845,67
-6.64055e-06, 0.0, 29845,29902,57
-7.75745e-06, 0.0, 29902,29964,62
-8.68327e-06, 0.0, 29964,30027,63
-8.71538e-06, 0.0, 30027,30090,63
-7.16326e-06, 0.0, 30090,30153,63
-7.00635e-06, 0.0, 30153,30215,62
-8.99483e-06, 0.0, 30215,30277,62
-8.19073e-06, 0.0, 30277,30340,63
-7.79989e-06, 0.0, 30340,30403,63
-7.36596e-06, 0.0, 30403,30466,63
-6.6663e-06, 0.0, 30466,30528,62
-8.95212e-06, 0.0, 30528,30591,63
-9.19376e-06, 0.0, 30591,30652,61
-7.21996e-06, 0.0, 30652,30713,61
-6.11275e-06, 0.0, 30713,30777,64
-8.78571e-06, 0.0, 30777,30838,61
-8.82147e-06, 0.0, 30838,30900,62
-7.95637e-06, 0.0, 30900,30965,65
-7.58814e-06, 0.0, 30965,31026,61
-6.77555e-06, 0.0, 31026,31087,61
-8.8069e-06, 0.0, 31087,31149,62
-8.63385e-06, 0.0, 31149,31211,62
-8.59414e-06, 0.0, 31211,31274,63
-6.08037e-06, 0.0, 31274,31339,65
-9.67646e-06, 0.0, 31339,31400,61
-1.01172e-05, 0.0, 31400,31462,62
-7.03158e-06, 0.0, 31462,31525,63
-9.00767e-06, 0.0, 31525,31587,62
-6.96866e-06, 0.0, 31587,31649,62
-7.99457e-06, 0.0, 31649,31713,64
-8.82486e-06, 0.0, 31713,31776,63
-8.3932e-06, 0.0, 31776,31838,62
-7.53314e-06, 0.0, 31838,31902,64
-7.71435e-06, 0.0, 31902,31962,60
-9.22706e-06, 0.0, 31962,32024,62
-8.49153e-06, 0.0, 32024,32088,64
-8.88695e-06, 0.0, 32088,32151,63
-6.60408e-06, 0.0, 32151,32212,61
-8.14759e-06, 0.0, 32212,32274,62
-9.57685e-06, 0.0, 32274,32336,62
-8.66871e-06, 0.0, 32336,32398,62
-6.79341e-06, 0.0, 32398,32461,63
-7.74234e-06, 0.0, 32461,32524,63
-9.39193e-06, 0.0, 32524,32589,65
-8.16961e-06, 0.0, 32589,32650,61
-8.83812e-06, 0.0, 32650,32711,61
-7.55429e-06, 0.0, 32711,32773,62
