0.0159714, 6;
0.0161146, 6;
0.0153426, 6;
0.0155623, 6;
0.0152872, 6;
0.0153411, 6;
0.0163284, 6;
0.0154072, 6;
0.0152517, 6;
0.0148284, 6;
0.0151179, 6;
0.0153135, 6;
0.0157417, 6;
0.0151951, 6;
0.0155158, 6;
0.0155442, 6;
0.0155982, 6;
0.0147925, 6;
0.0154001, 6;
0.0155593, 6;
0.0153039, 6;
0.0148546, 6;
0.015188, 6;
0.0155996, 6;
0.0156026, 6;
0.0156239, 6;
0.014805, 6;
0.0150946, 6;
0.0159876, 6;
0.0149365, 6;
0.0149402, 6;
0.0159958, 6;
0.0150184, 6;
0.0158068, 6;
0.0160241, 6;
0.0151808, 6;
0.0156329, 6;
0.0150054, 6;
0.0159626, 6;
0.0154884, 6;
0.0157911, 6;
0.0160638, 6;
0.0152236, 6;
0.0152647, 6;
0.0156033, 6;
0.0155353, 6;
0.0159882, 6;
0.015952, 6;
0.0149922, 6;
0.0150191, 6;
0.0151616, 6;
0.0160314, 6;
0.0160646, 6;
0.0147883, 6;
0.016359, 6;
0.0135952, 6;
0.0149798, 6;
0.0149245, 6;
0.0148122, 6;
0.0153385, 6;
0.0156175, 6;
0.0155472, 6;
0.0157535, 6;
0.0156374, 6;
0.0152689, 6;
0.0149894, 6;
0.0150093, 6;
0.0159401, 6;
0.0152943, 6;
0.0159916, 6;
0.0159384, 6;
0.0159468, 6;
0.0140475, 6;
0.0152449, 6;
0.0152512, 6;
0.0161027, 6;
0.0157168, 6;
0.0151174, 6;
0.015466, 6;
0.0159221, 6;
0.0162614, 6;
0.0158085, 6;
0.0149043, 6;
0.0150256, 6;
0.0157093, 6;
0.013617, 6;
0.0159857, 6;
0.0161823, 6;
0.0158573, 6;
0.0148694, 6;
0.0161987, 6;
0.0148902, 6;
0.0157251, 6;
0.0154951, 6;
0.0158326, 6;
0.0159323, 6;
0.0152773, 6;
0.0145887, 6;
0.0155506, 6;
0.01524, 6;
0.0159516, 6;
0.0160546, 6;
0.0159754, 6;
0.0148401, 6;
0.0153521, 6;
0.0167788, 6;
0.0143771, 6;
0.0158392, 6;
0.0152957, 6;
0.0160196, 6;
0.0159396, 6;
0.0176949, 6;
0.0127604, 6;
0.0155523, 6;
0.0155716, 6;
0.0151753, 6;
0.0153766, 6;
0.0149654, 6;
0.0155779, 6;
0.0156973, 6;
0.0147152, 6;
0.0152196, 6;
0.0150861, 6;
0.0146514, 6;
0.0157391, 6;
0.0153626, 6;
0.0159263, 6;
0.0157358, 6;
0.0147192, 6;
0.016112, 6;
0.0150226, 6;
0.0157177, 6;
0.0150788, 6;
0.0158786, 6;
0.0144823, 6;
0.0157251, 6;
0.0156157, 6;
0.0161786, 6;
0.0151612, 6;
0.0151037, 6;
0.0151705, 6;
0.0160025, 6;
0.0139727, 6;
0.0154839, 6;
0.0149634, 6;
0.0150693, 6;
0.0157701, 6;
0.0151599, 6;
0.0157906, 6;
0.0148404, 6;
0.0151702, 6;
0.0152401, 6;
0.0159734, 6;
0.0177425, 6;
0.0143012, 6;
0.0165761, 6;
0.0143379, 6;
0.015021, 6;
0.0158593, 6;
0.016025, 6;
0.0149138, 6;
0.0149065, 6;
0.015834, 6;
0.0153197, 6;
0.0156003, 6;
0.0149437, 6;
0.0150364, 6;
0.0149417, 6;
0.0151967, 6;
0.0151266, 6;
0.0154457, 6;
0.0155758, 6;
0.0160725, 6;
0.0153912, 6;
0.0153216, 6;
0.0156521, 6;
0.0156892, 6;
0.0153082, 6;
0.0165086, 6;
0.0146623, 6;
0.0159445, 6;
0.0161626, 6;
0.0171318, 6;
0.013642, 6;
0.014763, 6;
0.0148116, 6;
0.0150765, 6;
0.0151177, 6;
0.0153436, 6;
0.0155045, 6;
0.0158183, 6;
0.015742, 6;
0.0154306, 6;
0.0149458, 6;
0.0158898, 6;
0.0165915, 6;
0.0141487, 6;
0.0151311, 6;
0.0150683, 6;
0.0159594, 6;
0.0150418, 6;
0.0153858, 6;
0.0156832, 6;
0.0157712, 6;
0.0155797, 6;
0.0154966, 6;
0.0160304, 6;
0.0165655, 6;
0.0141195, 6;
0.0153709, 6;
0.0160894, 6;
0.0154815, 6;
0.0155431, 6;
0.015536, 6;
0.0158566, 6;
0.0159366, 6;
0.0152798, 6;
0.0151126, 6;
0.0149963, 6;
0.0158529, 6;
0.0152806, 6;
0.0165774, 6;
0.0144208, 6;
0.0149073, 6;
0.0159511, 6;
0.0159012, 6;
0.0155098, 6;
0.0148016, 6;
0.0155952, 6;
0.0157222, 6;
0.0155624, 6;
0.0160204, 6;
0.0149823, 6;
0.0157497, 6;
0.0154446, 6;
0.0189031, 6;
0.0130461, 6;
0.0159762, 6;
0.0160091, 6;
0.0149529, 6;
0.0146374, 6;
0.0151395, 6;
0.0161351, 6;
0.0143463, 6;
0.0153338, 6;
0.0155981, 6;
0.0156854, 6;
0.0155399, 6;
0.0174191, 6;
0.0125428, 6;
0.0163269, 6;
0.0171328, 6;
0.0135362, 6;
0.0157615, 6;
0.015283, 6;
0.0149384, 6;
0.0149531, 6;
0.0158578, 6;
0.0153132, 6;
0.0165175, 6;
0.0169154, 6;
0.0135921, 6;
0.0149733, 6;
0.0157399, 6;
0.0159401, 6;
0.0158447, 6;
0.0158107, 6;
0.0164989, 6;
0.0145871, 6;
0.0151956, 6;
0.0160574, 6;
0.0155465, 6;
0.0157618, 6;
0.0148854, 6;
0.0147712, 6;
0.0157807, 6;
0.015144, 6;
0.0155728, 6;
0.0149559, 6;
0.0159946, 6;
0.0138304, 6;
0.0160635, 6;
0.0158228, 6;
0.0160147, 6;
0.0158007, 6;
0.0149864, 6;
0.0151692, 6;
0.0155818, 6;
0.0155013, 6;
0.0152624, 6;
0.015746, 6;
0.0156025, 6;
0.0153486, 6;
0.0160622, 6;
0.0143714, 6;
0.0155715, 6;
0.0153915, 6;
0.0154373, 6;
0.0156555, 6;
0.0151977, 6;
0.0157557, 6;
0.0148712, 6;
0.0160099, 6;
0.0151864, 6;
0.0156453, 6;
0.0148918, 6;
0.0155031, 6;
0.0170276, 6;
0.0137617, 6;
0.0154198, 6;
0.0159598, 6;
0.0156753, 6;
0.0154905, 6;
0.0151629, 6;
0.0155958, 6;
0.0151799, 6;
0.0152312, 6;
0.015432, 6;
0.0155806, 6;
0.0156534, 6;
0.0151645, 6;
0.0165325, 6;
0.0153137, 6;
0.0143447, 6;
0.0155782, 6;
0.0160349, 6;
0.0160244, 6;
0.0152214, 6;
0.0154205, 6;
0.0158903, 6;
0.0154389, 6;
0.0155848, 6;
0.0151873, 6;
0.0153511, 6;
0.0155243, 6;
0.0160333, 6;
0.0158962, 6;
0.0160977, 6;
0.0150765, 6;
0.015825, 6;
0.015201, 6;
0.0158317, 6;
0.0151997, 6;
0.0153883, 6;
0.0157169, 6;
0.0151238, 6;
0.0161173, 6;
0.0145248, 6;
0.0158077, 6;
0.0161122, 6;
0.0158626, 6;
0.0160886, 6;
0.0151895, 6;
0.0176991, 6;
0.0131725, 6;
0.0154707, 6;
0.0155752, 6;
0.014864, 6;
0.0149726, 6;
0.015174, 6;
0.0157813, 6;
0.0157223, 6;
0.0161111, 6;
0.0165351, 6;
0.0144693, 6;
0.0148214, 6;
0.0153022, 6;
0.0175351, 6;
0.0139592, 6;
0.0152745, 6;
0.0153583, 6;
0.014978, 6;
0.0148893, 6;
0.0147954, 6;
0.0151557, 6;
0.0155793, 6;
0.0161098, 6;
0.0148675, 6;
0.0151414, 6;
0.016241, 6;
0.018131, 6;
0.0131532, 6;
0.0143167, 6;
0.0151929, 6;
0.0160704, 6;
0.0159864, 6;
0.0155417, 6;
0.0154153, 6;
0.0152163, 6;
0.0156841, 6;
0.0159427, 6;
0.0157335, 6;
0.0154506, 6;
0.0157616, 6;
0.0155531, 6;
0.0178825, 6;
0.0160379, 6;
0.01308, 6;
0.015494, 6;
0.0155273, 6;
0.0154783, 6;
0.0160791, 6;
0.0157191, 6;
0.0144094, 6;
0.0149484, 6;
0.0170556, 6;
0.0146938, 6;
0.0162806, 6;
0.0139529, 6;
0.0159265, 6;
0.0155765, 6;
0.0161316, 6;
0.013927, 6;
0.0157905, 6;
0.0152224, 6;
0.0151805, 6;
0.0148573, 6;
0.0157251, 6;
0.0152527, 6;
0.0157511, 6;
0.0149821, 6;
0.0146853, 6;
0.015694, 6;
0.0155103, 6;
0.0149879, 6;
0.0159942, 6;
0.0159634, 6;
0.0159779, 6;
0.0158167, 6;
0.0153333, 6;
0.0159723, 6;
0.0147719, 6;
0.0150699, 6;
0.0147134, 6;
0.0147744, 6;
0.0156198, 6;
0.0149456, 6;
0.0158954, 6;
0.0160056, 6;
0.0149783, 6;
0.0157199, 6;
0.0156503, 6;
0.0146966, 6;
0.0160052, 6;
0.0146625, 6;
0.0153133, 6;
0.0146194, 6;
0.0148848, 6;
0.0152458, 6;
0.0151489, 6;
0.0150586, 6;
0.0157168, 6;
0.0151348, 6;
0.0152791, 6;
0.0158644, 6;
0.016161, 6;
0.0155989, 6;
0.0160301, 6;
0.0153943, 6;
0.0161777, 6;
0.0154643, 6;
0.0156731, 6;
0.0151073, 6;
0.0154274, 6;
0.0157455, 6;
0.0149663, 6;
0.0158665, 6;
0.0157774, 6;
0.0152997, 6;
0.0151253, 6;
0.0160205, 6;
0.0157232, 6;
0.0155715, 6;
0.015076, 6;
0.0153422, 6;
0.0155293, 6;
0.016082, 6;
0.0156512, 6;
0.0159814, 6;
0.0160085, 6;
0.0151117, 6;
0.0153169, 6;
0.0156445, 6;
0.0151087, 6;
0.014971, 6;
0.0149402, 6;
0.0151293, 6;
0.0154823, 6;
0.0154023, 6;
0.01566, 6;
0.0151003, 6;
0.0149827, 6;
0.0147076, 6;
0.0157515, 6;
0.0153563, 6;
0.0151914, 6;
0.0152275, 6;
0.0157886, 6;
0.0149727, 6;
0.0149785, 6;
0.0161349, 6;
0.0158436, 6;
0.0153933, 6;
0.0159723, 6;
0.0154916, 6;
0.0151223, 6;
0.0152217, 6;
0.0157946, 6;
0.0151448, 6;
0.0152053, 6;
0.0158588, 6;
0.0154808, 6;
0.0156644, 6;
0.0156439, 6;
0.0152549, 6;
0.0150934, 6;
0.0150759, 6;
0.015224, 6;
0.0152199, 6;
0.0156293, 6;
0.0159329, 6;
0.0157141, 6;
0.0159716, 6;
0.0151095, 6;
0.0150113, 6;
0.0152995, 6;
0.0160152, 6;
0.0151548, 6;
0.0162928, 6;
0.0157745, 6;
0.0156717, 6;
0.0153583, 6;
0.0152756, 6;
0.0152747, 6;
0.0158988, 6;
0.0155812, 6;
0.0159206, 6;
0.0153675, 6;
0.0154378, 6;
0.0160419, 6;
0.0152741, 6;
0.016023, 6;
0.0156092, 6;
0.0152596, 6;
0.0154948, 6;
0.0150419, 6;
0.0148612, 6;
0.0155588, 6;
0.015563, 6;
0.0159542, 6;
0.0152121, 6;
0.0154245, 6;
0.0154112, 6;
0.0158576, 6;
0.0151079, 6;
0.0150375, 6;
0.0152393, 6;
0.0153388, 6;
0.0151884, 6;
0.0148022, 6;
0.0150133, 6;
0.0156644, 6;
0.0155081, 6;
0.0157163, 6;
0.015465, 6;
0.0160125, 6;
0.0157729, 6;
0.0152301, 6;
0.0158155, 6;
0.0156494, 6;
0.0152021, 6;
0.0155093, 6;
0.0153252, 6;
0.015475, 6;
0.0152147, 6;
0.0158835, 6;
0.015934, 6;
0.0160359, 6;
0.0158978, 6;
0.0154366, 6;
0.015377, 6;
0.0154798, 6;
0.0154681, 6;
0.0150972, 6;
0.0158662, 6;
0.0148432, 6;
0.0147932, 6;
0.0159694, 6;
0.0158386, 6;
0.0152142, 6;
0.0152956, 6;
0.0159316, 6;
0.0152033, 6;
0.0154847, 6;
0.0160912, 6;
0.0157808, 6;
0.0154385, 6;
0.0156162, 6;
0.0149215, 6;
0.0148458, 6;
0.0155809, 6;
0.0151918, 6;
0.0156149, 6;
0.016015, 6;
0.0159934, 6;
0.0156184, 6;
0.0154898, 6;
0.0154985, 6;
0.0155914, 6;
0.0154108, 6;
0.0152426, 6;
0.0154369, 6;
0.0152232, 6;
0.0150231, 6;
0.0159435, 6;
0.0155097, 6;
0.0159173, 6;
0.0149671, 6;
0.0160123, 6;
0.0156513, 6;
0.0159916, 6;
0.0152506, 6;
0.0149588, 6;
0.0151551, 6;
0.0159768, 6;
0.0150921, 6;
0.0151433, 6;
0.0159131, 6;
0.0147196, 6;
0.0149976, 6;
0.0154471, 6;
0.0149591, 6;
0.0152524, 6;
0.0151804, 6;
0.0154032, 6;
0.0153212, 6;
0.0150026, 6;
0.0159612, 6;
0.0156605, 6;
0.0156377, 6;
0.0149657, 6;
0.0159565, 6;
0.0149801, 6;
0.0149899, 6;
0.0160169, 6;
0.0156419, 6;
0.0151996, 6;
0.0151722, 6;
0.0151262, 6;
0.0152275, 6;
0.0151146, 6;
0.0155508, 6;
0.01594, 6;
0.0159793, 6;
0.0154422, 6;
0.0146646, 6;
0.0146008, 6;
0.0160248, 6;
0.0159677, 6;
0.0149782, 6;
0.014714, 6;
0.0159739, 6;
0.0155025, 6;
0.0151411, 6;
0.015961, 6;
0.0157289, 6;
0.0159739, 6;
0.0153178, 6;
0.0154002, 6;
0.0157494, 6;
0.0159818, 6;
0.0158279, 6;
0.0152296, 6;
0.0157283, 6;
0.0150261, 6;
0.0147927, 6;
0.0152052, 6;
0.0152181, 6;
0.0153015, 6;
0.0152341, 6;
0.0151283, 6;
0.0160643, 6;
0.0156276, 6;
0.0152615, 6;
0.0154023, 6;
0.0153007, 6;
0.0156982, 6;
0.0152928, 6;
0.0153577, 6;
0.0150639, 6;
0.015761, 6;
0.0158387, 6;
0.0148716, 6;
0.0153078, 6;
0.0153975, 6;
0.0155689, 6;
0.0160616, 6;
0.0159087, 6;
0.0160347, 6;
0.0150574, 6;
0.0155582, 6;
0.0160062, 6;
0.015487, 6;
0.0157249, 6;
0.0149615, 6;
0.0159174, 6;
0.0158117, 6;
0.0153747, 6;
0.0155326, 6;
0.0149752, 6;
0.0159803, 6;
0.0148827, 6;
0.0149119, 6;
0.015937, 6;
0.015892, 6;
0.0152514, 6;
0.0157085, 6;
0.0150323, 6;
0.0149443, 6;
0.0152648, 6;
0.0147822, 6;
0.0149474, 6;
0.0150099, 6;
0.0160004, 6;
0.0148178, 6;
0.0155646, 6;
0.0155726, 6;
0.0161392, 6;
0.0152634, 6;
0.0157162, 6;
0.0150173, 6;
0.0147384, 6;
0.0156429, 6;
0.0155522, 6;
0.0148743, 6;
0.015012, 6;
0.0148915, 6;
0.0153299, 6;
0.0151944, 6;
0.0155401, 6;
0.0156228, 6;
0.0157016, 6;
0.0152705, 6;
0.0156494, 6;
0.0155576, 6;
0.0152151, 6;
0.0156491, 6;
0.0148364, 6;
0.0159575, 6;
0.0160208, 6;
0.0150254, 6;
0.0159357, 6;
0.0149782, 6;
0.0155467, 6;
0.0160414, 6;
0.0154261, 6;
0.0155776, 6;
0.0155293, 6;
0.0152612, 6;
0.014589, 6;
0.0155202, 6;
0.0157232, 6;
0.0157163, 6;
0.0157925, 6;
0.0152253, 6;
0.0149187, 6;
0.0160166, 6;
0.015348, 6;
0.0160948, 6;
0.0153255, 6;
0.0152351, 6;
0.0156955, 6;
0.0153543, 6;
0.0155916, 6;
0.0151779, 6;
0.0159466, 6;
0.0152673, 6;
0.0157548, 6;
0.0150037, 6;
0.0146591, 6;
0.0155133, 6;
0.0158279, 6;
0.0149432, 6;
0.0154583, 6;
0.01569, 6;
0.0152656, 6;
0.0153118, 6;
0.0153894, 6;
0.0159539, 6;
0.0155571, 6;
0.016091, 6;
0.0155426, 6;
0.0153385, 6;
0.0159926, 6;
0.0146277, 6;
0.0153496, 6;
0.0155301, 6;
0.015535, 6;
0.0151567, 6;
0.0158278, 6;
0.0153279, 6;
0.0155881, 6;
0.0145958, 6;
0.015437, 6;
0.0156695, 6;
0.0148535, 6;
0.0159866, 6;
0.0159725, 6;
0.0161219, 6;
0.0152089, 6;
0.0154836, 6;
0.0158118, 6;
0.0156907, 6;
0.0161126, 6;
0.0151883, 6;
0.0153798, 6;
0.0159489, 6;
0.0149616, 6;
0.0156059, 6;
0.0152151, 6;
0.015897, 6;
0.015278, 6;
0.0151911, 6;
0.0155043, 6;
0.01506, 6;
0.0157441, 6;
0.0157674, 6;
0.0155669, 6;
0.0157682, 6;
0.0150514, 6;
0.0155714, 6;
0.0155144, 6;
0.0155426, 6;
0.0153194, 6;
0.0159374, 6;
0.0153481, 6;
0.0155456, 6;
0.0156599, 6;
0.0152059, 6;
0.0154012, 6;
0.0159438, 6;
0.0153259, 6;
0.0157976, 6;
0.0153342, 6;
0.0154974, 6;
0.0153013, 6;
0.0153835, 6;
0.0152556, 6;
0.0158256, 6;
0.0156603, 6;
0.0153547, 6;
0.01594, 6;
0.0156553, 6;
0.0155096, 6;
0.0147557, 6;
0.014863, 6;
0.0151255, 6;
0.0153465, 6;
0.0153544, 6;
0.015479, 6;
0.0153077, 6;
0.0152302, 6;
0.0154526, 6;
0.0152483, 6;
0.0154044, 6;
0.0151986, 6;
0.0158725, 6;
0.0154631, 6;
0.0154379, 6;
0.0155027, 6;
0.0156724, 6;
0.0159441, 6;
0.0151276, 6;
0.0156647, 6;
0.0151332, 6;
0.0157972, 6;
0.0154, 6;
0.0147048, 6;
0.0155548, 6;
0.0153889, 6;
0.0153605, 6;
0.015642, 6;
0.0152468, 6;
0.0157453, 6;
0.0151855, 6;
0.0160817, 6;
0.0158757, 6;
0.0155098, 6;
0.0156554, 6;
0.0155865, 6;
0.015303, 6;
0.0151772, 6;
0.0156683, 6;
0.0155708, 6;
0.0151765, 6;
0.0158926, 6;
0.0157812, 6;
0.0154775, 6;
0.0161359, 6;
0.0157235, 6;
0.0160191, 6;
0.0158988, 6;
0.0153189, 6;
0.0160741, 6;
0.0151695, 6;
0.0160021, 6;
0.014982, 6;
0.0154291, 6;
0.0156376, 6;
0.0150691, 6;
0.0151663, 6;
0.0156738, 6;
0.0152145, 6;
0.0159247, 6;
0.0146214, 6;
0.0156665, 6;
0.0153026, 6;
0.0156701, 6;
0.0155541, 6;
0.0155175, 6;
0.0157284, 6;
0.0152855, 6;
0.0153024, 6;
0.0151648, 6;
0.0155819, 6;
0.014879, 6;
0.0160012, 6;
0.0151369, 6;
0.0151259, 6;
0.0154656, 6;
0.0150179, 6;
0.015248, 6;
0.0154556, 6;
0.0156964, 6;
0.0145497, 6;
0.0153438, 6;
0.0152342, 6;
0.0148526, 6;
0.0155703, 6;
0.0152099, 6;
0.0158761, 6;
0.0151478, 6;
0.0149533, 6;
0.0152507, 6;
0.015253, 6;
0.0160615, 6;
0.015496, 6;
0.0155884, 6;
0.0155388, 6;
0.0157082, 6;
0.0149724, 6;
0.0147111, 6;
0.0152077, 6;
0.0156198, 6;
0.0153562, 6;
0.0148325, 6;
0.0160441, 6;
0.0150755, 6;
0.0151327, 6;
0.0154101, 6;
0.0153091, 6;
0.0153093, 6;
0.0152659, 6;
0.015398, 6;
0.0156144, 6;
0.014679, 6;
0.0151565, 6;
0.0157449, 6;
0.0161542, 6;
0.0146643, 6;
0.0157369, 6;
0.0157523, 6;
0.0155599, 6;
0.0158644, 6;
0.0157639, 6;
0.0152697, 6;
0.0146932, 6;
0.0158141, 6;
0.0153097, 6;
0.0149498, 6;
0.0151297, 6;
0.0153132, 6;
0.0157384, 6;
0.0149652, 6;
0.0153846, 6;
0.0155174, 6;
0.0155463, 6;
0.0151577, 6;
0.0151752, 6;
0.0147595, 6;
0.0158143, 6;
0.0151718, 6;
0.0157138, 6;
0.0152848, 6;
0.0149959, 6;
0.014981, 6;
0.0149718, 6;
0.0148646, 6;
0.0149764, 6;
0.0159705, 6;
0.0156044, 6;
0.0159929, 6;
0.0157287, 6;
0.0152853, 6;
0.0156446, 6;
0.0150831, 6;
0.0156583, 6;
0.0151611, 6;
0.015933, 6;
0.0149733, 6;
0.0153674, 6;
0.0157139, 6;
0.0146892, 6;
0.0156375, 6;
0.0147738, 6;
0.015601, 6;
0.0156375, 6;
0.0153905, 6;
0.0152204, 6;
0.0148124, 6;
0.0153247, 6;
0.0151721, 6;
0.015852, 6;
0.0155461, 6;
0.0150031, 6;
0.0151706, 6;
0.0152953, 6;
0.0160115, 6;
0.015803, 6;
0.0156475, 6;
0.0151605, 6;
0.0153673, 6;
0.0161154, 6;
0.0159756, 6;
0.015416, 6;
0.0156359, 6;
0.0160492, 6;
0.0152369, 6;
0.0156843, 6;
0.0150029, 6;
0.0160821, 6;
0.0155889, 6;
0.0150652, 6;
0.01551, 6;
0.0159721, 6;
0.0160076, 6;
0.0158651, 6;
0.0158484, 6;
0.0155843, 6;
0.0151609, 6;
0.0153052, 6;
0.0151645, 6;
0.0153891, 6;
0.0152378, 6;
0.0159541, 6;
0.0152551, 6;
0.0159485, 6;
0.0147728, 6;
0.014803, 6;
0.015507, 6;
0.015391, 6;
0.0152528, 6;
0.0159232, 6;
0.015332, 6;
0.0150226, 6;
0.0154887, 6;
0.0160752, 6;
0.015441, 6;
0.0162125, 6;
0.0151298, 6;
0.0154749, 6;
0.015178, 6;
0.0155879, 6;
0.0162655, 6;
0.0156891, 6;
0.0149067, 6;
0.0150374, 6;
0.0152974, 6;
0.0157337, 6;
0.0154375, 6;
0.0152505, 6;
0.0149965, 6;
0.0152676, 6;
0.0152389, 6;
0.0152428, 6;
0.0153519, 6;
0.0152509, 6;
0.015666, 6;
0.0152654, 6;
0.0155882, 6;
0.0149661, 6;
0.0150997, 6;
0.0148266, 6;
0.0162205, 6;
0.0147456, 6;
0.0149632, 6;
0.0153779, 6;
0.0151281, 6;
0.0155936, 6;
0.0158137, 6;
0.0156485, 6;
0.015436, 6;
0.015805, 6;
0.015172, 6;
0.0158838, 6;
0.0151316, 6;
0.0154463, 6;
0.0151055, 6;
0.0157743, 6;
0.015972, 6;
0.015755, 6;
0.0152416, 6;
0.0154503, 6;
0.0156374, 6;
0.0152986, 6;
0.0155721, 6;
0.0151821, 6;
0.0161395, 6;
0.0152498, 6;
0.0149829, 6;
0.0153752, 6;
0.0156918, 6;
0.0155642, 6;
0.0151063, 6;
0.0151434, 6;
0.0154608, 6;
0.015638, 6;
0.0147974, 6;
0.0149488, 6;
0.0148871, 6;
0.0160871, 6;
0.0159065, 6;
0.0154712, 6;
0.016011, 6;
0.0155913, 6;
0.0152649, 6;
0.0147052, 6;
0.0151867, 6;
0.015055, 6;
0.0161152, 6;
0.0157121, 6;
0.0157494, 6;
0.015105, 6;
0.0150219, 6;
0.0156987, 6;
0.0158278, 6;
0.0154578, 6;
0.0157601, 6;
0.0158852, 6;
0.015763, 6;
0.0154785, 6;
0.0153389, 6;
0.0152956, 6;
0.0153708, 6;
0.0155948, 6;
0.0159163, 6;
0.0156692, 6;
0.0151921, 6;
0.0156529, 6;
0.0152371, 6;
0.0151391, 6;
0.0152479, 6;
0.0151995, 6;
0.0148666, 6;
0.0153287, 6;
0.0157148, 6;
0.015947, 6;
0.014501, 6;
0.0158229, 6;
0.0155904, 6;
0.0156619, 6;
0.0160238, 6;
0.0151834, 6;
0.0156727, 6;
0.0152539, 6;
0.0156541, 6;
0.0151587, 6;
0.014873, 6;
0.015067, 6;
0.0151904, 6;
0.0153092, 6;
0.0156673, 6;
0.0161012, 6;
0.015611, 6;
0.0152486, 6;
0.0150147, 6;
0.0159546, 6;
0.0160032, 6;
0.016436, 6;
0.0151402, 6;
0.0159781, 6;
0.0159749, 6;
0.0152323, 6;
0.0154291, 6;
0.0161944, 6;
0.0151212, 6;
0.0156553, 6;
0.0163413, 6;
0.0164038, 6;
0.0138515, 6;
0.0155275, 6;
0.0162481, 6;
0.0165156, 6;
0.0141167, 6;
0.0152057, 6;
0.0158082, 6;
0.0160372, 6;
0.0152471, 6;
0.0154967, 6;
0.0152531, 6;
0.0167447, 6;
0.0153232, 6;
0.0160354, 6;
0.0154606, 6;
0.0155463, 6;
0.0151668, 6;
0.0145997, 6;
0.0154209, 6;
0.0159538, 6;
0.0149338, 6;
0.0149392, 6;
0.015473, 6;
0.0161334, 6;
0.0160923, 6;
0.0164913, 6;
0.0156525, 6;
0.0160463, 6;
0.0160089, 6;
0.0152547, 6;
0.01595, 6;
0.0154446, 6;
0.0167715, 6;
0.0148608, 6;
0.0152606, 6;
0.0160088, 6;
0.0155018, 6;
0.0158938, 6;
0.0159505, 6;
0.0165957, 6;
0.0154923, 6;
0.0154095, 6;
0.0155985, 6;
0.0159988, 6;
0.0151229, 6;
0.0157955, 6;
0.0161815, 6;
0.0149036, 6;
0.015753, 6;
0.0156429, 6;
0.015411, 6;
0.0152196, 6;
0.0152391, 6;
0.0152159, 6;
0.0160528, 6;
0.015057, 6;
0.0155359, 6;
0.0154686, 6;
0.0151967, 6;
0.0149064, 6;
0.0148624, 6;
0.0156873, 6;
0.0153175, 6;
0.0151271, 6;
0.0147659, 6;
0.0151822, 6;
0.0151891, 6;
0.0164861, 6;
0.0151837, 6;
0.015409, 6;
0.0153306, 6;
0.0147637, 6;
0.0150635, 6;
0.0158031, 6;
0.0152621, 6;
0.0156741, 6;
0.0153891, 6;
0.0151084, 6;
0.0146135, 6;
0.0152439, 6;
0.0171316, 6;
0.0137911, 6;
0.0149763, 6;
0.0155559, 6;
0.0159465, 6;
0.0154371, 6;
0.0153835, 6;
0.0162155, 6;
0.0147535, 6;
0.0155766, 6;
0.0163595, 6;
0.0138301, 6;
0.0161537, 6;
0.0150846, 6;
0.0160798, 6;
0.0157031, 6;
0.0149999, 6;
0.0155177, 6;
0.0145188, 6;
0.0158401, 6;
0.0152382, 6;
0.0149843, 6;
0.0151219, 6;
0.0162867, 6;
0.0144637, 6;
0.0160562, 6;
0.0149393, 6;
0.0147641, 6;
0.0152254, 6;
0.0165766, 6;
0.0144162, 6;
0.0156499, 6;
0.015421, 6;
0.0150664, 6;
0.0149486, 6;
0.0159035, 6;
0.0152637, 6;
0.0147089, 6;
0.0159222, 6;
0.0164421, 6;
0.01613, 6;
0.0136801, 6;
0.0149867, 6;
0.0148294, 6;
0.0150573, 6;
0.0158059, 6;
0.0157025, 6;
0.0152767, 6;
0.0163202, 6;
0.0142362, 6;
0.0160066, 6;
0.0140089, 6;
0.0159896, 6;
0.0160096, 6;
0.0162126, 6;
0.015074, 6;
0.0149768, 6;
0.0152757, 6;
0.0156077, 6;
0.0159451, 6;
0.0151408, 6;
0.0154691, 6;
0.0160311, 6;
0.0159544, 6;
0.0176482, 6;
0.0124855, 6;
0.0158801, 6;
0.015253, 6;
0.0148702, 6;
0.0154798, 6;
0.0151652, 6;
0.01565, 6;
0.0159627, 6;
0.0159934, 6;
0.0155973, 6;
0.0159605, 6;
0.0155727, 6;
0.0156218, 6;
0.015277, 6;
0.0156669, 6;
0.0151918, 6;
0.0155603, 6;
0.0158955, 6;
0.0157247, 6;
0.0154746, 6;
0.0153702, 6;
0.0156196, 6;
0.0154176, 6;
0.0156324, 6;
0.0155237, 6;
0.0159296, 6;
0.01544, 6;
0.0148433, 6;
0.0154574, 6;
0.0159509, 6;
0.0149046, 6;
0.016084, 6;
0.0150894, 6;
0.0156593, 6;
0.0152217, 6;
0.0151485, 6;
0.0153493, 6;
0.0157288, 6;
0.014922, 6;
0.0152943, 6;
0.015451, 6;
0.0161196, 6;
0.0159485, 6;
0.0159302, 6;
0.0154381, 6;
0.0154278, 6;
0.0149795, 6;
0.0153094, 6;
0.0155894, 6;
0.015168, 6;
0.0153018, 6;
0.0159056, 6;
0.0153084, 6;
0.0154616, 6;
0.0161002, 6;
0.0145112, 6;
0.0159654, 6;
0.0159841, 6;
0.0161543, 6;
0.0153992, 6;
0.0149701, 6;
0.0154622, 6;
0.0153452, 6;
0.0156115, 6;
0.0159614, 6;
0.0152322, 6;
0.0151812, 6;
0.0157345, 6;
0.015452, 6;
0.0160208, 6;
0.0155988, 6;
0.0158646, 6;
0.015308, 6;
0.015345, 6;
0.0156709, 6;
0.0154404, 6;
0.0154199, 6;
0.0155816, 6;
0.0153371, 6;
0.0156269, 6;
0.0151948, 6;
0.0154253, 6;
0.0161412, 6;
0.0155799, 6;
0.0157791, 6;
0.0153096, 6;
0.0155028, 6;
0.0157035, 6;
0.0150853, 6;
0.0152687, 6;
0.0153321, 6;
0.0153741, 6;
0.01592, 6;
0.0150993, 6;
0.014995, 6;
0.0148911, 6;
0.016008, 6;
0.0152471, 6;
0.0159858, 6;
0.0153032, 6;
0.0161763, 6;
0.0155254, 6;
0.0153644, 6;
0.0153984, 6;
0.0154448, 6;
0.0154041, 6;
0.0154673, 6;
0.0153432, 6;
0.0157289, 6;
0.0151767, 6;
0.0158077, 6;
0.0158323, 6;
0.0157547, 6;
0.0151164, 6;
0.0156739, 6;
0.0156612, 6;
0.0159928, 6;
0.0155239, 6;
0.0155066, 6;
0.0160262, 6;
0.0154181, 6;
0.0155644, 6;
0.015272, 6;
0.0158736, 6;
0.0151738, 6;
0.015075, 6;
0.0159265, 6;
0.0149949, 6;
0.0149914, 6;
0.0155056, 6;
0.0153468, 6;
0.0153725, 6;
0.0160204, 6;
0.0150221, 6;
0.0152084, 6;
0.0152939, 6;
0.0157413, 6;
0.0148649, 6;
0.0149463, 6;
0.0153267, 6;
0.0155307, 6;
0.0159843, 6;
0.0152475, 6;
0.0151804, 6;
0.0153861, 6;
0.0151641, 6;
0.0160156, 6;
0.0151783, 6;
0.0149691, 6;
0.0155463, 6;
0.0155953, 6;
0.0149606, 6;
0.0153602, 6;
0.0168359, 6;
0.0143636, 6;
0.0157861, 6;
0.0152412, 6;
0.015141, 6;
0.0152857, 6;
0.0155072, 6;
0.0154327, 6;
0.0154362, 6;
0.0151591, 6;
0.0158068, 6;
0.0158266, 6;
0.0157735, 6;
0.0154462, 6;
0.0156583, 6;
0.0158647, 6;
0.0155557, 6;
0.0154957, 6;
0.0148804, 6;
0.0153504, 6;
0.0156604, 6;
0.0149412, 6;
0.0160403, 6;
0.015571, 6;
0.0154686, 6;
0.0160284, 6;
0.0159204, 6;
0.0159395, 6;
0.0156408, 6;
0.0155076, 6;
0.0148675, 6;
0.0151286, 6;
0.0152432, 6;
0.0154197, 6;
0.0150449, 6;
0.0155691, 6;
0.0157097, 6;
0.01455, 6;
0.0157134, 6;
0.01575, 6;
0.0154845, 6;
0.0151162, 6;
0.0156563, 6;
0.0138219, 6;
0.0153416, 6;
0.0156874, 6;
0.0153035, 6;
0.0152715, 6;
0.0159295, 6;
0.0152015, 6;
0.0159949, 6;
0.0155103, 6;
0.0158233, 6;
0.0147258, 6;
0.0129455, 6;
0.0132792, 6;
0.0154436, 6;
0.0156346, 6;
0.0156685, 6;
0.0157876, 6;
0.0157107, 6;
0.0162252, 6;
0.0148392, 6;
0.0158891, 6;
0.0139502, 6;
0.0171483, 6;
0.0157912, 6;
0.0145837, 6;
0.0159618, 6;
0.015324, 6;
0.0161023, 6;
0.015065, 6;
0.015364, 6;
0.0156496, 6;
0.015328, 6;
0.0158211, 6;
0.0149324, 6;
0.014623, 6;
0.0156254, 6;
0.0152803, 6;
0.0170012, 6;
0.0144165, 6;
0.0157222, 6;
0.0154697, 6;
0.0149042, 6;
0.0146772, 6;
0.0151085, 6;
0.0157271, 6;
0.0158306, 6;
0.0148216, 6;
0.0157543, 6;
0.0154126, 6;
0.016709, 6;
0.0148957, 6;
0.0154295, 6;
0.0157517, 6;
0.0152104, 6;
0.0152999, 6;
0.0155099, 6;
0.0161567, 6;
0.0144532, 6;
0.0153986, 6;
0.0158921, 6;
0.0173525, 6;
0.0123557, 6;
0.0161011, 6;
0.0149448, 6;
0.0153851, 6;
0.0159559, 6;
0.0146853, 6;
0.0148011, 6;
0.015639, 6;
0.0159691, 6;
0.0157429, 6;
0.0157138, 6;
0.0156077, 6;
0.0154323, 6;
0.0162498, 6;
0.0146575, 6;
0.0146063, 6;
0.0155417, 6;
0.0151765, 6;
0.0149201, 6;
0.0152006, 6;
0.0157275, 6;
0.0160401, 6;
0.0155591, 6;
0.0156031, 6;
0.0146332, 6;
0.015654, 6;
0.0160371, 6;
0.0155797, 6;
0.0150244, 6;
0.0166048, 6;
0.0150834, 6;
0.0149246, 6;
0.015441, 6;
0.0157012, 6;
0.0155609, 6;
0.0154114, 6;
0.0153569, 6;
0.015033, 6;
0.0152465, 6;
0.015405, 6;
0.0142049, 6;
0.0155867, 6;
0.0153278, 6;
0.0149462, 6;
0.0147674, 6;
0.0150595, 6;
0.0153592, 6;
0.0156055, 6;
0.0153916, 6;
0.0149159, 6;
0.014705, 6;
0.0154945, 6;
0.0166103, 6;
0.0148081, 6;
0.0153927, 6;
0.0161095, 6;
0.0154837, 6;
0.0127536, 6;
0.0151008, 6;
0.0149458, 6;
0.0149818, 6;
0.0149613, 6;
0.0160718, 6;
0.0215431, 6;
0.0244546, 6;
0.015935, 6;
0.0160496, 6;
0.0153029, 6;
0.0153207, 6;
0.015453, 6;
0.015291, 6;
0.0157557, 6;
0.0153781, 6;
0.014856, 6;
0.01554, 6;
0.0152248, 6;
0.018192, 6;
0.017258, 6;
0.0109374, 6;
0.0159385, 6;
0.0160016, 6;
0.0150834, 6;
0.0149246, 6;
0.0145536, 6;
0.015272, 6;
0.0154481, 6;
0.0153392, 6;
0.0158481, 6;
0.0148973, 6;
0.0152764, 6;
0.0155791, 6;
0.0158758, 6;
0.0151388, 6;
0.015467, 6;
0.0155669, 6;
0.0163367, 6;
0.0206129, 6;
0.0370983, 6;
0.0397524, 6;
0.0334336, 6;
0.0232166, 6;
0.0198313, 6;
0.0150966, 6;
0.015376, 6;
0.0293723, 6;
0.0170816, 6;
0.0294766, 6;
0.0299911, 6;
0.0188736, 6;
0.0138584, 6;
0.0159794, 6;
0.0154675, 6;
0.0167662, 6;
0.015056, 6;
0.0177374, 6;
0.0130718, 6;
0.0230918, 6;
0.0240154, 6;
0.0155537, 6;
0.0122353, 6;
0.0384823, 6;
0.0328554, 6;
0.0295522, 6;
0.133164, 1;
0.0159965, 1;
0.0188716, 1;
0.0180643, 1;
0.0269154, 1;
0.0167511, 1;
0.0192441, 1;
0.0300656, 1;
0.012142, 1;
0.0143046, 1;
0.0159668, 1;
0.0157531, 1;
0.0146406, 1;
0.0183299, 1;
0.0217101, 1;
0.0274041, 1;
0.0260482, 1;
0.0204145, 1;
0.0176556, 1;
0.085167, 1;
0.0425774, 1;
0.0221322, 1;
0.0218275, 1;
0.0285956, 1;
0.0118298, 1;
0.0185758, 1;
0.0143017, 1;
0.0198042, 1;
0.0269803, 1;
0.0213268, 1;
0.0314008, 1;
0.0231162, 1;
0.0182138, 1;
0.0124959, 1;
0.0161764, 1;
0.0177035, 1;
0.012516, 1;
0.0158301, 1;
0.0158902, 1;
0.0178079, 1;
0.0150603, 1;
0.0177967, 1;
0.0108722, 1;
0.01558, 1;
0.013934, 1;
0.0152541, 1;
0.0157008, 1;
0.0151115, 1;
0.0162221, 1;
0.0169208, 1;
0.0160069, 1;
0.0155393, 1;
0.0206407, 1;
0.0257176, 1;
0.0144598, 1;
0.0155748, 1;
0.0155223, 1;
0.0141425, 1;
0.0160287, 1;
0.0154451, 1;
0.0179284, 1;
0.0141872, 1;
0.0162314, 1;
0.0162352, 1;
0.0151027, 1;
0.0138962, 1;
0.0202515, 1;
0.0141505, 1;
0.0133798, 1;
0.0187965, 1;
0.0112362, 1;
0.0166066, 1;
0.0153936, 1;
0.0151984, 1;
0.0145286, 1;
0.0166993, 1;
0.0146043, 1;
0.0149179, 1;
0.0141459, 1;
0.0157974, 1;
0.0166549, 1;
0.0155909, 1;
0.0155615, 1;
0.0141913, 1;
0.0162164, 1;
0.0161888, 1;
0.0157179, 1;
0.0157217, 1;
0.0155343, 1;
0.018385, 1;
0.0116455, 1;
0.0205297, 1;
0.041175, 1;
0.0356844, 1;
0.0137137, 1;
0.0162709, 1;
0.0137228, 1;
0.0148172, 1;
0.0157196, 1;
0.0155494, 1;
0.0143436, 1;
0.0157422, 1;
0.0157387, 1;
0.0159063, 1;
0.0219701, 1;
0.0267952, 1;
0.0148506, 1;
0.0168168, 1;
0.0150955, 1;
0.0154566, 1;
0.0152006, 1;
0.0138975, 1;
0.0166306, 1;
0.0172197, 1;
0.0143012, 1;
0.0147102, 1;
0.0177724, 1;
0.0138781, 1;
0.0135798, 1;
0.0154471, 1;
0.0167499, 1;
0.014755, 1;
0.0155453, 1;
0.0148753, 1;
0.0154991, 1;
0.0168012, 1;
0.0140365, 1;
0.0149313, 1;
0.0149706, 1;
0.014986, 1;
0.0149406, 1;
0.015303, 1;
0.0156872, 1;
0.0154968, 1;
0.0153439, 1;
0.0153497, 1;
0.0146956, 1;
0.0149451, 1;
0.015005, 1;
0.0149372, 1;
0.0149902, 1;
0.0150784, 1;
0.0152435, 1;
0.0147615, 1;
0.0157632, 1;
0.0166609, 1;
0.0137704, 1;
0.0154438, 1;
0.0158921, 1;
0.0139217, 1;
0.016318, 1;
0.0157872, 1;
0.0148137, 1;
0.0157755, 1;
0.0152772, 1;
0.0160985, 1;
0.0153008, 1;
0.0156342, 1;
0.0144643, 1;
0.0152973, 1;
0.0153552, 1;
0.0157948, 1;
0.0159298, 1;
0.0152728, 1;
0.0150199, 1;
0.0158083, 1;
0.0165259, 1;
0.0150475, 1;
0.0161367, 1;
0.0143246, 1;
0.0165748, 1;
0.0142677, 1;
0.0164488, 1;
0.016276, 1;
0.0140351, 1;
0.0161051, 1;
0.0152748, 1;
0.0158166, 1;
0.0158088, 1;
0.0151131, 1;
0.0151242, 1;
0.0162012, 1;
0.0149068, 1;
0.0147945, 1;
0.0151082, 1;
0.0152922, 1;
0.015506, 1;
0.0164201, 1;
0.0167478, 1;
0.0140883, 1;
0.0158804, 1;
0.0155136, 1;
0.0151057, 1;
0.0154279, 1;
0.0161637, 1;
0.0161426, 1;
0.0182722, 1;
0.0134714, 1;
0.0151847, 1;
0.0172238, 1;
0.0147109, 1;
0.0154577, 1;
0.0152911, 1;
0.0160681, 1;
0.0166162, 1;
0.0139654, 1;
0.0149073, 1;
0.0157892, 1;
0.0152069, 1;
0.0155082, 1;
0.0160592, 1;
0.015906, 1;
0.0159226, 1;
0.0158673, 1;
0.0153297, 1;
0.0159299, 1;
0.0147165, 1;
0.0152256, 1;
0.0161357, 1;
0.0143205, 1;
0.0155986, 1;
0.015486, 1;
0.0148813, 1;
0.0149715, 1;
0.0155537, 1;
0.0154901, 1;
0.0153078, 1;
0.0157596, 1;
0.0152348, 1;
0.0157318, 1;
0.015086, 1;
0.0157087, 1;
0.0165543, 1;
0.0128779, 1;
0.0152133, 1;
0.0159795, 1;
0.0154157, 1;
0.0157324, 1;
0.0156382, 1;
0.0159453, 1;
0.0154137, 1;
0.0156666, 1;
0.0157248, 1;
0.0159919, 1;
0.0150855, 1;
0.015526, 1;
0.0157623, 1;
0.0153191, 1;
0.015238, 1;
0.0159179, 1;
0.0154646, 1;
0.0156737, 1;
0.015274, 1;
0.0156149, 1;
0.0160826, 1;
0.0154891, 1;
0.0152778, 1;
0.0182167, 1;
0.0128703, 1;
0.016082, 1;
0.0165753, 1;
0.0145088, 1;
0.0163322, 1;
0.0164488, 1;
0.013305, 1;
0.0157794, 1;
0.0158378, 1;
0.0161161, 1;
0.0157328, 1;
0.0151628, 1;
0.0152464, 1;
0.0153898, 1;
0.0160309, 1;
0.0158079, 1;
0.0157737, 1;
0.0144296, 1;
0.0145776, 1;
0.0159712, 1;
0.0161348, 1;
0.0140946, 1;
0.0160313, 1;
0.0157132, 1;
0.0160857, 1;
0.015431, 1;
0.0157369, 1;
0.0150127, 1;
0.0151754, 1;
0.016225, 1;
0.0152521, 1;
0.0160256, 1;
0.0149376, 1;
0.0149261, 1;
0.0161576, 1;
0.0145539, 1;
0.0156779, 1;
0.0155035, 1;
0.015178, 1;
0.0154927, 1;
0.0155624, 1;
0.0162366, 1;
0.0155137, 1;
0.0154169, 1;
0.0182675, 1;
0.0115595, 1;
0.015525, 1;
0.0159621, 1;
0.0152712, 1;
0.0156612, 1;
0.0155096, 1;
0.0157716, 1;
0.0152033, 1;
0.0159985, 1;
0.0150469, 1;
0.0152584, 1;
0.0161029, 1;
0.0151964, 1;
0.0152827, 1;
0.0154319, 1;
0.0151191, 1;
0.0152699, 1;
0.0160183, 1;
0.01555, 1;
0.0155153, 1;
0.015523, 1;
0.0146298, 1;
0.0154112, 1;
0.0158357, 1;
0.0151699, 1;
0.0150523, 1;
0.0151927, 1;
0.0159862, 1;
0.0154921, 1;
0.015146, 1;
0.0156027, 1;
0.0159299, 1;
0.0157182, 1;
0.0147135, 1;
0.0152393, 1;
0.0158627, 1;
0.0150048, 1;
0.0156174, 1;
0.014939, 1;
0.015151, 1;
0.01596, 1;
0.015622, 1;
0.0154762, 1;
0.0148811, 1;
0.0154302, 1;
0.0157201, 1;
0.0149122, 1;
0.0156233, 1;
0.0158393, 1;
0.0154749, 1;
0.0153827, 1;
0.0155418, 1;
0.0152747, 1;
0.0155742, 1;
0.0152313, 1;
0.0164612, 1;
0.0151376, 1;
0.0154817, 1;
0.0146641, 1;
0.016854, 1;
0.0142038, 1;
0.0155306, 1;
0.0162242, 1;
0.0154092, 1;
0.0145317, 1;
0.0317995, 1;
0.0150734, 1;
0.0172101, 1;
0.0299366, 1;
0.0159636, 1;
0.0160063, 1;
0.0309383, 1;
0.0157273, 1;
0.015348, 1;
0.0310097, 1;
0.0157774, 1;
0.0158621, 1;
0.0320936, 1;
0.0152042, 1;
0.0154258, 1;
0.0159848, 1;
0.0157951, 1;
0.0149342, 1;
0.0149188, 1;
0.015285, 1;
0.0153546, 1;
0.0163898, 1;
0.0150471, 1;
0.0317472, 1;
0.0159659, 1;
0.0151105, 1;
0.0301613, 1;
0.0151684, 1;
0.015868, 1;
0.0159929, 1;
0.0155489, 1;
0.0153939, 1;
0.0158078, 1;
0.0159544, 1;
0.016143, 1;
0.0167827, 1;
0.014206, 1;
0.0308522, 1;
0.0151939, 1;
0.0151129, 1;
0.0310154, 1;
0.0151573, 1;
0.0154928, 1;
0.0316405, 1;
0.0155171, 1;
0.0154238, 1;
0.032286, 1;
0.0146181, 1;
0.0153691, 1;
0.0170416, 1;
0.0148351, 1;
0.0150236, 1;
0.0149511, 1;
0.0307504, 1;
0.0155299, 1;
0.0153692, 1;
0.0317767, 1;
0.0158934, 1;
0.0171083, 1;
0.0297967, 1;
0.0144094, 1;
0.015993, 1;
0.0309517, 1;
0.0155927, 1;
0.0159494, 1;
0.0159424, 1;
0.0157434, 1;
0.0153322, 1;
0.0154042, 1;
0.0318685, 1;
0.0156435, 1;
0.015596, 1;
0.0156018, 1;
0.0154854, 1;
0.0153615, 1;
0.0155185, 1;
0.0324115, 1;
0.0149088, 1;
0.0152048, 1;
0.0313979, 1;
0.0154503, 1;
0.0155691, 1;
0.0298777, 1;
0.0160473, 1;
0.0150071, 1;
0.0319164, 1;
0.0155624, 1;
0.0153884, 1;
0.0313083, 1;
0.0160485, 1;
0.0158496, 1;
0.0316769, 1;
0.0150921, 1;
0.0151021, 1;
0.0154297, 1;
0.016109, 1;
0.0152159, 1;
0.0161964, 1;
0.0291715, 1;
0.0156209, 1;
0.0156532, 1;
0.0317643, 1;
0.0160787, 1;
0.0152995, 1;
0.0157613, 1;
0.014927, 1;
0.0158324, 1;
0.0152877, 1;
0.0153413, 1;
0.0152654, 1;
0.015277, 1;
0.0149576, 1;
0.0307606, 1;
0.0152011, 1;
0.0156743, 1;
0.0159446, 1;
0.0155887, 1;
0.0157404, 1;
0.0146646, 1;
0.0308403, 1;
0.0165471, 1;
0.0164824, 1;
0.0445951, 1;
0.0156232, 1;
0.0320651, 1;
0.0150419, 1;
0.0158091, 1;
0.0317329, 1;
0.0151584, 1;
0.0146849, 1;
0.0312179, 1;
0.0147248, 1;
0.0150946, 1;
0.0311096, 1;
0.0154452, 1;
0.0152739, 1;
0.0155687, 1;
0.0154137, 1;
0.0153391, 1;
0.0151487, 1;
0.0310515, 1;
0.0155639, 1;
0.015256, 1;
0.0295339, 1;
0.0151317, 1;
0.0159294, 1;
0.0299862, 1;
0.0158181, 1;
0.0160008, 1;
0.0314751, 1;
0.0152215, 1;
0.0173002, 1;
0.0457213, 1;
0.0296184, 2;
0.0159075, 2;
0.01489, 2;
0.0149565, 2;
0.0157229, 2;
0.0152633, 2;
0.0149233, 2;
0.0160428, 2;
0.0151517, 2;
0.0161687, 2;
0.0147786, 2;
0.0483946, 2;
0.0155462, 2;
0.0318102, 2;
0.0154299, 2;
0.0156119, 2;
0.0151785, 2;
0.0164237, 2;
0.0155713, 2;
0.0154125, 2;
0.0299931, 2;
0.0154723, 2;
0.0171431, 2;
0.0303326, 2;
0.0153053, 2;
0.0151946, 2;
0.0316076, 2;
0.0151357, 2;
0.0148755, 2;
0.0312021, 2;
0.0150729, 2;
0.017093, 2;
0.0300359, 2;
0.0146332, 2;
0.0154748, 2;
0.0153631, 2;
0.0158685, 2;
0.0161482, 2;
0.0151821, 2;
0.0305795, 2;
0.0169725, 2;
0.0137434, 2;
0.0305343, 2;
0.0177986, 2;
0.0136809, 2;
0.0313962, 2;
0.0161504, 2;
0.0152803, 2;
0.0310925, 2;
0.0152901, 2;
0.015913, 2;
0.0299679, 2;
0.0146829, 2;
0.0157387, 2;
0.030419, 2;
0.0150686, 2;
0.0151899, 2;
0.0321867, 2;
0.015235, 2;
0.0149658, 2;
0.0310818, 2;
0.0149232, 2;
0.0151332, 2;
0.0320771, 2;
0.0137639, 2;
0.0159161, 2;
0.0158642, 2;
0.0160743, 2;
0.0155687, 2;
0.016052, 2;
0.0304573, 2;
0.0142562, 2;
0.0157963, 2;
0.0301533, 2;
0.016179, 2;
0.0153181, 2;
0.0306719, 2;
0.0155156, 2;
0.015922, 2;
0.0312533, 2;
0.0157456, 2;
0.0164979, 2;
0.0312592, 2;
0.0151117, 2;
0.0203367, 2;
0.0282237, 2;
0.0137212, 2;
0.0160468, 2;
0.032236, 2;
0.014351, 2;
0.0161405, 2;
0.0309946, 2;
0.0152487, 2;
0.015965, 2;
0.0153781, 2;
0.0152747, 2;
0.0147444, 2;
0.0151307, 2;
0.0158176, 2;
0.0147046, 2;
0.0157632, 2;
0.0155706, 2;
0.0309354, 2;
0.0149247, 2;
0.0155076, 2;
0.0161433, 2;
0.0157241, 2;
0.0156708, 2;
0.0149723, 2;
0.0311175, 2;
0.0153227, 2;
0.0155993, 2;
0.0321049, 2;
0.0153208, 2;
0.0160629, 2;
0.0314453, 2;
0.0160121, 2;
0.0158729, 2;
0.0299706, 2;
0.01526, 2;
0.0155724, 2;
0.0153658, 2;
0.0155932, 2;
0.0159207, 2;
0.0152391, 2;
0.0303783, 2;
0.0151628, 2;
0.0153607, 2;
0.0304687, 2;
0.0154959, 2;
0.015659, 2;
0.0155945, 2;
0.0154893, 2;
0.0148773, 2;
0.0151681, 2;
0.0315435, 2;
0.0165685, 2;
0.0140399, 2;
0.0308832, 2;
0.0159486, 2;
0.0148605, 2;
0.0304858, 2;
0.0159098, 2;
0.0157006, 2;
0.0330678, 2;
0.0137272, 2;
0.0156506, 2;
0.030769, 2;
0.0153589, 2;
0.0147021, 2;
0.0311509, 2;
0.0157369, 2;
0.0155496, 2;
0.0302548, 2;
0.0153676, 2;
0.0158669, 2;
0.0312852, 2;
0.0148088, 2;
0.0152666, 2;
0.0330511, 2;
0.0134288, 2;
0.0155932, 2;
0.0312487, 2;
0.0146472, 2;
0.0146208, 2;
0.0314637, 2;
0.0145321, 2;
0.0160879, 2;
0.0298442, 2;
0.015136, 2;
0.0157849, 2;
0.0161822, 2;
0.0156476, 2;
0.0163688, 2;
0.0132744, 2;
0.0313907, 2;
0.0154993, 2;
0.0158036, 2;
0.0299331, 2;
0.0150023, 2;
0.0160234, 2;
0.0457367, 2;
0.0155454, 2;
0.0312331, 2;
0.0148545, 2;
0.0147789, 2;
0.0309813, 2;
0.014998, 2;
0.0155128, 2;
0.0305477, 2;
0.0158319, 2;
0.0155878, 2;
0.0311369, 2;
0.015333, 2;
0.0154357, 2;
0.0300813, 2;
0.0159208, 2;
0.0149706, 2;
0.0318035, 2;
0.014135, 2;
0.016597, 2;
0.0302756, 2;
0.0155148, 2;
0.0158186, 2;
0.0157635, 2;
0.016044, 2;
0.0149676, 2;
0.0158004, 2;
0.0453914, 2;
0.01536, 2;
0.0318349, 2;
0.0156716, 2;
0.0148711, 2;
0.0311926, 2;
0.0156684, 2;
0.0150109, 2;
0.0154468, 2;
0.0155021, 2;
0.0154297, 2;
0.0157275, 2;
0.0315231, 2;
0.0143027, 2;
0.0152646, 2;
0.0307672, 2;
0.0162514, 2;
0.0153203, 2;
0.032036, 2;
0.015085, 2;
0.0149532, 2;
0.0299885, 2;
0.015212, 2;
0.016394, 2;
0.0304696, 2;
0.014778, 2;
0.014874, 2;
0.0149352, 2;
0.0153435, 2;
0.0160018, 2;
0.0159965, 2;
0.0297943, 2;
0.0152261, 2;
0.0155871, 2;
0.0472888, 2;
0.013688, 2;
0.0309806, 2;
0.0149515, 2;
0.0150321, 2;
0.0306974, 2;
0.0155121, 2;
0.0159535, 2;
0.0158181, 2;
0.0153136, 2;
0.0147199, 2;
0.0161683, 2;
0.0303773, 2;
0.0145208, 2;
0.0151927, 2;
0.0319162, 2;
0.0147275, 2;
0.0150734, 2;
0.0313293, 2;
0.0150733, 2;
0.0160167, 2;
0.0300407, 2;
0.015087, 2;
0.015711, 2;
0.0152612, 2;
0.0155742, 2;
0.0160382, 2;
0.0164996, 2;
0.0297872, 2;
0.0160373, 2;
0.0169082, 2;
0.0297283, 2;
0.0152196, 2;
0.0157457, 2;
0.0300992, 2;
0.015952, 2;
0.0149767, 2;
0.0304319, 2;
0.0167085, 2;
0.0150881, 2;
0.0308987, 2;
0.0149253, 2;
0.0157842, 2;
0.0311853, 2;
0.0160907, 2;
0.0158602, 2;
0.0160141, 2;
0.0158811, 2;
0.0156196, 2;
0.0157276, 2;
0.0316307, 2;
0.0166085, 2;
0.0138264, 2;
0.0312457, 2;
0.0147041, 2;
0.015925, 2;
0.0317294, 2;
0.0152302, 2;
0.015702, 2;
0.0304633, 2;
0.0154592, 2;
0.01534, 2;
0.032604, 2;
0.0169656, 2;
0.0279634, 2;
0.0149091, 2;
0.0159751, 2;
0.015981, 2;
0.0151216, 2;
0.0153306, 2;
0.0159054, 2;
0.015134, 2;
0.015986, 2;
0.015591, 2;
0.0156353, 2;
0.0300983, 3;
0.0152535, 3;
0.0158747, 3;
0.0298714, 3;
0.0159475, 3;
0.0150077, 3;
0.0312218, 3;
0.0146426, 3;
0.0158886, 3;
0.031405, 3;
0.0156759, 3;
0.0147942, 3;
0.0308649, 3;
0.015942, 3;
0.0153685, 3;
0.0313088, 3;
0.0156255, 3;
0.01526, 3;
0.0310212, 3;
0.0158116, 3;
0.0157822, 3;
0.0459448, 3;
0.0153701, 3;
0.0306325, 3;
0.0157473, 3;
0.0153013, 3;
0.0314216, 3;
0.0151127, 3;
0.0156365, 3;
0.0311045, 3;
0.0155634, 3;
0.015289, 3;
0.0309911, 3;
0.0148639, 3;
0.0149469, 3;
0.0308693, 3;
0.0159195, 3;
0.0153149, 3;
0.0310288, 3;
0.0149056, 3;
0.0150581, 3;
0.0160853, 3;
0.014684, 3;
0.0154622, 3;
0.0157278, 3;
0.0300223, 3;
0.0160192, 3;
0.0159153, 3;
0.0318966, 3;
0.0154114, 3;
0.0153936, 3;
0.0307831, 3;
0.0149045, 3;
0.0152918, 3;
0.0307007, 3;
0.0158748, 3;
0.0156346, 3;
0.0305186, 3;
0.015568, 3;
0.0157035, 3;
0.030393, 3;
0.0159979, 3;
0.0150448, 3;
0.0303223, 3;
0.016121, 3;
0.0158569, 3;
0.0151845, 3;
0.0157756, 3;
0.0152362, 3;
0.0156737, 3;
0.0307892, 3;
0.0154867, 3;
0.0159729, 3;
0.0316036, 3;
0.0160062, 3;
0.0155331, 3;
0.0318029, 3;
0.0159561, 3;
0.0159946, 3;
0.0309657, 3;
0.0159105, 3;
0.01589, 3;
0.0313246, 3;
0.0153577, 3;
0.0159146, 3;
0.015998, 3;
0.0159031, 3;
0.0150888, 3;
0.0150859, 3;
0.0159062, 3;
0.0156347, 3;
0.0154904, 3;
0.0154168, 3;
0.0296372, 3;
0.0153073, 3;
0.0157985, 3;
0.015972, 3;
0.0160119, 3;
0.0158807, 3;
0.0156048, 3;
0.0305332, 3;
0.0158822, 3;
0.0150167, 3;
0.0312576, 3;
0.0153634, 3;
0.0148318, 3;
0.0312411, 3;
0.0159801, 3;
0.0154147, 3;
0.0308836, 3;
0.0149972, 3;
0.0150607, 3;
0.0314514, 3;
0.0152911, 3;
0.0158375, 3;
0.0300267, 3;
0.0158143, 3;
0.014893, 3;
0.0298885, 3;
0.0148844, 3;
0.015144, 3;
0.0306062, 3;
0.0150974, 3;
0.0159098, 3;
0.0314772, 3;
0.0153758, 3;
0.0149362, 3;
0.0309068, 3;
0.0150011, 3;
0.0158091, 3;
0.0160429, 3;
0.0158274, 3;
0.0156692, 3;
0.0154884, 3;
0.0312413, 3;
0.015281, 3;
0.0156236, 3;
0.0314063, 3;
0.0156922, 3;
0.0158898, 3;
0.0161136, 3;
0.0159854, 3;
0.0160045, 3;
0.0156937, 3;
0.0306553, 3;
0.0158766, 3;
0.0155215, 3;
0.0153763, 3;
0.0154262, 3;
0.0151961, 3;
0.0157364, 3;
0.015625, 3;
0.0159196, 3;
0.0160065, 3;
0.0160159, 3;
0.0297531, 3;
0.0153787, 3;
0.0152168, 3;
0.0316888, 3;
0.015387, 3;
0.015341, 3;
0.0315646, 3;
0.0158558, 3;
0.0159135, 3;
0.0319353, 3;
0.0158506, 3;
0.0161335, 3;
0.031494, 3;
0.0155124, 3;
0.0149783, 3;
0.0297231, 3;
0.0156388, 3;
0.0153686, 3;
0.0309041, 3;
0.0156225, 3;
0.0156076, 3;
0.0308927, 3;
0.0152656, 3;
0.0153414, 3;
0.0307779, 3;
0.015326, 3;
0.0155668, 3;
0.0313851, 3;
0.015745, 3;
0.0148221, 3;
0.0301941, 3;
0.0158893, 3;
0.0157642, 3;
0.0310351, 3;
0.0148526, 3;
0.0153653, 3;
0.0314641, 3;
0.0156553, 3;
0.0152273, 3;
0.0159895, 3;
0.0148771, 3;
0.0150086, 3;
0.0159665, 3;
0.0309219, 3;
0.0151208, 3;
0.0151556, 3;
0.0312819, 3;
0.0158426, 3;
0.0155123, 3;
0.015274, 3;
0.0157338, 3;
0.0154114, 3;
0.0157985, 3;
0.0310779, 3;
0.0149696, 3;
0.0158908, 3;
0.0309753, 3;
0.0159603, 3;
0.0159739, 3;
0.0309573, 3;
0.0149824, 3;
0.01551, 3;
0.015675, 3;
0.016022, 3;
0.015639, 3;
0.0159365, 3;
0.0309968, 3;
0.0149584, 3;
0.0151778, 3;
0.015964, 3;
0.0149966, 3;
0.0150065, 3;
0.0159237, 3;
0.015929, 3;
0.0158834, 3;
0.0159999, 3;
0.0159206, 3;
0.0159116, 3;
0.0160208, 3;
0.0149544, 3;
0.015036, 3;
0.0157975, 3;
0.0159363, 3;
0.0149539, 3;
0.0159862, 3;
0.0299989, 3;
0.0160215, 3;
0.0154549, 3;
0.0148882, 3;
0.0155612, 3;
0.0160123, 3;
0.0154138, 3;
0.0154383, 3;
0.0154145, 3;
0.0155731, 3;
0.0160106, 3;
0.0159993, 3;
0.0155357, 3;
0.0159308, 3;
0.015208, 3;
0.0307322, 3;
0.0160794, 3;
0.0149405, 3;
0.0305949, 3;
0.01598, 3;
0.0149427, 3;
0.0303235, 3;
0.0154947, 3;
0.0155136, 3;
0.0152833, 3;
0.015171, 3;
0.0153722, 3;
0.0148029, 3;
0.0307938, 3;
0.015913, 3;
0.0158798, 3;
0.0317088, 3;
0.0154299, 3;
0.0154599, 3;
0.0312795, 3;
0.0160483, 3;
0.0155878, 3;
0.0312521, 3;
0.016014, 3;
0.0158506, 3;
0.0307573, 3;
0.0149631, 3;
0.0157978, 3;
0.0308042, 3;
0.0151633, 3;
0.0156566, 3;
0.0304735, 3;
0.015886, 3;
0.0154438, 3;
0.0309099, 3;
0.0159658, 3;
0.0153588, 3;
0.0321409, 3;
0.0157912, 3;
0.0155126, 3;
0.0302623, 3;
0.015652, 3;
0.015485, 3;
0.0304909, 3;
0.0161862, 3;
0.0159246, 3;
0.0319966, 3;
0.0159597, 3;
0.015292, 3;
0.01547, 3;
0.0154187, 3;
0.0153866, 3;
0.0155232, 3;
0.0309331, 3;
0.0159612, 3;
0.0159725, 3;
0.0457538, 3;
0.0159058, 3;
0.0308418, 3;
0.0151658, 3;
0.0155982, 3;
0.0157672, 3;
0.0151512, 3;
0.0157972, 3;
0.0152695, 3;
0.0307764, 3;
0.0149995, 3;
0.0159802, 3;
0.0318055, 3;
0.0159084, 3;
0.0155944, 3;
0.0302619, 3;
0.0149404, 3;
0.0152236, 3;
0.031667, 3;
0.0158132, 3;
0.0156603, 3;
0.0300027, 3;
0.0154973, 3;
0.0155206, 3;
0.0155666, 3;
0.0153601, 3;
0.0158418, 3;
0.0156303, 3;
0.0313606, 3;
0.0158105, 3;
0.0150882, 3;
0.0307394, 3;
0.015877, 3;
0.0160351, 3;
0.0305327, 3;
0.0156026, 3;
0.0156231, 3;
0.0308607, 3;
0.0154589, 3;
0.0154219, 3;
0.0308579, 3;
0.014755, 3;
0.0151309, 3;
0.0309064, 3;
0.0148975, 3;
0.0160255, 3;
0.0150247, 3;
0.0147599, 3;
0.0149916, 3;
0.0152942, 3;
0.0311162, 3;
0.0151208, 3;
0.0152173, 3;
0.0312532, 3;
0.0149412, 3;
0.0160129, 3;
0.0299372, 3;
0.0151412, 3;
0.0158614, 3;
0.0160459, 3;
0.0160002, 3;
0.0159808, 3;
0.0154912, 3;
0.0308542, 3;
0.0152218, 3;
0.0149814, 3;
0.0307148, 3;
0.0152526, 3;
0.0158376, 3;
0.0149079, 3;
0.0148449, 3;
0.0152258, 3;
0.0153877, 3;
0.0310425, 3;
0.0156063, 3;
0.0156075, 3;
0.0309177, 3;
0.015874, 3;
0.0149359, 3;
0.0151339, 3;
0.0158331, 3;
0.0151308, 3;
0.0156887, 3;
0.0309337, 3;
0.0158834, 3;
0.0151181, 3;
0.0300722, 3;
0.0149911, 3;
0.0153931, 3;
0.0310758, 3;
0.0149865, 3;
0.0161404, 3;
0.0310156, 3;
0.016141, 3;
0.014791, 3;
0.0301994, 3;
0.0151762, 3;
0.0152834, 3;
0.030831, 3;
0.0156202, 3;
0.0158034, 3;
0.0159976, 3;
0.0157198, 3;
0.0155467, 3;
0.015599, 3;
0.0308363, 3;
0.0151488, 3;
0.0150798, 3;
0.0312004, 3;
0.0155066, 3;
0.0158588, 3;
0.0309176, 3;
0.0153209, 3;
0.0156112, 3;
0.0318468, 3;
0.0157196, 3;
0.015754, 3;
0.0307976, 3;
0.0160704, 3;
0.0159115, 3;
0.031247, 3;
0.0148324, 3;
0.0158357, 3;
0.0311406, 3;
0.0153988, 3;
0.0150411, 3;
0.0313632, 3;
0.0155394, 3;
0.0150008, 3;
0.0474927, 3;
0.0155704, 3;
0.0158496, 3;
0.0158196, 3;
0.0150121, 3;
0.0159614, 3;
0.0319395, 3;
0.0152868, 3;
0.0155721, 3;
0.0309287, 3;
0.0155693, 3;
0.0152019, 3;
0.0307073, 3;
0.0150832, 3;
0.0153295, 3;
0.0155421, 3;
0.0151672, 3;
0.0153105, 3;
0.015145, 3;
0.0308585, 3;
0.0152713, 3;
0.0151982, 3;
0.0305592, 3;
0.0155589, 3;
0.0153419, 3;
0.0155319, 3;
0.0152629, 3;
0.0160665, 3;
0.0158696, 3;
0.0305599, 3;
0.0153332, 3;
0.0158534, 3;
0.0304682, 3;
0.0153503, 3;
0.0150152, 3;
0.0305171, 3;
0.0150719, 3;
0.0154304, 3;
0.0310439, 3;
0.0155071, 3;
0.01581, 3;
0.0309699, 3;
0.0159089, 3;
0.0158987, 3;
0.0308809, 3;
0.0159923, 3;
0.0159024, 3;
0.015874, 3;
0.015951, 3;
0.0149563, 3;
0.0152628, 3;
0.0315434, 3;
0.0159724, 3;
0.015548, 3;
0.031892, 3;
0.0152961, 3;
0.0148933, 3;
0.0318801, 3;
0.0159587, 3;
0.0147946, 3;
0.0150484, 3;
0.016134, 3;
0.0157632, 3;
0.0158896, 3;
0.016053, 3;
0.0155956, 3;
0.0151605, 3;
0.0152545, 3;
0.0315091, 3;
0.0155594, 3;
0.0154506, 3;
0.0308577, 3;
0.0148206, 3;
0.0150536, 3;
0.0308793, 3;
0.0146844, 3;
0.0151318, 3;
0.0312473, 3;
0.0156925, 3;
0.0156594, 3;
0.0304908, 3;
0.015398, 3;
0.015598, 3;
0.0155411, 3;
0.0159188, 3;
0.0155037, 3;
0.015376, 3;
0.0151258, 3;
0.0160686, 3;
0.0160821, 3;
0.0155014, 3;
0.0304313, 3;
0.0153399, 3;
0.0153855, 3;
0.030235, 3;
0.0152082, 3;
0.0151295, 3;
0.0322086, 3;
0.0144178, 3;
0.0148431, 3;
0.0303704, 3;
0.0154221, 3;
0.0156567, 3;
0.015246, 3;
0.0160662, 3;
0.0151689, 3;
0.0156441, 3;
0.0313628, 3;
0.0154583, 3;
0.0153515, 3;
0.0305645, 3;
0.0159317, 3;
0.0155852, 3;
0.0155645, 3;
0.016662, 3;
0.0143829, 3;
0.0157339, 3;
0.0309966, 3;
0.0153071, 3;
0.0152322, 3;
0.0311626, 3;
0.0166442, 3;
0.0151611, 3;
0.0312743, 3;
0.0156023, 3;
0.0159545, 3;
0.0338281, 3;
0.0123436, 3;
0.0158885, 3;
0.031886, 3;
0.0157512, 3;
0.0155337, 3;
0.0454004, 3;
0.0157838, 3;
0.0160343, 3;
0.0158323, 3;
0.0159919, 3;
0.0155107, 3;
0.0303858, 3;
0.0149342, 3;
0.0148876, 3;
0.0323018, 3;
0.0146472, 3;
0.0156959, 3;
0.0160338, 3;
0.0159256, 3;
0.015348, 3;
0.0155424, 3;
0.0313716, 3;
0.0157976, 3;
0.0161475, 3;
0.0355157, 3;
0.0279858, 3;
0.029573, 3;
0.0150135, 3;
0.0152698, 3;
0.0152512, 3;
0.0154201, 3;
0.0153718, 3;
0.0159603, 3;
0.0159205, 3;
0.015854, 3;
0.0156321, 3;
0.0167494, 3;
0.0308107, 3;
0.0160456, 3;
0.0158029, 3;
0.0154457, 3;
0.0156404, 3;
0.0152197, 3;
0.0161083, 3;
0.0298469, 3;
0.0148457, 3;
0.0158215, 3;
0.0470646, 3;
0.014735, 3;
0.0299785, 3;
0.0149954, 3;
0.0159597, 3;
0.0309071, 3;
0.0152891, 3;
0.0155394, 3;
0.0306302, 3;
0.0157239, 3;
0.0164695, 3;
0.0291397, 3;
0.0154015, 3;
0.0152959, 3;
0.0309839, 3;
0.0153493, 3;
0.0156324, 3;
0.0312605, 3;
0.0167774, 3;
0.013516, 3;
0.0310839, 3;
0.0158954, 3;
0.0148331, 3;
0.0309011, 3;
0.0150676, 3;
0.0149522, 3;
0.0300652, 3;
0.0148596, 3;
0.0156338, 3;
0.0460883, 3;
0.015067, 3;
0.0305216, 3;
0.014834, 3;
0.0156872, 3;
0.0158451, 3;
0.0159668, 3;
0.0156117, 3;
0.0151982, 3;
0.0317875, 3;
0.0159231, 3;
0.0161487, 3;
0.0297564, 3;
0.0158089, 3;
0.0156919, 3;
0.0312199, 3;
0.0149858, 3;
0.015794, 3;
0.0320324, 3;
0.0167754, 3;
0.0301159, 3;
0.0151388, 3;
0.0158949, 3;
0.0309722, 3;
0.015259, 3;
0.0160306, 3;
0.0157871, 3;
0.0151084, 3;
0.0156414, 3;
0.0152834, 3;
0.0316695, 3;
0.0162707, 3;
0.0148895, 3;
0.0293884, 3;
0.0160235, 3;
0.0160612, 3;
0.0298731, 3;
0.0157575, 3;
0.0156631, 3;
0.0322035, 3;
0.0157737, 3;
0.0156038, 3;
0.015784, 3;
0.0156579, 3;
0.0159763, 3;
0.015458, 3;
0.0318267, 3;
0.015323, 3;
0.0165928, 3;
0.0314496, 3;
0.0157522, 3;
0.0155174, 3;
0.0300498, 3;
0.0157946, 3;
0.0160305, 3;
0.0158747, 3;
0.0154515, 3;
0.0161084, 3;
0.0167989, 3;
0.0295087, 3;
0.0158774, 3;
0.0159392, 3;
0.0323596, 3;
0.016786, 3;
0.0286883, 3;
0.0142761, 3;
0.0151604, 3;
0.0151182, 3;
0.0159244, 3;
0.0158559, 3;
0.0151922, 3;
0.0298303, 3;
0.0155525, 3;
0.0153845, 3;
0.0309089, 3;
0.0154163, 3;
0.0157734, 3;
0.0159461, 3;
0.0150029, 3;
0.0149113, 3;
0.0157905, 3;
0.0299566, 3;
0.0151412, 3;
0.0157812, 3;
0.0295891, 3;
0.0149655, 3;
0.0159174, 3;
0.031389, 3;
0.0154261, 3;
0.0156481, 3;
0.0313124, 3;
0.0165001, 3;
0.0152025, 3;
0.0304608, 3;
0.014525, 3;
0.015289, 3;
0.0311829, 3;
0.0151363, 3;
0.0159647, 3;
0.0153063, 3;
0.0155908, 3;
0.0152834, 3;
0.0155596, 3;
0.0311648, 3;
0.0153691, 3;
0.0160075, 3;
0.0312689, 3;
0.0155031, 3;
0.0166591, 3;
0.0292831, 3;
0.0149414, 3;
0.0162317, 3;
0.0302436, 3;
0.0150834, 3;
0.0151959, 3;
0.0458633, 3;
0.0154707, 3;
0.0312457, 3;
0.0153983, 3;
0.0152359, 3;
0.0308536, 3;
0.0153095, 3;
0.0153608, 3;
0.0338782, 3;
0.0135587, 3;
0.0144922, 3;
0.0309622, 3;
0.0153, 3;
0.0157832, 3;
0.0147562, 3;
0.0153101, 3;
0.0157065, 3;
0.0149804, 3;
0.0148519, 3;
0.0160309, 3;
0.0153575, 3;
0.0161114, 3;
0.0303018, 3;
0.0159471, 3;
0.0158512, 3;
0.0324961, 3;
0.0133787, 3;
0.0158764, 3;
0.0300007, 3;
0.015009, 3;
0.0146854, 3;
0.029834, 3;
0.030771, 3;
0.0311732, 3;
0.0152302, 3;
0.0151274, 3;
0.0159106, 3;
0.0154551, 3;
0.0157668, 3;
0.0149328, 3;
0.0315895, 3;
0.0163212, 3;
0.0147718, 3;
0.0300103, 3;
0.0157785, 3;
0.0156038, 3;
0.0302835, 3;
0.0157955, 3;
0.0155998, 3;
0.0307548, 3;
0.015543, 3;
0.0153465, 3;
0.0309847, 3;
0.0156566, 3;
0.0150688, 3;
0.0150051, 3;
0.0149285, 3;
0.0151895, 3;
0.0149766, 3;
0.0158157, 3;
0.0161069, 3;
0.0159509, 3;
0.0159903, 3;
0.0315664, 3;
0.0152218, 3;
0.015862, 3;
0.0164815, 3;
0.0150122, 3;
0.0157075, 3;
0.0156263, 3;
0.0151101, 3;
0.0155994, 3;
0.0157085, 3;
0.0153711, 3;
0.0310896, 3;
0.0154784, 3;
0.0155853, 3;
0.031482, 3;
0.0148806, 3;
0.0158213, 3;
0.0154068, 3;
0.015553, 3;
0.0150009, 3;
0.0149183, 3;
0.0325567, 3;
0.014175, 3;
0.0150792, 3;
0.0314265, 3;
0.0152542, 3;
0.0159934, 3;
0.0305264, 3;
0.0154909, 3;
0.0151847, 3;
0.0319733, 3;
0.0148443, 3;
0.0158059, 3;
0.0305991, 3;
0.0149596, 3;
0.0154065, 3;
0.0314169, 3;
0.0169509, 3;
0.0138219, 3;
0.0304755, 3;
0.0153481, 3;
0.0154658, 3;
0.0308868, 3;
0.0154793, 3;
0.0149936, 3;
