0.006225
0.008793
0.0084247
0.0118926
0.0080804
0.0040397
0.0036558
0.0122869
0.0113221
0.0039175
0.0039064
0.0137673
0.0073765
0.0056034
0.0055056
0.0050792
0.005249
0.0139029
0.0158694
0.0056532
0.0039558
0.0077239
0.0037712
0.006161
0.0055255
0.0089707
0.0146852
0.0073419
0.0074393
0.0040065
0.0115214
0.0179345
0.0040659
0.0037076
0.0152581
0.0049388
0.0146532
0.0195365
0.0073733
0.0109395
0.0090471
0.0115424
0.0036813
0.010216
0.0120727
0.0046515
0.0131841
0.0204295
0.005615
0.0045617
0.0037038
0.024522
0.0073314
0.0040749
0.0101891
0.0107377
0.0054725
0.0063716
0.0065371
0.0042793
0.0144355
0.0066389
0.0058071
0.011053
0.010036
0.0175816
0.0069557
0.0051608
0.0065848
0.005041
0.0070397
0.0075227
0.0067234
0.0057939
0.0058058
0.0087949
0.0063296
0.0079492
0.004317
0.0052815
0.0061754
0.0044066
0.0072088
0.0070496
0.0087741
0.0073694
0.0043741
0.0109076
0.0131926
0.0038312
0.0076822
0.0079181
0.0091407
0.0089757
0.0102824
0.0145584
0.0050686
0.0160715
0.0173853
0.0138289
0.0060446
0.0050262
0.003816
0.0060863
0.0057384
0.0215594
0.0124282
0.0061858
0.0068542
0.0078119
0.0081089
0.0056034
0.01176
0.0038262
0.023585
0.0070413
0.0086783
0.0040185
0.0117871
0.0116124
0.0073968
0.0061646
0.0056019
0.0037427
0.0165128
0.0234265
0.0066263
0.0080919
0.0053288
0.0069982
0.0143923
0.0136198
0.0101335
0.0036695
0.0173399
0.0065856
0.0093938
0.0044082
0.0141913
0.0131576
0.0038416
0.0151437
0.0143884
0.0063225
0.0082075
0.0083365
0.0063176
0.0042895
0.0039171
0.0096208
0.005549
0.0094604
0.01173
0.0079501
0.0107892
0.0128252
0.0202708
0.0052832
0.0125451
0.0179571
0.0075159
0.0088509
0.0068438
0.0052137
0.0129324
0.0154415
0.0072768
0.0109048
0.0108283
0.0096084
0.0047274
0.0039028
0.0104089
0.0150588
0.006643
0.0109999
0.0157241
0.0049595
0.0046662
0.0055664
0.0047693
0.0096392
0.0096769
0.0119153
0.0053374
0.0060066
0.0070663
0.005038
0.0053919
0.0058553
0.0087505
0.0044969
0.0186601
0.0194531
0.0051467
0.0137438
0.0042288
0.0045051
0.0135802
0.0102424
0.0135576
0.0062956
0.012183
0.0122926
0.0052913
0.0136785
0.0142393
0.0054448
0.0047606
0.0143329
0.0072276
0.0053615
0.0125424
0.0188787
0.0039676
0.0111715
0.0137852
0.0072211
0.0051424
0.0055875
0.0040141
0.0036308
0.0042241
0.0047861
0.005425
0.0040274
0.0047708
0.0041099
0.0049156
0.0055544
0.0065113
0.0043683
0.0142859
0.0163617
0.0069393
0.0153066
0.0095188
0.0050471
0.0120197
0.0134873
0.0067135
0.0050995
0.0158075
0.0079701
0.0041448
0.0053098
0.0248528
0.0057723
0.0049467
0.008845
0.0066246
0.0072155
0.0081997
0.0086065
0.0046939
0.0131277
0.0061523
0.0053706
0.013501
0.0068998
0.0101016
0.0037974
0.0135595
0.018415
0.0048356
0.0040651
0.0128162
0.0065277
0.0037925
0.0097387
0.0109649
0.0038406
0.0090832
0.0120421
0.0063325
0.0171132
0.0143994
0.0099922
0.0043547
0.0125562
0.0185095
0.0047845
0.0065692
0.0161056
0.0099679
0.0128438
0.0142695
0.0220683
0.0042889
0.0111833
0.0110764
0.0082841
0.0045614
0.0173646
0.0107061
0.0036876
0.0140883
0.0097145
0.0085959
0.005843
0.0062433
0.0089107
0.0049546
0.0130786
0.0074985
0.0060576
0.0042848
0.0035634
0.0088714
0.0077416
0.0052716
0.0077789
0.0052018
0.0035301
0.0038816
0.0057691
0.0095305
0.0119893
0.0186626
0.0044637
0.0167323
0.0168747
0.0039947
0.0114256
0.0108525
0.0069358
0.0178299
0.0173049
0.0243726
0.0043153
0.0061411
0.0063204
0.003711
0.0141404
0.0109058
0.0101598
0.0037622
0.0036467
0.0172326
0.005062
0.0141021
0.0227735
0.0072788
0.0122616
0.0133797
0.0105307
0.0127661
0.0125964
0.0181615
0.0061334
0.0058208
0.0256744
0.0080241
0.0034627
0.0201047
0.0084436
0.0079597
0.0061119
0.0074322
0.0094315
0.004273
0.0118563
0.0075381
0.006177
0.0060922
0.0046729
0.0065138
0.0059936
0.0060777
0.0049439
0.0044953
0.0058233
0.0054261
0.0046003
0.005905
0.0088243
0.0039466
0.0047513
0.0171419
0.0082159
0.0082551
0.0081399
0.0088441
0.0039131
0.0088859
0.0086563
0.0088471
0.0134893
0.0205655
0.0055463
0.0133864
0.010636
0.0091841
0.0037081
0.0042185
0.0151997
0.005792
0.0049059
0.0184404
0.0059267
0.0054119
0.006334
0.0121022
0.0068188
0.0061952
0.008703
0.0037067
0.0041664
0.012995
0.0047901
0.0039011
0.012064
0.0073163
0.0043471
0.0118624
0.0168026
0.006814
0.0068206
0.0065795
0.0101551
0.0066578
0.0061767
