42.4331, 1;
0.0534608, 1;
0.0620765, 1;
0.0610522, 1;
0.0641274, 1;
0.0618533, 1;
0.0618506, 1;
0.0621111, 1;
0.0625704, 1;
0.0621495, 1;
0.0622306, 1;
0.0633362, 1;
0.0625339, 1;
0.0638906, 1;
0.0629175, 1;
0.0622378, 1;
0.0624119, 1;
0.0639642, 1;
0.0639745, 1;
0.0602258, 1;
0.0633308, 1;
0.0623573, 1;
0.0616608, 1;
0.0612917, 1;
0.0625702, 1;
0.0623354, 1;
0.0629972, 1;
0.0618018, 1;
0.0617407, 1;
0.0611611, 1;
0.0619371, 1;
0.0628501, 1;
0.0639791, 1;
0.0629347, 1;
0.0621772, 1;
0.0609578, 1;
0.0601781, 1;
0.0623024, 1;
0.0625331, 1;
0.0633691, 1;
0.0613036, 1;
0.0615586, 1;
0.0625719, 1;
0.0618966, 1;
0.0620069, 1;
0.0619969, 1;
0.0628656, 1;
0.0622178, 1;
0.0622832, 1;
0.0607197, 1;
0.0621833, 1;
0.0621638, 1;
0.0634082, 1;
0.0600337, 1;
0.0626628, 1;
0.0620001, 1;
0.0639174, 1;
0.0632522, 1;
0.0628906, 1;
0.0631941, 1;
0.0621401, 1;
0.0609646, 1;
0.0616335, 1;
0.0632376, 1;
0.0614936, 1;
0.0616898, 1;
0.0626456, 1;
0.062616, 1;
0.0620995, 1;
0.0630825, 1;
0.0614099, 1;
0.0620132, 1;
0.0633759, 1;
0.0615534, 1;
0.0625878, 1;
0.0623862, 1;
0.0627068, 1;
0.063206, 1;
0.060504, 1;
0.0640774, 1;
0.0616268, 1;
0.0621625, 1;
0.0600933, 1;
0.0629365, 1;
0.0632679, 1;
0.062098, 1;
0.0629515, 1;
0.0623279, 1;
0.0618287, 1;
0.0623295, 1;
0.0608972, 1;
0.0739058, 1;
0.0569535, 1;
0.0591692, 1;
0.0637764, 1;
0.0628307, 1;
0.0632884, 1;
0.0635595, 1;
0.0632368, 1;
0.0609556, 1;
0.062779, 1;
0.0592042, 1;
0.0661018, 1;
0.0608749, 1;
0.0642834, 1;
0.0626123, 1;
0.0601364, 1;
0.0593553, 1;
0.0643243, 1;
0.0591727, 1;
0.0641761, 1;
0.0677311, 1;
0.0570808, 1;
0.0599286, 1;
0.0668822, 1;
0.0610251, 1;
0.0615403, 1;
0.0638487, 1;
0.0658942, 1;
0.0583476, 1;
0.0629417, 1;
0.0620823, 1;
0.0652734, 1;
0.0591643, 1;
0.0625804, 1;
0.0665199, 1;
0.0622941, 1;
0.060023, 1;
0.067857, 1;
0.0566554, 1;
0.0621406, 1;
0.0644373, 1;
0.0644182, 1;
0.0603828, 1;
0.06148, 1;
0.0621491, 1;
0.0611456, 1;
0.0607275, 1;
0.0633409, 1;
0.416629, 2;
0.0673032, 2;
0.053868, 2;
0.0619483, 2;
0.0606715, 2;
0.0610472, 2;
0.0613092, 2;
0.0627395, 2;
0.0639986, 2;
0.0613415, 2;
0.0626065, 2;
0.0599022, 2;
0.0625632, 2;
0.0626512, 2;
0.0637794, 2;
0.0638116, 2;
0.0623727, 2;
0.0630763, 2;
0.0641751, 2;
0.0631383, 2;
0.0633384, 2;
0.0694573, 2;
0.0588647, 2;
0.102882, 2;
0.0673677, 2;
0.0569192, 2;
0.0612474, 2;
0.070095, 2;
0.0553344, 2;
0.0689567, 2;
0.0569392, 2;
0.104486, 2;
0.0584753, 2;
0.063909, 2;
0.0633301, 2;
0.110267, 2;
0.0582191, 2;
0.0569032, 2;
0.0693328, 2;
0.0624307, 2;
0.110731, 2;
0.0596104, 2;
0.0550793, 2;
0.0615832, 2;
0.0660303, 2;
0.0554715, 2;
0.0677981, 2;
0.0955801, 2;
0.060733, 2;
0.0552958, 2;
0.0672277, 2;
0.069472, 2;
0.129814, 2;
0.0626476, 2;
0.0564247, 2;
0.0615602, 2;
0.0678148, 2;
0.0622841, 2;
0.106195, 2;
0.0655797, 2;
0.0535081, 2;
0.0610127, 2;
0.0671687, 2;
0.0634724, 2;
0.115211, 2;
0.0733639, 2;
0.0541185, 2;
0.0627634, 2;
0.0693972, 2;
0.0600961, 2;
0.0886733, 2;
0.0682162, 2;
0.0538862, 2;
0.0663921, 2;
0.0567033, 2;
0.0728559, 2;
0.0533264, 2;
0.113043, 2;
0.0626256, 2;
0.0580072, 2;
0.0625625, 2;
0.0686999, 2;
0.0618398, 2;
0.107284, 2;
0.0597966, 2;
0.0575948, 2;
0.0660361, 2;
0.0669661, 2;
0.109643, 2;
0.0594093, 2;
0.0584861, 2;
0.0696343, 2;
0.0604118, 2;
0.12619, 2;
0.0647355, 2;
0.0531681, 2;
0.062764, 2;
0.0660217, 2;
0.0622798, 2;
0.118619, 2;
0.0695534, 2;
0.0563593, 2;
0.0635763, 2;
0.0625419, 2;
0.0703348, 2;
0.0554793, 2;
0.0674751, 2;
0.113636, 2;
0.057661, 2;
0.056245, 2;
0.061712, 2;
0.0697161, 2;
0.0552648, 2;
0.064167, 2;
0.105263, 2;
0.0670412, 2;
0.0585013, 2;
0.0670997, 2;
0.0620471, 2;
0.130179, 2;
0.0575721, 2;
0.0571519, 2;
0.0622456, 2;
0.067817, 2;
0.0625668, 2;
0.105607, 2;
0.0653645, 2;
0.0578187, 2;
0.0690415, 2;
0.0608684, 2;
0.104067, 2;
0.0648051, 2;
0.0574831, 2;
0.0677004, 2;
0.068512, 2;
0.0853847, 2;
0.0669693, 2;
0.0558591, 2;
0.0667065, 2;
0.0620678, 2;
0.114803, 2;
0.0564705, 2;
0.055616, 2;
0.0740621, 2;
0.0706568, 2;
0.105754, 2;
0.0614599, 2;
0.0577929, 2;
0.0621437, 2;
0.0701022, 2;
0.0538647, 2;
0.0669892, 2;
0.134869, 2;
0.0654144, 2;
0.0596376, 2;
0.0620284, 2;
0.0614907, 2;
0.0672454, 2;
0.061447, 2;
0.101675, 2;
0.0719825, 2;
0.0547929, 2;
0.061615, 2;
0.0660028, 2;
0.0593661, 2;
0.068306, 2;
0.105311, 2;
0.064539, 2;
0.0582766, 2;
0.0632014, 2;
0.0701448, 2;
0.0554689, 2;
0.067428, 2;
0.12692, 2;
0.0591411, 2;
0.0576579, 2;
0.0609596, 2;
0.063609, 2;
0.0641179, 2;
0.113928, 2;
0.057049, 2;
0.0563574, 2;
0.0619962, 2;
0.0682159, 2;
0.0609452, 2;
0.115808, 2;
0.0704755, 2;
0.0576217, 2;
0.0624439, 2;
0.0699202, 2;
0.0599325, 2;
0.115848, 2;
0.0688831, 2;
0.0570089, 2;
0.0634408, 2;
0.0713313, 2;
0.0599276, 2;
0.138329, 2;
0.0619787, 2;
0.0577046, 2;
0.0640547, 2;
0.060084, 2;
0.06704, 2;
0.0677072, 2;
0.1271, 2;
0.072323, 2;
0.0529427, 2;
0.0612399, 2;
0.0613297, 2;
0.0727814, 2;
0.0608408, 2;
0.109096, 2;
0.0598971, 2;
0.0557299, 2;
0.0636216, 2;
0.0640957, 2;
0.0584309, 2;
0.0677651, 2;
0.0573932, 2;
0.113548, 2;
0.062414, 2;
0.058365, 2;
0.0636699, 2;
0.113383, 2;
0.0577472, 2;
0.0570525, 2;
0.0612469, 2;
0.0677644, 2;
0.0681405, 2;
0.116211, 2;
0.0663621, 2;
0.0564593, 2;
0.0620173, 2;
0.0672221, 2;
0.0637486, 2;
0.121319, 2;
0.0626033, 2;
0.0561821, 2;
0.0620236, 2;
0.0652183, 2;
0.065681, 2;
0.136919, 2;
0.0634777, 2;
0.0555729, 2;
0.0620171, 2;
0.0608831, 2;
0.0674173, 2;
0.0611017, 2;
0.11239, 2;
0.0609622, 2;
0.0569063, 2;
0.0660703, 2;
0.0634372, 2;
0.116403, 2;
0.0692021, 2;
0.056084, 2;
0.0644586, 2;
0.0658767, 2;
0.0638122, 2;
0.111412, 2;
0.0570184, 2;
0.0558516, 2;
0.0673701, 2;
0.0585814, 2;
0.121158, 2;
0.0675901, 2;
0.0575689, 2;
0.0632455, 2;
0.0684959, 2;
0.0606959, 2;
0.12165, 2;
0.0637733, 2;
0.0565838, 2;
0.0620984, 2;
0.067058, 2;
0.0620116, 2;
0.11104, 2;
0.0596641, 2;
0.0580538, 2;
0.0702545, 2;
0.0608493, 2;
0.110861, 2;
0.0605186, 2;
0.0580847, 2;
0.0682777, 2;
0.062884, 2;
0.11532, 2;
0.0561937, 2;
0.0556071, 2;
0.0618227, 2;
0.0688524, 2;
0.0556107, 2;
0.0682533, 2;
0.104179, 2;
0.0654333, 2;
0.0580836, 2;
0.0632435, 2;
0.0712038, 2;
0.0594382, 2;
0.107226, 2;
0.0581236, 2;
0.0592866, 2;
0.0679013, 2;
0.0942153, 2;
0.0598744, 2;
0.0567647, 2;
0.0673682, 2;
0.0571769, 2;
0.0672564, 2;
0.0574348, 2;
0.117774, 2;
0.0606603, 2;
0.0584989, 2;
0.0687299, 2;
0.0616016, 2;
0.131742, 2;
0.0673589, 2;
0.0572218, 2;
0.062147, 2;
0.0622384, 2;
0.0667144, 2;
0.0634052, 2;
0.0944254, 2;
0.058065, 2;
0.0684848, 2;
0.0698815, 2;
0.146421, 2;
0.0591348, 2;
0.0570435, 2;
0.0623625, 2;
0.0604689, 2;
0.0676889, 2;
0.0653341, 2;
0.117159, 2;
0.0696516, 2;
0.054167, 2;
0.0631855, 2;
0.0676677, 2;
0.0597852, 2;
0.115522, 2;
0.0599525, 2;
0.0543267, 2;
0.0752059, 2;
0.111095, 2;
0.0676112, 2;
0.0602775, 2;
0.0630767, 2;
0.0666851, 2;
0.0636874, 2;
0.109007, 2;
0.0585342, 2;
0.0580507, 2;
0.0697927, 2;
0.0586648, 2;
0.105184, 2;
0.0621314, 2;
0.0596946, 2;
0.070312, 2;
0.125196, 2;
0.058726, 2;
0.0555867, 2;
0.0620407, 2;
0.0669719, 2;
0.0642706, 2;
0.0991413, 2;
0.0566525, 2;
0.0555016, 2;
0.0693824, 2;
0.0596433, 2;
0.127945, 2;
0.0550575, 2;
0.0577031, 2;
0.0611339, 2;
0.0670922, 2;
0.0630589, 2;
0.129985, 2;
0.0705603, 2;
0.056057, 2;
0.0627035, 2;
0.0615676, 2;
0.0673035, 2;
0.0679452, 2;
0.0837717, 2;
0.066696, 2;
0.0583249, 2;
0.0684051, 2;
0.0623113, 2;
0.134987, 2;
0.0674386, 2;
0.0561405, 2;
0.0626595, 2;
0.0628071, 2;
0.0663139, 2;
0.0623885, 2;
0.117822, 2;
0.0692289, 2;
0.0560282, 2;
0.06232, 2;
0.0673012, 2;
0.0606113, 2;
0.112463, 2;
0.0573432, 2;
0.0570266, 2;
0.0619218, 2;
0.0688185, 2;
0.0636505, 2;
0.126957, 2;
0.0701654, 2;
0.0566269, 2;
0.0614396, 2;
0.0621359, 2;
0.0727614, 2;
