82.6014, 1;
0.0566271, 1;
0.061832, 1;
0.0633779, 1;
0.0614673, 1;
0.0608309, 1;
0.0617801, 1;
0.0622901, 1;
0.0616675, 1;
0.0627102, 1;
0.0624867, 1;
0.0617703, 1;
0.0628218, 1;
0.0630941, 1;
0.0609812, 1;
0.0606815, 1;
0.0624076, 1;
0.0609002, 1;
0.0612251, 1;
0.0627667, 1;
0.0611886, 1;
0.0604248, 1;
0.0628376, 1;
0.0623832, 1;
0.0616782, 1;
0.0611821, 1;
0.0635019, 1;
0.0615267, 1;
0.0607929, 1;
0.0626668, 1;
0.0612241, 1;
0.0637828, 1;
0.061425, 1;
0.0618848, 1;
0.0626035, 1;
0.0619105, 1;
0.0633776, 1;
0.0609719, 1;
0.0617447, 1;
0.0621092, 1;
0.063371, 1;
0.0622866, 1;
0.0620842, 1;
0.063741, 1;
0.0634428, 1;
0.06135, 1;
0.0632571, 1;
0.0621132, 1;
0.0615327, 1;
0.0621532, 1;
0.0624495, 1;
0.0626869, 1;
0.0611757, 1;
0.0623637, 1;
0.0615737, 1;
0.0620718, 1;
0.0625681, 1;
0.06338, 1;
0.0616502, 1;
0.0619205, 1;
0.0633626, 1;
0.0608673, 1;
0.0622525, 1;
0.0632478, 1;
0.0614477, 1;
0.0608078, 1;
0.0642345, 1;
0.0628758, 1;
0.0619361, 1;
0.0620526, 1;
0.0636954, 1;
0.063315, 1;
0.0618593, 1;
0.0819958, 1;
0.0651814, 1;
0.0599947, 1;
0.0611969, 1;
0.0622901, 1;
0.0615107, 1;
0.0628604, 1;
0.0640681, 1;
0.0599144, 1;
0.061816, 1;
0.0661387, 1;
0.071383, 1;
0.0620132, 1;
0.070141, 1;
0.0744479, 1;
0.0619466, 1;
0.0629843, 1;
0.0601346, 1;
0.058765, 1;
0.0645599, 1;
0.0575997, 1;
0.0628533, 1;
0.0624682, 1;
0.0730359, 1;
0.0701721, 1;
0.0622282, 1;
0.060533, 1;
0.0614711, 1;
0.0603533, 1;
0.0615037, 1;
0.0626929, 1;
0.0618436, 1;
0.0622079, 1;
0.0634064, 1;
0.0613724, 1;
0.302884, 2;
0.0613582, 2;
0.0586201, 2;
0.062271, 2;
0.062544, 2;
0.0610701, 2;
0.0626026, 2;
0.0617907, 2;
0.0623598, 2;
0.0604587, 2;
0.0622095, 2;
0.0636041, 2;
0.0622071, 2;
0.0622069, 2;
0.0735566, 2;
0.0564723, 2;
0.125239, 2;
0.0586852, 2;
0.0577435, 2;
0.0619728, 2;
0.066873, 2;
0.0646497, 2;
0.120764, 2;
0.0634183, 2;
0.0601167, 2;
0.0620207, 2;
0.0711513, 2;
0.0609144, 2;
0.117109, 2;
0.0699135, 2;
0.0567197, 2;
0.0617496, 2;
0.0676551, 2;
0.0610039, 2;
0.124904, 2;
0.0591276, 2;
0.0559217, 2;
0.0629195, 2;
0.0698384, 2;
0.0583961, 2;
0.124378, 2;
0.0566363, 2;
0.0594414, 2;
0.0619867, 2;
0.0691609, 2;
0.0600404, 2;
0.122132, 2;
0.063468, 2;
0.056753, 2;
0.0635406, 2;
0.0675925, 2;
0.0602212, 2;
0.121138, 2;
0.068393, 2;
0.0556474, 2;
0.0616852, 2;
0.0671186, 2;
0.0612857, 2;
0.127586, 2;
0.0593273, 2;
0.0544665, 2;
0.0639519, 2;
0.0662499, 2;
0.0637035, 2;
0.143941, 2;
0.0619454, 2;
0.0568993, 2;
0.0622509, 2;
0.0608802, 2;
0.0708979, 2;
0.0580947, 2;
0.104122, 2;
0.0690494, 2;
0.0569036, 2;
0.0630205, 2;
0.0696207, 2;
0.0596872, 2;
0.116903, 2;
0.071364, 2;
0.056204, 2;
0.0611791, 2;
0.0634492, 2;
0.0680396, 2;
0.0557321, 2;
0.0666583, 2;
0.0577138, 2;
0.119388, 3;
9.4173, 3;
0.0634107, 4;
0.0523239, 4;
0.0610979, 4;
0.0630407, 4;
0.0614076, 4;
0.0619374, 4;
0.061275, 4;
0.062133, 4;
0.0614149, 4;
0.0624201, 4;
0.062845, 4;
0.0621805, 4;
0.061128, 4;
0.0626374, 4;
0.0608979, 4;
0.0612268, 4;
0.062738, 4;
0.0603464, 4;
0.0609808, 4;
0.0621328, 4;
0.0629098, 4;
0.0630577, 4;
0.061954, 4;
0.0630714, 4;
0.0606655, 4;
0.0617966, 4;
0.0630944, 4;
0.0607545, 4;
0.0608889, 4;
0.062477, 4;
0.0622706, 4;
0.0611743, 4;
0.0627817, 4;
0.0607817, 4;
0.0610659, 4;
0.0624625, 4;
0.0619102, 4;
0.0613662, 4;
0.06164, 4;
0.0636429, 4;
0.0620164, 4;
0.0620065, 4;
0.0622768, 4;
0.0624737, 4;
0.061326, 4;
0.0610594, 4;
0.0604664, 4;
0.0629964, 4;
0.0611922, 4;
0.0619237, 4;
0.0619233, 4;
0.0617317, 4;
0.0627265, 2;
0.0711146, 2;
0.0578467, 2;
0.0615688, 2;
0.125997, 2;
0.0593871, 2;
0.0566064, 2;
0.0628883, 2;
0.0679555, 2;
0.0622882, 2;
0.105914, 2;
0.0616743, 2;
0.0564948, 2;
0.0678801, 2;
0.0595768, 2;
0.109717, 2;
0.0642132, 2;
0.0566258, 2;
0.0621575, 2;
0.06958, 2;
0.0565348, 2;
0.0687516, 2;
0.0570014, 2;
0.121986, 2;
0.0699942, 2;
0.0582095, 2;
0.0630611, 2;
0.0621994, 2;
0.0697022, 2;
0.0598167, 2;
0.103026, 2;
0.0670257, 2;
0.0605643, 2;
0.0613178, 2;
0.0683128, 2;
0.065599, 2;
0.11769, 2;
0.0661636, 2;
0.0570313, 2;
0.0616442, 2;
0.0653513, 2;
0.0648755, 2;
0.107908, 2;
0.0630463, 2;
0.0573886, 2;
0.0725289, 2;
0.0580859, 2;
0.122089, 2;
0.0643889, 2;
0.0571718, 2;
0.061375, 2;
0.0695036, 2;
0.0612686, 2;
0.121834, 3;
0.0654913, 3;
0.0576737, 3;
0.0620055, 3;
0.0683885, 3;
0.0643845, 3;
0.0573404, 3;
0.0675, 3;
0.0577344, 3;
0.0633416, 3;
0.0660911, 3;
0.0597958, 3;
0.0614763, 3;
0.0601446, 3;
0.0626058, 3;
0.060551, 3;
0.061087, 3;
0.0604948, 3;
0.108895, 3;
0.057177, 3;
0.069117, 3;
0.0595134, 3;
0.0619782, 3;
0.0604798, 3;
0.0631905, 3;
0.0622405, 3;
0.0608114, 3;
0.0632928, 3;
0.056986, 3;
0.0642747, 3;
0.0596564, 3;
0.0632388, 3;
0.0610171, 3;
0.0716115, 4;
0.0618226, 4;
0.062023, 4;
0.0598862, 4;
0.060823, 4;
0.0617121, 4;
0.0612051, 4;
0.0632576, 4;
0.063548, 4;
0.061243, 4;
0.062939, 4;
0.0619055, 4;
0.0618423, 4;
0.0608311, 4;
0.0618125, 4;
0.0620314, 4;
0.060766, 4;
0.0624948, 4;
0.0616545, 4;
0.0620251, 4;
0.0624839, 4;
0.0594589, 4;
0.0613224, 4;
0.0627881, 4;
0.0634618, 4;
0.0612848, 4;
0.0621352, 4;
0.0613622, 4;
0.0627915, 4;
0.0622319, 4;
0.0617812, 4;
0.0624556, 4;
0.0618308, 4;
0.0609706, 4;
0.0623388, 4;
0.0619735, 4;
0.0618878, 4;
0.0617115, 4;
0.0605675, 4;
0.0616716, 4;
0.061923, 4;
0.06372, 4;
0.0616011, 4;
0.0628166, 4;
0.0621625, 4;
0.0597681, 4;
0.0628758, 4;
0.0624576, 4;
0.0627851, 4;
0.0611292, 4;
0.061576, 4;
0.0617223, 4;
0.0622219, 4;
0.0619018, 4;
0.0623584, 4;
0.0616825, 4;
0.0628646, 4;
0.0614031, 4;
0.0598319, 4;
0.0607966, 4;
0.0619024, 4;
0.0603594, 4;
0.0613167, 4;
0.0612481, 4;
0.0620294, 4;
0.0620749, 4;
0.0622242, 4;
0.0626742, 4;
0.0591591, 4;
0.0618729, 4;
0.0616426, 4;
0.0626484, 4;
0.0605929, 4;
0.0626056, 4;
0.0611251, 4;
0.0609909, 4;
0.0629447, 4;
0.0624556, 4;
0.0614327, 4;
0.0620284, 4;
0.0629218, 4;
0.0616069, 4;
0.0625903, 4;
0.0622573, 4;
0.0623731, 4;
0.0622949, 4;
0.0610286, 4;
0.0611682, 4;
0.0623315, 4;
0.0618962, 4;
0.0606261, 4;
0.0629599, 4;
0.0622787, 4;
0.0631742, 4;
0.0628823, 4;
0.0602666, 4;
0.0606469, 4;
0.061964, 4;
0.062272, 4;
0.0597057, 4;
0.0608368, 4;
0.0619491, 4;
0.0609714, 4;
0.061044, 4;
0.0599698, 4;
0.0609592, 4;
0.0608455, 4;
0.062056, 4;
0.0608919, 4;
0.0630659, 4;
0.059815, 4;
0.0602811, 4;
0.0628937, 4;
0.0638916, 4;
0.0610593, 4;
0.0606931, 4;
0.0620703, 4;
0.0600403, 4;
0.0608821, 4;
0.0607405, 4;
0.0612096, 4;
0.0611643, 4;
0.0615597, 4;
0.0623707, 4;
0.0630037, 4;
0.0599598, 4;
0.0611419, 4;
0.0615192, 4;
0.0626119, 4;
0.0626633, 4;
0.0611873, 4;
0.0612539, 4;
0.0605313, 4;
0.0631968, 4;
0.062183, 4;
0.0614333, 4;
0.0619174, 4;
0.0615255, 4;
0.0610222, 4;
0.0627491, 4;
0.0613427, 4;
0.0619631, 4;
0.0639118, 4;
0.0615215, 4;
0.0624017, 4;
0.06394, 4;
0.0620476, 4;
0.0612451, 4;
0.0617003, 4;
0.0622058, 4;
0.0619441, 4;
0.0620759, 4;
0.0608138, 4;
0.0619307, 4;
0.060528, 4;
0.0605453, 4;
0.0633022, 2;
0.0657139, 2;
0.0653053, 2;
0.0592012, 2;
0.128912, 2;
0.0589358, 2;
0.055538, 2;
0.0618416, 2;
0.0690321, 2;
0.0619823, 2;
0.105507, 2;
0.0583649, 2;
0.0602766, 2;
0.0679986, 2;
0.0618688, 2;
0.137331, 2;
0.059431, 2;
0.0590721, 2;
0.062148, 2;
0.115017, 2;
0.0626252, 2;
0.137739, 2;
0.0648417, 2;
0.0563375, 2;
0.0624693, 2;
0.0625992, 2;
0.068299, 2;
0.0676842, 2;
0.0796334, 3;
0.0733198, 3;
0.0539668, 3;
0.072764, 3;
0.0521174, 3;
0.0685873, 3;
0.0545388, 3;
0.0668188, 3;
0.0561366, 3;
0.0718505, 3;
0.0596326, 3;
0.0628545, 3;
0.0631453, 3;
0.0692823, 3;
0.0723045, 3;
0.0603679, 3;
0.0635508, 3;
0.0602335, 3;
0.0620995, 3;
0.0670715, 3;
0.0614127, 3;
0.0730212, 3;
0.0661395, 3;
0.0564948, 3;
0.0633181, 3;
0.064673, 3;
0.0655204, 3;
0.0640551, 3;
0.0703052, 3;
0.067497, 3;
0.0716405, 3;
0.0632435, 3;
0.0642963, 3;
0.0582563, 3;
0.0631353, 3;
0.0675766, 3;
0.0823244, 4;
0.0606735, 4;
0.062101, 4;
0.0629547, 4;
0.0614419, 4;
0.062277, 4;
0.0618432, 4;
0.0628516, 4;
0.0615849, 4;
0.0626924, 4;
0.0611822, 4;
0.0619462, 4;
0.0618216, 4;
0.0624778, 4;
0.0616282, 4;
0.0639045, 4;
0.0622909, 4;
0.0608409, 4;
0.06058, 4;
0.0615383, 4;
0.0629725, 4;
0.061644, 4;
0.0616328, 4;
0.0622077, 4;
0.0614196, 4;
0.0624974, 4;
0.0606831, 4;
0.0611785, 4;
0.0614865, 4;
0.0613609, 4;
0.0621759, 4;
0.0618514, 4;
0.0626946, 4;
0.0609007, 4;
0.0599351, 4;
0.0619066, 4;
0.0618906, 4;
0.0606522, 4;
0.0630928, 4;
0.0618395, 4;
0.0639303, 4;
0.0617502, 4;
0.0619826, 4;
0.0624766, 4;
0.061266, 4;
0.0622288, 4;
0.0613491, 4;
0.0619754, 4;
0.061992, 4;
0.0621029, 4;
0.0609165, 4;
0.0629907, 4;
0.0611012, 4;
0.0624053, 4;
0.0608703, 4;
0.0608755, 4;
0.0612309, 4;
0.0619777, 4;
0.0620228, 4;
0.061958, 4;
0.061394, 4;
0.0621829, 4;
0.0609265, 4;
0.0610406, 4;
0.0626347, 4;
0.0596419, 4;
0.061882, 4;
0.0622341, 4;
0.0622389, 4;
0.0624645, 4;
0.0623211, 4;
0.0608146, 4;
0.0636654, 4;
0.0602889, 4;
0.0625999, 4;
0.0623892, 4;
0.0616257, 4;
0.0619452, 4;
0.0617639, 4;
0.0638874, 4;
0.06199, 4;
0.0625998, 4;
0.0608634, 4;
0.0632116, 4;
0.0628158, 4;
0.0614927, 4;
0.0619837, 4;
0.0597047, 4;
0.0608422, 4;
0.0616094, 4;
0.0637646, 4;
0.0615618, 4;
0.0611041, 4;
0.0611022, 4;
0.0621073, 4;
0.0617809, 4;
0.0608452, 4;
0.0622777, 4;
0.0611811, 4;
0.0613677, 4;
0.0613517, 4;
0.0625343, 4;
0.061711, 4;
0.06172, 4;
0.0628688, 4;
0.0602953, 4;
0.0618125, 4;
0.0617801, 4;
0.0610558, 4;
0.0618108, 4;
0.0612198, 4;
0.0609183, 4;
0.0616321, 4;
0.0636878, 4;
0.0600179, 4;
0.0623159, 4;
0.0614775, 4;
0.0603574, 4;
0.0614835, 4;
0.0605878, 4;
0.0610402, 4;
0.0612246, 4;
0.0620964, 4;
0.0627916, 4;
0.061824, 4;
0.0635959, 4;
0.060538, 4;
0.0609219, 4;
0.0614426, 4;
0.062033, 4;
0.061381, 4;
0.0616397, 4;
0.0618081, 4;
0.0624151, 4;
0.0613902, 4;
0.0616992, 4;
0.0615607, 4;
0.0627832, 4;
0.0633778, 4;
0.0609163, 4;
0.0607089, 4;
0.0616534, 4;
0.061778, 4;
0.0631996, 4;
0.0614472, 4;
0.0606929, 4;
0.060671, 4;
0.0611088, 4;
0.0615496, 4;
0.0613574, 4;
0.0616826, 4;
0.062165, 4;
0.0603343, 4;
0.0619366, 4;
0.0609169, 4;
0.0625348, 2;
0.114877, 2;
0.059249, 2;
0.122072, 2;
0.0658269, 2;
0.0561707, 2;
0.0616288, 2;
0.0666128, 2;
0.06388, 2;
0.135047, 3;
0.0697272, 3;
0.0578367, 3;
0.0612169, 3;
0.0619096, 3;
0.0674752, 3;
0.0657024, 3;
0.0598008, 3;
0.0617163, 3;
0.0616439, 3;
0.0670114, 3;
0.0588679, 3;
0.0621115, 3;
0.0638182, 3;
0.0598959, 3;
0.0604895, 3;
0.0653442, 3;
0.058912, 3;
0.0608688, 3;
0.0618624, 3;
0.0631274, 3;
0.059809, 3;
0.0622705, 3;
0.0641383, 3;
0.0607179, 3;
0.0614792, 3;
0.0642642, 3;
0.0636149, 3;
0.0589358, 3;
0.0610357, 3;
0.0611983, 3;
0.0656398, 3;
0.0600844, 3;
0.0617493, 3;
0.0654011, 3;
0.0573289, 3;
0.0629079, 3;
0.060226, 3;
0.0626935, 3;
0.0622012, 3;
0.0600286, 3;
0.0619804, 3;
0.0623186, 3;
0.0620871, 3;
0.0615248, 3;
0.067379, 3;
0.0599254, 3;
0.0609696, 3;
0.0664651, 3;
0.0760586, 3;
0.0544632, 3;
0.0646448, 3;
0.0611183, 3;
0.0615217, 3;
0.0604683, 3;
0.0617072, 3;
0.061504, 3;
0.0603519, 3;
0.0763187, 4;
0.0583343, 4;
0.0605617, 4;
0.0616936, 4;
0.0627856, 4;
0.0611273, 4;
0.0609755, 4;
0.0624815, 4;
0.061259, 4;
0.0607036, 4;
0.0628297, 4;
0.0611394, 4;
0.0624376, 4;
0.0609441, 4;
0.0595629, 4;
0.0611632, 4;
0.0624664, 4;
0.0606074, 4;
0.0628632, 4;
0.0625226, 4;
0.06087, 4;
0.0627716, 4;
0.0629671, 4;
0.0615895, 4;
0.061452, 4;
0.0621026, 4;
0.062174, 4;
0.0616733, 4;
0.0612055, 4;
0.0621666, 4;
0.061812, 4;
0.0611905, 4;
0.0616821, 4;
0.0611398, 4;
0.0634635, 4;
0.0613222, 4;
0.061543, 4;
0.0616921, 4;
0.061215, 4;
0.0614651, 4;
0.0645477, 4;
0.0611712, 4;
0.0605128, 4;
0.0612454, 4;
0.061949, 4;
0.0661302, 4;
0.0595915, 4;
0.0627172, 4;
0.060893, 4;
0.0620388, 4;
0.0604368, 4;
0.0621763, 4;
0.062342, 4;
0.0616354, 4;
0.0609524, 4;
0.0630957, 4;
0.0610019, 4;
0.062294, 4;
0.0617172, 4;
0.0612428, 4;
0.0613327, 4;
0.0623511, 4;
0.061794, 4;
0.0622486, 4;
0.0619143, 4;
0.0613535, 4;
0.0618715, 4;
0.0620862, 4;
0.0628235, 4;
0.0608865, 4;
0.0621365, 4;
0.0634797, 4;
0.0613932, 4;
0.0630527, 4;
0.0616901, 4;
0.060949, 4;
0.0614227, 4;
0.0614765, 4;
0.0628852, 4;
0.0608919, 4;
0.0617332, 4;
0.0616934, 4;
0.0622078, 4;
0.0609111, 4;
0.0619613, 4;
0.062029, 4;
0.0625541, 4;
0.06269, 4;
0.0620742, 4;
0.0607558, 4;
0.0613666, 4;
0.060911, 4;
0.0638414, 4;
0.0606202, 4;
0.0613979, 4;
0.0612508, 4;
0.0608016, 4;
0.0614042, 4;
0.0631045, 4;
0.0627393, 4;
0.0612981, 4;
0.0613415, 4;
0.0612473, 4;
0.0604251, 4;
0.062921, 4;
0.0615969, 4;
0.0604825, 4;
0.0614435, 4;
0.0617505, 4;
0.0616094, 4;
0.062116, 4;
0.0621172, 4;
0.0609342, 4;
0.0618127, 4;
0.0598242, 4;
0.0614666, 4;
0.0615391, 4;
0.059851, 4;
0.061884, 4;
0.0609173, 4;
0.0638183, 4;
0.0616211, 4;
0.0619525, 4;
0.0621374, 4;
0.0617757, 4;
0.0619569, 4;
0.0624291, 4;
0.0608048, 4;
0.060795, 4;
0.0615794, 4;
0.0613095, 4;
0.063356, 4;
0.0623571, 4;
0.0616064, 4;
0.0619162, 4;
0.0612384, 4;
0.0615666, 4;
0.0628056, 4;
0.0611397, 4;
0.0611465, 4;
0.0615438, 4;
0.0644677, 4;
0.0603978, 4;
0.0624795, 4;
0.061606, 4;
0.0634971, 4;
0.0610485, 4;
0.0628458, 4;
0.0606292, 4;
0.0608758, 4;
0.0608357, 4;
0.062764, 4;
0.0594619, 4;
0.062762, 4;
0.062328, 4;
0.0607647, 4;
0.0630454, 4;
0.0608649, 4;
0.0620425, 4;
0.0620281, 4;
0.0610172, 4;
0.0610499, 4;
0.0629663, 2;
0.0652673, 2;
0.15848, 2;
0.0553114, 2;
0.0621717, 2;
0.0613883, 2;
0.0630696, 2;
0.0738302, 2;
0.132164, 2;
0.0632312, 2;
0.0565832, 2;
0.0620971, 2;
0.0628797, 2;
0.0672729, 2;
0.0669521, 2;
0.100729, 2;
0.0624262, 2;
0.0680622, 2;
0.103233, 2;
0.0637826, 2;
0.0559702, 2;
0.0670271, 2;
0.0626144, 2;
0.126939, 3;
0.0631597, 3;
0.0559797, 3;
0.0606561, 3;
0.0686318, 3;
0.0622691, 3;
0.0619454, 3;
0.0591045, 3;
0.0646239, 3;
0.0667394, 3;
0.0578341, 3;
0.0613674, 3;
0.0633625, 3;
0.0586565, 3;
0.0641865, 3;
0.0621751, 3;
0.0648774, 3;
0.0594705, 3;
0.0619957, 3;
0.0622227, 3;
0.062398, 3;
0.0611053, 3;
0.0606962, 3;
0.0638407, 3;
0.0603669, 3;
0.0614108, 3;
0.068071, 3;
0.0716789, 3;
0.0603109, 3;
0.068541, 3;
0.0697714, 3;
0.0645113, 3;
0.0674228, 3;
0.0604603, 3;
0.0575525, 3;
0.0677035, 3;
0.061477, 3;
0.0585053, 3;
0.0616861, 3;
0.0762953, 4;
0.0574706, 4;
0.0619955, 4;
0.0607987, 4;
0.0621561, 4;
0.0620737, 4;
0.0610191, 4;
0.0607195, 4;
0.0613572, 4;
0.0626252, 4;
0.0604167, 4;
0.0609452, 4;
0.0619564, 4;
0.0609553, 4;
0.0643289, 4;
0.0611991, 4;
0.0619775, 4;
0.063143, 4;
0.0611714, 4;
0.0608575, 4;
0.0623473, 4;
0.0612369, 4;
0.0610687, 4;
0.0619549, 4;
0.0631787, 4;
0.0620451, 4;
0.0613562, 4;
0.0625337, 4;
0.0618826, 4;
0.0608167, 4;
0.062847, 4;
0.060163, 4;
0.0612454, 4;
0.0603293, 4;
0.0632914, 4;
0.0617812, 4;
0.0626546, 4;
0.0646111, 4;
0.0610905, 4;
0.0606015, 4;
0.0624732, 4;
0.0610313, 4;
0.06195, 4;
0.0627274, 4;
0.0629069, 4;
0.0622705, 4;
0.0606425, 4;
0.0629657, 5;
