0.108129;
0.109974;
0.110975;
0.109953;
0.111866;
0.109913;
0.108917;
0.108465;
0.110981;
0.109943;
0.123366;
0.127692;
0.111259;
0.110385;
0.10964;
0.106446;
0.110669;
0.109936;
0.108953;
0.107892;
0.110937;
0.106943;
0.110994;
0.109881;
0.110432;
0.106696;
0.109879;
0.108908;
0.107841;
0.108691;
0.105802;
0.109456;
0.108298;
0.11079;
0.106774;
0.108056;
0.106588;
0.111888;
0.106774;
0.110828;
0.109805;
0.107128;
0.107009;
0.111326;
0.109883;
0.111003;
0.107437;
0.105933;
0.109718;
0.109879;
0.106794;
0.109905;
0.106747;
0.10901;
0.109382;
0.106991;
0.107895;
0.107862;
0.108376;
0.108248;
0.107981;
0.108621;
0.10792;
0.106709;
0.107901;
0.108693;
0.107106;
0.107618;
0.113618;
0.108079;
0.106834;
0.107682;
0.107184;
0.106595;
0.108052;
0.106557;
0.107851;
0.109044;
0.109361;
0.109815;
0.107811;
0.106543;
0.109143;
0.106786;
0.106805;
0.10782;
0.110892;
0.107028;
0.1086;
0.106322;
0.111345;
0.109353;
0.108248;
0.107652;
0.111017;
0.108832;
0.108691;
0.107861;
0.109024;
0.111653;
0.109445;
0.109236;
0.109788;
0.10628;
0.108381;
0.108819;
0.11076;
0.10897;
0.107585;
0.108709;
0.109118;
0.110655;
0.11063;
0.10728;
0.107983;
0.107834;
0.108769;
0.107193;
0.107099;
0.109156;
0.106892;
0.1077;
0.107153;
0.109489;
0.111306;
0.107433;
0.106798;
0.108866;
0.109853;
0.105694;
0.109797;
0.108884;
0.108845;
0.111882;
0.107823;
0.108763;
0.107912;
0.108083;
0.106434;
0.109864;
0.108749;
0.110224;
0.107439;
0.106836;
0.106911;
0.108734;
0.108977;
0.10671;
0.110819;
0.107833;
0.108864;
0.108673;
0.111032;
0.107486;
0.107996;
0.109934;
0.109471;
0.110104;
0.1109;
0.109734;
0.11264;
0.107487;
0.108325;
0.109891;
0.111408;
0.119097;
0.108947;
0.106737;
0.107782;
0.106378;
0.106108;
0.109032;
0.1068;
0.109937;
0.108756;
0.108795;
0.107825;
0.106666;
0.110036;
0.107801;
0.109739;
0.107021;
0.108713;
0.106855;
0.109022;
0.108547;
0.10878;
0.106837;
0.10994;
0.109956;
0.106733;
0.106633;
0.106927;
0.107841;
0.106775;
0.107809;
0.109392;
0.107053;
0.107047;
0.11169;
0.107781;
0.107911;
0.107782;
0.110951;
0.106602;
0.11106;
0.106091;
0.107358;
0.108322;
0.106272;
0.107176;
0.108595;
0.108754;
0.105841;
0.107878;
0.111914;
0.108643;
0.109937;
0.10847;
0.110127;
0.106802;
0.109883;
0.109473;
0.109058;
0.110824;
0.111847;
0.110925;
0.107643;
0.108921;
0.109802;
0.107532;
0.106971;
0.107978;
0.109733;
0.107808;
0.106849;
0.107943;
0.110914;
0.109619;
0.109796;
0.10871;
0.106858;
0.109022;
0.106294;
0.11064;
0.110277;
0.109856;
0.106815;
0.107799;
0.108838;
0.108879;
0.108969;
0.107253;
0.11006;
0.106911;
0.106774;
0.110925;
0.109948;
0.107942;
0.108566;
0.110004;
0.118157;
0.116296;
0.108739;
0.106802;
0.110903;
0.106764;
0.108828;
0.105952;
0.107702;
0.106833;
0.109839;
0.106863;
0.109165;
0.107413;
0.109496;
0.10824;
0.108738;
0.105325;
0.106358;
0.10688;
0.108861;
0.107954;
0.105638;
0.108789;
0.10886;
0.106837;
0.108879;
0.108225;
0.109444;
0.112537;
0.104986;
0.109973;
0.107681;
0.108372;
0.106251;
0.106837;
0.107983;
0.107857;
0.111764;
0.110802;
0.109757;
0.110837;
0.110382;
0.10935;
0.10835;
0.110238;
0.109831;
0.107899;
0.111823;
0.105633;
0.109767;
0.108942;
0.105918;
0.110719;
0.1108;
0.10756;
0.107466;
0.108478;
0.106848;
0.107732;
0.107655;
0.109091;
0.108945;
0.109802;
0.107803;
0.1067;
0.106673;
0.110108;
0.110627;
0.107851;
0.108614;
0.109919;
0.109982;
0.109908;
0.106676;
0.1108;
0.106888;
0.107717;
0.125057;
0.109036;
0.109467;
0.109759;
0.10879;
0.108874;
0.107847;
0.110651;
0.109167;
0.109689;
0.107857;
0.108734;
0.106806;
0.10886;
0.106909;
0.109206;
0.108064;
0.107074;
0.107218;
0.111866;
0.110423;
0.110082;
0.111671;
0.107689;
0.106923;
0.106829;
0.10671;
0.107941;
0.107794;
0.111818;
0.109912;
0.111757;
0.109374;
0.109225;
0.109911;
0.105681;
0.107926;
0.106713;
0.107486;
0.111141;
0.107935;
0.104824;
0.106701;
0.11184;
0.108825;
0.109987;
0.107789;
0.107812;
0.107603;
0.108959;
0.109806;
0.10683;
0.108936;
0.109134;
0.108464;
0.107821;
0.109351;
0.111219;
0.109869;
0.108737;
0.110939;
0.114693;
0.106983;
0.111593;
0.108164;
0.107556;
0.106833;
0.109122;
0.106608;
0.108993;
0.105251;
0.110173;
0.111106;
0.106831;
0.109613;
0.108897;
0.111669;
0.106985;
0.108226;
0.108046;
0.110862;
0.110882;
0.109584;
0.109273;
0.111615;
0.111067;
0.107715;
0.110942;
0.108682;
0.106862;
0.109798;
0.110016;
0.10658;
0.106927;
0.109391;
0.10722;
0.110538;
0.1091;
0.108118;
0.110598;
0.108783;
0.107827;
0.109808;
0.106785;
0.111015;
0.109731;
0.108767;
0.106771;
0.110897;
0.1093;
0.109251;
0.108333;
0.110428;
0.108682;
0.106846;
0.108869;
0.110855;
0.111078;
0.108886;
0.110691;
0.106586;
0.107781;
0.109928;
0.110592;
0.108986;
0.109777;
0.109905;
0.109835;
0.109781;
0.107929;
0.111769;
0.107475;
0.107123;
0.109928;
0.111783;
0.106868;
0.106725;
0.108743;
0.110744;
0.107993;
0.108234;
0.109431;
0.109601;
0.110714;
0.112333;
0.107606;
0.106892;
0.109105;
0.107487;
0.105857;
0.109821;
0.108822;
0.106741;
0.109044;
0.109693;
0.107823;
0.10888;
0.111652;
0.108041;
0.109652;
0.108905;
0.10674;
0.109783;
0.109449;
0.108237;
0.107218;
0.107472;
0.108672;
0.106901;
0.109639;
0.108023;
0.108;
0.109498;
0.107902;
0.105895;
0.106845;
0.107724;
0.106896;
0.107781;
0.106847;
0.109256;
0.109349;
0.106874;
0.113215;
0.108468;
0.107749;
0.111856;
0.111465;
0.107196;
0.107763;
0.106694;
0.106966;
0.110738;
0.10778;
0.107708;
0.108259;
0.107567;
0.106815;
0.108697;
0.111656;
0.106056;
0.107857;
0.107575;
0.110472;
0.106411;
0.108885;
0.108765;
0.109796;
0.108893;
0.110316;
0.109232;
0.110947;
0.109753;
0.106785;
0.110027;
0.107753;
0.108759;
0.106782;
0.109983;
0.108843;
0.106657;
0.111233;
0.108403;
0.106879;
0.108836;
0.110726;
0.107856;
0.10875;
0.106872;
0.107527;
0.110164;
0.107771;
0.10988;
0.108749;
0.11086;
0.106777;
0.107864;
0.106822;
0.107815;
0.105991;
0.106723;
0.107768;
0.111712;
0.109988;
0.110263;
0.108387;
0.106724;
0.108851;
0.107584;
0.106979;
0.110801;
0.108941;
0.106793;
0.107435;
0.11039;
0.110648;
0.108974;
0.109584;
0.107775;
0.109018;
0.10679;
0.107887;
0.108764;
0.111828;
0.109818;
0.110848;
0.10983;
0.110767;
0.106851;
0.109871;
0.109509;
0.109774;
0.108054;
0.108833;
0.107935;
0.108741;
0.109799;
0.108152;
0.109651;
0.109782;
0.109772;
0.10678;
0.108493;
0.10732;
0.107686;
0.108139;
0.108453;
0.108979;
0.109746;
0.106707;
0.11173;
0.10834;
0.109499;
0.106731;
0.110093;
0.107595;
0.107279;
0.105146;
0.10699;
0.108755;
0.107001;
0.110182;
0.108344;
0.106886;
0.106907;
0.109795;
0.108902;
0.110919;
0.109031;
0.106427;
0.106493;
0.111719;
0.110373;
0.108744;
0.106862;
0.10877;
0.106896;
0.106802;
0.107802;
0.106831;
0.10683;
0.1088;
0.108926;
0.107673;
0.106811;
0.108966;
0.108837;
0.104717;
0.109357;
0.111356;
0.106968;
0.109705;
0.108799;
0.108784;
0.107939;
0.106313;
0.108201;
0.106277;
0.109446;
0.110279;
0.106861;
0.108985;
0.107174;
0.111768;
0.107642;
0.107107;
0.107749;
0.107227;
0.110417;
0.108814;
0.109806;
0.107579;
0.109032;
0.108084;
0.104588;
0.109872;
0.107845;
0.107758;
0.109761;
0.107809;
0.107703;
0.107203;
0.107662;
0.106765;
0.107958;
0.107644;
0.108916;
0.108799;
0.119307;
0.116322;
0.104789;
0.10745;
0.107311;
0.107338;
0.107415;
0.108652;
0.107804;
0.110833;
0.106943;
0.108685;
0.112772;
0.107722;
0.108336;
0.105403;
0.104905;
0.11075;
0.111102;
0.110071;
0.108924;
0.106357;
0.109709;
0.111071;
0.106662;
0.109678;
0.109026;
0.111765;
0.108763;
0.109193;
0.106267;
0.108005;
0.107134;
0.106706;
0.106576;
0.106932;
0.106801;
0.111832;
0.107843;
0.109867;
0.111958;
0.111457;
0.10992;
0.108355;
0.110274;
0.107474;
0.110275;
0.110026;
0.106484;
0.107893;
0.106459;
0.108646;
0.108523;
0.109375;
0.107904;
0.107454;
0.11059;
0.108697;
0.109773;
0.110774;
0.109925;
0.109699;
0.107535;
0.108205;
0.112031;
0.110537;
0.107854;
0.11199;
0.108875;
0.10957;
0.106852;
0.106583;
0.10802;
0.106824;
0.107689;
0.10892;
0.10998;
0.110752;
0.109265;
0.106918;
0.107533;
0.106655;
0.108674;
0.106988;
0.106698;
0.109542;
0.107293;
0.109346;
0.108175;
0.10872;
0.111872;
0.108928;
0.106694;
0.108996;
0.10792;
0.108563;
0.108894;
0.108884;
0.11035;
0.109185;
0.107817;
0.10698;
0.108838;
0.10906;
0.113193;
0.105919;
0.108651;
0.107262;
0.111204;
0.108279;
0.108138;
0.109579;
0.110222;
0.108413;
0.111019;
0.107806;
0.110548;
0.106094;
0.107188;
0.111186;
0.107974;
0.110741;
0.111103;
0.106494;
0.1099;
0.105928;
0.108727;
0.110902;
0.108441;
0.110169;
0.106242;
0.109392;
0.108882;
0.106707;
0.108247;
0.107326;
0.108881;
0.109895;
0.107708;
0.109897;
0.107721;
0.113001;
0.10607;
0.11193;
0.108333;
0.107808;
0.109785;
0.110055;
0.105713;
0.107726;
0.108872;
0.108677;
0.109254;
0.108724;
0.106606;
0.111747;
0.106909;
0.106849;
0.106822;
0.110911;
0.10978;
0.108057;
0.106498;
0.111138;
0.106537;
0.109852;
0.109704;
0.106568;
0.111213;
0.109896;
0.109688;
0.109962;
0.111722;
0.109825;
0.110175;
0.109477;
0.107834;
0.109312;
0.107874;
0.107277;
0.108824;
0.107836;
0.10771;
0.111467;
0.108215;
0.111438;
0.109288;
0.109947;
0.106726;
0.107793;
0.108494;
0.108131;
0.110803;
0.106759;
0.107963;
0.109869;
0.106664;
0.108847;
0.109866;
0.108954;
0.111789;
0.109773;
0.110693;
0.105529;
0.110164;
0.110601;
0.105986;
0.108164;
0.107531;
0.109045;
0.107754;
0.108754;
0.111899;
0.106137;
0.108296;
0.110785;
0.106991;
0.108018;
0.109569;
0.107837;
0.105842;
0.107383;
0.111444;
0.107968;
0.110728;
0.111624;
0.106805;
0.108821;
0.107864;
0.109529;
0.106943;
0.109889;
0.105848;
0.109263;
0.107037;
0.107734;
0.109238;
0.110908;
0.10896;
0.105665;
0.110277;
0.109352;
0.110128;
0.108627;
0.107796;
0.106791;
0.111222;
0.11126;
0.109245;
0.109453;
0.107942;
0.106921;
0.11003;
0.108473;
0.109456;
0.108285;
0.107889;
0.108656;
0.10783;
0.108739;
0.108608;
0.110829;
0.106942;
0.106998;
0.108741;
0.111923;
0.1078;
0.108757;
0.106859;
0.111239;
0.106051;
0.109718;
0.107151;
0.107612;
0.109967;
0.110491;
0.108276;
0.10901;
0.110093;
0.107517;
0.110814;
0.106851;
0.108851;
0.10667;
0.111555;
0.107944;
0.112042;
0.10879;
0.110837;
0.108654;
0.105928;
0.109031;
0.109696;
0.108678;
0.108696;
0.11105;
0.109929;
0.109772;
0.110829;
0.109801;
0.107903;
0.105695;
0.107751;
0.108923;
0.109702;
0.110968;
0.10989;
0.109986;
0.109809;
0.107599;
0.109847;
0.109082;
0.110835;
0.106552;
0.108396;
0.110638;
0.107321;
0.111012;
0.105631;
0.107966;
0.108716;
0.108916;
0.11209;
0.108476;
0.106979;
0.108593;
0.108074;
0.109734;
0.110666;
0.108709;
0.109944;
0.108937;
0.107111;
0.108444;
0.106827;
0.106832;
0.107082;
0.110684;
0.109887;
0.10779;
0.107626;
0.10593;
0.108843;
0.10877;
0.106951;
0.107636;
0.107739;
0.110947;
0.110944;
0.106708;
0.107486;
0.110149;
0.111055;
0.109459;
0.107067;
0.108708;
0.105753;
0.109809;
0.110093;
0.107404;
0.109129;
0.109658;
0.106111;
0.110306;
0.110263;
0.107706;
0.107961;
0.109757;
0.107922;
0.109772;
0.108599;
0.109045;
0.109895;
0.108669;
0.108107;
0.1064;
0.107981;
0.107112;
0.10757;
0.107833;
0.111369;
0.108787;
0.109142;
0.10695;
0.107864;
0.108741;
0.106257;
0.111614;
0.108853;
0.10963;
0.111421;
0.10999;
0.107242;
0.109583;
0.111021;
0.111051;
0.111453;
0.111923;
0.111504;
0.109888;
0.10707;
0.107813;
0.110083;
0.109512;
0.111684;
0.109809;
0.107993;
0.108679;
0.107872;
0.109752;
0.110055;
0.107691;
0.109702;
