0.0149125, 6;
0.0159532, 6;
0.0153247, 6;
0.0142872, 6;
0.0156271, 6;
0.015524, 6;
0.015584, 6;
0.0147056, 6;
0.015727, 6;
0.0166685, 6;
0.0202631, 6;
0.008839, 6;
0.0162917, 6;
0.0151886, 6;
0.0170532, 6;
0.0135338, 6;
0.0161653, 6;
0.0145206, 6;
0.0162387, 6;
0.0143149, 6;
0.0159135, 6;
0.0145294, 6;
0.0155657, 6;
0.0156296, 6;
0.0150094, 6;
0.017191, 6;
0.014498, 6;
0.0164838, 6;
0.0221792, 6;
0.0087492, 6;
0.0179015, 6;
0.0135906, 6;
0.0154627, 6;
0.0153406, 6;
0.0154772, 6;
0.0160544, 6;
0.0154531, 6;
0.0158718, 6;
0.0156338, 6;
0.0149724, 6;
0.0149654, 6;
0.0166531, 6;
0.0145449, 6;
0.016146, 6;
0.0160607, 6;
0.0149764, 6;
0.0150382, 6;
0.0167812, 6;
0.0147537, 6;
0.0170053, 6;
0.0154521, 6;
0.0154033, 6;
0.0150179, 6;
0.0158601, 6;
0.0160337, 6;
0.0139201, 6;
0.016075, 6;
0.0152409, 6;
0.0155605, 6;
0.0153637, 6;
0.0162818, 6;
0.0186466, 6;
0.012087, 6;
0.0153195, 6;
0.0156105, 6;
0.0171703, 6;
0.0141163, 6;
0.0151511, 6;
0.0162437, 6;
0.0159639, 6;
0.0150554, 6;
0.0149831, 6;
0.0168073, 6;
0.0142758, 6;
0.018113, 6;
0.0165764, 6;
0.0115281, 6;
0.0157168, 6;
0.0186197, 6;
0.0130742, 6;
0.0137682, 6;
0.0163198, 6;
0.0144967, 6;
0.0163505, 6;
0.0147614, 6;
0.0163668, 6;
0.0152304, 6;
0.0163648, 6;
0.0138369, 6;
0.0175957, 6;
0.015004, 6;
0.0144335, 6;
0.0155342, 6;
0.0158289, 6;
0.0163066, 6;
0.015808, 6;
0.0147265, 6;
0.014968, 6;
0.0159441, 6;
0.0158962, 6;
0.0163912, 6;
0.0155232, 6;
0.0159717, 6;
0.0183177, 6;
0.0121891, 6;
0.0174801, 6;
0.0151217, 6;
0.0148672, 6;
0.0167722, 6;
0.0142766, 6;
0.0172359, 6;
0.0139808, 6;
0.0166671, 6;
0.0153306, 6;
0.0164128, 6;
0.0140588, 6;
0.0162271, 6;
0.0144872, 6;
0.0181519, 6;
0.0133381, 6;
0.0167085, 6;
0.013803, 6;
0.0175637, 6;
0.0149841, 6;
0.0163544, 6;
0.0129509, 6;
0.0175798, 6;
0.0136788, 6;
0.016078, 6;
0.0153683, 6;
0.0166059, 6;
0.0162262, 6;
0.0145379, 6;
0.0156975, 6;
0.0162258, 6;
0.0146879, 6;
0.0171365, 6;
0.0137829, 6;
0.0151501, 6;
0.0155528, 6;
0.0167634, 6;
0.0143552, 6;
0.0153277, 6;
0.0160681, 6;
0.0155849, 6;
0.0149671, 6;
0.0166264, 6;
0.0147465, 6;
0.0161202, 6;
0.0161973, 6;
0.0150528, 6;
0.0156869, 6;
0.0155939, 6;
0.0153551, 6;
0.0148185, 6;
0.0153311, 6;
0.0159229, 6;
0.0151927, 6;
0.0186646, 6;
0.0120879, 6;
0.0157337, 6;
0.0154586, 6;
0.0204548, 6;
0.0103917, 6;
0.0166467, 6;
0.012919, 6;
0.0155717, 6;
0.0155593, 6;
0.0149344, 6;
0.0151034, 6;
0.0154348, 6;
0.0152328, 6;
0.0159775, 6;
0.0157128, 6;
0.0153968, 6;
0.01687, 6;
0.0145596, 6;
0.0151344, 6;
0.0151403, 6;
0.0155905, 6;
0.0166916, 6;
0.0136421, 6;
0.0157928, 6;
0.0151495, 6;
0.0163415, 6;
0.0146961, 6;
0.0161825, 6;
0.0146366, 6;
0.016824, 6;
0.0141114, 6;
0.0171963, 6;
0.0137594, 6;
0.0151925, 6;
0.0157639, 6;
0.0148983, 6;
0.0150376, 6;
0.0166957, 6;
0.0154808, 6;
0.0151674, 6;
0.0161971, 6;
0.0151779, 6;
0.0160833, 6;
0.015304, 6;
0.0151219, 6;
0.0172932, 6;
0.0136053, 6;
0.0163108, 6;
0.0155601, 6;
0.0152239, 6;
0.0152582, 6;
0.0160107, 6;
0.0179219, 6;
0.0138204, 6;
0.0161574, 6;
0.014781, 6;
0.0175659, 6;
0.0189708, 6;
0.011305, 6;
0.0179215, 6;
0.0135345, 6;
0.0179271, 6;
0.0129446, 6;
0.0158193, 6;
0.0154243, 6;
0.0159541, 6;
0.0152301, 6;
0.0155066, 6;
0.016368, 6;
0.0150854, 6;
0.0183632, 6;
0.0120031, 6;
0.0180621, 6;
0.0127704, 6;
0.017304, 6;
0.0144107, 6;
0.0147421, 6;
0.0156545, 6;
0.0159647, 6;
0.0161148, 6;
0.0151779, 6;
0.0158283, 6;
0.0151084, 6;
0.0171583, 6;
0.0142824, 6;
0.0152749, 6;
0.0156715, 6;
0.0154323, 6;
0.0178813, 6;
0.013242, 6;
0.0156449, 6;
0.0154351, 6;
0.0157471, 6;
0.0180551, 6;
0.0134002, 6;
0.0165566, 6;
0.0146966, 6;
0.0158173, 6;
0.0152253, 6;
0.0158544, 6;
0.0149218, 6;
0.0155987, 6;
0.0154931, 6;
0.0150892, 6;
0.0160046, 6;
0.014734, 6;
0.0162744, 6;
0.0147121, 6;
0.0156686, 6;
0.0151396, 6;
0.0164647, 6;
0.0143147, 6;
0.0150566, 6;
0.0159902, 6;
0.0162076, 6;
0.0149044, 6;
0.0158785, 6;
0.0166474, 6;
0.0143916, 6;
0.0168096, 6;
0.013946, 6;
0.0164698, 6;
0.0155765, 6;
0.0146594, 6;
0.0153636, 6;
0.0162643, 6;
0.0155633, 6;
0.0159368, 6;
0.0152248, 6;
0.0149194, 6;
0.0145106, 6;
0.0170378, 6;
0.0158452, 6;
0.0137357, 6;
0.0152919, 6;
0.0157147, 6;
0.0158994, 6;
0.0174649, 6;
0.0133786, 6;
0.0151425, 6;
0.0159881, 6;
0.0150389, 6;
0.0166997, 6;
0.0145854, 6;
0.0148427, 6;
0.0174805, 6;
0.0164539, 6;
0.0140217, 6;
0.0138547, 6;
0.0166317, 6;
0.015701, 6;
0.0172596, 6;
0.0131352, 6;
0.015072, 6;
0.0160184, 6;
0.0154312, 6;
0.0145404, 6;
0.0148899, 6;
0.015196, 6;
0.0169196, 6;
0.0135887, 6;
0.0165795, 6;
0.0142816, 6;
0.0171932, 6;
0.0138423, 6;
0.0148778, 6;
0.0160251, 6;
0.0155319, 6;
0.0145076, 6;
0.0148308, 6;
0.0169331, 6;
0.0157949, 6;
0.014051, 6;
0.0160219, 6;
0.0147794, 6;
0.0158089, 6;
0.0174056, 6;
0.0129454, 6;
0.015993, 6;
0.0170299, 6;
0.0145567, 6;
0.0152942, 6;
0.0156694, 6;
0.0153322, 6;
0.0166515, 6;
0.0151035, 6;
0.0150156, 6;
0.0155979, 6;
0.0154648, 6;
0.0166557, 6;
0.0154863, 6;
0.0160332, 6;
0.0149593, 6;
0.0151161, 6;
0.0161492, 6;
0.0143151, 6;
0.0152954, 6;
0.0160517, 6;
0.0151084, 6;
0.0153171, 6;
0.0157355, 6;
0.0151772, 6;
0.015952, 6;
0.0165741, 6;
0.0154696, 6;
0.0141877, 6;
0.0159468, 6;
0.0149841, 6;
0.0146457, 6;
0.0160758, 6;
0.0159499, 6;
0.0159954, 6;
0.0184625, 6;
0.0129048, 6;
0.015078, 6;
0.015167, 6;
0.0156241, 6;
0.0154529, 6;
0.0159395, 6;
0.0156373, 6;
0.0153006, 6;
0.0161415, 6;
0.0152066, 6;
0.0154167, 6;
0.0146222, 6;
0.0192595, 6;
0.0118538, 6;
0.0151784, 6;
0.01565, 6;
0.0153824, 6;
0.0160903, 6;
0.0154944, 6;
0.0149874, 6;
0.0184133, 6;
0.0143707, 6;
0.0140096, 6;
0.0159494, 6;
0.0159296, 6;
0.0145674, 6;
0.0168276, 6;
0.0183068, 6;
0.011381, 6;
0.0162461, 6;
0.0153625, 6;
0.0143415, 6;
0.0173164, 6;
0.016991, 6;
0.0124183, 6;
0.0149737, 6;
0.0151295, 6;
0.0159545, 6;
0.0146717, 6;
0.015855, 6;
0.0153252, 6;
0.0148422, 6;
0.0151623, 6;
0.0159409, 6;
0.0149579, 6;
0.0159677, 6;
0.0160252, 6;
0.0151214, 6;
0.0159242, 6;
0.0153189, 6;
0.0155591, 6;
0.0149435, 6;
0.0159823, 6;
0.0159174, 6;
0.0159778, 6;
0.0155053, 6;
0.0153473, 6;
0.0159633, 6;
0.0160512, 6;
0.0155271, 6;
0.0152791, 6;
0.0152547, 6;
0.0158453, 6;
0.0153894, 6;
0.0154618, 6;
0.0154461, 6;
0.015768, 6;
0.0157859, 6;
0.0152354, 6;
0.0159573, 6;
0.0154173, 6;
0.016096, 6;
0.0159654, 6;
0.0152778, 6;
0.0159693, 6;
0.0153126, 6;
0.015528, 6;
0.0155852, 6;
0.0150971, 6;
0.0160606, 6;
0.0155313, 6;
0.0153119, 6;
0.0159874, 6;
0.0148973, 6;
0.0150377, 6;
0.0147992, 6;
0.0149294, 6;
0.0151327, 6;
0.0153539, 6;
0.0156375, 6;
0.0160149, 6;
0.0159083, 6;
0.0152235, 6;
0.014824, 6;
0.0153866, 6;
0.0154317, 6;
0.0159055, 6;
0.0157531, 6;
0.0156988, 6;
0.0160033, 6;
0.0154931, 6;
0.0152827, 6;
0.0152804, 6;
0.0153608, 6;
0.0152191, 6;
0.0149869, 6;
0.0155237, 6;
0.0159288, 6;
0.0151592, 6;
0.014813, 6;
0.0160122, 6;
0.0159695, 6;
0.0148746, 6;
0.0159219, 6;
0.0155984, 6;
0.0157347, 6;
0.015637, 6;
0.0160111, 6;
0.0159625, 6;
0.0149877, 6;
0.0159864, 6;
0.0149748, 6;
0.015278, 6;
0.0157629, 6;
0.0150492, 6;
0.0153172, 6;
0.0152991, 6;
0.0158858, 6;
0.0152157, 6;
0.0158809, 6;
0.0148913, 6;
0.0155698, 6;
0.0152669, 6;
0.0150666, 6;
0.0149839, 6;
0.0159428, 6;
0.0155221, 6;
0.0153946, 6;
0.0157293, 6;
0.0148305, 6;
0.0152248, 6;
0.0160353, 6;
0.0149859, 6;
0.0158571, 6;
0.0160687, 6;
0.0152776, 6;
0.0153512, 6;
0.0159788, 6;
0.014782, 6;
0.0149708, 6;
0.015483, 6;
0.0158419, 6;
0.0154274, 6;
0.0155029, 6;
0.015691, 6;
0.0149151, 6;
0.0151443, 6;
0.0146825, 6;
0.0153481, 6;
0.0150504, 6;
0.0146518, 6;
0.0159031, 6;
0.0160221, 6;
0.0150679, 6;
0.0150559, 6;
0.0160375, 6;
0.016001, 6;
0.0149595, 6;
0.0155443, 6;
0.0156735, 6;
0.0158063, 6;
0.0152279, 6;
0.0157724, 6;
0.0156691, 6;
0.0148647, 6;
0.0151165, 6;
0.0154451, 6;
0.015542, 6;
0.0156339, 6;
0.0152486, 6;
0.0155433, 6;
0.0158988, 6;
0.0152654, 6;
0.0153057, 6;
0.0146195, 6;
0.0152045, 6;
0.0160114, 6;
0.0149227, 6;
0.015535, 6;
0.0159987, 6;
0.0152989, 6;
0.0159662, 6;
0.0149802, 6;
0.0150411, 6;
0.0159376, 6;
0.0151352, 6;
0.0157487, 6;
0.0153896, 6;
0.0148713, 6;
0.0156317, 6;
0.015005, 6;
0.0159782, 6;
0.0158109, 6;
0.015387, 6;
0.0161329, 6;
0.0154879, 6;
0.0158791, 6;
0.0149543, 6;
0.0153833, 6;
0.0151281, 6;
0.01595, 6;
0.0149468, 6;
0.0159742, 6;
0.0159858, 6;
0.0153921, 6;
0.0156055, 6;
0.0150438, 6;
0.015262, 6;
0.0158571, 6;
0.0156224, 6;
0.0154733, 6;
0.0157642, 6;
0.0150671, 6;
0.0159349, 6;
0.0149931, 6;
0.0156505, 6;
0.0153714, 6;
0.0155825, 6;
0.0150979, 6;
0.0151649, 6;
0.0160165, 6;
0.0149823, 6;
0.0154981, 6;
0.0157299, 6;
0.0153327, 6;
0.014715, 6;
0.0154597, 6;
0.0155299, 6;
0.0153913, 6;
0.0150506, 6;
0.016043, 6;
0.015478, 6;
0.0157806, 6;
0.0159823, 6;
0.0159856, 6;
0.016032, 6;
0.0159675, 6;
0.0155532, 6;
0.015986, 6;
0.0152298, 6;
0.0150175, 6;
0.0160212, 6;
0.0160033, 6;
0.0149872, 6;
0.016026, 6;
0.0149683, 6;
0.0160188, 6;
0.0154949, 6;
0.0149969, 6;
0.0159855, 6;
0.0149224, 6;
0.0151817, 6;
0.0154143, 6;
0.0156222, 6;
0.0148892, 6;
0.0150216, 6;
0.0150799, 6;
0.0151721, 6;
0.0148556, 6;
0.0160795, 6;
0.0162412, 6;
0.01468, 6;
0.0152075, 6;
0.0166353, 6;
0.0157727, 6;
0.014332, 6;
0.0149855, 6;
0.0156018, 6;
0.0153224, 6;
0.0159236, 6;
0.0149553, 6;
0.0182, 6;
0.0131228, 6;
0.0147589, 6;
0.0176812, 6;
0.0141092, 6;
0.0153589, 6;
0.015957, 6;
0.0159971, 6;
0.0146038, 6;
0.015446, 6;
0.0159644, 6;
0.0148253, 6;
0.0167266, 6;
0.0152691, 6;
0.0151712, 6;
0.0160605, 6;
0.0142543, 6;
0.0149996, 6;
0.0160784, 6;
0.0146632, 6;
0.0160693, 6;
0.015774, 6;
0.0151479, 6;
0.0187896, 6;
0.0131473, 6;
0.0155487, 6;
0.0153793, 6;
0.0170297, 6;
0.0141371, 6;
0.0156274, 6;
0.0157223, 6;
0.0157987, 6;
0.0157684, 6;
0.0164735, 6;
0.0152835, 6;
0.0149993, 6;
0.0155768, 6;
0.0149996, 6;
0.0154036, 6;
0.0167803, 6;
0.0141943, 6;
0.0173147, 6;
0.0136239, 6;
0.0168136, 6;
0.0151172, 6;
0.0160897, 6;
0.015012, 6;
0.0160806, 6;
0.0146998, 6;
0.0162486, 6;
0.0148811, 6;
0.0186518, 6;
0.0125131, 6;
0.0164615, 6;
0.0148411, 6;
0.0154731, 6;
0.0150033, 6;
0.0170786, 6;
0.0140742, 6;
0.0166271, 6;
0.0151578, 6;
0.0196927, 6;
0.0106783, 6;
0.0159955, 6;
0.015343, 6;
0.0150395, 6;
0.0154789, 6;
0.0163095, 6;
0.0155874, 6;
0.0138817, 6;
0.0159373, 6;
0.0150899, 6;
0.0158756, 6;
0.0159692, 6;
0.0164768, 6;
0.0153213, 6;
0.0142056, 6;
0.0158811, 6;
0.0171812, 6;
0.0133379, 6;
0.0166088, 6;
0.0161537, 6;
0.0135448, 6;
0.0156074, 6;
0.0151737, 6;
0.0161708, 6;
0.0154219, 6;
0.0155333, 6;
0.0149345, 6;
0.0172546, 6;
0.0138383, 6;
0.0160447, 6;
0.0151688, 6;
0.0198243, 6;
0.0109393, 6;
0.0191395, 6;
0.0121556, 6;
0.0150699, 6;
0.0155779, 6;
0.0151913, 6;
0.0152818, 6;
0.0155302, 6;
0.0177641, 6;
0.0142827, 6;
0.0152137, 6;
0.0155368, 6;
0.015541, 6;
0.0159963, 6;
0.0179501, 6;
0.0141657, 6;
0.0153416, 6;
0.0154787, 6;
0.0160933, 6;
0.0156756, 1;
0.0174185, 1;
0.0189076, 1;
0.0131621, 1;
0.0164973, 1;
0.035792, 1;
0.0094055, 1;
0.0165969, 1;
0.0143772, 1;
0.0163706, 1;
0.0163129, 1;
0.0141517, 1;
0.0175021, 1;
0.0149825, 1;
0.0148885, 1;
0.0157241, 1;
0.0158352, 1;
0.0158566, 1;
0.0162528, 1;
0.0158183, 1;
0.0138586, 1;
0.014973, 1;
0.0170816, 1;
0.014194, 1;
0.0164483, 1;
0.0137678, 1;
0.0153521, 1;
0.016739, 1;
0.0148429, 1;
0.0150766, 1;
0.0156223, 1;
0.0152059, 1;
0.0166665, 1;
0.0145919, 1;
0.015718, 1;
0.0158279, 1;
0.0169359, 1;
0.0149166, 1;
0.0148884, 1;
0.0150054, 1;
0.0163722, 1;
0.0150518, 1;
0.0184175, 1;
0.0128955, 1;
0.0208444, 1;
0.0124071, 1;
0.0132083, 1;
0.0200116, 1;
0.0115271, 1;
0.0253187, 1;
0.0206888, 1;
0.015022, 1;
0.0158028, 1;
0.016281, 1;
0.0157777, 1;
0.01491, 1;
0.016052, 1;
0.0154868, 1;
0.0152847, 1;
0.0169393, 1;
0.01512, 1;
0.0155024, 1;
0.0150519, 1;
0.0145128, 1;
0.0155371, 1;
0.0168351, 1;
0.0150728, 1;
0.0161176, 1;
0.0136768, 1;
0.0156531, 1;
0.0164022, 1;
0.0146019, 1;
0.0160268, 1;
0.0147029, 1;
0.0157976, 1;
0.0166144, 1;
0.0144337, 1;
0.017794, 1;
0.0160163, 1;
0.0126491, 1;
0.0156078, 1;
0.0157937, 1;
0.0160758, 1;
0.0146024, 1;
0.0158045, 1;
0.0149595, 1;
0.0153066, 1;
0.0160075, 1;
0.0162486, 1;
0.0146623, 1;
0.015335, 1;
0.0141999, 1;
0.0160997, 1;
0.0155397, 1;
0.0144923, 1;
0.0203958, 1;
0.0272643, 1;
0.0168994, 1;
0.0154263, 1;
0.0129516, 1;
0.0160884, 1;
0.014925, 1;
0.015569, 1;
0.0149377, 1;
0.0157494, 1;
0.0150816, 1;
0.0166871, 1;
0.0144478, 1;
0.0155992, 1;
0.0171445, 1;
0.0134201, 1;
0.0150057, 1;
0.0173661, 1;
0.0209986, 1;
0.0089778, 1;
0.0157706, 1;
0.0152631, 1;
0.0141222, 1;
0.0157545, 1;
0.0155878, 1;
0.0155222, 1;
0.0156425, 1;
0.0170198, 1;
0.0141876, 1;
0.0172892, 1;
0.0138838, 1;
0.0154053, 1;
0.0152356, 1;
0.0160972, 1;
0.0148138, 1;
0.0157751, 1;
0.0150762, 1;
0.0160486, 1;
0.0164406, 1;
0.0154655, 1;
0.0165949, 1;
0.0216418, 1;
0.0234157, 1;
0.0187589, 1;
0.0123072, 1;
0.0159214, 1;
0.0274412, 1;
0.0236571, 1;
0.012147, 1;
0.0170762, 1;
0.0140935, 1;
0.013955, 1;
0.0174152, 1;
0.0144117, 1;
0.0172762, 1;
0.0139928, 1;
0.0157499, 1;
0.0174778, 1;
0.0128903, 1;
0.0168868, 1;
0.0145931, 1;
0.0169018, 1;
0.0159353, 1;
0.0141111, 1;
0.0159419, 1;
0.0150691, 1;
0.0153671, 1;
0.0146278, 1;
0.0148859, 1;
0.0164594, 1;
0.0146274, 1;
0.0150451, 1;
0.0150952, 1;
0.0153937, 1;
0.0161099, 1;
0.0162878, 1;
0.0151365, 1;
0.0156508, 1;
0.0163362, 1;
0.0145842, 1;
0.0194919, 1;
0.0131485, 1;
0.0150711, 1;
0.0164964, 1;
0.0168857, 1;
0.014583, 1;
0.0142137, 1;
0.0161544, 1;
0.015931, 1;
0.0152928, 1;
0.0170643, 1;
0.0150588, 1;
0.0165901, 1;
0.0349607, 2;
0.0461225, 2;
0.0449801, 2;
0.0316563, 2;
0.0450617, 2;
0.0311191, 2;
0.032183, 2;
0.031097, 2;
0.0296347, 2;
0.0318646, 2;
0.0296494, 2;
0.0320458, 2;
0.0467446, 2;
0.0452843, 2;
0.0341719, 2;
0.0441622, 2;
0.0294419, 2;
0.0320588, 2;
0.0319257, 2;
0.0316193, 2;
0.0312216, 2;
0.031401, 2;
0.0338751, 2;
0.0434889, 2;
0.0297754, 2;
0.0298453, 2;
0.0312292, 2;
0.031166, 2;
0.0305976, 2;
0.0319438, 2;
0.0315335, 2;
0.0324823, 2;
0.0294247, 2;
0.0316424, 2;
0.0318229, 2;
0.0300618, 2;
0.031358, 2;
0.0299137, 2;
0.0312406, 2;
0.0324054, 2;
0.0297987, 2;
0.0315233, 2;
0.0316542, 2;
0.0335843, 2;
0.0458245, 2;
0.0296546, 2;
0.0326751, 2;
0.0304049, 2;
0.0308525, 2;
0.0324625, 2;
0.0308481, 2;
0.031176, 2;
0.0309416, 2;
0.0316106, 2;
0.0324232, 2;
0.0297514, 2;
0.0300744, 2;
0.0300852, 2;
0.0308123, 2;
0.0317628, 2;
0.0327984, 2;
0.0300567, 2;
0.0318864, 2;
0.0319022, 2;
0.030173, 2;
0.0310225, 2;
0.03063, 2;
0.0318884, 2;
0.0317219, 2;
0.0295579, 2;
0.0318398, 2;
0.03058, 2;
0.031058, 2;
0.0298509, 2;
0.034624, 2;
0.0445525, 2;
0.0311839, 2;
0.0319393, 2;
0.0297642, 2;
0.0310612, 2;
0.0317152, 2;
0.030602, 2;
0.0308574, 2;
0.0304675, 2;
0.0315981, 2;
0.0354997, 2;
0.0421899, 2;
0.0299445, 2;
0.0315611, 2;
0.0313766, 2;
0.0319738, 2;
0.0304142, 2;
0.0459106, 2;
0.0449124, 2;
0.0319049, 2;
0.0293825, 2;
0.0319535, 2;
0.0298445, 2;
0.0317766, 2;
0.0300631, 2;
0.0311065, 2;
0.0313062, 2;
0.0299751, 2;
0.0330253, 2;
0.0457687, 2;
0.030378, 2;
0.0301234, 2;
0.0304717, 2;
0.0301587, 2;
0.0331567, 2;
0.0294498, 2;
0.0308751, 2;
0.0309975, 2;
0.0303025, 2;
0.0308446, 2;
0.0310077, 2;
0.0310631, 2;
0.0299592, 2;
0.0308841, 2;
0.0309487, 4;
0.0159278, 9;
0.0157656, 9;
0.0154854, 9;
0.0155709, 9;
0.0155411, 9;
0.015977, 9;
0.0160237, 9;
0.0160646, 9;
0.01597, 9;
0.014464, 9;
0.0160607, 9;
0.0149397, 9;
0.015348, 9;
0.0153116, 9;
0.014518, 9;
0.0150346, 9;
0.0149525, 9;
0.0154074, 9;
0.0158469, 9;
0.0159362, 9;
0.0152111, 9;
0.0150344, 9;
0.0156624, 9;
0.0217022, 9;
0.0090533, 9;
0.0157108, 9;
0.0162016, 9;
0.0162686, 9;
0.0150628, 9;
0.015098, 9;
0.0158268, 9;
0.017733, 9;
0.0122534, 9;
0.0168899, 9;
0.0151677, 9;
0.0154439, 9;
0.0148633, 9;
0.016041, 9;
0.0157913, 9;
0.0167231, 9;
0.0133142, 9;
0.0175479, 9;
0.0141803, 9;
0.0158504, 9;
0.0146615, 9;
0.0158142, 9;
0.0151862, 9;
0.0157714, 9;
0.01609, 9;
0.0148688, 9;
0.0170956, 9;
0.0149387, 9;
0.0149656, 9;
0.0149817, 9;
0.0155213, 9;
0.0163238, 9;
0.0158584, 9;
0.0156323, 9;
0.0160967, 9;
0.0175779, 9;
0.013241, 9;
0.0147586, 9;
0.0157023, 9;
0.0153955, 9;
0.014876, 9;
0.0146672, 9;
0.0155348, 9;
0.016589, 9;
0.0144673, 9;
0.0162892, 9;
0.014637, 9;
0.0159679, 9;
0.0184023, 9;
0.0117318, 9;
0.0165987, 9;
0.0156829, 9;
0.0153145, 9;
0.0159095, 9;
0.0149744, 9;
0.0156453, 9;
0.0174304, 9;
0.0143072, 9;
0.015013, 9;
0.0146339, 9;
0.016179, 9;
0.0154017, 9;
0.0145683, 9;
0.0153826, 9;
0.0154556, 9;
0.0148474, 9;
0.0164558, 9;
0.0158715, 9;
0.0187755, 9;
0.0120003, 9;
0.0154594, 9;
0.0151587, 9;
0.0168116, 9;
0.0144752, 9;
0.0158746, 9;
0.0164275, 9;
0.015463, 9;
0.0145028, 9;
0.0154457, 9;
0.0197875, 9;
0.0107873, 9;
0.0156213, 9;
0.0164497, 9;
0.0141934, 9;
0.0159525, 9;
0.0173944, 9;
0.0133401, 9;
0.0152158, 9;
0.0163293, 9;
0.0154029, 9;
0.0171897, 9;
0.0157977, 9;
0.015072, 9;
0.0155812, 9;
0.0144414, 9;
0.016981, 9;
0.0146696, 9;
0.0168556, 9;
0.0142228, 9;
0.0157037, 9;
0.0150539, 9;
0.0164019, 9;
0.0160475, 9;
0.0161395, 9;
0.0123319, 9;
0.0150672, 9;
0.0152671, 9;
0.0157491, 9;
0.0168535, 9;
0.0154764, 9;
0.0150098, 9;
0.014935, 9;
0.0168614, 9;
0.0154806, 9;
0.0146122, 9;
0.0189312, 9;
0.0114771, 9;
0.0182006, 9;
0.0121842, 9;
0.0166255, 9;
0.0162932, 9;
0.0137527, 9;
0.0169735, 9;
0.0143293, 9;
0.0151496, 9;
0.0167541, 9;
0.0167435, 9;
0.0134545, 9;
0.0207605, 9;
0.01475, 9;
0.0139843, 9;
0.0137056, 9;
0.0178269, 9;
0.0146776, 9;
0.014396, 9;
0.0162511, 9;
0.0146491, 9;
0.0154683, 9;
0.0163804, 9;
0.0144075, 9;
0.0158054, 9;
0.0149924, 9;
0.0156543, 9;
0.0156823, 9;
0.0160588, 9;
0.015432, 9;
0.0161995, 9;
0.0146528, 9;
0.0154443, 9;
0.0153975, 9;
0.0155278, 9;
0.0152057, 9;
0.0161304, 9;
0.0155079, 9;
0.0173487, 9;
0.0127289, 9;
0.0162, 9;
0.0150953, 9;
0.0164819, 9;
0.0154879, 9;
0.0148777, 9;
0.0151152, 9;
0.0164101, 9;
0.0146258, 9;
0.0190429, 9;
0.0117103, 9;
0.0178689, 9;
0.0128987, 9;
0.0170674, 9;
0.0155522, 9;
0.0134648, 9;
0.016906, 9;
0.0143188, 9;
0.0152903, 9;
0.0164967, 9;
0.0139761, 9;
0.0148148, 9;
0.0170775, 9;
0.0137278, 9;
0.0159422, 9;
0.0147199, 9;
0.0159774, 9;
0.017997, 9;
0.0121442, 9;
0.0156362, 9;
0.0148864, 9;
0.0163074, 9;
0.0147428, 9;
0.0150985, 9;
0.0153736, 9;
0.0158038, 9;
0.0150447, 9;
0.0158884, 9;
0.0151154, 9;
0.0162335, 9;
0.0177337, 9;
0.0125855, 9;
0.0149594, 9;
0.0150602, 9;
0.0151365, 9;
0.0161549, 9;
0.0157827, 9;
0.0151272, 9;
0.0158783, 9;
0.015935, 9;
0.0159934, 9;
0.016001, 9;
0.0159644, 9;
0.020333, 9;
0.0125571, 9;
0.0143799, 9;
0.0149367, 9;
0.0162348, 9;
0.0149733, 9;
0.0159708, 9;
0.0159701, 9;
0.0158185, 9;
0.0151185, 9;
0.015885, 9;
0.0149183, 9;
0.0165092, 9;
0.0141587, 9;
0.0151251, 9;
0.0166409, 9;
0.0152906, 9;
0.0151631, 9;
0.017292, 9;
0.013894, 9;
0.0156819, 9;
0.0152835, 9;
0.0151147, 9;
0.0155603, 9;
0.0155106, 9;
0.0152322, 9;
0.0169277, 9;
0.0145354, 9;
0.0168814, 9;
0.0140873, 9;
0.0148155, 9;
0.0150423, 9;
0.0165349, 9;
0.015106, 9;
0.0151985, 9;
0.0152734, 9;
0.0161757, 9;
0.0155784, 9;
0.0151033, 9;
0.0154244, 9;
0.0159604, 9;
0.015506, 9;
0.0149709, 9;
0.0162142, 9;
0.0149665, 9;
0.0152945, 9;
0.0167972, 9;
0.0142577, 9;
0.0147734, 9;
0.0166287, 9;
0.0151667, 9;
0.017843, 9;
0.0129986, 9;
0.0160307, 9;
0.0149045, 9;
0.0167151, 9;
0.015517, 9;
0.0174236, 9;
0.0134945, 9;
0.0156707, 9;
0.0154559, 9;
0.0155356, 9;
0.0155194, 9;
0.0158214, 9;
0.0157185, 9;
0.0171933, 9;
0.0175065, 9;
0.0129465, 9;
0.0154936, 9;
0.0167971, 9;
0.0133647, 9;
0.0172254, 9;
0.0173914, 9;
0.012545, 9;
0.0136095, 9;
0.016354, 9;
0.0149186, 9;
0.0160755, 9;
0.0161211, 9;
0.0148374, 9;
0.0170508, 9;
0.0138868, 9;
0.0160414, 9;
0.0173711, 9;
0.0151182, 9;
0.0169661, 9;
0.0134296, 9;
0.0164845, 9;
0.0153744, 9;
0.0149285, 9;
0.0150578, 9;
0.0164204, 9;
0.0182832, 9;
0.0133433, 9;
0.0149775, 9;
0.0168431, 9;
0.0130955, 9;
0.0157574, 9;
0.0167425, 9;
0.0143958, 9;
0.0162658, 9;
0.0151016, 9;
0.0160596, 9;
0.0152824, 9;
0.0147342, 9;
0.0390204, 9;
0.0075234, 9;
0.0191124, 9;
0.0106408, 9;
0.0154425, 9;
0.0151281, 9;
0.0159278, 9;
0.0150588, 9;
0.0161258, 9;
0.0153867, 9;
0.0154801, 9;
0.0149861, 9;
0.0175316, 9;
0.0133088, 9;
0.0181709, 9;
0.0130663, 9;
0.0183089, 9;
0.0126237, 9;
0.0155043, 9;
0.01595, 9;
0.0159564, 9;
0.0153046, 9;
0.0154754, 9;
0.0178931, 9;
0.0123806, 9;
0.0156706, 9;
0.0152671, 9;
0.0158405, 9;
0.01578, 9;
0.0164155, 9;
0.0166944, 9;
0.0168335, 9;
0.0140256, 9;
0.0141765, 9;
0.0155732, 9;
0.0154405, 9;
0.0162434, 9;
0.0143423, 9;
0.016335, 9;
0.015007, 9;
0.0154791, 9;
0.0153045, 9;
0.0147438, 9;
0.017579, 9;
0.013014, 9;
0.0151348, 9;
0.0152117, 9;
0.0154566, 9;
0.0159456, 9;
0.0163937, 9;
0.0142316, 9;
0.0146517, 9;
0.0149429, 9;
0.0156287, 9;
0.0176425, 9;
0.0139704, 9;
0.015341, 9;
0.0223107, 9;
0.0094903, 9;
0.0173812, 9;
0.0200618, 9;
0.0086769, 9;
0.0162034, 9;
0.0155083, 9;
0.014785, 9;
0.0141854, 9;
0.0148338, 9;
0.015075, 9;
0.0148049, 9;
0.0214083, 9;
0.0109539, 9;
0.0163282, 9;
0.0154535, 9;
0.0152002, 9;
0.0150903, 9;
0.0152814, 9;
0.0156403, 9;
0.0154902, 9;
0.0153571, 9;
0.0155587, 9;
0.0148725, 9;
0.0153954, 9;
0.0166945, 9;
0.0157403, 9;
0.0144887, 9;
0.0170093, 9;
0.0144081, 9;
0.015888, 9;
0.0144691, 9;
0.0154895, 9;
0.0153545, 9;
0.0145641, 9;
0.0154167, 9;
0.0156925, 9;
0.0147914, 9;
0.0154692, 9;
0.0163088, 9;
0.0190722, 9;
0.0131231, 9;
0.0153088, 9;
0.023023, 9;
0.0076376, 9;
0.0157679, 9;
0.0167381, 9;
0.0149148, 9;
0.0152955, 9;
0.0160964, 9;
0.014257, 9;
0.0158948, 9;
0.0157143, 9;
0.014856, 9;
0.0167652, 9;
0.0153715, 9;
0.0174352, 9;
0.013295, 9;
0.0151463, 9;
0.0159983, 9;
0.0163384, 9;
0.0147447, 9;
0.014824, 9;
0.0154251, 9;
0.0213617, 9;
0.010173, 9;
0.015634, 9;
0.0179676, 9;
0.0129995, 9;
0.01548, 9;
0.0161147, 9;
0.018157, 9;
0.0119995, 9;
0.0158159, 9;
0.0149523, 9;
0.0175053, 9;
0.0138614, 9;
0.0185347, 9;
0.0119421, 9;
0.0207524, 9;
0.0093674, 9;
0.0163113, 9;
0.0140961, 9;
0.0161891, 9;
0.0153245, 9;
0.016845, 9;
0.0144985, 9;
0.0164465, 9;
0.014765, 9;
0.0152602, 9;
0.0156784, 9;
0.0154124, 9;
0.014973, 9;
0.014842, 9;
0.0157959, 9;
0.0149726, 9;
0.0154415, 9;
0.0163229, 9;
0.0148044, 9;
0.0161393, 9;
0.0160496, 9;
0.0148862, 9;
0.0157822, 9;
0.0161018, 9;
0.0155728, 9;
0.0161974, 9;
0.0159137, 9;
0.015326, 9;
0.0153727, 9;
0.0176909, 9;
0.0167725, 9;
0.0129431, 9;
0.0170347, 9;
0.0146299, 9;
0.0144755, 9;
0.0177338, 9;
0.0125677, 9;
0.0154679, 9;
0.0149757, 9;
0.0158837, 9;
0.0161322, 9;
0.017334, 9;
0.0139239, 9;
0.0171324, 9;
0.0128592, 9;
0.0159759, 9;
0.0150473, 9;
0.0158454, 9;
0.0149133, 9;
0.0151251, 9;
0.0150592, 9;
0.019021, 9;
0.0127984, 9;
0.0142632, 9;
0.0156745, 9;
0.0159845, 9;
0.0174013, 9;
0.0128823, 9;
0.0154999, 9;
0.0154663, 9;
0.0157104, 9;
0.0157273, 9;
0.0150724, 9;
0.015085, 9;
0.01505, 9;
0.0156234, 9;
0.014758, 9;
0.0151576, 9;
0.01546, 9;
0.0163462, 9;
0.015081, 9;
0.0140582, 9;
0.0167264, 9;
0.0142263, 9;
0.0159272, 9;
0.0149279, 9;
0.015186, 9;
0.0157551, 9;
0.0152656, 9;
0.0177047, 9;
0.0137504, 9;
0.0170991, 9;
0.0143524, 9;
0.0158643, 9;
0.0147177, 9;
0.0158876, 9;
0.0160772, 9;
0.0158775, 9;
0.0157667, 9;
0.015303, 9;
0.0169183, 9;
0.0132509, 9;
0.0165756, 9;
0.015835, 9;
0.0157511, 9;
0.0172086, 9;
0.0131433, 9;
0.0177018, 9;
0.0146209, 9;
0.0152067, 9;
0.0156188, 9;
0.0147399, 9;
0.0152052, 9;
0.0164135, 9;
0.0155164, 9;
0.0179894, 9;
0.0125942, 9;
0.0163922, 9;
0.0143703, 9;
0.0151874, 9;
0.0153067, 9;
0.0151908, 9;
0.0154331, 9;
0.0173181, 9;
0.0148184, 9;
0.0156133, 9;
0.01742, 9;
0.0141142, 9;
0.0169787, 9;
0.0141904, 9;
0.0150921, 9;
0.0153592, 9;
0.0155864, 9;
0.0162885, 9;
0.0151909, 9;
0.0167092, 9;
0.0170107, 9;
0.0126178, 9;
0.0173382, 9;
0.0137117, 9;
0.0148203, 9;
0.0161559, 9;
0.0160748, 9;
0.017292, 9;
0.0143398, 9;
0.016017, 9;
0.0170779, 9;
0.0147387, 9;
0.0158001, 9;
0.0163541, 9;
0.0158113, 9;
0.0144631, 9;
0.0148666, 9;
0.0155426, 9;
0.0161685, 9;
0.016171, 9;
0.0137472, 9;
0.014685, 9;
0.0152276, 9;
0.0152901, 9;
0.0149165, 9;
0.0156952, 9;
0.016458, 9;
0.0164051, 9;
0.013719, 9;
0.0163318, 9;
0.0146876, 9;
0.0156174, 9;
0.0195601, 9;
0.0131549, 9;
0.0140783, 9;
0.0153778, 9;
0.016511, 9;
0.0148713, 9;
0.0145339, 9;
0.0158109, 9;
0.0150646, 9;
0.016367, 9;
0.0153996, 9;
0.0150167, 9;
0.0159898, 9;
0.0161828, 9;
0.0149913, 9;
0.0159687, 9;
0.0148204, 9;
0.0157424, 9;
0.0152414, 9;
0.0159878, 9;
0.0155007, 9;
0.0170891, 9;
0.0179237, 9;
0.010792, 9;
0.0163111, 9;
0.0157985, 9;
0.0157756, 9;
0.0146164, 9;
0.0160497, 9;
0.0152545, 9;
0.0163805, 9;
0.0158176, 9;
0.0145178, 9;
0.0162059, 9;
0.0159464, 9;
0.0139798, 9;
0.0143932, 9;
0.0160915, 9;
0.0149505, 9;
0.0157558, 9;
0.0192217, 9;
0.0116542, 9;
0.0154013, 9;
0.0148711, 9;
0.0147179, 9;
0.0156551, 9;
0.014329, 9;
0.0180314, 9;
0.0147614, 9;
0.0129853, 9;
0.0159834, 9;
0.0144437, 9;
0.0159817, 9;
0.0166843, 9;
0.015334, 9;
0.0151793, 9;
0.0151735, 9;
0.0157697, 9;
0.015389, 9;
0.0148233, 9;
0.0158272, 9;
0.0159234, 9;
0.0161879, 9;
0.0161269, 9;
0.015776, 9;
0.0153494, 9;
0.0167192, 9;
0.0153107, 9;
0.0148942, 9;
0.0155862, 9;
0.0155112, 9;
0.0161025, 9;
0.0146681, 9;
0.0163208, 9;
0.0152033, 9;
0.0162603, 9;
0.0140584, 9;
0.0155754, 9;
0.0160714, 9;
0.0154666, 9;
0.0151531, 9;
0.0180115, 9;
0.0191298, 9;
0.008773, 9;
0.022114, 9;
0.0086553, 9;
0.0174745, 9;
0.0135984, 9;
0.0169488, 9;
0.0140678, 9;
0.0176642, 9;
0.0141001, 9;
0.0178562, 9;
0.015699, 9;
0.0194386, 9;
0.0162071, 9;
0.0178254, 9;
0.0065295, 9;
0.0156085, 9;
0.0434545, 9;
0.0246884, 9;
0.0114134, 9;
0.02, 9;
0.0148019, 9;
0.0119553, 9;
0.0145838, 9;
0.0163445, 9;
0.0145047, 9;
0.0250367, 9;
0.0070772, 9;
0.0232271, 9;
0.0088068, 9;
0.0137784, 9;
0.0148729, 9;
0.0199624, 9;
0.0101817, 9;
0.0246462, 9;
0.0060929, 9;
0.0230049, 9;
0.0080055, 9;
0.02374, 9;
0.0063309, 9;
0.0249681, 9;
0.0061238, 9;
0.0159237, 9;
0.0155487, 9;
0.0202961, 9;
0.0113757, 9;
0.0182787, 9;
0.0145699, 9;
0.0175765, 9;
0.0138681, 9;
0.0139246, 9;
0.0154004, 9;
0.01974, 9;
0.0137142, 9;
0.0147591, 9;
0.0154883, 9;
0.0164623, 9;
0.0149482, 9;
0.0146093, 9;
0.0156082, 9;
0.0157763, 9;
0.0149033, 9;
0.0172694, 9;
0.0140955, 9;
0.015761, 9;
0.0161457, 9;
0.0154144, 9;
0.0161492, 9;
0.0165989, 9;
0.0144325, 9;
0.0153337, 9;
0.0156034, 9;
0.0190882, 9;
0.0123838, 9;
0.018904, 9;
0.0119924, 9;
0.0153703, 9;
0.0175788, 9;
0.0338929, 9;
0.0288019, 9;
0.1367, 9;
0.0516155, 9;
0.0200038, 9;
0.0137026, 9;
0.0152687, 9;
0.0469686, 9;
0.0370917, 9;
0.033551, 9;
0.0211724, 9;
0.0167287, 9;
0.014332, 9;
0.0155592, 9;
0.0134885, 9;
0.0160423, 9;
0.0147129, 9;
0.0165844, 9;
0.015997, 9;
0.0205248, 9;
0.0149527, 9;
0.0135094, 9;
0.0090244, 9;
0.0160383, 9;
0.015818, 9;
0.0150861, 9;
0.0164261, 9;
0.0145873, 9;
0.0152547, 9;
0.0153465, 9;
0.0240282, 9;
0.0072571, 9;
0.0244939, 9;
0.0127834, 9;
0.0178022, 9;
0.0078588, 9;
0.015687, 9;
0.0155613, 9;
0.0188446, 9;
0.0124517, 9;
0.120247, 9;
0.0580702, 9;
0.0387071, 9;
0.0315722, 9;
0.0613787, 9;
0.0399052, 9;
0.0332028, 9;
0.0144974, 9;
0.0525937, 9;
0.0700978, 9;
0.0415209, 9;
0.0572643, 9;
0.029533, 9;
0.0138368, 9;
0.0235139, 9;
0.0219894, 9;
0.0178904, 9;
0.0205632, 9;
0.005681, 9;
0.0182398, 9;
0.013713, 9;
0.0154377, 9;
0.0160605, 9;
0.0161201, 9;
0.0328929, 9;
0.0193128, 9;
0.0131742, 9;
0.013757, 9;
0.032601, 9;
0.0230931, 9;
0.0075152, 9;
0.0377741, 9;
0.0075187, 9;
0.0177359, 9;
0.0137986, 9;
0.0153082, 9;
0.0576568, 9;
0.0078046, 9;
0.0158365, 9;
0.0130027, 9;
0.0150911, 9;
0.0179862, 9;
0.0130585, 9;
0.0154899, 9;
0.016197, 9;
0.0195615, 9;
0.0123952, 9;
0.0159216, 9;
0.0153205, 9;
0.0160077, 9;
0.015412, 9;
0.0169445, 9;
0.0154317, 9;
0.0154512, 9;
0.0160013, 9;
0.0147296, 9;
0.0165608, 9;
0.0151062, 9;
0.0155871, 9;
0.0199023, 9;
0.0324129, 9;
0.0106399, 9;
0.0186333, 9;
0.0124691, 9;
0.0189711, 9;
0.0126303, 9;
0.0160602, 9;
0.0159983, 9;
0.0156843, 9;
0.015587, 9;
0.0160206, 9;
0.0182816, 9;
0.0123587, 9;
0.0155018, 9;
0.0156319, 9;
0.0149854, 9;
0.0168942, 9;
0.0140263, 9;
0.0150212, 9;
0.0159813, 9;
0.014959, 9;
0.0149907, 9;
0.0150527, 9;
0.0158495, 9;
0.0155165, 9;
0.0215293, 9;
0.0082367, 9;
0.0179318, 9;
0.0168132, 9;
0.0698702, 9;
0.0063317, 9;
0.0308658, 9;
0.0219135, 9;
0.0453483, 9;
0.0120652, 9;
0.0149648, 9;
0.0207824, 9;
0.0096775, 9;
0.018484, 9;
0.0133541, 9;
0.016058, 9;
0.0150719, 9;
0.0158204, 9;
0.0151221, 9;
0.0158309, 9;
0.0154675, 9;
0.0155725, 9;
0.0159402, 9;
0.0171975, 9;
0.0202553, 9;
0.0078422, 9;
0.0177622, 9;
0.013166, 9;
0.0156239, 9;
0.0160173, 9;
0.0152439, 9;
0.0158982, 9;
0.0143131, 9;
0.0158804, 9;
0.0152804, 9;
0.0160408, 9;
0.0176669, 9;
0.0137658, 9;
0.0415401, 9;
0.0962984, 9;
0.0543734, 9;
0.0769362, 9;
0.0135628, 9;
0.0130115, 9;
0.0180906, 9;
0.0137942, 9;
0.0173855, 9;
0.0299832, 9;
0.0173269, 9;
0.0125962, 9;
0.0176812, 9;
0.0143037, 9;
0.0153348, 9;
0.0156856, 9;
0.0148527, 9;
0.0152591, 9;
0.020734, 9;
0.012931, 9;
0.0138499, 9;
0.0150776, 9;
0.0148423, 9;
0.0156289, 9;
0.0149104, 9;
0.0149183, 9;
0.0156479, 9;
0.0153335, 9;
0.018423, 9;
0.0241378, 9;
0.022007, 9;
0.0165166, 9;
0.0560043, 9;
0.0203867, 9;
0.012394, 9;
0.0254016, 9;
0.0091912, 9;
0.0195812, 9;
0.0079586, 9;
0.0172441, 9;
0.0169843, 9;
0.0142479, 9;
0.0363226, 9;
0.0185238, 9;
0.04392, 9;
0.0144137, 9;
0.0128974, 9;
0.0166882, 9;
0.0204235, 9;
0.0219337, 9;
0.0228488, 9;
0.0355304, 9;
0.0267098, 9;
0.0117304, 9;
0.011085, 9;
0.053953, 9;
0.0207709, 9;
0.02828, 9;
0.0235853, 9;
0.0105011, 9;
0.0154818, 9;
0.0145269, 9;
0.0267482, 9;
0.0259095, 9;
0.0105731, 9;
0.0155076, 9;
0.0417784, 9;
0.0193515, 9;
0.0233513, 9;
0.0072412, 9;
0.0151233, 9;
0.0179191, 9;
0.0155364, 9;
0.0133924, 9;
0.0152716, 9;
0.0168195, 9;
0.0132972, 9;
0.016005, 9;
0.016009, 9;
0.0154124, 9;
0.015429, 9;
0.0157841, 9;
0.0157976, 9;
0.0166367, 9;
0.0182987, 9;
0.0127825, 9;
0.018358, 9;
0.012541, 9;
0.014598, 9;
0.0174701, 9;
0.0243394, 9;
0.0210652, 9;
0.0145865, 9;
0.0162013, 9;
0.0159805, 9;
0.0138907, 9;
0.0166228, 9;
0.0145859, 9;
0.0157782, 9;
0.0162583, 9;
0.0156935, 9;
0.0159985, 9;
0.01714, 9;
0.195785, 9;
0.0364812, 9;
0.0543372, 9;
0.0120141, 9;
0.0337574, 9;
0.0193062, 9;
0.04166, 9;
0.0147722, 9;
0.0300247, 9;
0.0173739, 9;
0.0113369, 9;
0.0160697, 9;
