1.48192, 1;
0.0296586, 2;
0.0294378, 2;
0.0290391, 2;
0.0290455, 2;
0.0290499, 2;
0.0290461, 2;
0.0290448, 2;
0.0290525, 2;
0.029041, 2;
0.0290615, 2;
0.0290314, 2;
0.0290416, 2;
0.0290525, 2;
0.0290391, 2;
0.0290448, 2;
0.0290487, 2;
0.0290666, 2;
0.0290576, 2;
0.0295306, 2;
0.0290435, 2;
0.0295492, 2;
0.0295338, 2;
0.0290474, 2;
0.0290499, 2;
0.029544, 2;
0.0290448, 2;
0.0290551, 2;
0.0292324, 2;
0.0293444, 2;
0.0290487, 2;
0.0290487, 2;
0.0290474, 2;
0.0290429, 2;
0.0295588, 2;
0.0290397, 2;
0.0290589, 2;
0.0290384, 2;
0.0290339, 2;
0.0290461, 2;
0.0290755, 2;
0.0290179, 2;
0.0290576, 2;
0.0290557, 2;
0.029041, 2;
0.0290589, 2;
0.0290327, 2;
0.0295447, 2;
0.0290467, 2;
0.0290416, 2;
0.0290455, 2;
0.0290493, 2;
0.0290448, 2;
0.0295504, 2;
0.0290653, 2;
0.0290333, 2;
0.0290365, 2;
0.0290474, 2;
0.0290416, 2;
0.0290519, 2;
0.0290487, 2;
0.0295498, 2;
0.0290659, 2;
0.0290231, 2;
0.0290423, 2;
0.0290474, 2;
0.0290435, 2;
0.0290448, 2;
0.0290499, 2;
0.0290999, 2;
0.0290058, 2;
0.0290531, 2;
0.0295268, 2;
0.029546, 2;
0.0290525, 2;
0.0290384, 2;
0.029048, 2;
0.0290455, 2;
0.0290506, 2;
0.0290691, 2;
0.0290231, 2;
0.0290455, 2;
0.0290416, 2;
0.0290474, 2;
0.0290461, 2;
0.0290595, 3;
0.0295485, 3;
0.0295447, 3;
0.0295536, 3;
0.0295268, 3;
0.0295524, 3;
0.0290455, 3;
0.0295549, 3;
0.0295517, 3;
0.0295421, 3;
0.0295434, 3;
0.0295549, 3;
0.0295312, 3;
0.0290448, 3;
0.0290519, 3;
0.0290416, 3;
0.0290455, 3;
0.0295479, 3;
0.0290749, 3;
0.0290762, 3;
0.0290083, 3;
0.0295255, 3;
0.0290506, 3;
0.0295511, 3;
0.0295472, 3;
0.0290384, 3;
0.0290461, 3;
0.0290506, 3;
0.0290435, 3;
0.0290557, 3;
0.0295389, 3;
0.0295453, 3;
0.0290448, 3;
0.0295485, 3;
0.0290493, 3;
0.0290563, 3;
0.0296023, 3;
0.0294698, 3;
0.0295524, 3;
0.0295498, 3;
0.0290429, 3;
0.0295479, 3;
0.0290455, 3;
0.0295485, 3;
0.0290506, 3;
0.029041, 3;
0.0290487, 3;
0.0290954, 3;
0.029496, 3;
0.0290474, 3;
0.0290487, 3;
0.0295428, 3;
0.0290589, 3;
0.0295376, 3;
0.0295466, 3;
0.029544, 3;
0.0295479, 3;
0.0295511, 3;
0.0290487, 3;
0.0295428, 3;
0.0295568, 3;
0.0295351, 3;
0.0295504, 3;
0.0295517, 3;
0.0295389, 3;
0.0290442, 3;
0.0290493, 3;
0.029544, 3;
0.029546, 3;
0.029048, 3;
0.0290826, 3;
0.0295101, 3;
0.0290403, 3;
0.0290487, 3;
0.0290435, 3;
0.0295536, 3;
0.0290679, 3;
0.0295319, 3;
0.0295338, 3;
0.0290595, 3;
0.0295536, 4;
0.029544, 4;
0.0290314, 4;
0.0295466, 4;
0.0290448, 4;
0.029048, 4;
0.0290499, 4;
0.0311639, 4;
0.0320222, 4;
0.0294692, 4;
0.0290384, 4;
0.0290448, 4;
0.0295479, 4;
0.0290544, 4;
0.0290403, 4;
0.0290352, 4;
0.0290461, 4;
0.0290685, 4;
0.029528, 4;
0.0290429, 4;
0.0290467, 4;
0.0290455, 4;
0.0290474, 4;
0.0290557, 4;
0.0290557, 4;
0.0290359, 4;
0.0295498, 4;
0.0290301, 4;
0.0290487, 4;
0.029048, 4;
0.0290576, 4;
0.0290359, 4;
0.0290435, 4;
0.0295472, 4;
0.0290512, 4;
0.0290423, 4;
0.0290442, 4;
0.0290531, 4;
0.029544, 4;
0.0290525, 4;
0.0290327, 4;
0.0290506, 4;
0.029048, 4;
0.0290474, 4;
0.0290442, 4;
0.0295472, 4;
0.0290455, 4;
0.029057, 4;
0.0290506, 4;
0.0290378, 4;
0.0290391, 4;
0.0290487, 4;
0.0290435, 4;
0.0290461, 4;
0.0290416, 4;
0.0290519, 4;
0.0290487, 4;
0.0295453, 4;
0.0290467, 4;
0.0290429, 4;
0.0290557, 4;
0.0290378, 4;
0.0290455, 4;
0.0290461, 4;
0.0290563, 4;
0.0290346, 4;
0.0290487, 4;
0.0290455, 4;
0.0290621, 4;
0.0290352, 4;
0.0296298, 4;
0.0289629, 4;
0.0290455, 4;
0.0290442, 4;
0.0290455, 4;
0.0290474, 4;
0.0290845, 4;
0.0295095, 4;
0.0290474, 4;
0.0290538, 4;
0.0290544, 4;
0.0290365, 4;
0.0290365, 4;
0.029048, 4;
0.0290435, 4;
0.0291229, 4;
0.0298538, 4;
0.0292464, 4;
0.029466, 4;
0.0290461, 4;
0.0290435, 4;
0.0291479, 4;
0.0289399, 4;
0.0290602, 4;
0.0290397, 4;
0.0290487, 4;
0.0290397, 4;
0.0290519, 4;
0.0290455, 4;
0.0290499, 4;
0.0290435, 4;
0.0290416, 4;
0.0290474, 4;
0.0290871, 4;
0.0295069, 2;
0.0290429, 2;
0.0290442, 2;
0.0290563, 2;
0.0290391, 2;
0.0290467, 2;
0.0290621, 2;
0.0290397, 2;
0.0295466, 2;
0.0290365, 2;
0.0290493, 2;
0.0295466, 2;
0.0292464, 2;
0.0293482, 2;
0.0290423, 2;
0.0290954, 2;
0.0289789, 2;
0.0290384, 2;
0.0290416, 2;
0.0290506, 2;
0.0290435, 2;
0.0290461, 2;
0.0290429, 2;
0.0290736, 2;
0.0290288, 2;
0.0290487, 2;
0.0290519, 2;
0.0290423, 2;
0.0290461, 2;
0.0290371, 2;
0.0290691, 2;
0.0290218, 2;
0.0290544, 2;
0.0290429, 2;
0.0290423, 2;
0.0290736, 2;
0.0290352, 2;
0.0290282, 2;
0.0290467, 2;
0.0290474, 2;
0.0290461, 2;
0.029048, 2;
0.0290531, 2;
0.0285578, 2;
0.0290237, 2;
0.0290519, 2;
0.0290429, 2;
0.0290442, 2;
0.0290442, 2;
0.0290455, 2;
0.0290499, 2;
0.0290455, 2;
0.029089, 2;
0.0290083, 2;
0.0290416, 2;
0.0290506, 2;
0.0290448, 2;
0.0290557, 2;
0.0290551, 2;
0.0295677, 2;
0.0295088, 2;
0.0290461, 2;
0.0295588, 2;
0.0295607, 2;
0.0290307, 2;
0.0290359, 2;
0.0290487, 2;
0.0290474, 2;
0.0290499, 2;
0.0290391, 2;
0.0290461, 2;
0.0290423, 2;
0.0290519, 2;
0.0290467, 2;
0.0290941, 2;
0.0293911, 2;
0.0290384, 2;
0.0290493, 2;
0.0290397, 2;
0.0290474, 2;
0.0290467, 2;
0.0290467, 2;
0.029048, 2;
0.0290435, 2;
0.0290493, 2;
0.0290531, 2;
0.0290397, 2;
0.0290608, 2;
0.0290327, 2;
0.0290499, 2;
0.0290391, 2;
0.0290461, 2;
0.0290723, 2;
0.0290205, 2;
0.0290621, 2;
0.0290301, 2;
0.0290461, 2;
0.0290512, 2;
0.0290416, 2;
0.029048, 2;
0.0290429, 2;
0.0290557, 2;
0.0290423, 2;
0.0295447, 2;
0.0290461, 2;
0.0290461, 2;
0.0290467, 2;
0.029041, 2;
0.0290455, 2;
0.0290467, 2;
0.0290474, 2;
0.0290557, 2;
0.029041, 2;
0.0290467, 2;
0.029041, 2;
0.0290467, 2;
0.0290461, 2;
0.0290487, 2;
0.0290755, 2;
0.0310046, 2;
0.029057, 2;
0.0290691, 2;
0.0295242, 2;
0.0295434, 2;
0.0290512, 2;
0.0290455, 2;
0.0290474, 2;
0.0290595, 2;
0.029544, 2;
0.0290339, 2;
0.0290461, 2;
0.0290487, 2;
0.0290442, 2;
0.0290519, 2;
0.0290448, 3;
0.0298583, 3;
0.0292394, 3;
0.0295485, 3;
0.02956, 3;
0.0295261, 3;
0.0295447, 3;
0.029546, 3;
0.0295492, 3;
0.0295466, 3;
0.0295536, 3;
0.0295447, 3;
0.0290448, 3;
0.0296004, 3;
0.029496, 3;
0.029624, 3;
0.0289674, 3;
0.0295466, 3;
0.0295485, 3;
0.0295524, 3;
0.0290384, 3;
0.0295472, 3;
0.029544, 3;
0.0290506, 3;
0.0295428, 3;
0.0295536, 3;
0.0295575, 3;
0.0295389, 3;
0.029544, 3;
0.0295485, 3;
0.0295357, 3;
0.0295517, 3;
0.0295543, 3;
0.0295396, 3;
0.0295466, 3;
0.0295485, 3;
0.029601, 3;
0.0294973, 3;
0.0290435, 3;
0.0295511, 3;
0.0295396, 3;
0.0295472, 3;
0.0295466, 3;
0.0295492, 3;
0.0290551, 3;
0.0295965, 3;
0.029498, 3;
0.0295364, 3;
0.0295453, 3;
0.0295472, 3;
0.0290455, 3;
0.02956, 3;
0.0295575, 3;
0.0295338, 3;
0.0290359, 3;
0.0295748, 3;
0.0295274, 3;
0.0295447, 3;
0.0295408, 3;
0.0295479, 3;
0.029544, 3;
0.0295645, 3;
0.0301258, 3;
0.0289591, 3;
0.029546, 3;
0.0295511, 3;
0.0295351, 3;
0.0295472, 3;
0.0290455, 3;
0.0295485, 3;
0.0295709, 3;
0.0295152, 3;
0.0295549, 3;
0.0296036, 3;
0.0294896, 3;
0.0295543, 3;
0.0290544, 3;
0.0295421, 3;
0.0295517, 3;
0.0295344, 3;
0.0290429, 3;
0.029546, 3;
0.0295511, 3;
0.0295453, 3;
0.0295447, 3;
0.0295575, 3;
0.0295319, 3;
0.0300593, 3;
0.0295524, 3;
0.0295888, 3;
0.0295479, 3;
0.0294935, 3;
0.0295556, 3;
0.0295376, 3;
0.029546, 3;
0.029553, 3;
0.0295415, 3;
0.0295511, 3;
0.0295408, 3;
0.0295466, 3;
0.0295472, 3;
0.0295479, 3;
0.0290455, 3;
0.0290551, 4;
0.0290621, 4;
0.0300388, 4;
0.0295492, 4;
0.0295268, 4;
0.0290461, 4;
0.0290455, 4;
0.0290467, 4;
0.0290467, 4;
0.0290512, 4;
0.0295511, 4;
0.0290359, 4;
0.0290615, 4;
0.0290333, 4;
0.0290429, 4;
0.0290493, 4;
0.0295389, 4;
0.0290583, 4;
0.0290608, 4;
0.0290448, 4;
0.0295319, 4;
0.0290442, 4;
0.0290519, 4;
0.0290333, 4;
0.029048, 4;
0.0290467, 4;
0.0295588, 4;
0.0300554, 4;
0.0290333, 4;
0.0295485, 4;
0.0290403, 4;
0.0290595, 4;
0.0290499, 4;
0.0290301, 4;
0.0290448, 4;
0.0290487, 4;
0.029048, 4;
0.0290423, 4;
0.029048, 4;
0.0290512, 4;
0.0290461, 4;
0.0290391, 4;
0.0290487, 4;
0.0290499, 4;
0.0295568, 4;
0.0290327, 4;
0.0290487, 4;
0.0290378, 4;
0.0290602, 4;
0.0290461, 4;
0.0290435, 4;
0.0290384, 4;
0.0290461, 4;
0.0290512, 4;
0.0290391, 4;
0.0290525, 4;
0.0290525, 4;
0.0290403, 4;
0.0290416, 4;
0.0290615, 4;
0.029537, 4;
0.0290685, 4;
0.0300292, 4;
0.0290416, 4;
0.0290442, 4;
0.0290487, 4;
0.0290429, 4;
0.0290506, 4;
0.0290429, 4;
0.0290583, 4;
0.0290595, 4;
0.0295274, 4;
0.0295716, 4;
0.0290211, 4;
0.0290448, 4;
0.0290429, 4;
0.0290583, 4;
0.0290339, 4;
0.0300631, 4;
0.0290506, 4;
0.029528, 4;
0.029048, 4;
0.0295434, 4;
0.0290711, 4;
0.0290288, 4;
0.0290487, 4;
0.029048, 4;
0.029041, 4;
0.0295421, 4;
0.0290871, 4;
0.0295082, 4;
0.0290435, 4;
0.0290448, 4;
0.0290499, 4;
0.0295856, 4;
0.0290051, 4;
0.0290531, 4;
0.0290384, 4;
0.0290474, 4;
0.0290435, 4;
0.0290538, 4;
0.0290455, 4;
0.029041, 4;
0.0290525, 4;
0.0290487, 4;
0.0295364, 4;
0.0290429, 4;
0.0290525, 4;
0.0290544, 4;
0.0290378, 4;
0.0290429, 4;
0.0290467, 4;
0.0290448, 4;
0.0290493, 4;
0.0290685, 4;
0.0290282, 4;
0.029546, 4;
0.0290403, 4;
0.0290461, 4;
0.0290525, 4;
0.0290442, 4;
0.0290487, 4;
0.029041, 4;
0.0290839, 4;
0.0290122, 4;
0.0290423, 4;
0.0290499, 4;
0.0290423, 4;
0.0292932, 4;
0.0290115, 4;
0.0351302, 4;
0.0321553, 4;
0.0355353, 2;
0.0296714, 2;
0.0295447, 2;
0.0290499, 2;
0.0290423, 2;
0.0290531, 2;
0.0290583, 2;
0.0295255, 2;
0.0290864, 2;
0.0290051, 2;
0.0290455, 2;
0.0290474, 2;
0.0290467, 2;
0.0290544, 2;
0.0290359, 2;
0.0290672, 2;
0.0290269, 2;
0.0290563, 2;
0.0290346, 2;
0.0290448, 2;
0.0290499, 2;
0.0290474, 2;
0.0290455, 2;
0.0290557, 2;
0.0290557, 2;
0.0290263, 2;
0.0290423, 2;
0.0290557, 2;
0.0290391, 2;
0.0290563, 2;
0.0290423, 2;
0.0290493, 2;
0.0302109, 2;
0.029377, 2;
0.029546, 2;
0.0290499, 2;
0.0295364, 2;
0.0290519, 2;
0.0290461, 2;
0.0291082, 2;
0.0295677, 2;
0.0289674, 2;
0.029544, 2;
0.0290448, 2;
0.0290487, 2;
0.0290493, 2;
0.0291383, 2;
0.0294525, 2;
0.0290423, 2;
0.0290525, 2;
0.0290455, 2;
0.0290525, 2;
0.0295357, 2;
0.0290474, 2;
0.0290442, 2;
0.0295485, 2;
0.0290519, 2;
0.0290519, 2;
0.0295357, 2;
0.0295466, 2;
0.0290525, 2;
0.0295447, 2;
0.0290672, 2;
0.0290295, 2;
0.0295383, 2;
0.0290423, 2;
0.0295812, 2;
0.0290128, 2;
0.029048, 2;
0.0290455, 2;
0.0290474, 2;
0.0290455, 2;
0.0290493, 2;
0.0290442, 2;
0.0290448, 2;
0.029064, 2;
0.0300522, 2;
0.0290275, 2;
0.0290448, 2;
0.029048, 2;
0.0290429, 2;
0.0290442, 2;
0.0290512, 2;
0.0291274, 2;
0.0289731, 2;
0.0295364, 2;
0.029048, 2;
0.0290461, 2;
0.0290455, 2;
0.0290487, 2;
0.0295498, 2;
0.0290371, 2;
0.0295632, 2;
0.0290359, 2;
0.0295524, 2;
0.0290423, 2;
0.0290467, 2;
0.0295492, 2;
0.0290378, 2;
0.0290487, 2;
0.0290583, 2;
0.0290365, 2;
0.0295421, 2;
0.0290493, 2;
0.0290442, 2;
0.0290403, 2;
0.0290749, 2;
0.0295255, 2;
0.0290467, 2;
0.0290531, 2;
0.0290448, 2;
0.0290416, 2;
0.0290576, 2;
0.0290365, 2;
0.0290455, 2;
0.0290448, 2;
0.0290461, 2;
0.0295568, 2;
0.0290935, 2;
0.0289911, 2;
0.0290551, 2;
0.0290384, 2;
0.0290435, 2;
0.0290583, 2;
0.0295684, 2;
0.0295133, 2;
0.0290544, 2;
0.0290365, 2;
0.0290455, 2;
0.0290947, 2;
0.0289987, 2;
0.0290493, 2;
0.0290435, 2;
0.0290467, 2;
0.0291101, 2;
0.0289834, 2;
0.0295511, 2;
0.0290525, 2;
0.0301501, 2;
0.029434, 2;
0.0290416, 2;
0.0290487, 2;
0.0290461, 2;
0.0293674, 2;
0.0292324, 2;
0.0295396, 2;
0.0290461, 2;
0.0290429, 2;
0.0290448, 2;
0.0290467, 2;
0.029048, 2;
0.0290435, 2;
0.0290794, 2;
0.0295191, 2;
0.0295453, 2;
0.0290448, 2;
0.0290448, 2;
0.0290455, 2;
0.0290442, 2;
0.0290493, 2;
0.0290499, 2;
0.0290659, 2;
0.0295229, 2;
0.0290448, 2;
0.0290455, 2;
0.0290595, 2;
0.0290346, 2;
0.0290557, 2;
0.0295511, 2;
0.0298333, 2;
0.0292516, 2;
0.0295421, 2;
0.0290474, 2;
0.0290506, 2;
0.0290583, 2;
0.029537, 2;
0.0290551, 2;
0.0295325, 2;
0.0295485, 2;
0.0290442, 2;
0.0290762, 2;
0.029546, 2;
0.0290301, 2;
0.0290378, 2;
0.0290435, 2;
0.0295447, 2;
0.0290845, 2;
0.0295466, 2;
0.0295504, 2;
0.0295332, 2;
0.0290557, 2;
0.0290391, 2;
0.0290448, 2;
0.0290493, 2;
0.0290525, 2;
0.0301233, 2;
0.0294634, 2;
0.0290429, 2;
0.0290775, 2;
0.0295268, 2;
0.0295364, 2;
0.0290474, 2;
0.0290448, 2;
0.0295549, 2;
0.0290512, 2;
0.0290282, 2;
0.0290519, 2;
0.0290461, 2;
0.0290455, 2;
0.0295741, 2;
0.0295191, 2;
0.0295479, 2;
0.0295472, 2;
0.0295472, 2;
0.0290499, 2;
0.0291972, 2;
0.0288963, 2;
0.0290423, 2;
0.0295453, 2;
0.0290448, 2;
0.0290762, 2;
0.0295274, 2;
0.029537, 2;
0.0290467, 2;
0.0290435, 2;
0.0290467, 2;
0.0290455, 2;
0.0290672, 2;
0.0290627, 2;
0.0290211, 2;
0.0295383, 2;
0.0295517, 2;
0.0295396, 2;
0.029544, 2;
0.0290493, 2;
0.0295492, 2;
0.0300477, 2;
0.029544, 2;
0.0295632, 2;
0.0295607, 2;
0.0290173, 2;
0.0290467, 2;
0.0290461, 2;
0.0290461, 2;
0.0291927, 2;
0.0300298, 2;
0.0294269, 2;
0.0290883, 2;
0.0295063, 2;
0.0290435, 2;
0.0290583, 2;
0.0290288, 2;
0.0295485, 2;
0.0290429, 2;
0.0290512, 2;
0.0295517, 2;
0.0290359, 2;
0.0290563, 2;
0.0295415, 2;
0.0290423, 2;
0.0295428, 2;
0.0290493, 2;
0.0290506, 2;
0.029544, 2;
0.0290525, 2;
0.0295479, 2;
0.0290371, 2;
0.0295748, 2;
0.0295204, 2;
0.0295453, 2;
0.0295466, 2;
0.0295485, 2;
0.0290544, 2;
0.0295428, 2;
0.029496, 2;
0.0290487, 2;
0.0295383, 2;
0.0295447, 2;
0.0290461, 2;
0.0290467, 2;
0.029057, 2;
0.0290768, 2;
0.0295024, 2;
0.0290423, 2;
0.0290499, 2;
0.0290435, 2;
0.029057, 2;
0.0290429, 2;
0.0295613, 2;
0.0295447, 2;
0.0295773, 2;
0.0294922, 2;
0.0290775, 2;
0.0295216, 2;
0.0290467, 2;
0.0295492, 2;
0.0295492, 2;
0.0290467, 2;
0.0290487, 2;
0.0295396, 2;
0.0295607, 2;
0.0290333, 2;
0.0290576, 2;
0.029032, 2;
0.0295607, 2;
0.028545, 2;
0.0290423, 2;
0.0295428, 2;
0.0290429, 2;
0.0290455, 2;
0.0290461, 2;
0.0290525, 2;
0.0290512, 2;
0.029553, 2;
0.0290333, 2;
0.0290474, 2;
0.0295402, 2;
0.0290448, 2;
0.02956, 2;
0.0295588, 2;
0.02953, 2;
0.0290397, 2;
0.0290506, 2;
0.0295492, 2;
0.029544, 2;
0.0290743, 2;
0.0295172, 2;
0.0290499, 2;
0.0290435, 2;
0.0290467, 2;
0.0290467, 2;
0.0295511, 2;
0.0290512, 2;
0.0295383, 2;
0.0295447, 2;
0.0295562, 2;
0.0290391, 2;
0.0290474, 2;
0.0290448, 2;
0.0295466, 2;
0.0295588, 2;
0.0290339, 2;
0.029544, 2;
0.0290467, 2;
0.0290455, 2;
0.0290531, 2;
0.029537, 2;
0.0295556, 2;
0.0295876, 2;
0.0295191, 2;
0.0290288, 2;
0.0295485, 2;
0.0295562, 2;
0.0290333, 2;
0.0295492, 2;
0.0295492, 2;
0.0290448, 2;
0.0290519, 2;
0.0290551, 2;
0.0295344, 2;
0.029041, 2;
0.0290487, 2;
0.0295492, 2;
0.0295485, 2;
0.0290416, 2;
0.0295652, 2;
0.0295319, 2;
0.029553, 2;
0.0295408, 2;
0.0290448, 2;
0.029546, 2;
0.0295472, 2;
0.0290435, 2;
0.0290487, 2;
0.0290461, 2;
0.0290538, 2;
0.0300401, 2;
0.0290455, 2;
0.0290672, 2;
0.0290346, 2;
0.029544, 2;
0.0290429, 2;
0.0290781, 2;
0.0295172, 2;
0.0295434, 2;
0.0295504, 2;
0.0290467, 2;
0.0290435, 2;
0.0290525, 2;
0.0290423, 2;
0.029544, 2;
0.0290538, 2;
0.0295492, 2;
0.030042, 2;
0.0295447, 2;
0.0295472, 2;
0.0295517, 2;
0.0295408, 2;
0.029048, 2;
0.0290429, 2;
0.029057, 2;
0.0295376, 2;
0.0295498, 2;
0.0295402, 2;
0.0290467, 2;
0.0290736, 2;
0.0290237, 2;
0.0290448, 2;
0.0290487, 2;
0.0295594, 2;
0.0295421, 2;
0.0295434, 2;
0.0295402, 2;
0.0290474, 2;
0.0295511, 2;
0.0295396, 2;
0.0295524, 2;
0.0290608, 2;
0.0295383, 2;
0.029537, 2;
0.0295466, 2;
0.0290634, 2;
0.0295415, 2;
0.0290832, 2;
0.0295082, 2;
0.0290416, 2;
0.0295652, 2;
0.0295351, 2;
0.0290743, 2;
0.0295159, 2;
0.0290512, 2;
0.0290435, 2;
0.0290448, 2;
0.0290435, 2;
0.0295722, 2;
0.0295261, 2;
0.029544, 2;
0.0290685, 2;
0.0295319, 2;
0.0290499, 2;
0.0290384, 2;
0.0290448, 2;
0.0290467, 2;
0.0290487, 2;
0.0295492, 2;
0.0290429, 2;
0.0295453, 2;
0.0295434, 2;
0.0290506, 2;
0.0290461, 2;
0.0295549, 2;
0.0295447, 2;
0.0295492, 2;
0.0295383, 2;
0.030058, 2;
0.0290378, 2;
0.0290461, 2;
0.0295735, 2;
0.0295184, 2;
0.0290557, 2;
0.0295479, 2;
0.0295466, 2;
0.0290359, 2;
0.0290531, 2;
0.0290384, 2;
0.0290506, 2;
0.029544, 2;
0.0295626, 2;
0.0295485, 2;
0.029073, 2;
0.0295056, 2;
0.0290551, 2;
0.0295389, 2;
0.029544, 2;
0.0295524, 2;
0.029546, 2;
0.0295434, 2;
0.0295562, 2;
0.0290378, 2;
0.0295453, 2;
0.0290525, 2;
0.0295415, 2;
0.0290493, 2;
0.0290423, 2;
0.0290538, 2;
0.0295562, 2;
0.0300426, 2;
0.0295415, 2;
0.0295492, 2;
0.0290448, 2;
0.0295492, 2;
0.0295492, 2;
0.0290506, 2;
0.0290384, 2;
0.0295504, 2;
0.0290544, 2;
0.0295562, 2;
0.0295325, 2;
0.0295735, 2;
0.0295204, 2;
0.029544, 2;
0.0295504, 2;
0.0295408, 2;
0.0290499, 2;
0.0290455, 2;
0.029546, 2;
0.0295492, 2;
0.0295543, 2;
0.0290384, 2;
0.029546, 2;
0.0295524, 2;
0.0290525, 2;
0.029041, 2;
0.0295453, 2;
0.0295396, 2;
0.029553, 2;
0.0295389, 2;
0.0290461, 2;
0.029546, 2;
0.0295472, 2;
0.0290525, 2;
0.0295376, 2;
0.0295524, 2;
0.029546, 2;
0.0290608, 2;
0.0295492, 2;
0.0295332, 2;
0.0295415, 2;
0.0296061, 2;
0.0294909, 2;
0.0290544, 2;
0.0295408, 2;
0.0295792, 2;
0.0295191, 2;
0.0290442, 2;
0.0295453, 2;
0.029544, 2;
0.0295511, 2;
0.0295485, 2;
0.0295415, 2;
0.0290461, 2;
0.0295946, 2;
0.0295063, 2;
0.0290391, 2;
0.0290423, 2;
0.0295472, 2;
0.0295588, 2;
0.0290448, 2;
0.0295434, 2;
0.0295536, 2;
0.029544, 2;
0.0295447, 2;
0.0295453, 2;
0.0295568, 2;
0.0290416, 2;
0.0295453, 2;
0.0295498, 2;
0.0290384, 2;
0.0295479, 2;
0.0295408, 2;
0.0290589, 2;
0.0295696, 2;
0.0295172, 2;
0.029546, 2;
0.0290525, 2;
0.0295389, 2;
0.0295517, 2;
0.0295466, 2;
0.0290435, 2;
0.0295408, 2;
0.0296266, 2;
0.0294788, 2;
0.0295562, 2;
0.0295344, 2;
0.0295421, 2;
0.0290455, 2;
0.0290461, 2;
0.0290461, 2;
0.0295498, 2;
0.02956, 2;
0.0295402, 2;
0.0295466, 2;
0.0290429, 2;
0.0290544, 2;
0.0296151, 2;
0.029473, 2;
0.0290531, 2;
0.0295402, 2;
0.0295492, 2;
0.0295402, 2;
0.0295466, 2;
0.0295447, 2;
0.0295556, 2;
0.0295421, 2;
0.0295517, 2;
0.0295357, 2;
0.02956, 2;
0.0295421, 2;
0.0295402, 2;
0.0295645, 2;
0.0295306, 2;
0.0295472, 2;
0.0295479, 2;
0.0290455, 2;
0.029546, 2;
0.0295575, 2;
0.0295364, 2;
0.029048, 2;
0.0295466, 2;
0.0290435, 2;
0.0295466, 2;
0.0295908, 2;
0.030017, 2;
0.0295626, 2;
0.0295255, 2;
0.0295447, 2;
0.0295562, 2;
0.0295338, 2;
0.0295536, 2;
0.0295453, 2;
0.0295434, 2;
0.0290474, 2;
0.029553, 2;
0.0295421, 2;
0.029544, 2;
0.0295485, 2;
0.0295479, 2;
0.0295402, 2;
0.0295607, 2;
0.0295428, 2;
0.0295703, 2;
0.0295204, 2;
0.0295485, 2;
0.0295568, 2;
0.0290288, 2;
0.0290666, 2;
0.0290307, 2;
0.0290474, 2;
0.0295453, 2;
0.0295536, 2;
0.0295498, 2;
0.0291107, 2;
0.0294788, 2;
0.0295472, 2;
0.0295415, 2;
0.0295492, 2;
0.029041, 2;
0.0295524, 2;
0.0295472, 2;
0.0295536, 2;
0.0295364, 2;
0.0295447, 2;
0.0295799, 2;
0.0295223, 2;
0.0295434, 2;
0.029048, 2;
0.0295472, 2;
0.0295466, 2;
0.0295754, 2;
0.0295293, 2;
0.029537, 2;
0.029544, 2;
0.0295479, 2;
0.0290435, 2;
0.0295613, 2;
0.0295344, 2;
0.029546, 2;
0.029546, 2;
0.0295485, 2;
0.0295562, 2;
0.0295396, 2;
0.0295517, 2;
0.0290538, 2;
0.0290531, 2;
0.0295332, 2;
0.0295428, 2;
0.0290525, 2;
0.0295447, 2;
0.0295479, 2;
0.029544, 2;
0.0295408, 2;
0.0295536, 2;
0.0295453, 2;
0.0295479, 2;
0.0295479, 2;
0.0290442, 2;
0.0295498, 2;
0.0295504, 2;
0.0295408, 2;
0.029562, 2;
0.029041, 2;
0.0295466, 2;
0.0290384, 2;
0.0290423, 2;
0.0295504, 2;
0.0295434, 2;
0.0295607, 2;
0.02953, 2;
0.0290538, 2;
0.0295434, 2;
0.029048, 2;
0.0295472, 2;
0.029562, 2;
0.0295485, 2;
0.0295594, 2;
0.0295242, 2;
0.0295498, 2;
0.0295421, 2;
0.029544, 2;
0.0295447, 2;
0.0295479, 2;
0.0295556, 2;
0.029546, 2;
0.0295415, 2;
0.0295447, 2;
0.0290551, 2;
0.0295383, 2;
0.0295504, 2;
0.0295466, 2;
0.0295703, 2;
0.0295255, 2;
0.0295447, 2;
0.0295524, 2;
0.0295389, 2;
0.0295626, 2;
0.0295325, 2;
0.029553, 2;
0.0290423, 2;
0.0295556, 2;
0.0290371, 2;
0.029544, 2;
0.0295536, 2;
0.0293533, 2;
0.028737, 2;
0.0295588, 2;
0.0295344, 2;
0.0290474, 2;
0.0295472, 2;
0.0295472, 2;
0.029546, 2;
0.0290583, 2;
0.0295421, 2;
0.0295396, 2;
0.0295453, 2;
0.0295741, 2;
0.0295306, 2;
0.0295389, 2;
0.0295434, 2;
0.0295556, 2;
0.0297162, 2;
0.0293789, 2;
0.0295421, 2;
0.0295408, 2;
0.0295511, 2;
0.0295396, 2;
0.0295524, 2;
0.0295479, 2;
0.0295428, 2;
0.0290519, 2;
0.029544, 2;
0.0295447, 2;
0.0295485, 2;
0.0290487, 2;
0.0295498, 2;
0.0295408, 2;
0.0295536, 2;
0.0295408, 2;
0.0295447, 2;
0.029546, 2;
0.0295472, 2;
0.0295652, 2;
0.0295274, 2;
0.0295536, 2;
0.0295428, 2;
0.0295434, 2;
0.0295626, 2;
0.0295357, 2;
0.0295479, 2;
0.0295453, 2;
0.0295524, 2;
0.0297284, 2;
0.0293604, 2;
0.0295453, 2;
0.029578, 2;
0.0295261, 2;
0.0290397, 2;
0.029553, 2;
0.0295472, 2;
0.0295428, 2;
0.0295492, 2;
0.0290787, 2;
0.0295069, 2;
0.0290512, 2;
0.0295524, 2;
0.029553, 2;
0.0295351, 2;
0.0295466, 2;
0.029546, 2;
0.0295485, 2;
0.0295434, 2;
0.02956, 2;
0.0295389, 2;
0.0295447, 2;
0.0295466, 2;
0.0295485, 2;
0.0295466, 2;
0.0295472, 2;
0.0295485, 2;
0.0300548, 2;
0.0295402, 2;
0.0295517, 2;
0.0295396, 2;
0.0295434, 2;
0.0295575, 2;
0.0295383, 2;
0.0290423, 2;
0.0295914, 2;
0.0300189, 2;
0.0295364, 2;
0.0295549, 2;
0.0295408, 2;
0.0295498, 2;
0.0290506, 2;
0.0295549, 2;
0.0295447, 2;
0.0295332, 2;
0.0295703, 2;
0.0295274, 2;
0.0295434, 2;
0.0295466, 2;
0.0295479, 2;
0.0295479, 2;
0.0295472, 2;
0.029544, 2;
0.0295517, 2;
0.0290435, 2;
0.0295716, 2;
0.029521, 2;
0.0295492, 2;
0.0295408, 2;
0.0295556, 2;
0.0295434, 2;
0.0287075, 2;
0.0313892, 2;
0.028865, 2;
0.0297277, 2;
0.029544, 2;
0.0295472, 2;
0.0295575, 2;
0.0295351, 2;
0.0295472, 2;
0.029553, 2;
0.0290442, 2;
0.029576, 2;
0.0295236, 2;
0.0295549, 2;
0.0295287, 2;
0.0295492, 2;
0.0295492, 2;
0.0295466, 2;
0.0295901, 2;
0.0295012, 2;
0.0295498, 2;
0.0295453, 2;
0.0295466, 2;
0.0295472, 2;
0.029553, 2;
0.0295415, 2;
0.0295485, 2;
0.0290455, 2;
0.029546, 2;
0.0297546, 2;
0.0293258, 2;
0.0290615, 2;
0.0295325, 2;
0.0295453, 2;
0.02969, 2;
0.0289021, 2;
0.0295472, 2;
0.0295511, 2;
0.0295434, 2;
0.0295472, 2;
0.0295479, 2;
0.0295466, 2;
0.0295562, 2;
0.0297604, 2;
0.0298301, 2;
0.029041, 2;
0.0295466, 2;
0.0295453, 2;
0.0295434, 2;
0.0295543, 2;
0.0295453, 2;
0.0295703, 2;
0.0295236, 2;
0.0290551, 2;
0.0295434, 2;
0.0295408, 2;
0.0295773, 2;
0.0295421, 2;
0.029521, 2;
0.0295549, 2;
0.0295498, 2;
0.029544, 2;
0.0295383, 2;
0.0295543, 2;
0.029544, 2;
0.0295408, 2;
0.0295504, 2;
0.0295568, 2;
0.0295389, 2;
0.0295472, 2;
0.0295652, 4;
0.0340364, 9;
0.0255356, 9;
0.0255458, 9;
0.0255586, 9;
0.0255253, 9;
0.0255362, 9;
0.0255484, 9;
0.0260399, 9;
0.025533, 9;
0.025542, 9;
0.025542, 9;
0.0255388, 9;
0.0255439, 9;
0.0255349, 9;
0.0255426, 9;
0.0255426, 9;
0.0255407, 9;
0.0255669, 9;
0.0255113, 9;
0.0255426, 9;
0.0255413, 9;
0.0255484, 9;
0.0255324, 9;
0.0255573, 9;
0.0255253, 9;
0.0255426, 9;
0.0255388, 9;
0.0255401, 9;
0.0255401, 9;
0.0255362, 9;
0.025574, 9;
0.0255074, 9;
0.0255426, 9;
0.0255433, 9;
0.0255458, 9;
0.0255362, 9;
0.0255413, 9;
0.0255541, 9;
0.025533, 9;
0.0255426, 9;
0.0255381, 9;
0.0255349, 9;
0.0255452, 9;
0.0255369, 9;
0.0255401, 9;
0.0255452, 9;
0.0255484, 9;
0.0255298, 9;
0.0255407, 9;
0.0255407, 9;
0.0255797, 9;
0.0254985, 9;
0.0255465, 9;
0.0255343, 9;
0.0255433, 9;
0.0255785, 9;
0.0255049, 9;
0.025629, 9;
0.0254517, 9;
0.0255407, 9;
0.0255324, 9;
0.0255484, 9;
0.0255433, 9;
0.0255375, 9;
0.0255349, 9;
0.0255426, 9;
0.0255561, 9;
0.0255311, 9;
0.0255497, 9;
0.0255317, 9;
0.0255401, 9;
0.0255452, 9;
0.0255337, 9;
0.0255439, 9;
0.025542, 9;
0.0255381, 9;
0.0255356, 9;
0.0255458, 9;
0.0255362, 9;
0.0255394, 9;
0.0255458, 9;
0.0260367, 9;
0.0255439, 9;
0.0255394, 9;
0.0255375, 9;
0.0255458, 9;
0.0255669, 9;
0.0255119, 9;
0.0255445, 9;
0.0255356, 9;
0.0255401, 9;
0.025542, 9;
0.0255509, 9;
0.0255593, 9;
0.0255317, 9;
0.0255708, 9;
0.0254844, 9;
0.0255452, 9;
0.0255401, 9;
0.0255401, 9;
0.0255445, 9;
0.0255362, 9;
0.0255407, 9;
0.0255401, 9;
0.0255618, 9;
0.0255785, 9;
0.0254882, 9;
0.0255413, 9;
0.0255369, 9;
0.0255413, 9;
0.0255484, 9;
0.0255317, 9;
0.025542, 9;
0.0255413, 9;
0.0255445, 9;
0.0255356, 9;
0.0255465, 9;
0.0255343, 9;
0.0255465, 9;
0.0255324, 9;
0.0255471, 9;
0.0255394, 9;
0.0255484, 9;
0.0255349, 9;
0.0256117, 9;
0.0260124, 9;
0.0260214, 9;
0.0255093, 9;
0.0255471, 9;
0.0255375, 9;
0.0255407, 9;
0.0255381, 9;
0.0255439, 9;
0.0255714, 9;
0.02551, 9;
0.0255388, 9;
0.0255433, 9;
0.0255362, 9;
0.0255497, 9;
0.0255433, 9;
0.0255522, 9;
0.0255343, 9;
0.0255343, 9;
0.0255426, 9;
0.0255362, 9;
0.0255413, 9;
0.0255381, 9;
0.0255426, 9;
0.0255413, 9;
0.0255375, 9;
0.0255618, 9;
0.0255215, 9;
0.0255401, 9;
0.0260431, 9;
0.0255401, 9;
0.0255375, 9;
0.0255471, 9;
0.0255349, 9;
0.025542, 9;
0.0256143, 9;
0.0254543, 9;
0.0255388, 9;
0.025542, 9;
0.0255657, 9;
0.0255209, 9;
0.0255375, 9;
0.0255375, 9;
0.0255413, 9;
0.0255362, 9;
0.0255522, 9;
0.0255381, 9;
0.0255356, 9;
0.0255381, 9;
0.0255605, 9;
0.0255362, 9;
0.0255413, 9;
0.0255317, 9;
0.0255407, 9;
0.0255522, 9;
0.0260335, 9;
0.0255401, 9;
0.0255407, 9;
0.0255317, 9;
0.0257346, 9;
0.0253628, 9;
0.0255279, 9;
0.0255445, 9;
0.0255362, 9;
0.0255394, 9;
0.0255426, 9;
0.0255381, 9;
0.0255471, 9;
0.025542, 9;
0.0256745, 9;
0.0269008, 9;
0.025542, 9;
0.0256105, 9;
0.0254684, 9;
0.025542, 9;
0.0255401, 9;
0.0255381, 9;
0.0255413, 9;
0.0255509, 9;
0.0256975, 9;
0.0253775, 9;
0.0255439, 9;
0.0255381, 9;
0.0255413, 9;
0.0255804, 9;
0.0255125, 9;
0.0255842, 9;
0.0254953, 9;
0.0255381, 9;
0.0255407, 9;
0.0255349, 9;
0.0255369, 9;
0.0255413, 9;
0.0255503, 9;
0.0255317, 9;
0.0255388, 9;
0.0255426, 9;
0.0255343, 9;
0.0255509, 9;
0.0255394, 9;
0.0255356, 9;
0.0255394, 9;
0.0255503, 9;
0.0262351, 9;
0.0263388, 9;
0.0255426, 9;
0.0255381, 9;
0.0255407, 9;
0.0255612, 9;
0.0255189, 9;
0.0255413, 9;
0.0255375, 9;
0.0255445, 9;
0.0255413, 9;
0.0255394, 9;
0.0255433, 9;
0.0255394, 9;
0.025549, 9;
0.0255324, 9;
0.0255509, 9;
0.0255445, 9;
0.0255413, 9;
0.0255279, 9;
0.0255362, 9;
0.0255407, 9;
0.0255573, 9;
0.0255247, 9;
0.0255535, 9;
0.0255362, 9;
0.0255305, 9;
0.0255426, 9;
0.0255394, 9;
0.0255644, 9;
0.0255157, 9;
0.025542, 9;
0.0255394, 9;
0.0255426, 9;
0.0255394, 9;
0.0255503, 9;
0.025558, 9;
0.0255209, 9;
0.0255356, 9;
0.0255388, 9;
0.0255407, 9;
0.0255381, 9;
0.0255388, 9;
0.0255413, 9;
0.0255477, 9;
0.0255426, 9;
0.0255484, 9;
0.0255253, 9;
0.025542, 9;
0.0255413, 9;
0.0255612, 9;
0.0255285, 9;
0.0255497, 9;
0.0255266, 9;
0.0256341, 9;
0.0264783, 9;
0.0255081, 9;
0.025542, 9;
0.0255394, 9;
0.025542, 9;
0.0255529, 9;
0.0255311, 9;
0.0255381, 9;
0.0255567, 9;
0.0255279, 9;
0.0255471, 9;
0.0255311, 9;
0.0255439, 9;
0.025542, 9;
0.0255381, 9;
0.0256015, 9;
0.025983, 9;
0.0255369, 9;
0.0255541, 9;
0.0255343, 9;
0.0260495, 9;
0.0257481, 9;
0.0263151, 9;
0.0255394, 9;
0.0255407, 9;
0.0255388, 9;
0.0255401, 9;
0.0255465, 9;
0.0255433, 9;
0.0255401, 9;
0.0255369, 9;
0.0255413, 9;
0.0255657, 9;
0.0255305, 9;
0.0255279, 9;
0.0255407, 9;
0.0255413, 9;
0.0255369, 9;
0.0255938, 9;
0.0259932, 9;
0.0255413, 9;
0.0255388, 9;
0.0255381, 9;
0.025542, 9;
0.0255413, 9;
0.0255381, 9;
0.0255426, 9;
0.0255497, 9;
0.0255324, 9;
0.0255471, 9;
0.0255324, 9;
0.0255484, 9;
0.0255426, 9;
0.0255701, 9;
0.0255004, 9;
0.0255516, 9;
0.0255292, 9;
0.0255465, 9;
0.0255612, 9;
0.0255151, 9;
0.0260431, 9;
0.025542, 9;
0.0255445, 9;
0.0255381, 9;
0.0255791, 9;
0.0255023, 9;
0.0255433, 9;
0.0255407, 9;
0.0260476, 9;
0.0255509, 9;
0.025533, 9;
0.0255349, 9;
0.0255452, 9;
0.0255407, 9;
0.0255433, 9;
0.0255439, 9;
0.0255311, 9;
0.0256886, 9;
0.0258966, 9;
0.0255407, 9;
0.0255401, 9;
0.0255375, 9;
0.0255439, 9;
0.0255433, 9;
0.0255375, 9;
0.0255362, 9;
0.0255567, 9;
0.0255535, 9;
0.0275267, 9;
0.0255362, 9;
0.0255388, 9;
0.0255433, 9;
0.0255394, 9;
0.025542, 9;
0.0255388, 9;
0.0255413, 9;
0.0255439, 9;
0.0255388, 9;
0.0255445, 9;
0.0255356, 9;
0.0255401, 9;
0.0255439, 9;
0.0255637, 9;
0.0257417, 9;
0.0258185, 9;
0.0255356, 9;
0.0255605, 9;
0.0255189, 9;
0.0255413, 9;
0.0255433, 9;
0.0255394, 9;
0.0255394, 9;
0.0255401, 9;
0.0255439, 9;
0.0255388, 9;
0.0255401, 9;
0.0255445, 9;
0.0255612, 9;
0.0255138, 9;
0.0255548, 9;
0.0255311, 9;
0.0255369, 9;
0.0255477, 9;
0.0255375, 9;
0.0255413, 9;
0.0257346, 9;
0.0253749, 9;
0.0255081, 9;
0.0255388, 9;
0.0255407, 9;
0.0255413, 9;
0.0255375, 9;
0.0255426, 9;
0.025542, 9;
0.0255401, 9;
0.0255433, 9;
