0.104132;
0.100653;
0.100659;
0.10065;
0.100656;
0.100662;
0.100655;
0.100659;
0.100676;
0.100659;
0.100644;
0.10067;
0.100656;
0.100668;
0.100666;
0.10065;
0.10066;
0.100664;
0.100663;
0.10067;
0.100651;
0.100656;
0.100669;
0.100663;
0.100658;
0.100668;
0.100658;
0.100678;
0.100647;
0.100672;
0.100644;
0.100675;
0.100652;
0.100663;
0.100673;
0.100657;
0.100666;
0.100665;
0.100655;
0.10067;
0.100656;
0.100665;
0.100679;
0.100632;
0.100666;
0.100665;
0.100666;
0.100666;
0.100655;
0.10068;
0.100647;
0.100663;
0.100672;
0.100656;
0.100669;
0.100656;
0.100658;
0.100664;
0.100666;
0.100663;
0.100661;
0.100665;
0.100682;
0.100647;
0.100663;
0.100655;
0.100661;
0.100672;
0.10065;
0.100666;
0.100665;
0.100663;
0.100665;
0.100658;
0.100698;
0.100662;
0.100645;
0.100656;
0.100658;
0.100667;
0.100672;
0.100654;
0.100657;
0.100663;
0.100666;
0.100663;
0.100672;
0.100661;
0.100669;
0.100655;
0.10067;
0.10066;
0.10066;
0.100668;
0.100659;
0.100648;
0.100666;
0.100659;
0.100665;
0.100666;
0.100672;
0.101167;
0.100649;
0.100671;
0.100657;
0.100663;
0.100677;
0.100654;
0.100666;
0.100659;
0.100663;
0.100672;
0.100666;
0.100675;
0.10065;
0.100662;
0.100658;
0.100662;
0.100668;
0.100672;
0.100659;
0.10067;
0.100645;
0.100673;
0.100661;
0.100656;
0.100662;
0.100664;
0.100679;
0.100647;
0.100665;
0.10068;
0.100647;
0.100668;
0.100684;
0.100638;
0.10117;
0.100657;
0.100664;
0.100673;
0.10066;
0.10067;
0.100641;
0.100665;
0.100668;
0.100658;
0.100667;
0.100666;
0.100656;
0.100664;
0.100667;
0.100666;
0.100663;
0.100655;
0.100678;
0.100663;
0.100661;
0.100665;
0.100657;
0.10067;
0.10067;
0.100657;
0.100662;
0.100661;
0.100668;
0.100687;
0.100636;
0.100665;
0.100661;
0.100672;
0.100686;
0.100631;
0.100667;
0.100668;
0.100655;
0.100671;
0.100666;
0.100658;
0.100667;
0.100659;
0.100679;
0.100645;
0.100664;
0.100665;
0.100663;
0.100675;
0.100665;
0.100657;
0.100659;
0.100666;
0.10066;
0.100681;
0.100643;
0.100679;
0.100652;
0.100677;
0.100656;
0.100661;
0.100656;
0.100664;
0.100666;
0.100673;
0.100668;
0.100649;
0.100663;
0.100663;
0.100685;
0.100658;
0.10065;
0.100662;
0.100674;
0.100659;
0.100612;
0.100672;
0.100656;
0.100663;
0.100668;
0.10066;
0.100664;
0.100675;
0.100656;
0.100671;
0.100656;
0.100663;
0.100668;
0.100665;
0.100659;
0.100662;
0.10067;
0.100656;
0.100668;
0.100666;
0.100672;
0.100659;
0.100658;
0.100664;
0.100658;
0.100669;
0.100657;
0.100679;
0.100654;
0.100656;
0.100663;
0.100663;
0.100675;
0.100671;
0.100647;
0.100673;
0.100656;
0.100682;
0.101148;
0.100661;
0.100679;
0.100647;
0.100669;
0.100656;
0.100662;
0.100665;
0.100669;
0.100663;
0.100661;
0.100654;
0.100672;
0.100657;
0.100661;
0.100682;
0.100652;
0.100659;
0.100661;
0.100668;
0.100718;
0.100607;
0.100674;
0.100656;
0.100657;
0.100668;
0.100658;
0.100676;
0.100666;
0.100659;
0.100658;
0.100659;
0.100663;
0.100673;
0.100659;
0.100667;
0.100654;
0.100666;
0.100665;
0.100663;
0.100666;
0.100672;
0.100657;
0.10066;
0.100665;
0.100662;
0.100673;
0.100663;
0.100678;
0.10065;
0.100656;
0.100659;
0.100665;
0.100664;
0.10067;
0.100658;
0.100661;
0.100664;
0.100666;
0.100659;
0.10066;
0.100687;
0.100672;
0.10065;
0.100658;
0.100746;
0.100572;
0.100689;
0.100633;
0.100658;
0.100656;
0.100663;
0.100668;
0.100666;
0.100655;
0.100682;
0.100647;
0.100666;
0.100673;
0.100655;
0.100666;
0.103486;
0.100842;
0.100659;
0.100659;
0.100662;
0.100666;
0.100673;
0.10065;
0.100736;
0.102101;
0.100674;
0.100907;
0.103928;
0.100983;
0.118248;
0.120301;
0.101168;
0.100659;
0.100664;
0.100658;
0.10067;
0.100662;
0.100663;
0.100664;
0.100664;
0.100668;
0.101116;
0.100718;
0.10082;
0.100512;
0.100658;
0.100661;
0.100661;
0.100659;
0.100664;
0.100661;
0.100675;
0.100652;
0.10067;
0.100655;
0.100666;
0.100665;
0.100668;
0.100664;
0.100661;
0.100659;
0.100662;
0.100665;
0.100664;
0.101182;
0.10065;
0.100668;
0.100656;
0.100681;
0.106982;
0.100339;
0.100675;
0.100672;
0.100647;
0.100663;
0.100661;
0.100662;
0.100669;
0.100665;
0.100683;
0.100647;
0.100661;
0.100666;
0.100666;
0.100657;
0.101167;
0.100673;
0.100666;
0.100654;
0.10093;
0.100402;
0.100683;
0.101177;
0.101024;
0.101272;
0.101163;
0.100658;
0.100668;
0.100666;
0.100665;
0.100666;
0.100653;
0.100667;
0.100661;
0.100673;
0.100685;
0.100629;
0.101127;
0.101441;
0.100668;
0.100655;
0.100679;
0.100657;
0.100673;
0.100649;
0.100663;
0.100667;
0.100657;
0.100699;
0.100626;
0.100698;
0.100646;
0.100648;
0.100674;
0.10066;
0.100661;
0.100663;
0.100679;
0.100643;
0.100661;
0.100665;
0.100661;
0.101484;
0.100357;
0.100673;
0.10066;
0.100672;
0.100646;
0.100666;
0.10066;
0.10068;
0.100648;
0.100663;
0.100663;
0.100683;
0.100745;
0.100574;
0.100661;
0.100665;
0.100664;
0.100652;
0.100663;
0.100671;
0.100663;
0.100661;
0.100662;
0.100665;
0.100663;
0.100668;
0.100612;
0.100665;
0.100659;
0.100661;
0.100672;
0.100657;
0.100663;
0.100666;
0.100673;
0.100651;
0.10067;
0.100659;
0.100668;
0.100664;
0.100685;
0.10065;
0.100683;
0.100645;
0.100655;
0.100667;
0.100683;
0.100639;
0.100661;
0.100681;
0.100986;
0.101826;
0.100679;
0.100648;
0.106064;
0.103319;
0.100632;
0.100655;
0.100681;
0.10064;
0.100676;
0.100646;
0.100668;
0.10066;
0.101984;
0.100371;
0.102437;
0.100899;
0.101137;
0.100653;
0.100659;
0.100831;
0.10051;
0.100657;
0.100725;
0.100599;
0.100663;
0.100661;
0.100668;
0.100665;
0.100656;
0.100676;
0.101466;
0.100896;
0.100614;
0.100663;
0.100676;
0.100651;
0.100663;
0.100782;
0.101046;
0.100667;
0.100657;
0.100667;
0.100671;
0.10066;
0.101992;
0.100842;
0.100651;
0.100664;
0.10067;
0.100664;
0.100654;
0.101445;
0.100894;
0.100655;
0.100677;
0.10066;
0.100649;
0.100673;
0.101056;
0.104276;
0.119502;
0.158828;
0.129979;
0.105535;
0.100664;
0.100664;
0.10232;
0.102015;
0.104967;
0.106867;
0.144564;
0.197196;
0.24715;
0.184472;
0.140613;
0.100666;
0.100661;
0.102747;
0.153672;
0.100716;
0.100595;
0.10068;
0.100644;
0.105998;
0.119893;
0.100771;
0.101546;
0.100662;
0.100657;
0.100657;
0.100668;
0.100662;
0.10068;
0.100646;
0.100663;
0.100672;
0.100901;
0.100415;
0.100663;
0.100663;
0.100671;
0.100664;
0.100659;
0.100674;
0.100653;
0.100661;
0.100676;
0.100661;
0.102079;
0.101749;
0.100656;
0.100668;
0.100666;
0.100656;
0.100675;
0.101152;
0.100668;
0.101167;
0.100655;
0.100665;
0.100677;
0.100652;
0.100661;
0.100663;
0.100674;
0.100654;
0.100662;
0.100673;
0.100652;
0.100662;
0.100665;
0.100664;
0.100674;
0.100666;
0.100646;
0.100795;
0.100536;
0.10066;
0.100664;
0.100662;
0.100677;
0.100647;
0.100672;
0.10066;
0.100664;
0.100668;
0.100664;
0.100657;
0.100662;
0.10067;
0.100659;
0.100677;
0.100649;
0.100677;
0.102299;
0.10102;
0.100669;
0.100654;
0.100681;
0.100684;
0.100625;
0.100681;
0.100643;
0.100677;
0.100656;
0.100665;
0.100671;
0.100659;
0.100658;
0.100663;
0.100668;
0.100688;
0.100639;
0.101171;
0.100662;
0.100656;
0.101673;
0.103159;
0.100664;
0.100673;
0.100666;
0.100645;
0.100678;
0.100653;
0.10067;
0.100657;
0.100661;
0.100668;
0.10067;
0.100822;
0.100506;
0.100657;
0.100653;
0.100666;
0.100664;
0.100713;
0.100608;
0.100667;
0.10067;
0.100661;
0.100663;
0.100658;
0.100668;
0.100664;
0.100666;
0.100658;
0.10067;
0.100656;
0.100659;
0.100668;
0.100664;
0.100615;
0.100666;
0.100666;
0.100668;
0.100646;
0.100668;
0.100665;
0.100672;
0.10065;
0.100672;
0.100665;
0.100653;
0.100686;
0.100642;
0.100666;
0.100666;
0.100665;
0.100654;
0.100672;
0.100659;
0.10067;
0.100654;
0.100662;
0.10067;
0.100658;
0.100663;
0.100668;
0.100665;
0.10066;
0.100713;
0.104119;
0.100659;
0.100665;
0.100663;
0.100662;
0.100665;
0.100663;
0.100664;
0.100665;
0.100667;
0.100659;
0.100669;
0.100666;
0.100657;
0.100662;
0.100663;
0.100665;
0.100663;
0.100671;
0.100659;
0.100675;
0.100656;
0.100667;
0.100663;
0.100663;
0.100657;
0.100673;
0.100662;
0.100684;
0.100636;
0.100666;
0.100662;
0.100663;
0.100667;
0.100657;
0.10068;
0.10065;
0.100661;
0.100664;
0.100668;
0.100654;
0.100673;
0.100659;
0.10067;
0.100656;
0.100666;
0.100662;
0.100662;
0.100665;
0.100663;
0.100677;
0.100657;
0.10067;
0.100659;
0.100652;
0.100675;
0.100661;
0.100656;
0.100671;
0.100661;
0.10067;
0.101168;
0.10066;
0.100659;
0.10067;
0.10067;
0.10066;
0.105522;
0.100804;
0.100662;
0.100672;
0.100657;
0.100664;
0.100657;
0.100674;
0.100655;
0.100674;
0.100658;
0.10067;
0.10068;
0.101645;
0.100656;
0.100666;
0.100657;
0.101192;
0.101145;
0.100629;
0.100651;
0.100658;
0.100917;
0.100905;
0.101305;
0.101034;
0.10066;
0.100673;
0.100657;
0.100658;
0.100663;
0.10067;
0.10066;
0.100663;
0.100658;
0.100666;
0.100666;
0.100676;
0.100643;
0.100661;
0.100675;
0.100663;
0.100675;
0.100644;
0.100662;
0.100681;
0.100654;
0.100693;
0.100628;
0.100665;
0.100659;
0.100675;
0.100661;
0.100661;
0.100659;
0.100669;
0.100665;
0.100666;
0.100665;
0.100663;
0.100655;
0.100658;
0.100668;
0.100669;
0.100663;
0.10066;
0.100667;
0.101171;
0.100652;
0.100662;
0.100662;
0.100661;
0.100662;
0.100672;
0.100673;
0.10065;
0.100657;
0.100663;
0.100665;
0.100679;
0.101155;
0.100674;
0.100663;
0.100653;
0.100681;
0.100649;
0.100659;
0.100662;
0.100677;
0.100664;
0.100674;
0.100634;
0.100666;
0.100678;
0.100649;
0.100688;
0.10068;
0.100627;
0.100662;
0.100668;
0.100677;
0.100651;
0.100669;
0.100657;
0.100784;
0.103043;
0.100664;
0.100664;
0.100664;
0.10067;
0.100785;
0.100543;
0.100648;
0.100677;
0.100662;
0.100663;
0.100658;
0.100677;
0.100656;
0.100657;
0.100663;
0.100663;
0.100659;
0.100668;
0.100663;
0.100663;
0.100664;
0.100663;
0.100661;
0.100707;
0.100632;
0.100654;
0.100666;
0.100661;
0.10092;
0.103411;
0.100671;
0.100658;
0.100665;
0.100665;
0.100664;
0.100671;
0.100652;
0.101181;
0.10166;
0.100666;
0.10065;
0.100663;
0.100662;
0.100665;
0.100679;
0.100654;
0.100663;
0.100659;
0.100659;
0.100666;
0.100667;
0.100663;
0.100665;
0.100661;
0.100664;
0.100666;
0.100663;
0.100654;
0.100673;
0.100663;
0.100669;
0.100662;
0.100654;
0.100667;
0.100668;
0.100661;
0.100689;
0.100665;
0.100637;
0.100666;
0.100664;
0.101173;
0.100652;
0.100657;
0.100666;
0.10067;
0.10067;
0.100654;
0.100662;
0.100665;
0.100665;
0.100657;
0.100666;
0.100668;
0.100657;
0.100682;
0.100645;
0.100661;
0.100666;
0.100681;
0.100649;
0.10066;
0.100669;
0.100661;
0.100665;
0.10072;
0.101098;
0.100663;
0.100671;
0.100673;
0.100672;
0.100638;
0.10066;
0.100668;
0.10067;
0.100679;
0.100649;
0.100654;
0.100661;
0.100666;
0.100697;
0.101621;
0.100672;
0.100669;
0.100643;
0.100695;
0.100638;
0.100659;
0.100741;
0.100598;
0.100665;
0.10066;
0.100654;
0.100668;
0.100661;
0.100663;
0.100664;
0.100695;
0.100631;
0.100667;
0.10067;
0.100656;
0.100668;
0.100662;
0.100661;
0.100665;
0.100662;
0.100661;
0.100659;
0.100681;
0.100653;
0.100681;
0.100647;
0.100661;
0.100672;
0.100655;
0.10067;
0.100674;
0.100646;
0.100662;
0.100672;
0.100659;
0.100665;
0.100627;
0.100636;
0.100665;
0.100671;
0.100659;
0.10067;
0.100658;
0.100668;
0.100654;
0.100665;
0.10083;
0.100504;
0.100661;
0.100658;
0.100682;
0.100647;
0.100669;
0.101189;
0.100641;
0.100679;
0.100647;
0.100662;
0.100654;
0.100673;
0.100658;
0.100665;
0.10067;
0.100658;
0.100675;
0.100643;
0.100668;
0.100668;
0.100656;
0.100673;
0.100672;
0.101148;
0.100666;
0.10066;
0.100667;
0.100664;
0.100688;
0.100639;
0.100658;
0.100665;
0.100664;
0.100662;
0.100657;
0.100673;
0.100662;
0.100673;
0.100654;
0.100662;
0.100662;
0.100661;
0.100693;
0.100643;
0.100666;
0.100663;
0.100655;
0.100671;
0.10067;
0.100654;
0.100729;
0.100638;
0.100624;
0.100665;
0.100665;
0.10066;
0.100655;
0.100674;
0.100655;
0.100672;
0.100664;
0.100663;
0.100678;
0.100646;
0.101337;
0.101491;
0.100668;
0.100656;
0.100664;
0.100669;
0.100659;
0.100958;
0.100373;
0.100654;
0.100673;
0.100659;
0.10067;
0.100665;
0.100662;
0.100677;
0.10071;
0.100603;
0.100656;
0.100666;
0.100974;
0.100869;
0.100647;
0.100661;
0.100668;
0.100666;
0.100664;
0.100656;
0.100676;
0.100652;
0.100668;
0.100665;
0.100664;
0.100662;
0.100656;
0.100675;
0.100657;
0.100669;
0.100657;
0.10068;
0.100917;
0.101388;
0.100684;
0.100647;
0.100666;
0.100659;
0.100676;
0.100656;
0.100668;
0.100657;
0.101469;
0.100853;
0.10067;
0.100657;
0.100669;
0.10067;
0.100657;
0.100661;
0.100669;
0.100659;
0.100671;
0.100658;
0.100665;
0.100663;
0.100659;
0.100685;
0.100647;
0.100683;
0.100634;
0.10066;
0.100698;
0.100633;
0.100665;
0.100679;
0.100645;
0.100677;
0.10065;
0.100668;
0.100665;
0.10067;
0.100672;
0.100648;
0.100656;
0.100663;
0.100673;
0.100691;
0.100629;
0.100659;
0.100667;
0.100664;
0.100659;
0.100672;
0.100656;
0.100669;
0.100663;
0.100676;
0.100737;
0.100569;
0.100689;
0.100641;
0.100675;
0.100654;
0.100676;
0.100653;
0.100659;
0.100677;
0.100656;
0.100672;
0.100657;
0.100661;
0.100668;
0.10065;
0.101171;
0.100668;
0.100654;
0.100664;
0.100701;
0.100635;
0.100651;
0.100673;
0.100663;
0.100675;
0.100649;
0.100663;
0.100656;
0.100666;
0.100797;
0.100561;
0.100642;
0.100655;
0.100673;
0.100655;
0.100665;
0.10075;
0.100583;
0.100666;
0.100659;
0.100729;
0.101109;
0.102156;
0.100655;
0.100665;
0.100671;
0.100668;
0.100648;
0.100673;
0.100663;
0.100672;
0.101709;
0.100606;
0.100669;
0.100658;
0.100672;
0.100648;
0.100669;
0.100671;
0.100656;
0.100697;
0.100633;
0.100664;
0.100674;
0.100652;
0.100679;
0.100645;
0.100675;
0.100651;
0.100668;
0.100695;
0.103717;
0.107108;
0.102118;
0.113711;
0.102315;
0.103598;
0.102089;
0.101165;
0.100666;
0.100731;
0.100592;
0.100679;
0.100712;
0.100592;
0.100668;
0.101276;
0.129108;
0.100661;
0.101109;
0.100709;
0.100664;
0.100673;
0.100666;
0.100653;
0.100661;
0.101232;
0.100609;
0.100702;
0.10061;
0.100668;
0.100665;
0.100658;
0.100661;
0.10067;
0.100659;
0.100661;
0.100677;
0.100654;
0.100667;
0.100656;
0.100676;
0.100652;
0.100661;
0.100665;
0.100665;
0.100683;
0.100643;
0.100663;
0.103025;
0.105862;
0.11972;
0.128831;
0.104482;
0.101774;
0.10185;
0.10475;
0.10328;
0.100664;
0.100668;
0.100662;
0.100661;
0.100661;
0.100675;
0.10065;
0.100664;
0.100662;
0.100668;
0.100675;
0.100657;
0.100657;
0.10067;
0.100658;
0.112704;
0.102176;
0.100671;
0.100646;
0.100663;
0.100659;
0.100668;
0.100677;
0.101161;
0.100691;
0.10062;
0.100679;
0.101467;
0.102077;
0.10094;
0.100675;
0.100654;
0.100657;
0.100663;
0.100666;
0.100674;
0.100656;
0.100662;
0.100657;
0.10067;
0.100663;
0.100663;
0.100661;
0.100666;
0.10104;
0.101287;
0.100666;
0.101173;
0.100651;
0.100668;
0.100674;
0.100645;
0.10067;
0.100662;
0.100656;
0.10067;
0.100716;
0.100606;
0.100663;
0.100663;
0.100673;
0.100654;
0.100669;
0.100661;
0.10067;
0.100675;
0.100646;
0.100664;
0.100665;
0.100663;
0.100659;
0.100666;
0.100678;
0.100649;
0.100665;
0.101178;
0.10065;
0.100665;
0.100662;
0.100671;
0.100654;
0.100678;
0.100681;
0.100633;
0.100661;
0.100668;
0.100671;
0.10115;
0.100673;
0.100666;
0.100665;
0.100659;
0.100655;
0.100661;
0.100866;
0.100464;
0.100665;
0.10068;
0.100664;
0.100665;
0.100666;
0.100659;
0.100682;
0.100645;
0.100661;
0.100673;
0.100663;
0.100653;
0.100687;
0.100645;
0.100673;
0.100649;
0.10066;
0.100672;
0.100673;
0.100652;
0.100675;
0.100651;
0.100666;
0.100686;
0.100739;
0.100562;
0.100673;
0.101154;
0.10066;
0.100665;
0.100663;
0.100663;
0.10066;
0.100662;
0.100665;
0.100785;
0.100549;
0.100656;
0.100665;
0.100677;
0.100656;
0.100656;
0.100673;
0.101168;
0.100652;
0.100665;
0.100662;
0.100658;
0.100667;
0.100667;
0.100661;
0.100665;
0.100717;
0.100609;
0.100661;
0.100674;
0.100665;
0.100653;
0.100705;
0.100622;
0.100664;
0.100666;
0.100661;
0.100671;
0.100656;
0.100657;
0.100668;
0.100675;
0.100652;
0.100662;
0.100663;
0.100666;
0.100662;
0.100663;
0.100667;
0.100662;
0.100677;
0.100654;
0.100658;
0.100666;
0.100684;
0.100652;
0.100652;
0.100659;
0.100675;
0.100659;
0.100663;
0.100665;
0.100666;
0.100659;
0.100661;
0.100675;
0.100653;
0.100665;
0.100684;
0.100644;
0.100834;
0.100492;
0.100662;
0.100665;
0.100662;
0.100673;
0.101218;
0.100601;
0.100666;
0.100664;
0.100671;
0.100655;
0.100677;
0.100652;
0.100675;
0.10065;
0.100702;
0.100631;
0.100665;
0.100663;
0.100672;
0.100654;
0.100663;
0.100673;
0.100659;
0.100673;
0.100656;
0.100661;
0.100665;
0.100661;
0.100665;
0.100672;
0.100656;
0.100673;
0.100652;
0.100678;
0.101175;
0.100643;
0.100659;
0.100603;
0.102283;
0.101555;
0.100658;
0.100663;
0.10068;
0.100668;
0.100644;
0.100663;
0.100683;
0.100714;
0.100595;
0.100671;
0.100719;
0.101137;
0.100625;
0.100661;
0.100668;
0.100665;
0.100659;
0.100672;
0.100663;
0.100662;
0.100659;
0.100659;
0.100661;
0.10069;
0.10064;
0.100663;
0.100668;
0.100665;
0.100729;
0.102095;
0.10071;
0.100663;
0.100616;
0.100663;
0.100663;
0.100771;
0.100558;
0.100688;
0.100638;
0.100675;
0.100666;
0.100652;
0.100658;
0.100666;
0.100658;
0.100689;
0.10064;
0.100664;
0.100686;
0.100643;
0.100669;
0.100666;
0.100658;
0.10067;
0.100662;
0.100663;
0.100657;
0.1031;
0.101737;
0.101164;
0.100905;
0.100919;
0.100668;
0.100656;
0.100662;
0.100682;
0.100651;
0.100686;
0.10064;
0.100666;
0.100665;
0.101047;
0.101784;
0.101162;
0.10073;
0.100613;
0.100643;
0.100665;
0.100671;
0.100656;
0.100675;
0.100656;
0.100657;
0.100676;
0.100652;
0.100661;
0.100663;
0.10068;
0.101296;
0.101031;
0.100675;
0.100644;
0.100847;
0.100476;
0.100669;
0.100657;
