0.10116;
0.100661;
0.100655;
0.100666;
0.100663;
0.100668;
0.100668;
0.100654;
0.100661;
0.101489;
0.100844;
0.100662;
0.100664;
0.100665;
0.100668;
0.100654;
0.10123;
0.100603;
0.100656;
0.101186;
0.100649;
0.100657;
0.100675;
0.100653;
0.100661;
0.10067;
0.100657;
0.10068;
0.101167;
0.100653;
0.100656;
0.100666;
0.100657;
0.100674;
0.10067;
0.100685;
0.100682;
0.100606;
0.100668;
0.100665;
0.100663;
0.100661;
0.100667;
0.100662;
0.100675;
0.100644;
0.100761;
0.100569;
0.100664;
0.10067;
0.100661;
0.100674;
0.10118;
0.100633;
0.100661;
0.10067;
0.101168;
0.100679;
0.100633;
0.100668;
0.100675;
0.100713;
0.100605;
0.100677;
0.100654;
0.100654;
0.100673;
0.100661;
0.10069;
0.100634;
0.100662;
0.100664;
0.100661;
0.100665;
0.100659;
0.100668;
0.100663;
0.100671;
0.100659;
0.100658;
0.100666;
0.100665;
0.100668;
0.100655;
0.10067;
0.100661;
0.100666;
0.10066;
0.100672;
0.100655;
0.100669;
0.100657;
0.100661;
0.100673;
0.100665;
0.100691;
0.100629;
0.100664;
0.10067;
0.100662;
0.100664;
0.100652;
0.100668;
0.100671;
0.10065;
0.100674;
0.100672;
0.101158;
0.101152;
0.100664;
0.100661;
0.10067;
0.100666;
0.100659;
0.100661;
0.100665;
0.100665;
0.100661;
0.100633;
0.100662;
0.100666;
0.100659;
0.100666;
0.100661;
0.100666;
0.100658;
0.100668;
0.101169;
0.100661;
0.100659;
0.100664;
0.100666;
0.10066;
0.100663;
0.1007;
0.100641;
0.101151;
0.100705;
0.100664;
0.10062;
0.100677;
0.100647;
0.100666;
0.100672;
0.100695;
0.101122;
0.100667;
0.100663;
0.10067;
0.100667;
0.100651;
0.100678;
0.100755;
0.100562;
0.100659;
0.100665;
0.100663;
0.100665;
0.100675;
0.100645;
0.100667;
0.100668;
0.100658;
0.100672;
0.100657;
0.100663;
0.100662;
0.100663;
0.100665;
0.100667;
0.100657;
0.100665;
0.100699;
0.101138;
0.100656;
0.10071;
0.100621;
0.100665;
0.100659;
0.101162;
0.100686;
0.10064;
0.100666;
0.100685;
0.100648;
0.100661;
0.10067;
0.10065;
0.100667;
0.10066;
0.100666;
0.100666;
0.100654;
0.10067;
0.100659;
0.100664;
0.100663;
0.100673;
0.100665;
0.100662;
0.100942;
0.100381;
0.10066;
0.100695;
0.100659;
0.100663;
0.100721;
0.100633;
0.100648;
0.100651;
0.100675;
0.100645;
0.100669;
0.100659;
0.10067;
0.100839;
0.101001;
0.100651;
0.100661;
0.100667;
0.100695;
0.10064;
0.100653;
0.100666;
0.100672;
0.100657;
0.100661;
0.100661;
0.100668;
0.101637;
0.101203;
0.10065;
0.100662;
0.10067;
0.100656;
0.100689;
0.100639;
0.100675;
0.100649;
0.100665;
0.100666;
0.100661;
0.100682;
0.100648;
0.100659;
0.100674;
0.100657;
0.100658;
0.100666;
0.100663;
0.100688;
0.100639;
0.100673;
0.10065;
0.10068;
0.100667;
0.100644;
0.100666;
0.100664;
0.100657;
0.100673;
0.101161;
0.100672;
0.100652;
0.100671;
0.100663;
0.100654;
0.100672;
0.101162;
0.100659;
0.100668;
0.100858;
0.100997;
0.100656;
0.100641;
0.100679;
0.100648;
0.100665;
0.100662;
0.10066;
0.100687;
0.100643;
0.100675;
0.100659;
0.100677;
0.100625;
0.100665;
0.100668;
0.100714;
0.100604;
0.100665;
0.100717;
0.100874;
0.100898;
0.100674;
0.100653;
0.10072;
0.100606;
0.100666;
0.100665;
0.100665;
0.100674;
0.100648;
0.100659;
0.100665;
0.100676;
0.100663;
0.100668;
0.100624;
0.100662;
0.100668;
0.10066;
0.100664;
0.10068;
0.100647;
0.100665;
0.100664;
0.100662;
0.100673;
0.100659;
0.100664;
0.100663;
0.101901;
0.100924;
0.10067;
0.100657;
0.100672;
0.100657;
0.100659;
0.10066;
0.100666;
0.100676;
0.100666;
0.10065;
0.100674;
0.100666;
0.100734;
0.100684;
0.10057;
0.100674;
0.100649;
0.100661;
0.100681;
0.100653;
0.101074;
0.10125;
0.100666;
0.100661;
0.100664;
0.100662;
0.100668;
0.100657;
0.100741;
0.100587;
0.100665;
0.100664;
0.100669;
0.100661;
0.100662;
0.100663;
0.100665;
0.100661;
0.100661;
0.100665;
0.100669;
0.100663;
0.100663;
0.100672;
0.100682;
0.100633;
0.100657;
0.100669;
0.100665;
0.100677;
0.100658;
0.100659;
0.100673;
0.100652;
0.1007;
0.100685;
0.100609;
0.100709;
0.100613;
0.100665;
0.100718;
0.100604;
0.100666;
0.100663;
0.100663;
0.100669;
0.100663;
0.100657;
0.100675;
0.100651;
0.100677;
0.100666;
0.100656;
0.100666;
0.100659;
0.100665;
0.100661;
0.100666;
0.100703;
0.100617;
0.100668;
0.100681;
0.100645;
0.100665;
0.100656;
0.100866;
0.10046;
0.100667;
0.100723;
0.100602;
0.10067;
0.100659;
0.100888;
0.100439;
0.10067;
0.101039;
0.100782;
0.100674;
0.10065;
0.10068;
0.10066;
0.100652;
0.100668;
0.100664;
0.100656;
0.100714;
0.100631;
0.100691;
0.100624;
0.100663;
0.1007;
0.100631;
0.100658;
0.100665;
0.100665;
0.100663;
0.100668;
0.100657;
0.100661;
0.100666;
0.100729;
0.100601;
0.100659;
0.100668;
0.100659;
0.100677;
0.100667;
0.100654;
0.100666;
0.100652;
0.100672;
0.100661;
0.100666;
0.100655;
0.100663;
0.100858;
0.100976;
0.100664;
0.100659;
0.10067;
0.100673;
0.100642;
0.100682;
0.100653;
0.100662;
0.100662;
0.100659;
0.100673;
0.100661;
0.10067;
0.100697;
0.100633;
0.100727;
0.100597;
0.100678;
0.100658;
0.100672;
0.100656;
0.10066;
0.100659;
0.100661;
0.100686;
0.100652;
0.100656;
0.100665;
0.100691;
0.100676;
0.100654;
0.100629;
0.100673;
0.100666;
