0.0146141, 7;
0.0149805, 7;
0.0159878, 7;
0.0150618, 7;
0.015126, 7;
0.0150956, 7;
0.0151244, 7;
0.0160333, 7;
0.0160895, 7;
0.0158565, 7;
0.0151889, 7;
0.0160079, 7;
0.0149847, 7;
0.016018, 7;
0.0149861, 7;
0.0150417, 7;
0.0149224, 7;
0.0149841, 7;
0.0159836, 7;
0.0160811, 7;
0.0159796, 7;
0.0149922, 7;
0.014994, 7;
0.0160028, 7;
0.0149541, 7;
0.015, 7;
0.0160439, 7;
0.0149661, 7;
0.016041, 7;
0.0150016, 7;
0.0150708, 7;
0.0159058, 7;
0.0149619, 7;
0.0151628, 7;
0.0159735, 7;
0.0147157, 7;
0.0149854, 7;
0.0149921, 7;
0.0150484, 7;
0.0159894, 7;
0.0159946, 7;
0.0150437, 7;
0.0149463, 7;
0.0156318, 7;
0.0160877, 7;
0.0159597, 7;
0.0159751, 7;
0.0153786, 7;
0.0166636, 7;
0.014301, 7;
0.0152984, 7;
0.0153381, 7;
0.0151975, 7;
0.0160584, 7;
0.0159844, 7;
0.015035, 7;
0.0149749, 7;
0.016027, 7;
0.0159708, 7;
0.0150277, 7;
0.0151226, 7;
0.0150877, 7;
0.0148745, 7;
0.0150366, 7;
0.0149818, 7;
0.015997, 7;
0.0159628, 7;
0.0159985, 7;
0.0159778, 7;
0.0149734, 7;
0.015013, 7;
0.0159868, 7;
0.0159687, 7;
0.0149918, 7;
0.0154766, 7;
0.0159836, 7;
0.0151547, 7;
0.0149865, 7;
0.0160733, 7;
0.015843, 7;
0.0148369, 7;
0.0161223, 7;
0.0149622, 7;
0.0150297, 7;
0.0158673, 7;
0.0153849, 7;
0.0160516, 7;
0.0154477, 7;
0.0160019, 7;
0.0158429, 7;
0.0150832, 7;
0.0159056, 7;
0.0150589, 7;
0.0159348, 7;
0.014681, 7;
0.0150971, 7;
0.0160205, 7;
0.0161421, 7;
0.0159611, 7;
0.0151321, 7;
0.01498, 7;
0.014996, 7;
0.0159888, 7;
0.0153174, 7;
0.0155625, 7;
0.0157945, 7;
0.0155785, 7;
0.0152055, 7;
0.0155332, 7;
0.0159685, 7;
0.0160166, 7;
0.0153174, 7;
0.015962, 7;
0.0159851, 7;
0.0149944, 7;
0.0150282, 7;
0.0148485, 7;
0.0160303, 7;
0.0149578, 7;
0.0150128, 7;
0.0159557, 7;
0.0149975, 7;
0.0149894, 7;
0.0159374, 7;
0.0150671, 7;
0.0160484, 7;
0.0159336, 7;
0.0160128, 7;
0.0160023, 7;
0.0159514, 7;
0.0151141, 7;
0.0149907, 7;
0.0150182, 7;
0.0159772, 7;
0.0150585, 7;
0.0160157, 7;
0.0149621, 7;
0.0150942, 7;
0.0150676, 7;
0.0151685, 7;
0.015498, 7;
0.016, 7;
0.0160322, 7;
0.0159765, 7;
0.0149652, 7;
0.0150309, 7;
0.0151122, 7;
0.015874, 7;
0.0150118, 7;
0.0159672, 7;
0.0160078, 7;
0.0159703, 7;
0.0150336, 7;
0.0149459, 7;
0.0160036, 7;
0.0150143, 7;
0.015029, 7;
0.0159858, 7;
0.0160261, 7;
0.0159771, 7;
0.0149721, 7;
0.0155052, 7;
0.0159859, 7;
0.0159729, 7;
0.0149886, 7;
0.0159933, 7;
0.0150035, 7;
0.0149209, 7;
0.0155574, 7;
0.0159797, 7;
0.0159873, 7;
0.0160596, 7;
0.0159261, 7;
0.0151889, 7;
0.0150373, 7;
0.0149562, 7;
0.0159732, 7;
0.0150061, 7;
0.0150054, 7;
0.0159298, 7;
0.0149919, 7;
0.0158037, 7;
0.0150134, 7;
0.0149906, 7;
0.0159577, 7;
0.0159946, 7;
0.0148898, 7;
0.0159796, 7;
0.0155605, 7;
0.0160127, 7;
0.0149861, 7;
0.0149958, 7;
0.0159641, 7;
0.0149965, 7;
0.0151229, 7;
0.0159826, 7;
0.0160185, 7;
0.0150052, 7;
0.0158628, 7;
0.0159962, 7;
0.0150014, 7;
0.0159967, 7;
0.0151645, 7;
0.0159812, 7;
0.0149653, 7;
0.0147679, 7;
0.0159657, 7;
0.0153975, 7;
0.0159843, 7;
0.015995, 7;
0.0149945, 7;
0.0160547, 7;
0.0149146, 7;
0.01514, 7;
0.0160652, 7;
0.0150218, 7;
0.0149791, 7;
0.0159806, 7;
0.0148927, 7;
0.0159474, 7;
0.0160157, 7;
0.0149876, 7;
0.0160091, 7;
0.0149915, 7;
0.0150003, 7;
0.0157136, 7;
0.0150036, 7;
0.0160772, 7;
0.0148937, 7;
0.0149729, 7;
0.0149923, 7;
0.0159984, 7;
0.0150047, 7;
0.0149749, 7;
0.0160087, 7;
0.0150137, 7;
0.0153512, 7;
0.0149734, 7;
0.0151608, 7;
0.0153865, 7;
0.0160776, 7;
0.0159865, 7;
0.0160137, 7;
0.0160482, 7;
0.0150655, 7;
0.0153382, 7;
0.0151727, 7;
0.0159754, 7;
0.0151757, 7;
0.0155813, 7;
0.0160164, 7;
0.0149758, 7;
0.0158966, 7;
0.0151266, 7;
0.0159855, 7;
0.0154932, 7;
0.0152284, 7;
0.0159677, 7;
0.014982, 7;
0.0150228, 7;
0.0158516, 7;
0.0149905, 7;
0.0149697, 7;
0.0149926, 7;
0.0149967, 7;
0.0149632, 7;
0.0150161, 7;
0.0148368, 7;
0.0149363, 7;
0.0155541, 7;
0.0159907, 7;
0.0150395, 7;
0.0149426, 7;
0.0159971, 7;
0.0159949, 7;
0.0149912, 7;
0.0150235, 7;
0.014989, 7;
0.014928, 7;
0.0160061, 7;
0.0159825, 7;
0.0159855, 7;
0.0149746, 7;
0.0149964, 7;
0.0149853, 7;
0.0150052, 7;
0.0160062, 7;
0.0149826, 7;
0.0149807, 7;
0.0160772, 7;
0.0156078, 7;
0.0159963, 7;
0.0149638, 7;
0.0152061, 7;
0.0149938, 7;
0.0159826, 7;
0.014987, 7;
0.0159848, 7;
0.0147647, 7;
0.0150473, 7;
0.0159414, 7;
0.01504, 7;
0.0155609, 7;
0.0150348, 7;
0.0150042, 7;
0.0149679, 7;
0.0151527, 7;
0.0155978, 7;
0.0158616, 7;
0.0155321, 7;
0.0158106, 7;
0.0150775, 7;
0.0159958, 7;
0.0149889, 7;
0.0155772, 7;
0.0160241, 7;
0.0159874, 7;
0.01564, 7;
0.0159886, 7;
0.0160644, 7;
0.015443, 7;
0.016075, 7;
0.0159239, 7;
0.0160576, 7;
0.0162045, 8;
0.0157654, 8;
0.015975, 8;
0.0150044, 8;
0.0149797, 8;
0.015002, 8;
0.0150003, 8;
0.0150382, 8;
0.0153363, 8;
0.0149906, 8;
0.0150105, 8;
0.0159769, 8;
0.0155008, 8;
0.0159844, 8;
0.0149929, 8;
0.0157023, 8;
0.0156284, 8;
0.0159848, 8;
0.0160358, 8;
0.0149506, 8;
0.0149782, 8;
0.0149864, 8;
0.0160728, 8;
0.0149449, 8;
0.0149586, 8;
0.0159892, 8;
0.0149953, 8;
0.0159733, 8;
0.0149946, 8;
0.0149964, 8;
0.0156138, 8;
0.0160523, 8;
0.0154929, 8;
0.0150008, 8;
0.0149873, 8;
0.0150093, 8;
0.01596, 8;
0.014994, 8;
0.0159981, 8;
0.0159912, 8;
0.0149687, 8;
0.0149776, 8;
0.0149929, 8;
0.0150587, 8;
0.0159572, 8;
0.0149528, 8;
0.0150294, 8;
0.0159607, 8;
0.0150147, 8;
0.014868, 8;
0.0169678, 8;
0.0143741, 8;
0.0149794, 8;
0.0159627, 8;
0.0149166, 8;
0.0160204, 8;
0.0159669, 8;
0.0149783, 8;
0.0149234, 8;
0.0150581, 8;
0.0149295, 8;
0.0160169, 8;
0.014966, 8;
0.015961, 8;
0.0160338, 8;
0.0149854, 8;
0.0149882, 8;
0.015972, 8;
0.015273, 8;
0.0160041, 8;
0.0159898, 8;
0.0150056, 8;
0.0154573, 8;
0.0152325, 8;
0.0160796, 8;
0.0160221, 8;
0.0159615, 8;
0.0149749, 8;
0.0149955, 8;
0.0159824, 8;
0.0160224, 8;
0.0149745, 8;
0.015019, 8;
0.0159514, 8;
0.0150161, 8;
0.014957, 8;
0.0160027, 8;
0.0160215, 8;
0.0159466, 8;
0.0160004, 8;
0.0151226, 8;
0.014838, 8;
0.0161407, 8;
0.0158415, 8;
0.0160175, 8;
0.01573, 8;
0.0159295, 8;
0.0146522, 8;
0.0159536, 8;
0.0159961, 8;
0.0149319, 8;
0.0149881, 8;
0.0149976, 8;
0.0159749, 8;
0.0160199, 8;
0.0159616, 8;
0.015011, 8;
0.0148062, 8;
0.0160587, 8;
0.0148888, 8;
0.0150594, 8;
0.0148405, 8;
0.0159697, 8;
0.0155649, 8;
0.0159475, 8;
0.0153436, 8;
0.0159974, 8;
0.0160223, 8;
0.0149418, 8;
0.0149166, 8;
0.016001, 8;
0.0159053, 8;
0.0149992, 8;
0.0159042, 8;
0.0160121, 8;
0.0156729, 8;
0.0157126, 8;
0.0151862, 8;
0.0160483, 8;
0.014959, 8;
0.014973, 8;
0.0149968, 8;
0.0149539, 8;
0.0149936, 8;
0.016057, 8;
0.0159326, 8;
0.0160596, 8;
0.0159601, 8;
0.0149201, 8;
0.0149975, 8;
0.014992, 8;
0.0150164, 8;
0.0148771, 8;
0.0150117, 8;
0.016045, 8;
0.0149089, 8;
0.015882, 8;
0.0150089, 8;
0.0151008, 8;
0.0158391, 8;
0.0149963, 8;
0.015517, 8;
0.0159595, 8;
0.0150012, 8;
0.0150324, 8;
0.016006, 8;
0.0159726, 8;
0.0150429, 8;
0.0159789, 8;
0.0150363, 8;
0.0151126, 8;
0.0159753, 8;
0.0149574, 8;
0.0160002, 8;
0.0160074, 8;
0.015005, 8;
0.0159591, 8;
0.0150535, 8;
0.0149105, 8;
0.016048, 8;
0.0151664, 8;
0.0156593, 8;
0.015811, 8;
0.0158478, 8;
0.0149467, 8;
0.014998, 8;
0.0150338, 8;
0.015836, 8;
0.0159957, 8;
0.0149661, 8;
0.0150928, 8;
0.0156295, 8;
0.0151511, 8;
0.0159883, 8;
0.0150461, 8;
0.0149343, 8;
0.0150198, 8;
0.0151556, 8;
0.0156454, 8;
0.0160909, 8;
0.0160725, 8;
0.016063, 8;
0.0159648, 8;
0.0153318, 8;
0.0159457, 8;
0.0152443, 8;
0.0150212, 8;
0.0152909, 8;
0.0160385, 8;
0.0145702, 8;
0.0150506, 8;
0.016152, 8;
0.015136, 8;
0.0160918, 8;
0.0160003, 8;
0.015147, 8;
0.0151529, 8;
0.0162896, 8;
0.0159296, 8;
0.0156392, 8;
0.0161042, 8;
0.015619, 8;
0.0149889, 8;
0.0150594, 8;
0.0159762, 8;
0.0149771, 8;
0.0159843, 8;
0.014973, 8;
0.0149976, 8;
0.0160122, 8;
0.0150181, 8;
0.0159628, 8;
0.0149925, 8;
0.0150041, 8;
0.0159936, 8;
0.0161026, 8;
0.014963, 8;
0.0148896, 8;
0.0171422, 8;
0.0152933, 8;
0.0146097, 8;
0.015038, 8;
0.01564, 8;
0.0158647, 8;
0.0161695, 8;
0.0157929, 8;
0.0163933, 8;
0.0148127, 8;
0.0181493, 8;
0.0147355, 8;
0.0126936, 8;
0.0163614, 8;
0.0136162, 8;
0.0162339, 8;
0.0148978, 8;
0.0148732, 8;
0.0159633, 8;
0.0149693, 8;
0.016004, 8;
0.0162702, 8;
0.015795, 8;
0.0159364, 8;
0.01394, 8;
0.0173687, 8;
0.0135876, 8;
0.015398, 8;
0.0146298, 8;
0.0149511, 8;
0.0149209, 8;
0.0150028, 8;
0.0183287, 8;
0.0130961, 8;
0.0177063, 8;
0.0162795, 8;
0.0135316, 8;
0.0159036, 8;
0.014772, 8;
0.0150696, 8;
0.0155997, 8;
0.0151163, 8;
0.01573, 8;
0.0165226, 8;
0.0153933, 8;
0.0160545, 8;
0.0139687, 8;
0.0164277, 8;
0.0163584, 8;
0.0144171, 8;
0.0165564, 8;
0.0142173, 8;
0.0149288, 8;
0.0149619, 8;
0.015294, 8;
0.0157882, 8;
0.0153422, 8;
0.0149829, 8;
0.0165346, 8;
0.0165116, 8;
0.0131817, 8;
0.0158743, 8;
0.0163411, 8;
0.014371, 8;
0.0152597, 8;
0.016016, 8;
0.0160473, 8;
0.0162221, 8;
0.0152555, 8;
0.015135, 8;
0.0149652, 8;
0.014926, 8;
0.0149182, 8;
0.0149787, 8;
0.0150567, 8;
0.0150982, 8;
0.0150726, 8;
0.0148183, 8;
0.0157742, 8;
0.015248, 8;
0.0139194, 8;
0.0172703, 8;
0.0137879, 8;
0.0164409, 8;
0.0145715, 8;
0.0145746, 8;
0.0160481, 8;
0.0149736, 8;
0.015896, 8;
0.0163623, 8;
0.0153546, 8;
0.0152117, 8;
0.0168896, 8;
0.0148453, 8;
0.0158209, 8;
0.0168569, 8;
0.0131128, 7;
0.0157886, 7;
0.0159146, 7;
0.0153977, 7;
0.0154845, 7;
0.015904, 7;
0.0154285, 7;
0.0159924, 7;
0.016024, 7;
0.0158431, 7;
0.0151588, 7;
0.0158563, 7;
0.0149767, 7;
0.015027, 7;
0.0159397, 7;
0.0150426, 7;
0.0147681, 7;
0.0149467, 7;
0.0149611, 7;
0.0149885, 7;
0.0150227, 7;
0.0152898, 7;
0.0159489, 7;
0.0150246, 7;
0.0149827, 7;
0.0155138, 7;
0.015985, 7;
0.014931, 7;
0.0157017, 7;
0.0152325, 7;
0.0159854, 7;
0.0160296, 7;
0.0159729, 7;
0.0160312, 7;
0.0159293, 7;
0.015329, 7;
0.0154426, 7;
0.0160703, 7;
0.0159987, 7;
0.014979, 7;
0.0151477, 7;
0.015154, 7;
0.0154595, 7;
0.016008, 7;
0.0160061, 7;
0.0150064, 7;
0.0149788, 7;
0.0161133, 7;
0.0151417, 7;
0.0159966, 7;
0.0153672, 7;
0.0155012, 7;
0.0151723, 7;
0.0159551, 7;
0.0159694, 7;
0.0160342, 7;
0.0160173, 7;
0.0161177, 7;
0.0159634, 7;
0.015122, 7;
0.015046, 7;
0.0152086, 7;
0.0160165, 7;
0.0151638, 7;
0.0160841, 7;
0.0159878, 7;
0.0152994, 7;
0.01607, 7;
0.0159887, 7;
0.016018, 7;
0.0151174, 7;
0.0156345, 7;
0.0151232, 7;
0.0149663, 7;
0.0149917, 7;
0.0151674, 7;
0.0159591, 7;
0.0150061, 7;
0.0149695, 7;
0.0150241, 7;
0.0150019, 7;
0.01596, 7;
0.0150333, 7;
0.0159463, 7;
0.0150216, 7;
0.016106, 7;
0.0159245, 7;
0.0160126, 7;
0.0159904, 7;
0.0150033, 7;
0.0159991, 7;
0.0149937, 7;
0.0149856, 7;
0.0147091, 7;
0.0150779, 7;
0.0159901, 7;
0.0149755, 7;
0.0151004, 7;
0.0149019, 7;
0.0159664, 7;
0.0151701, 7;
0.0159958, 7;
0.0149924, 7;
0.0149888, 7;
0.015022, 7;
0.0159627, 7;
0.0149974, 7;
0.0159875, 7;
0.0159432, 7;
0.0159989, 7;
0.0160201, 7;
0.0149502, 7;
0.0151666, 7;
0.0158066, 7;
0.0153318, 7;
0.0159656, 7;
0.0149879, 7;
0.0160084, 7;
0.0149645, 7;
0.0159983, 7;
0.0158207, 7;
0.0149869, 7;
0.0159871, 7;
0.0150127, 7;
0.0149653, 7;
0.0149895, 7;
0.0149975, 7;
0.014983, 7;
0.0159986, 7;
0.0149852, 7;
0.0160211, 7;
0.0149691, 7;
0.0149784, 7;
0.0159887, 7;
0.0155627, 7;
0.0160623, 7;
0.0159514, 7;
0.0159728, 7;
0.0159966, 7;
0.0158815, 7;
0.0159755, 7;
0.0151544, 7;
0.0158334, 7;
0.0149281, 7;
0.0159626, 7;
0.0149687, 7;
0.0150008, 7;
0.0149847, 7;
0.0149985, 7;
0.0149764, 7;
0.0151126, 7;
0.0158779, 7;
0.0149765, 7;
0.0149913, 7;
0.0150035, 7;
0.0150078, 7;
0.015691, 7;
0.0149328, 7;
0.0149887, 7;
0.0155464, 7;
0.0153404, 7;
0.0159704, 7;
0.0152694, 7;
0.0157214, 7;
0.0149931, 7;
0.0159902, 7;
0.0158344, 7;
0.0165836, 7;
0.0143329, 7;
0.0149883, 7;
0.0159969, 7;
0.0149322, 7;
0.0149941, 7;
0.0159887, 7;
0.0160297, 7;
0.0149848, 7;
0.0159706, 7;
0.014989, 7;
0.0159854, 7;
0.0150077, 7;
0.0149943, 7;
0.0159648, 7;
0.0160056, 7;
0.0149669, 7;
0.0150178, 7;
0.0159535, 7;
0.015994, 7;
0.0150029, 7;
0.014972, 7;
0.0146673, 7;
0.0160025, 7;
0.0149786, 7;
0.0159903, 7;
0.0147456, 7;
0.0159829, 7;
0.0159827, 7;
0.0159293, 7;
0.0149816, 7;
0.0158614, 7;
0.0159942, 7;
0.0149961, 7;
0.0149774, 7;
0.0159644, 7;
0.0159932, 7;
0.0149754, 7;
0.0149943, 7;
0.0149947, 7;
0.0160174, 7;
0.015151, 7;
0.015988, 7;
0.0160247, 7;
0.0159771, 7;
0.015858, 7;
0.0149985, 7;
0.0159945, 7;
0.0150569, 7;
0.0159076, 7;
0.0159909, 7;
0.0159995, 7;
0.0149836, 7;
0.0155067, 7;
0.01583, 7;
0.0150003, 7;
0.0149097, 7;
0.0159961, 7;
0.0149878, 7;
0.015016, 7;
0.014973, 7;
0.0158482, 7;
0.0149878, 7;
0.0149978, 7;
0.0159901, 7;
0.0149834, 7;
0.0159936, 7;
0.0149911, 7;
0.0150432, 7;
0.0157542, 7;
0.0160267, 7;
0.0160045, 7;
0.0149815, 7;
0.014976, 7;
0.0158075, 7;
0.0159621, 7;
0.0149159, 7;
0.0155486, 7;
0.0159663, 7;
0.0159967, 7;
0.0151251, 7;
0.0148729, 7;
0.0159889, 7;
0.0160138, 7;
0.0149833, 7;
0.0150072, 7;
0.0155731, 7;
0.0157789, 7;
0.0149839, 7;
0.0158296, 7;
0.0152204, 7;
0.0159908, 7;
0.0150108, 7;
0.0150226, 7;
0.0149591, 7;
0.0149624, 7;
0.0150439, 7;
0.0159337, 7;
0.0149327, 7;
0.0159895, 7;
0.0150001, 7;
0.0149815, 7;
0.0159862, 7;
0.0159934, 7;
0.0159963, 7;
0.0159999, 7;
0.0149627, 7;
0.015023, 7;
0.0149618, 7;
0.0159849, 7;
0.0160142, 7;
0.0159783, 7;
0.0159826, 7;
0.0160436, 7;
0.0149418, 7;
0.0149983, 7;
0.0149773, 7;
0.015989, 7;
0.0149842, 7;
0.0160258, 7;
0.0160011, 7;
0.0149826, 7;
0.0149716, 7;
0.0152921, 7;
0.0149927, 7;
0.0155066, 7;
0.0154977, 7;
0.0159761, 7;
0.0149917, 7;
0.0149881, 7;
0.0159847, 7;
0.0149975, 7;
0.0152088, 7;
0.0159946, 7;
0.0149671, 7;
0.0149793, 7;
0.0159293, 7;
0.0150289, 7;
0.014947, 7;
0.0151682, 7;
0.0157514, 7;
0.014955, 7;
0.0159501, 7;
0.0159435, 7;
0.0149675, 7;
0.0160132, 7;
0.0149634, 7;
0.0150482, 7;
0.0149026, 7;
0.0149893, 7;
0.0159872, 7;
0.0158184, 7;
0.0149895, 7;
0.0159946, 7;
0.0149981, 7;
0.0149852, 7;
0.0160063, 7;
0.0149625, 8;
0.0159761, 8;
0.0153195, 8;
0.0151568, 8;
0.015801, 8;
0.0149993, 8;
0.0160003, 8;
0.0153704, 8;
0.0159845, 8;
0.015002, 8;
0.0149836, 8;
0.0160104, 8;
0.0158236, 8;
0.0159528, 8;
0.0149633, 8;
0.015055, 8;
0.0159026, 8;
0.016001, 8;
0.0149627, 8;
0.0149822, 8;
0.0149881, 8;
0.0162013, 8;
0.0148225, 8;
0.0149432, 8;
0.0149875, 8;
0.015991, 8;
0.0149869, 8;
0.0147135, 8;
0.0149885, 8;
0.0159712, 8;
0.0149727, 8;
0.0150678, 8;
0.0147908, 8;
0.0149827, 8;
0.0149564, 8;
0.0159713, 8;
0.0158589, 8;
0.0160572, 8;
0.0160108, 8;
0.015955, 8;
0.0159131, 8;
0.0149947, 8;
0.0149489, 8;
0.0159749, 8;
0.0160425, 8;
0.0149397, 8;
0.0150198, 8;
0.0149674, 8;
0.0159964, 8;
0.0159777, 8;
0.015977, 8;
0.0150064, 8;
0.0149715, 8;
0.0150418, 8;
0.0160007, 8;
0.0149248, 8;
0.0149959, 8;
0.0149771, 8;
0.0159966, 8;
0.0160115, 8;
0.016609, 8;
0.0153734, 8;
0.0160539, 8;
0.014952, 8;
0.0159513, 8;
0.0150269, 8;
0.0159828, 8;
0.0159909, 8;
0.0159408, 8;
0.0159673, 8;
0.0150026, 8;
0.0149951, 8;
0.0150198, 8;
0.0149385, 8;
0.014994, 8;
0.015143, 8;
0.0159838, 8;
0.0159969, 8;
0.0159775, 8;
0.015558, 8;
0.0153451, 8;
0.0160347, 8;
0.0159541, 8;
0.014968, 8;
0.0149927, 8;
0.0159856, 8;
0.0160757, 8;
0.0149607, 8;
0.0160066, 8;
0.0156284, 8;
0.0158392, 8;
0.0155904, 8;
0.0154791, 8;
0.0159684, 8;
0.0159828, 8;
0.0150488, 8;
0.0148786, 8;
0.015988, 8;
0.0159598, 8;
0.0159729, 8;
0.0149519, 8;
0.0150082, 8;
0.0149787, 8;
0.0166618, 8;
0.0143129, 8;
0.0159857, 8;
0.0160023, 8;
0.0159796, 8;
0.0150093, 8;
0.0150043, 8;
0.0150022, 8;
0.0159448, 8;
0.0149924, 8;
0.0156368, 8;
0.0159643, 8;
0.0146804, 8;
0.0165179, 8;
0.0154913, 8;
0.0159324, 8;
0.0160751, 8;
0.0148842, 8;
0.0149902, 8;
0.0149929, 8;
0.0160569, 8;
0.0159186, 8;
0.0152643, 8;
0.014733, 8;
0.0150344, 8;
0.0149621, 8;
0.0149837, 8;
0.0160286, 8;
0.0159573, 8;
0.0159965, 8;
0.0159682, 8;
0.0159777, 8;
0.0149935, 8;
0.015993, 8;
0.0149991, 8;
0.0149582, 8;
0.0160034, 8;
0.0149709, 8;
0.0150704, 8;
0.0159573, 8;
0.015004, 8;
0.0159873, 8;
0.0159473, 8;
0.0149791, 8;
0.0149957, 8;
0.0159919, 8;
0.0160108, 8;
0.0153427, 8;
0.0161879, 8;
0.0157534, 8;
0.0156034, 8;
0.0159947, 8;
0.0159747, 8;
0.0150361, 8;
0.0149666, 8;
0.0151524, 8;
0.0159844, 8;
0.0154994, 8;
0.0160082, 8;
0.0153761, 8;
0.0159812, 8;
0.0150055, 8;
0.0149672, 8;
0.0149721, 8;
0.0161682, 8;
0.0148249, 8;
0.0161345, 8;
0.0149812, 8;
0.0149798, 8;
0.0149928, 8;
0.0152427, 8;
0.0152656, 8;
0.0159909, 8;
0.0151322, 8;
0.0147671, 8;
0.0149623, 8;
0.0151924, 8;
0.0157512, 8;
0.015997, 8;
0.0149179, 8;
0.0150459, 8;
0.0159525, 8;
0.0150676, 8;
0.0147916, 8;
0.0159973, 8;
0.0159233, 8;
0.0149776, 8;
0.0149957, 8;
0.0149845, 8;
0.0148986, 8;
0.016059, 8;
0.01505, 8;
0.0157896, 8;
0.015984, 8;
0.0150348, 8;
0.0159572, 8;
0.0149455, 8;
0.0159788, 8;
0.0149164, 8;
0.014934, 8;
0.0149953, 8;
0.0155169, 8;
0.0159812, 8;
0.0160521, 8;
0.016003, 8;
0.0149607, 8;
0.016024, 8;
0.0148915, 8;
0.0160501, 8;
0.0150071, 8;
0.0150204, 8;
0.0161332, 8;
0.0150859, 8;
0.0148707, 8;
0.0159456, 8;
0.0149859, 8;
0.0150004, 8;
0.014983, 8;
0.0153496, 8;
0.0159765, 8;
0.0158367, 8;
0.0159024, 8;
0.0156754, 8;
0.0158439, 8;
0.0139613, 8;
0.0156771, 8;
0.0150437, 8;
0.0160292, 8;
0.0144747, 8;
0.0151805, 8;
0.016015, 8;
0.015185, 8;
0.0209169, 8;
0.0130866, 8;
0.0151003, 8;
0.0140031, 8;
0.0150801, 8;
0.0146152, 8;
0.0148641, 8;
0.0159301, 8;
0.0147086, 8;
0.0157197, 8;
0.0154834, 8;
0.0160138, 8;
0.0159934, 8;
0.0152502, 8;
0.015147, 8;
0.0216576, 8;
0.0244982, 8;
0.0135074, 8;
0.017729, 8;
0.0158926, 8;
0.0135258, 8;
0.0167622, 8;
0.0140707, 8;
0.0157231, 8;
0.0170879, 8;
0.0129421, 8;
0.0160163, 8;
0.0180576, 8;
0.0124443, 8;
0.018494, 8;
0.0127331, 8;
0.0152828, 8;
0.0160249, 8;
0.0137889, 8;
0.0167914, 8;
0.0139967, 8;
0.0159028, 8;
0.0152297, 8;
0.0177382, 8;
0.0125908, 8;
0.0161928, 8;
0.0144484, 8;
0.0158432, 8;
0.0171979, 8;
0.0152313, 8;
0.0147525, 8;
0.0147937, 8;
0.0152421, 8;
0.0166073, 8;
0.0146021, 8;
0.0153373, 8;
0.0183318, 8;
0.0136453, 8;
0.0165484, 8;
0.015099, 8;
0.01429, 8;
0.0173189, 8;
0.0130636, 8;
0.0159014, 8;
0.0150783, 8;
0.0161473, 8;
0.0157059, 8;
0.0156238, 8;
0.0143841, 8;
0.0166796, 8;
0.01439, 8;
0.015203, 8;
0.0147347, 8;
0.0166393, 8;
0.0132904, 8;
0.0160241, 8;
0.0150565, 8;
0.0148245, 8;
0.0152329, 8;
0.0154026, 8;
0.0159809, 8;
0.0161176, 8;
0.0165358, 8;
0.0153593, 8;
0.0152903, 8;
0.0149027, 8;
0.014984, 8;
0.0158267, 8;
0.0149441, 8;
0.0150223, 8;
0.0152206, 8;
0.0166722, 8;
0.0142221, 8;
0.0149767, 7;
0.0149911, 7;
0.0151863, 7;
0.0159882, 7;
0.0146815, 7;
0.0149762, 7;
0.0149984, 7;
0.0158222, 7;
0.0149987, 7;
0.014991, 7;
0.0151495, 7;
0.0158281, 7;
0.0149784, 7;
0.0150323, 7;
0.0159553, 7;
0.0151315, 7;
0.0148442, 7;
0.0159817, 7;
0.0157237, 7;
0.0149363, 7;
0.0150309, 7;
0.0159128, 7;
0.0149262, 7;
0.0160033, 7;
0.0154649, 7;
0.0159958, 7;
0.0150194, 7;
0.0150993, 7;
0.0159818, 7;
0.016037, 7;
0.0159878, 7;
0.0160228, 7;
0.0149841, 7;
0.0159867, 7;
0.0149864, 7;
0.0150716, 7;
0.015988, 7;
0.0149647, 7;
0.0149817, 7;
0.0159102, 7;
0.0149646, 7;
0.0155729, 7;
0.0159952, 7;
0.0155996, 7;
0.0160113, 7;
0.0159563, 7;
0.0150093, 7;
0.0149847, 7;
0.0151355, 7;
0.0159729, 7;
0.0150159, 7;
0.0155003, 7;
0.0157152, 7;
0.014956, 7;
0.0159283, 7;
0.0157265, 7;
0.0150564, 7;
0.0159768, 7;
0.0156963, 7;
0.0156207, 7;
0.0159602, 7;
0.0157374, 7;
0.0149901, 7;
0.0149438, 7;
0.0150784, 7;
0.0161427, 7;
0.014954, 7;
0.0150388, 7;
0.0160122, 7;
0.0157686, 7;
0.016092, 7;
0.0159906, 7;
0.0160125, 7;
0.0160093, 7;
0.0155716, 7;
0.0160878, 7;
0.0159414, 7;
0.0150356, 7;
0.0149719, 7;
0.0150018, 7;
0.0160548, 7;
0.0155672, 7;
0.0159812, 7;
0.0149517, 7;
0.0149669, 7;
0.0149037, 7;
0.016011, 7;
0.0159372, 7;
0.0150874, 7;
0.0154067, 7;
0.0160184, 7;
0.015162, 7;
0.0151793, 7;
0.0159783, 7;
0.014992, 7;
0.0156426, 7;
0.0159904, 7;
0.0150283, 7;
0.0149614, 7;
0.0160367, 7;
0.014944, 7;
0.015008, 7;
0.0148436, 7;
0.0151859, 7;
0.0159522, 7;
0.0149889, 7;
0.0159849, 7;
0.0160053, 7;
0.0150151, 7;
0.016123, 7;
0.0151275, 7;
0.0159828, 7;
0.0156364, 7;
0.0159717, 7;
0.0148929, 7;
0.0150035, 7;
0.0152804, 7;
0.0159593, 7;
0.0149882, 7;
0.0154516, 7;
0.0159843, 7;
0.0160281, 7;
0.0159598, 7;
0.0160907, 7;
0.0160475, 7;
0.0149292, 7;
0.0150155, 7;
0.0159746, 7;
0.0151966, 7;
0.0157746, 7;
0.0149821, 7;
0.0160139, 7;
0.0149894, 7;
0.0149986, 7;
0.0149748, 7;
0.0149828, 7;
0.0159993, 7;
0.0149781, 7;
0.0153711, 7;
0.0160202, 7;
0.0149667, 7;
0.0150023, 7;
0.0149673, 7;
0.0160028, 7;
0.0149776, 7;
0.015025, 7;
0.0159673, 7;
0.0149685, 7;
0.0149978, 7;
0.0160083, 7;
0.0159714, 7;
0.0149895, 7;
0.0150083, 7;
0.0150033, 7;
0.0159804, 7;
0.0153059, 7;
0.0151857, 7;
0.0159845, 7;
0.0149538, 7;
0.0149654, 7;
0.0149497, 7;
0.0150218, 7;
0.0149277, 7;
0.0149703, 7;
0.0159459, 7;
0.0150135, 7;
0.0160073, 7;
0.0149686, 7;
0.0149993, 7;
0.0159725, 7;
0.0148233, 7;
0.0159879, 7;
0.0150043, 7;
0.0150498, 7;
0.0148185, 7;
0.0150132, 7;
0.0158548, 7;
0.0151407, 7;
0.0161023, 7;
0.0159932, 7;
0.0160192, 7;
0.0159807, 7;
0.0150305, 7;
0.0149238, 7;
0.0152714, 7;
0.0153011, 7;
0.0144293, 7;
0.015482, 7;
0.0159729, 7;
0.0161013, 7;
0.0154835, 7;
0.0159881, 7;
0.0149813, 7;
0.0149916, 7;
0.015981, 7;
0.0150018, 7;
0.0149764, 7;
0.0159953, 7;
0.0160038, 7;
0.0149852, 7;
0.0150091, 7;
0.0159931, 7;
0.0159598, 7;
0.0152629, 7;
0.0156672, 7;
0.0159328, 7;
0.0149873, 7;
0.0150183, 7;
0.0159904, 7;
0.0149884, 7;
0.0150106, 7;
0.0158151, 7;
0.014948, 7;
0.0149854, 7;
0.0150044, 7;
0.0159139, 7;
0.0149527, 7;
0.0153742, 7;
0.0151254, 7;
0.015001, 7;
0.0149329, 7;
0.0159868, 7;
0.0150122, 7;
0.0150953, 7;
0.014995, 7;
0.0159712, 7;
0.0157549, 7;
0.0151049, 7;
0.0160247, 7;
0.0151124, 7;
0.0159584, 7;
0.0151437, 7;
0.0149924, 7;
0.0148887, 7;
0.0149857, 7;
0.0151793, 7;
0.0159844, 7;
0.0149701, 7;
0.0150031, 7;
0.0160077, 7;
0.0150624, 7;
0.0150395, 7;
0.016127, 7;
0.0160111, 7;
0.0151176, 7;
0.0159957, 7;
0.0151965, 7;
0.0156693, 7;
0.014985, 7;
0.0160866, 7;
0.0159003, 7;
0.0146707, 7;
0.0149906, 7;
0.015271, 7;
0.0159347, 7;
0.014975, 7;
0.0160071, 7;
0.0149533, 7;
0.0150168, 7;
0.015993, 7;
0.0159737, 7;
0.0150006, 7;
0.0149779, 7;
0.0159789, 7;
0.0160223, 7;
0.0149866, 7;
0.0146531, 7;
0.0159557, 7;
0.0149513, 7;
0.0152241, 7;
0.0156902, 7;
0.0149675, 7;
0.0149869, 7;
0.0159311, 7;
0.0150086, 7;
0.014898, 7;
0.0160325, 7;
0.0149657, 7;
0.0149707, 7;
0.0152308, 7;
0.0156908, 7;
0.014935, 7;
0.0149747, 7;
0.0153647, 7;
0.015585, 7;
0.0160499, 7;
0.0149044, 7;
0.0149882, 7;
0.0150158, 7;
0.0149774, 7;
0.0149903, 7;
0.0150075, 7;
0.0160391, 7;
0.0156356, 7;
0.0149901, 7;
0.0159947, 7;
0.0149932, 7;
0.0155566, 7;
0.0159993, 7;
0.015288, 7;
0.0159017, 7;
0.0149815, 7;
0.014998, 7;
0.0149929, 7;
0.0159827, 7;
0.0321092, 6;
0.0158698, 6;
0.014982, 6;
0.015009, 6;
0.0159901, 6;
0.0157704, 6;
0.0149677, 6;
0.015005, 6;
0.0160034, 6;
0.0149994, 6;
0.0149879, 6;
0.0160101, 6;
0.0159647, 6;
0.0160275, 6;
0.0160824, 6;
0.0158609, 6;
0.0152173, 6;
0.0157412, 6;
0.0149936, 6;
0.0159852, 6;
0.0159948, 6;
0.0149901, 6;
0.0159862, 6;
0.0149948, 6;
0.0149742, 6;
0.0154314, 6;
0.0160483, 6;
0.0152431, 6;
0.0151528, 6;
0.0159667, 6;
0.0151029, 6;
0.0156528, 6;
0.0149945, 6;
0.0151514, 6;
0.0153554, 6;
0.0159499, 6;
0.0150018, 6;
0.0160175, 6;
0.0150253, 6;
0.0149842, 6;
0.014963, 6;
0.0158772, 6;
0.0159439, 6;
0.0149695, 6;
0.0151673, 6;
0.0148034, 6;
0.0159967, 6;
0.0147372, 6;
0.0150327, 6;
0.0159858, 6;
0.0151277, 6;
0.0160197, 6;
0.0152253, 6;
0.0158285, 6;
0.0147598, 6;
0.0159959, 6;
0.0154633, 6;
0.0159078, 6;
0.0151431, 6;
0.0161388, 6;
0.0151723, 6;
0.0157652, 6;
0.0158225, 6;
0.0159769, 6;
0.0160055, 6;
0.0149781, 6;
0.015012, 6;
0.0159448, 6;
0.0160143, 6;
0.0159665, 6;
0.0160027, 6;
0.0159742, 6;
0.0150145, 6;
0.0149717, 6;
0.0158305, 6;
0.0159281, 6;
0.0149977, 6;
0.0149734, 6;
0.0159516, 6;
0.014685, 6;
0.0152363, 6;
0.0156504, 6;
0.0158809, 6;
0.014982, 6;
0.0159906, 6;
0.0151018, 6;
0.01599, 6;
0.0160036, 6;
0.016134, 6;
0.0159675, 6;
0.0157403, 6;
0.0160622, 6;
0.0159527, 6;
0.0159872, 6;
0.0149948, 6;
0.0149991, 6;
0.0159984, 6;
0.0150028, 6;
0.0159895, 6;
0.0150109, 6;
0.0149587, 6;
0.0149877, 6;
0.0149966, 6;
0.0147433, 6;
0.0160172, 6;
0.0159153, 6;
0.0150747, 6;
0.0154281, 6;
0.0152866, 6;
0.0150134, 6;
0.0156344, 6;
0.0150003, 6;
0.0148953, 6;
0.015989, 6;
0.0149836, 6;
0.0160216, 6;
0.0160256, 6;
0.0150233, 6;
0.0159099, 6;
0.015011, 6;
0.0152335, 6;
0.0159858, 6;
0.0149716, 6;
0.0159559, 6;
0.0160163, 6;
0.0159752, 6;
0.0149667, 6;
0.0150123, 6;
0.0160293, 6;
0.0159458, 6;
0.0147188, 6;
0.014953, 6;
0.0151153, 6;
0.015335, 6;
0.0160646, 6;
0.0156589, 6;
0.0159696, 6;
0.0151242, 6;
0.0159626, 6;
0.0153117, 6;
0.015733, 6;
0.0159659, 6;
0.0159823, 6;
0.0150212, 6;
0.0150167, 6;
0.0151738, 6;
0.0164977, 6;
0.014491, 6;
0.0150138, 6;
0.0159485, 6;
0.0154925, 6;
0.0150059, 6;
0.0159843, 6;
0.0152444, 6;
0.0151152, 6;
0.015984, 6;
0.0159047, 6;
0.0161013, 6;
0.0148877, 6;
0.0159933, 6;
0.0158228, 6;
0.0150273, 6;
0.0150179, 6;
0.015833, 6;
0.0159693, 6;
0.0160257, 6;
0.0159472, 6;
0.0149932, 6;
0.0149676, 6;
0.0150044, 6;
0.015623, 6;
0.0160165, 6;
0.0151098, 6;
0.0161237, 6;
0.0159607, 6;
0.0155691, 6;
0.0160232, 6;
0.0150676, 6;
0.0150194, 6;
0.0149868, 6;
0.0149651, 6;
0.0160277, 6;
0.0160378, 6;
0.0150704, 6;
0.0150492, 6;
0.0160663, 6;
0.014852, 6;
0.0150228, 6;
0.0160201, 6;
0.0159742, 6;
0.0150096, 6;
0.0163645, 6;
0.0146082, 6;
0.0160012, 6;
0.0149698, 6;
0.0150089, 6;
0.0150008, 6;
0.0160023, 6;
0.0149591, 6;
0.0160278, 6;
0.0159884, 6;
0.0159972, 6;
0.0149823, 6;
0.0148698, 6;
0.0159542, 6;
0.0159724, 6;
0.0159809, 6;
0.0160234, 6;
0.0150635, 6;
0.0159526, 6;
0.0150044, 6;
0.0159993, 6;
0.0159722, 6;
0.0150125, 6;
0.0160108, 6;
0.0149752, 6;
0.016173, 6;
0.0148418, 6;
0.0151148, 6;
0.015583, 6;
0.014961, 6;
0.015997, 6;
0.0159545, 6;
0.0160325, 6;
0.0159911, 6;
0.0154398, 6;
0.0159677, 6;
0.0160485, 6;
0.0151263, 6;
0.0160204, 6;
0.0149831, 6;
0.016473, 6;
0.0155626, 6;
0.0159778, 6;
0.0160319, 6;
0.0159597, 6;
0.0150645, 6;
0.0149395, 6;
0.015984, 6;
0.0160984, 6;
0.0150785, 6;
0.0159527, 6;
0.0149859, 6;
0.0151259, 6;
0.0151324, 6;
0.015117, 6;
0.0160435, 6;
0.0147911, 6;
0.0160201, 6;
0.0160735, 6;
0.0149822, 6;
0.0150735, 6;
0.0156321, 6;
0.0153934, 6;
0.0149922, 6;
0.0152213, 6;
0.0159815, 6;
0.0147795, 6;
0.0159859, 6;
0.0156913, 6;
0.0156115, 6;
0.0150681, 6;
0.015114, 6;
0.0151806, 6;
0.0157076, 6;
0.0152755, 6;
0.0156663, 6;
0.015852, 6;
0.0150985, 6;
0.0160327, 6;
0.014975, 6;
0.0159454, 6;
0.0158303, 6;
0.0150117, 6;
0.0159566, 6;
0.0150236, 6;
0.0160088, 6;
0.0149394, 6;
0.0150199, 6;
0.0158156, 6;
0.0149532, 6;
0.0149874, 6;
0.0159575, 6;
0.016031, 6;
0.0147818, 6;
0.0181381, 6;
0.0118395, 6;
0.0160214, 6;
0.0176658, 6;
0.0145888, 6;
0.0149396, 6;
0.0160833, 6;
0.015115, 6;
0.0154219, 6;
0.0147656, 6;
0.015171, 6;
0.0159871, 6;
0.0160016, 6;
0.0158685, 6;
0.0150628, 6;
0.0163044, 6;
0.0145346, 6;
0.0155637, 6;
0.0146588, 6;
0.0154817, 6;
0.015737, 6;
0.0152585, 6;
0.0149063, 6;
0.0166387, 6;
0.0139846, 6;
0.0165779, 6;
0.0151387, 6;
0.0163103, 6;
0.0134968, 6;
0.0153491, 6;
0.0172051, 6;
0.0136951, 6;
0.0155498, 6;
0.0158549, 6;
0.0150145, 6;
0.0144156, 6;
0.0165588, 6;
0.0144329, 6;
0.0150751, 6;
0.0160725, 6;
0.0158801, 6;
0.0149535, 6;
0.0149453, 6;
0.0149699, 6;
0.0150173, 6;
0.0150646, 6;
0.0151781, 6;
0.0158432, 6;
0.0153571, 6;
0.0160027, 6;
0.0167443, 6;
0.0133816, 6;
0.0174724, 6;
0.0133404, 6;
0.0163416, 6;
0.0162013, 6;
0.0161163, 6;
0.0162333, 6;
0.0141151, 6;
0.0153656, 6;
0.0151128, 6;
0.0142685, 6;
0.0156483, 6;
0.0159664, 6;
0.0155318, 6;
0.0159354, 6;
0.0160329, 6;
0.0159799, 6;
0.015953, 6;
0.0158995, 6;
0.01502, 6;
0.015946, 6;
0.0157981, 6;
0.0147715, 6;
0.015034, 6;
0.014645, 6;
0.0151249, 6;
0.0157585, 6;
0.0149067, 6;
0.0167847, 6;
0.0133263, 6;
0.0179287, 6;
0.0139211, 6;
0.0143922, 6;
0.0164827, 6;
0.0165499, 6;
0.013584, 6;
0.0167066, 6;
0.0140132, 6;
0.0151789, 6;
0.0174175, 6;
0.01454, 6;
0.0151991, 6;
0.0159633, 6;
0.0139407, 6;
0.0158472, 6;
0.015067, 6;
0.014938, 6;
0.0168447, 6;
0.0152406, 6;
0.014676, 6;
0.0149821, 6;
0.0156423, 6;
0.0148158, 6;
0.016716, 6;
0.015305, 6;
0.0151982, 6;
0.0150453, 6;
0.0152694, 6;
0.0171375, 6;
0.0148283, 6;
0.0157601, 6;
0.0146308, 6;
0.0160376, 6;
0.0158126, 6;
0.0150229, 6;
0.0143745, 6;
0.0175313, 6;
0.0131435, 6;
0.0172204, 6;
0.0142606, 6;
0.0147698, 6;
0.0158724, 6;
0.016534, 6;
0.0140926, 6;
0.0151252, 6;
0.0155252, 6;
0.0152868, 6;
0.0174555, 6;
0.0145525, 6;
0.016334, 6;
0.0146241, 6;
0.0166177, 6;
0.0141392, 6;
0.0157174, 6;
0.0165212, 6;
0.018368, 6;
0.0131551, 6;
0.0161007, 6;
0.0157537, 6;
0.0155206, 6;
0.0146158, 6;
0.014941, 6;
0.0150926, 6;
0.0148723, 6;
0.0152923, 6;
0.0163197, 6;
0.0152546, 6;
0.0152276, 6;
0.0172811, 6;
0.0147112, 6;
0.0148796, 6;
0.0155546, 6;
0.0165258, 6;
0.0145598, 6;
0.0167443, 6;
0.0143564, 6;
0.0175626, 6;
0.0130832, 6;
0.015653, 6;
0.0150644, 6;
0.0153724, 6;
0.016591, 6;
0.0162676, 6;
0.0139559, 6;
0.0164428, 6;
0.0155176, 6;
0.0149901, 6;
0.0161272, 6;
0.0138088, 6;
0.0173767, 6;
0.0164824, 6;
0.0126236, 6;
0.0155601, 6;
0.0172038, 6;
0.0138523, 6;
0.0171149, 6;
0.0146812, 6;
0.015636, 6;
0.0161245, 6;
0.0159879, 6;
0.0148988, 6;
0.0150125, 6;
0.0149417, 6;
0.0148746, 6;
0.0153295, 6;
0.0164455, 6;
0.0166237, 6;
0.014349, 6;
0.0141099, 6;
0.0159413, 6;
0.0151125, 6;
0.0152338, 6;
0.0156861, 6;
0.0153668, 6;
0.0155898, 6;
0.0156179, 6;
0.0151135, 6;
0.014867, 6;
0.0167575, 6;
0.0142894, 6;
0.0162394, 6;
0.015639, 6;
0.0160504, 6;
0.017731, 6;
0.0132323, 6;
0.0166792, 6;
0.0142223, 6;
0.016001, 6;
0.0156029, 6;
0.0152403, 6;
0.0173222, 6;
0.0134951, 6;
0.0163998, 6;
0.0168417, 6;
0.0129769, 6;
0.0161299, 6;
0.0155793, 6;
0.0150184, 6;
0.0172475, 6;
0.0147496, 6;
0.0137739, 6;
0.0172196, 6;
0.0144152, 6;
0.0159074, 6;
0.0159914, 6;
0.0160304, 6;
0.0153661, 6;
0.0145994, 6;
0.0150762, 6;
0.015324, 6;
0.0160732, 6;
0.014661, 6;
0.016104, 6;
0.0153074, 6;
0.0143466, 6;
0.0151213, 6;
0.0147814, 6;
0.0178729, 6;
0.0140606, 6;
0.0158284, 6;
0.0173231, 6;
0.0136762, 6;
0.0154354, 6;
0.0163669, 6;
0.0146865, 6;
0.0159514, 6;
0.0159979, 6;
0.0150533, 6;
0.0148956, 6;
0.0150266, 6;
0.0149992, 6;
0.0155333, 6;
0.015751, 6;
0.0158367, 6;
0.0151168, 6;
0.0158792, 6;
0.0148174, 6;
0.0157112, 6;
0.0153602, 6;
0.0149936, 6;
0.0152191, 6;
0.0155728, 6;
0.0152447, 6;
0.015943, 6;
0.0180976, 6;
0.0119698, 6;
0.0166542, 6;
0.0153569, 6;
0.0136471, 6;
0.0162425, 6;
0.0170025, 6;
0.0128819, 6;
0.0154679, 6;
0.0151628, 6;
0.0158318, 6;
0.0173667, 6;
0.0149791, 6;
0.0151356, 6;
0.0168952, 6;
0.0141994, 6;
0.0160196, 6;
0.0154982, 6;
0.0160616, 6;
0.0167416, 6;
0.014387, 6;
0.0133184, 6;
0.0159535, 6;
0.0165361, 6;
0.0160522, 6;
0.0134767, 6;
0.0158011, 6;
0.0159685, 6;
0.0149295, 6;
0.0150509, 6;
0.0164041, 6;
0.0151417, 6;
0.0148492, 6;
0.0150444, 6;
0.0149186, 6;
0.0166481, 6;
0.0150979, 6;
0.0149466, 6;
0.0188606, 6;
0.0121647, 6;
0.0156698, 6;
0.0171004, 6;
0.0150246, 6;
0.0154048, 6;
0.0167848, 6;
0.0141566, 6;
0.0156279, 6;
0.0153428, 6;
0.0149535, 6;
0.0153758, 6;
0.0154171, 6;
0.0154806, 6;
0.0169685, 6;
0.0141192, 6;
0.0158686, 6;
0.0155594, 6;
0.0155396, 6;
0.0149023, 6;
0.0145181, 6;
0.015101, 6;
0.0148555, 6;
0.0154878, 6;
0.015986, 6;
0.0152466, 6;
0.0159611, 6;
0.0155999, 6;
0.0160001, 6;
0.0159978, 6;
0.0149506, 6;
0.0155414, 6;
0.015677, 6;
0.0159841, 6;
0.016003, 6;
0.0151362, 6;
0.0157376, 6;
0.0159096, 6;
0.0150024, 6;
0.0150443, 6;
0.0149613, 6;
0.0160837, 6;
0.0159106, 6;
0.0160142, 6;
0.0159987, 6;
0.0150555, 6;
0.0160806, 6;
0.0149665, 6;
0.0147875, 6;
0.015979, 6;
0.0148681, 6;
0.0159767, 6;
0.0151234, 6;
0.0149817, 6;
0.0161105, 6;
0.0159911, 6;
0.0149687, 6;
0.0160558, 6;
0.0149791, 6;
0.0150026, 6;
0.0159865, 6;
0.0150006, 6;
0.0159865, 6;
0.0159959, 6;
0.0159794, 6;
0.0149782, 6;
0.0149964, 6;
0.0160216, 6;
0.0148029, 6;
0.0151429, 6;
0.0159867, 6;
0.0160006, 6;
0.0154837, 6;
0.016416, 6;
0.0159523, 6;
0.0149567, 6;
0.0154498, 6;
0.0158015, 6;
0.0149977, 6;
0.0150249, 6;
0.0150191, 6;
0.0149131, 6;
0.0160354, 6;
0.0152135, 6;
0.0159871, 6;
0.0150295, 6;
0.015127, 6;
0.0159849, 6;
0.0150027, 6;
0.0159786, 6;
0.0155329, 6;
0.0159962, 6;
0.0149789, 6;
0.0156094, 6;
0.0154526, 6;
0.0159872, 6;
0.0155371, 6;
0.0152359, 6;
0.0156692, 6;
0.015094, 6;
0.0148924, 6;
0.0157733, 6;
0.015515, 6;
0.0155065, 6;
0.0150026, 6;
0.0150243, 6;
0.0164262, 6;
0.0143198, 6;
0.0149872, 6;
0.015646, 6;
0.0154057, 6;
0.0159407, 6;
0.0149924, 6;
0.0150238, 6;
0.0159553, 6;
0.0150103, 6;
0.015002, 6;
0.0159818, 6;
0.0150148, 6;
0.0150855, 6;
0.0159169, 6;
0.0159998, 6;
0.0151734, 6;
0.015394, 6;
0.0157554, 6;
0.0152541, 6;
0.0151519, 6;
0.0153074, 6;
0.0159887, 6;
0.0157454, 6;
0.0160389, 6;
0.0160147, 6;
0.014984, 6;
0.0151307, 6;
0.0159696, 6;
0.0151322, 6;
0.0159803, 6;
0.0147894, 6;
0.0156241, 6;
0.0160865, 6;
0.0182942, 6;
0.0126172, 6;
0.0160235, 6;
0.0157006, 6;
0.0155373, 6;
0.0147005, 6;
0.0148591, 6;
0.0169033, 6;
0.0147253, 6;
0.0143377, 6;
0.0151099, 6;
0.0167278, 6;
0.0154738, 6;
0.0147358, 6;
0.0158463, 6;
0.0141079, 6;
0.016094, 6;
0.0146606, 6;
0.015268, 6;
0.0157635, 6;
0.0149971, 6;
0.0152084, 6;
0.0175164, 6;
0.0131546, 6;
0.0160344, 6;
0.0155453, 6;
0.0152401, 6;
0.0155371, 6;
0.0166383, 6;
0.0133995, 6;
0.0157315, 6;
0.0154484, 6;
0.0154114, 6;
0.0158634, 6;
0.0165032, 6;
0.0145825, 6;
0.0148769, 6;
0.0160001, 6;
0.0154904, 6;
0.0160638, 6;
0.0148661, 6;
0.014745, 6;
0.0169657, 6;
0.0145506, 6;
0.0166869, 6;
0.0137954, 6;
0.017391, 6;
0.0143973, 6;
0.014683, 6;
0.0170702, 6;
0.0133871, 6;
0.0151455, 6;
0.0162102, 6;
0.0144322, 6;
0.0158398, 6;
0.0149051, 6;
0.0163333, 6;
0.0152083, 6;
0.0159308, 6;
0.0143825, 6;
0.0150093, 6;
0.015558, 6;
0.0157379, 6;
0.0145014, 6;
0.0155647, 6;
0.015817, 6;
0.0145024, 6;
0.0153612, 6;
0.0180918, 6;
0.0124666, 6;
0.0161666, 6;
0.0158729, 6;
0.0160721, 6;
0.015877, 6;
0.0164854, 6;
0.015478, 6;
0.014955, 6;
0.0149873, 6;
0.0162391, 6;
0.0154362, 6;
0.0148817, 6;
0.015629, 6;
0.0193788, 6;
0.0124271, 6;
0.0163841, 6;
0.0163786, 6;
0.0142294, 6;
0.0160294, 6;
0.0154113, 6;
0.0162549, 6;
0.014326, 6;
0.0158725, 6;
0.0162253, 6;
0.0139235, 6;
0.0171348, 6;
0.0147891, 6;
0.0164981, 6;
0.0135315, 6;
0.0160848, 6;
0.015786, 6;
0.0161075, 6;
0.015091, 6;
0.0152082, 6;
0.0157307, 6;
0.0161711, 6;
0.0136425, 6;
0.0149431, 6;
0.0150364, 6;
0.0161177, 6;
0.0152057, 6;
0.0149258, 6;
0.0173972, 6;
0.01459, 6;
0.0158773, 6;
0.0156575, 6;
0.0153316, 6;
0.0172338, 6;
0.0142601, 6;
0.0151431, 6;
0.0144881, 6;
0.0157891, 6;
0.0157443, 6;
0.0155456, 6;
0.013978, 6;
0.0160195, 6;
0.0160219, 6;
0.0154879, 6;
0.0145285, 6;
0.0159841, 6;
0.0149448, 6;
0.014825, 6;
0.0164442, 6;
0.0156137, 6;
0.0159397, 6;
0.0159757, 6;
0.0154988, 1;
0.0161654, 1;
0.0176948, 1;
0.0159141, 1;
0.0141905, 1;
0.0160232, 1;
0.0159925, 1;
0.0158052, 1;
0.0151354, 1;
0.0150024, 1;
0.016014, 1;
0.0159523, 1;
0.0160174, 1;
0.0149625, 1;
0.0150174, 1;
0.0149602, 1;
0.0160081, 1;
0.0149689, 1;
0.0149742, 1;
0.0160235, 1;
0.0151444, 1;
0.0157983, 1;
0.0149892, 1;
0.0150179, 1;
0.0159709, 1;
0.0149987, 1;
0.0150472, 1;
0.0159691, 1;
0.0159839, 1;
0.0159945, 1;
0.0161862, 1;
0.015814, 1;
0.0160132, 1;
0.0150138, 1;
0.015981, 1;
0.0150219, 1;
0.0154626, 1;
0.016058, 1;
0.0145798, 1;
0.0159932, 1;
0.0149772, 1;
0.0159754, 1;
0.0217531, 1;
0.0126049, 1;
0.0119692, 1;
0.0171912, 1;
0.0158336, 1;
0.0167464, 1;
0.0149049, 1;
0.0300513, 1;
0.0317413, 1;
0.0234037, 1;
0.0098778, 1;
0.0256731, 1;
0.0246525, 1;
0.0115867, 1;
0.0167054, 1;
0.0148937, 1;
0.0167247, 1;
0.0139733, 1;
0.0150372, 1;
0.0169614, 1;
0.0148239, 1;
0.0152788, 1;
0.0165857, 1;
0.0231181, 1;
0.0233149, 1;
0.0129242, 1;
0.0172488, 1;
0.0142508, 1;
0.0164173, 1;
0.0159346, 1;
0.0147834, 1;
0.0149383, 1;
0.0164869, 1;
0.0162762, 1;
0.0151145, 1;
0.013226, 1;
0.0161199, 1;
0.0228562, 1;
0.0133044, 1;
0.0101111, 1;
0.0173157, 1;
0.0141977, 1;
0.0151772, 1;
0.0155537, 1;
0.0152107, 1;
0.0178432, 1;
0.0135529, 1;
0.0150384, 1;
0.016497, 1;
0.0145932, 1;
0.0159017, 1;
0.0151082, 1;
0.0154339, 1;
0.0170022, 1;
0.0216798, 1;
0.0081069, 1;
0.0212574, 1;
0.0165459, 1;
0.0144385, 1;
0.0074142, 1;
0.0160645, 1;
0.0149401, 1;
0.0153447, 1;
0.0160495, 1;
0.0178081, 1;
0.0118926, 1;
0.0148672, 1;
0.0159121, 1;
0.0161351, 1;
0.0148947, 1;
0.0160981, 1;
0.0139272, 1;
0.015166, 1;
0.017724, 1;
0.0126235, 1;
0.016911, 1;
0.0159675, 1;
0.0147889, 1;
0.0144916, 1;
0.015314, 1;
0.0156696, 1;
0.0145043, 1;
0.0150472, 1;
0.0169034, 1;
0.0140553, 1;
0.014999, 1;
0.0149679, 1;
0.0149827, 1;
0.0166849, 1;
0.0154822, 1;
0.0163103, 1;
0.0132764, 1;
0.0152336, 1;
0.0149232, 1;
0.016662, 1;
0.0143511, 1;
0.0149911, 1;
0.016036, 1;
0.0150884, 1;
0.0148198, 1;
0.0160124, 1;
0.0165633, 1;
0.0144872, 1;
0.0158749, 1;
0.0150684, 1;
0.0152532, 1;
0.014713, 1;
0.0154002, 1;
0.0151802, 1;
0.0145505, 1;
0.0156942, 1;
0.0152094, 1;
0.0147422, 1;
0.01541, 1;
0.0156715, 1;
0.0159949, 1;
0.0167124, 1;
0.0152883, 1;
0.0161169, 1;
0.0146514, 1;
0.014984, 1;
0.0189103, 1;
0.0113099, 1;
0.014755, 1;
0.0167141, 1;
0.0164184, 1;
0.0149637, 1;
0.0127817, 1;
0.0194029, 1;
0.0154073, 1;
0.0132516, 1;
0.0152936, 1;
0.0151309, 1;
0.0146929, 1;
0.0247296, 1;
0.0214447, 1;
0.0167424, 1;
0.0148332, 1;
0.0158233, 1;
0.015337, 1;
0.0177259, 1;
0.0154566, 1;
0.0125932, 1;
0.0167965, 1;
0.014827, 1;
0.0150381, 1;
0.015402, 1;
0.0318534, 2;
0.0323515, 2;
0.0294444, 2;
0.0313221, 2;
0.0295942, 2;
0.0331897, 2;
0.0296662, 2;
0.0318653, 2;
0.0310796, 2;
0.0298323, 2;
0.0318082, 2;
0.0344458, 2;
0.0551168, 2;
0.0367241, 2;
0.0302911, 2;
0.0314261, 2;
0.0315933, 2;
0.0299653, 2;
0.0305688, 2;
0.0323183, 2;
0.0306714, 2;
0.0291031, 2;
0.0311216, 2;
0.0306935, 2;
0.0321007, 2;
0.0458584, 2;
0.0300797, 2;
0.0311061, 2;
0.0321787, 2;
0.0304109, 2;
0.0305229, 2;
0.0304502, 2;
0.0312988, 2;
0.0295137, 2;
0.0314876, 2;
0.0315093, 2;
0.0296155, 2;
0.0337614, 2;
0.0435054, 2;
0.030604, 2;
0.0301056, 2;
0.0309986, 2;
0.029857, 2;
0.0320917, 2;
0.030367, 2;
0.0327037, 2;
0.0439329, 2;
0.0314684, 2;
0.0316846, 2;
0.0299805, 2;
0.0309278, 2;
0.031414, 2;
0.0293586, 2;
0.0310098, 2;
0.0319607, 2;
0.0315518, 2;
0.0315203, 2;
0.031999, 2;
0.030967, 2;
0.0309695, 2;
0.0321178, 2;
0.0319146, 2;
0.0320201, 2;
0.032711, 2;
0.0292164, 2;
0.0300136, 2;
0.0319424, 2;
0.0300311, 2;
0.0310538, 2;
0.0301529, 2;
0.0308777, 2;
0.0318494, 2;
0.030937, 2;
0.0299686, 2;
0.0309588, 2;
0.0302187, 2;
0.031539, 2;
0.0293488, 2;
0.0320395, 2;
0.0315608, 2;
0.0309075, 2;
0.0312137, 2;
0.0316918, 2;
0.0453331, 2;
0.0308788, 2;
0.0322551, 2;
0.0301608, 2;
0.0301829, 2;
0.0320371, 2;
0.0308977, 2;
0.0302369, 2;
0.0306008, 2;
0.0310513, 2;
0.0309883, 2;
0.0309632, 2;
0.0315515, 2;
0.0300804, 2;
0.0318788, 2;
0.0306542, 2;
0.0303149, 2;
0.0308812, 2;
0.0308547, 2;
0.0306093, 2;
0.0309544, 2;
0.0308788, 2;
0.0305618, 2;
0.0308249, 2;
0.0303528, 2;
0.0310594, 2;
0.031114, 2;
0.0294194, 2;
0.0320194, 2;
0.0309488, 2;
0.0309535, 2;
0.030095, 2;
0.0318281, 2;
0.0307581, 2;
0.0300093, 2;
0.0311563, 2;
0.0310113, 2;
0.0317309, 2;
0.0309628, 2;
0.0304294, 2;
0.0308774, 2;
0.0319882, 2;
0.0299313, 2;
0.0443161, 2;
0.0319051, 2;
0.0297294, 2;
0.0310643, 2;
0.0364973, 2;
0.0394952, 2;
0.0325811, 2;
0.0292132, 2;
0.0308356, 2;
0.0311867, 2;
0.0306934, 2;
0.0299176, 2;
0.0309658, 2;
0.0315017, 2;
0.0311325, 2;
0.0300662, 2;
0.0319838, 2;
0.0318546, 2;
0.0314801, 2;
0.0335264, 2;
0.0298599, 2;
0.03197, 2;
0.0312369, 2;
0.0306579, 2;
0.0313405, 2;
0.0310417, 2;
0.0327246, 2;
0.0302003, 2;
0.0300319, 2;
0.0309995, 2;
0.0309377, 2;
0.0299, 2;
0.0309954, 2;
0.0299655, 2;
0.0308655, 2;
0.0310714, 2;
0.0309256, 2;
0.0310629, 2;
0.0302742, 2;
0.0306748, 2;
0.0301683, 2;
0.0299354, 2;
0.0308027, 2;
0.0324064, 2;
0.0305005, 2;
0.0307979, 2;
0.0301469, 2;
0.0312171, 2;
0.0316375, 2;
0.0330848, 2;
0.0294942, 2;
0.0313438, 2;
0.0312901, 2;
0.0319134, 2;
0.0311208, 2;
0.0296451, 2;
0.0313245, 2;
0.0367326, 2;
0.0403521, 2;
0.030837, 2;
0.0309868, 2;
0.031107, 2;
0.0300232, 2;
0.0325251, 2;
0.031894, 2;
0.0314749, 2;
0.0312706, 2;
0.0316175, 2;
0.0293054, 2;
0.0310372, 2;
0.0319326, 3;
0.0299407, 3;
0.0299886, 3;
0.0309849, 3;
0.0302689, 3;
0.0315643, 3;
0.0309626, 3;
0.0312288, 3;
0.0318764, 3;
0.0318644, 3;
0.0309632, 3;
0.0299849, 3;
0.0296822, 3;
0.0308777, 3;
0.0307858, 3;
0.0313153, 3;
0.0310415, 3;
0.0301871, 3;
0.0315427, 3;
0.0314603, 3;
0.0310819, 3;
0.0311301, 3;
0.0321061, 3;
0.0299786, 3;
0.0308672, 3;
0.0310235, 3;
0.030783, 3;
0.0309173, 3;
0.0300492, 3;
0.0308145, 3;
0.0309689, 3;
0.0300117, 3;
0.0308525, 3;
0.0309906, 3;
0.0298584, 3;
0.0309871, 3;
0.0319819, 3;
0.0309985, 3;
0.0299568, 3;
0.0310162, 3;
0.0309486, 3;
0.0315951, 3;
0.0315344, 3;
0.0313512, 3;
0.0308912, 3;
0.0299859, 3;
0.0298722, 3;
0.0318876, 3;
0.030962, 3;
0.0309759, 3;
0.030986, 3;
0.030021, 3;
0.0309066, 3;
0.0299757, 3;
0.0307327, 3;
0.0306154, 3;
0.0311473, 3;
0.031951, 3;
0.0300238, 3;
0.0313732, 3;
0.0309833, 3;
0.0313132, 3;
0.0319609, 3;
0.0299912, 3;
0.0309528, 3;
0.0299821, 3;
0.0309944, 3;
0.0309515, 3;
0.029972, 3;
0.0309694, 3;
0.0320464, 3;
0.0309282, 3;
0.0316414, 3;
0.0309504, 3;
0.0309567, 3;
0.031424, 3;
0.0318838, 3;
0.0300896, 3;
0.0317777, 3;
0.0302209, 3;
0.0307941, 3;
0.0309883, 3;
0.030921, 3;
0.0319957, 3;
0.0309815, 3;
0.0305938, 3;
0.0319436, 3;
0.0315319, 3;
0.030962, 3;
0.0309984, 3;
0.0309456, 3;
0.0300118, 3;
0.0305672, 3;
0.0320436, 3;
0.0312977, 3;
0.0310018, 3;
0.0308235, 3;
0.0299696, 3;
0.0310007, 3;
0.0298651, 3;
0.0313257, 3;
0.0310129, 3;
0.0310302, 3;
0.0318571, 3;
0.0313857, 3;
0.031975, 3;
0.0299548, 3;
0.0319731, 3;
0.0309693, 3;
0.0310311, 3;
0.0319543, 3;
0.0319728, 3;
0.0309679, 3;
0.0309979, 3;
0.0314241, 3;
0.0310219, 3;
0.0309764, 3;
0.031744, 3;
0.0309995, 3;
0.0320723, 3;
0.0308739, 3;
0.030989, 3;
0.0309912, 3;
0.0310177, 3;
0.0315748, 3;
0.0303563, 3;
0.035136, 3;
0.0423366, 3;
0.0319627, 3;
0.0300158, 3;
0.0319587, 3;
0.031988, 3;
0.031984, 3;
0.0311367, 3;
0.0308855, 3;
0.0299978, 3;
0.0313813, 3;
0.0307069, 3;
0.032454, 3;
0.0306099, 3;
0.0308112, 3;
0.0309493, 3;
0.0311566, 3;
0.0324696, 3;
0.0314875, 3;
0.0320528, 3;
0.0358957, 3;
0.0399955, 3;
0.0320166, 3;
0.0319777, 3;
0.0320023, 3;
0.0317417, 3;
0.0307479, 3;
0.0310199, 3;
0.0308049, 3;
0.0312148, 3;
0.0305882, 3;
0.0312382, 3;
0.0340251, 3;
0.0449401, 3;
0.0314883, 3;
0.0310895, 3;
0.0306771, 3;
0.0310757, 3;
0.030092, 3;
0.0320033, 3;
0.0320093, 3;
0.0367025, 3;
0.0417791, 3;
0.0304848, 3;
0.0328837, 3;
0.0310216, 3;
0.0456832, 3;
0.0341144, 3;
0.0733634, 4;
0.0316172, 4;
0.0541663, 4;
0.0397845, 4;
0.0464658, 4;
0.0325826, 4;
0.0300085, 4;
0.0334337, 4;
0.0457206, 4;
0.0325968, 4;
0.0458401, 4;
0.0439376, 4;
0.029842, 4;
0.0299859, 4;
0.0299736, 4;
0.02994, 4;
0.0301535, 4;
0.032126, 4;
0.0299594, 4;
0.0310254, 4;
0.0303405, 4;
0.0310241, 4;
0.0320214, 4;
0.0300717, 4;
0.030987, 4;
0.0309122, 4;
0.031024, 4;
0.030074, 4;
0.0307883, 4;
0.0301977, 4;
0.0305162, 4;
0.0310523, 4;
0.0308647, 4;
0.030015, 4;
0.030228, 4;
0.0305247, 4;
0.0310309, 4;
0.0300101, 4;
0.0309343, 4;
0.0310158, 4;
0.0319395, 4;
0.029963, 4;
0.0308479, 4;
0.0302105, 4;
0.0317525, 4;
0.0304, 4;
0.0335116, 4;
0.0455, 4;
0.0306018, 4;
0.0448336, 4;
0.0302692, 4;
0.0299384, 4;
0.02999, 4;
0.0320099, 4;
0.0304521, 4;
0.0331127, 4;
0.0431715, 4;
0.0317998, 4;
0.0310597, 4;
0.0309069, 4;
0.0308465, 4;
0.029882, 4;
0.0313454, 4;
0.031212, 4;
0.0320289, 4;
0.0310511, 4;
0.0322467, 4;
0.0298914, 4;
0.0347946, 2;
0.0419224, 2;
0.0298749, 2;
0.0311232, 2;
0.0307651, 2;
0.0323038, 2;
0.0326931, 2;
0.0459501, 2;
0.0445211, 2;
0.0319136, 2;
0.0301091, 2;
0.029987, 2;
0.0309683, 2;
0.0311628, 2;
0.0298145, 2;
0.0318062, 2;
0.0310766, 2;
0.0315674, 2;
0.0302288, 2;
0.0320564, 2;
0.0323131, 2;
0.0308153, 2;
0.0301897, 2;
0.0321477, 2;
0.0318624, 2;
0.0323954, 2;
0.0437933, 2;
0.0305861, 2;
0.0308812, 2;
0.0311606, 2;
0.0319164, 2;
0.0327477, 2;
0.0437854, 2;
0.0300293, 2;
0.0309052, 2;
0.0310847, 2;
0.0302575, 2;
0.0309845, 2;
0.0321704, 2;
0.031555, 2;
0.0312104, 2;
0.0314017, 2;
0.0296933, 2;
0.0314087, 2;
0.0308885, 2;
0.0323906, 2;
0.0447922, 2;
0.0312434, 2;
0.0305328, 2;
0.0319467, 2;
0.030299, 2;
0.0316251, 2;
0.0449248, 2;
0.0302066, 2;
0.0322785, 2;
0.0307095, 2;
0.0309919, 2;
0.0321657, 2;
0.0437628, 2;
0.0320324, 2;
0.0317622, 2;
0.0311956, 2;
0.03096, 3;
0.0312374, 3;
0.0309703, 3;
0.0319081, 3;
0.0299707, 3;
0.029961, 3;
0.031034, 3;
0.0309787, 3;
0.030965, 3;
0.0299766, 3;
0.0309845, 3;
0.0310828, 3;
0.0299792, 3;
0.0309255, 3;
0.031068, 3;
0.030213, 3;
0.0309786, 3;
0.0299663, 3;
0.0308891, 3;
0.0303423, 3;
0.0315189, 3;
0.0304234, 3;
0.0309259, 3;
0.0299739, 3;
0.0309684, 3;
0.0309886, 3;
0.0299785, 3;
0.0310334, 3;
0.0309429, 3;
0.0300037, 3;
0.0310527, 3;
0.030904, 3;
0.0309734, 3;
0.0304492, 3;
0.0295131, 3;
0.0299917, 3;
0.0309515, 3;
0.029988, 3;
0.0299931, 3;
0.0310112, 3;
0.0309328, 3;
0.0300258, 3;
0.030971, 3;
0.0299594, 3;
0.030972, 3;
0.0320913, 3;
0.0309011, 3;
0.0309751, 3;
0.0300305, 3;
0.0299278, 3;
0.0300009, 3;
0.0299664, 3;
0.0310109, 3;
0.0309746, 3;
0.0309355, 3;
0.031004, 3;
0.0299876, 3;
0.030961, 3;
0.0309706, 3;
0.029985, 3;
0.0309997, 3;
0.0309609, 3;
0.0310182, 3;
0.0299664, 3;
0.0309698, 3;
0.0299888, 3;
0.0309899, 3;
0.0309603, 3;
0.0310007, 3;
0.0301019, 3;
0.030826, 3;
0.0299559, 3;
0.0300086, 3;
0.029957, 3;
0.0299835, 3;
0.0310349, 3;
0.0309432, 3;
0.0309835, 3;
0.0309525, 3;
0.030984, 3;
0.0299819, 3;
0.0319905, 3;
0.0439654, 3;
0.0300553, 3;
0.029911, 3;
0.0300028, 3;
0.0309879, 3;
0.0309483, 3;
0.0300092, 3;
0.0309992, 3;
0.0299429, 3;
0.0309811, 3;
0.030979, 3;
0.0310252, 3;
0.0309387, 3;
0.0309958, 3;
0.0309633, 3;
0.029975, 3;
0.0305178, 3;
0.0304685, 3;
0.0320214, 3;
0.0319585, 3;
0.0309716, 3;
0.0309523, 3;
0.0309584, 3;
0.0309928, 3;
0.0320054, 3;
0.0309482, 3;
0.0310075, 3;
0.0309592, 3;
0.0299725, 3;
0.0309948, 3;
0.0309867, 3;
0.0299719, 3;
0.0310031, 3;
0.0299606, 3;
0.0300079, 3;
0.0309544, 3;
0.0309794, 3;
0.0309943, 3;
0.0299857, 3;
0.0299663, 3;
0.0299967, 3;
0.0299906, 4;
0.0299491, 4;
0.0300113, 4;
0.0310015, 4;
0.0309347, 4;
0.0302649, 4;
0.030964, 4;
0.0307417, 4;
0.0301562, 4;
0.0308255, 4;
0.0309622, 4;
0.0299394, 4;
0.0310032, 4;
0.03115, 4;
0.0298677, 4;
0.0309167, 4;
0.031095, 4;
0.0298601, 4;
0.031026, 4;
0.0299748, 4;
0.0309737, 4;
0.0300261, 4;
0.0319993, 4;
0.0299159, 4;
0.0323033, 4;
0.0307646, 4;
0.029963, 4;
0.0308934, 4;
0.0299788, 4;
0.0309929, 4;
0.0309419, 4;
0.0310235, 4;
0.0322054, 4;
0.0297273, 4;
0.0320036, 4;
0.0319856, 4;
0.0319607, 4;
0.0320179, 4;
0.0298991, 4;
0.0300184, 4;
0.0310185, 4;
0.0299213, 4;
0.0310918, 4;
0.0308802, 4;
0.0316135, 4;
0.0313484, 4;
0.0325505, 4;
0.0320117, 4;
0.0314031, 4;
0.0299373, 4;
0.0309802, 4;
0.0310734, 4;
0.0309065, 4;
0.029991, 4;
0.0382456, 4;
0.0440474, 4;
0.044347, 4;
0.044675, 4;
0.0357262, 4;
0.0408836, 4;
0.0299149, 4;
0.031009, 4;
0.0299302, 4;
0.0319751, 4;
0.0300172, 4;
0.0321457, 4;
0.0338152, 4;
0.0300317, 4;
0.0319289, 4;
0.0299606, 4;
0.0309994, 4;
0.0319858, 4;
0.0306191, 4;
0.0308187, 4;
0.0307717, 4;
0.0307832, 4;
0.0298909, 4;
0.0321089, 4;
0.0458924, 4;
0.0381276, 4;
0.0398503, 4;
0.030894, 4;
0.0299845, 4;
0.0300303, 4;
0.0303958, 4;
0.0305551, 4;
0.0310373, 4;
0.029918, 4;
0.0299429, 4;
0.0300537, 4;
0.0299255, 4;
0.0300275, 4;
0.0299328, 4;
0.0300002, 4;
0.0319791, 4;
0.0309543, 4;
0.0299751, 4;
0.0310671, 4;
0.0298976, 4;
0.0311596, 4;
0.0308443, 4;
0.0300003, 4;
0.0299907, 4;
0.0311402, 4;
0.0307738, 4;
0.0299833, 4;
0.0321923, 4;
0.0297748, 4;
0.0300067, 4;
0.0309317, 4;
0.0299516, 4;
0.0306546, 4;
0.0293157, 4;
0.0300562, 4;
0.0309293, 4;
0.0321141, 4;
0.0319589, 4;
0.0309248, 4;
0.0300289, 4;
0.0308763, 4;
0.0299861, 4;
0.0300667, 4;
0.0308896, 4;
0.0309396, 4;
0.0320436, 4;
0.0299302, 4;
0.0312505, 4;
0.0313139, 4;
0.0304356, 4;
0.0309646, 4;
0.0309178, 4;
0.0300402, 4;
0.0299267, 4;
0.0300252, 4;
0.0309316, 4;
0.0320311, 4;
0.0326246, 4;
0.0303072, 4;
0.0299722, 4;
0.0319819, 4;
0.0311371, 4;
0.0309269, 4;
0.0319657, 4;
0.0310012, 4;
0.0309031, 4;
0.0319384, 4;
0.0299764, 4;
0.0320496, 4;
0.0319147, 4;
0.0320348, 4;
0.0319609, 4;
0.0319945, 4;
0.0323615, 4;
0.0316541, 4;
0.0308811, 4;
0.0299884, 4;
0.0320639, 4;
0.0299365, 4;
0.0319166, 4;
0.0321534, 4;
0.0309767, 4;
0.0308476, 4;
0.0319599, 4;
0.031025, 4;
0.0299257, 4;
0.0310096, 4;
0.029956, 4;
0.0299757, 4;
0.0311441, 4;
0.0308225, 4;
0.0299789, 4;
0.0300125, 4;
0.0319774, 4;
0.0320735, 4;
0.0309825, 4;
0.0295309, 4;
0.0310231, 4;
0.0320689, 4;
0.0318701, 4;
0.032077, 4;
0.0318946, 4;
0.0309858, 4;
0.0300139, 4;
0.0310007, 4;
0.0319841, 4;
0.0320229, 4;
0.0300362, 4;
0.0334383, 4;
0.0435046, 4;
0.0308075, 4;
0.0310151, 4;
0.0320172, 4;
0.0320669, 4;
0.0327015, 4;
0.0302261, 4;
0.0298947, 4;
0.0300854, 4;
0.0298798, 4;
0.0319903, 4;
0.0320048, 4;
0.0319739, 4;
0.0309555, 4;
0.0299595, 4;
0.0310477, 4;
0.0300502, 4;
0.0308952, 4;
0.0319483, 4;
0.0321063, 4;
0.0318828, 4;
0.0320115, 4;
0.0298844, 4;
0.029982, 4;
0.0311221, 4;
0.0331966, 4;
0.0334641, 4;
0.0432627, 4;
0.0309579, 4;
0.0299236, 4;
0.0299958, 4;
0.0299295, 4;
0.0310928, 4;
0.0309217, 4;
0.0319175, 4;
0.032068, 4;
0.0309408, 4;
0.0299449, 4;
0.0300147, 4;
0.0309837, 4;
0.0299462, 4;
0.0310286, 4;
0.0299696, 4;
0.0319633, 4;
0.0321431, 4;
0.0308056, 4;
0.0310603, 4;
0.0309177, 4;
0.0311205, 4;
0.0299659, 4;
0.0298506, 4;
0.0319954, 4;
0.0325617, 4;
0.0293774, 4;
0.0303301, 4;
0.0296225, 4;
0.0310048, 4;
0.0327589, 4;
0.044531, 4;
0.0400693, 4;
0.0478761, 4;
0.0416612, 4;
0.038906, 4;
0.0313642, 4;
0.0306488, 4;
0.0309696, 4;
0.0319729, 4;
0.0309398, 4;
0.0301451, 4;
0.0298296, 4;
0.0310579, 4;
0.0299547, 4;
0.0299459, 4;
0.0416765, 4;
0.0360188, 4;
0.030955, 4;
0.0296153, 4;
0.0317999, 4;
0.0307835, 4;
0.0300533, 4;
0.0299189, 4;
0.0300174, 4;
0.0301028, 4;
0.0308515, 4;
0.0319351, 4;
0.0320091, 4;
0.0311012, 4;
0.031539, 4;
0.0432589, 4;
0.0300866, 4;
0.0299518, 4;
0.030006, 4;
0.0308918, 4;
0.0321448, 4;
0.0318291, 4;
0.0300092, 4;
0.0319901, 4;
0.0320298, 4;
0.0298715, 4;
0.0310693, 4;
0.029907, 4;
0.0311146, 4;
0.0308547, 4;
0.0301052, 4;
0.0298727, 4;
0.030952, 4;
0.0300799, 4;
0.0309279, 4;
0.0309918, 4;
0.0299703, 4;
0.0299841, 4;
0.0299502, 4;
0.0299714, 4;
0.0301224, 4;
0.0298711, 4;
0.0299565, 4;
0.0309921, 4;
0.0300655, 4;
0.0299794, 4;
0.0309194, 4;
0.0309876, 4;
0.0306062, 4;
0.044312, 4;
0.0313041, 4;
0.0306534, 4;
0.0299804, 2;
0.0300055, 2;
0.0299634, 2;
0.0310144, 2;
0.0299551, 2;
0.0320249, 2;
0.0309272, 2;
0.0309881, 2;
0.0319718, 2;
0.0320487, 2;
0.0306331, 2;
0.0292665, 2;
0.0320239, 2;
0.0299461, 2;
0.0310196, 2;
0.0299547, 2;
0.0314539, 2;
0.0306985, 2;
0.0307691, 2;
0.0320653, 2;
0.0319077, 2;
0.0319528, 2;
0.0320345, 2;
0.0309398, 2;
0.0310096, 2;
0.0319781, 2;
0.0320104, 2;
0.029933, 2;
0.0310712, 2;
0.031073, 2;
0.0323424, 2;
0.0304106, 4;
0.0150608, 9;
0.0159782, 9;
0.0160384, 9;
0.0159749, 9;
0.0159265, 9;
0.0161743, 9;
0.0157965, 9;
0.0160242, 9;
0.0159667, 9;
0.0160294, 9;
0.0149298, 9;
0.0151405, 9;
0.0148879, 9;
0.0160848, 9;
0.0151771, 9;
0.0155081, 9;
0.0151921, 9;
0.0149231, 9;
0.0150565, 9;
0.0149639, 9;
0.0162848, 9;
0.0136329, 9;
0.0150068, 9;
0.0150255, 9;
0.0150159, 9;
0.0149956, 9;
0.0149686, 9;
0.0150042, 9;
0.0149509, 9;
0.0149762, 9;
0.0149797, 9;
0.0151262, 9;
0.0152092, 9;
0.0146935, 9;
0.0149688, 9;
0.015011, 9;
0.0174943, 9;
0.0144167, 9;
0.0157481, 9;
0.0154169, 9;
0.014843, 9;
0.0151093, 9;
0.0148288, 9;
0.0149813, 9;
0.0150363, 9;
0.0150381, 9;
0.0150105, 9;
0.0149122, 9;
0.0164436, 9;
0.0145603, 9;
0.0149515, 9;
0.014978, 9;
0.0150595, 9;
0.0159782, 9;
0.0149875, 9;
0.0150375, 9;
0.015947, 9;
0.0159861, 9;
0.016036, 9;
0.0159449, 9;
0.0160332, 9;
0.0149222, 9;
0.0153872, 9;
0.0146351, 9;
0.0151253, 9;
0.0152715, 9;
0.0146665, 9;
0.0150227, 9;
0.014751, 9;
0.0160028, 9;
0.0149146, 9;
0.0150587, 9;
0.0149189, 9;
0.0160786, 9;
0.0148555, 9;
0.0150284, 9;
0.0160956, 9;
0.0148769, 9;
0.014996, 9;
0.0150664, 9;
0.015946, 9;
0.0160294, 9;
0.0159795, 9;
0.0161143, 9;
0.0147695, 9;
0.0150421, 9;
0.0159653, 9;
0.0160113, 9;
0.0159958, 9;
0.0162915, 9;
0.0157839, 9;
0.0158342, 9;
0.0159865, 9;
0.0161249, 9;
0.0158932, 9;
0.0150393, 9;
0.015054, 9;
0.0154117, 9;
0.0143981, 9;
0.0150521, 9;
0.0150131, 9;
0.016454, 9;
0.0144527, 9;
0.0160062, 9;
0.0151001, 9;
0.0149975, 9;
0.0159758, 9;
0.0158926, 9;
0.0150031, 9;
0.0149945, 9;
0.0160517, 9;
0.0159772, 9;
0.0159505, 9;
0.0159592, 9;
0.0159619, 9;
0.0160105, 9;
0.0149838, 9;
0.0150274, 9;
0.0160853, 9;
0.0164149, 9;
0.0158201, 9;
0.0146089, 9;
0.01496, 9;
0.0150164, 9;
0.0160237, 9;
0.0150048, 9;
0.0154359, 9;
0.0155414, 9;
0.0150076, 9;
0.0150025, 9;
0.0163408, 9;
0.014624, 9;
0.0149915, 9;
0.0165173, 9;
0.0134371, 9;
0.0149932, 9;
0.015035, 9;
0.0149822, 9;
0.0148724, 9;
0.0150574, 9;
0.0153104, 9;
0.0150393, 9;
0.0146304, 9;
0.0150028, 9;
0.0150727, 9;
0.0150073, 9;
0.0166406, 9;
0.0151895, 9;
0.0149683, 9;
0.014978, 9;
0.0150085, 9;
0.0150157, 9;
0.0150552, 9;
0.0159353, 9;
0.0159288, 9;
0.0159917, 9;
0.0159639, 9;
0.0160192, 9;
0.0160094, 9;
0.0159938, 9;
0.015927, 9;
0.0160245, 9;
0.0152208, 9;
0.0147115, 9;
0.015063, 9;
0.0150471, 9;
0.0161285, 9;
0.014867, 9;
0.0148871, 9;
0.0155526, 9;
0.0154886, 9;
0.0149334, 9;
0.0149863, 9;
0.0149735, 9;
0.015019, 9;
0.015164, 9;
0.0147601, 9;
0.0150488, 9;
0.0151239, 9;
0.0148104, 9;
0.0150001, 9;
0.0150486, 9;
0.0159935, 9;
0.0160503, 9;
0.0160401, 9;
0.0158467, 9;
0.0160638, 9;
0.0159663, 9;
0.0162616, 9;
0.0157489, 9;
0.0149931, 9;
0.0159119, 9;
0.0159014, 9;
0.0150808, 9;
0.0160373, 9;
0.0167541, 9;
0.0152153, 9;
0.014951, 9;
0.0159937, 9;
0.0149929, 9;
0.015031, 9;
0.0159634, 9;
0.0149704, 9;
0.0149253, 9;
0.0160699, 9;
0.0150132, 9;
0.0148845, 9;
0.0161004, 9;
0.0149444, 9;
0.0150523, 9;
0.0159645, 9;
0.0149077, 9;
0.0149571, 9;
0.0160425, 9;
0.0150634, 9;
0.0149404, 9;
0.0153303, 9;
0.0146272, 9;
0.0159449, 9;
0.0160541, 9;
0.0159953, 9;
0.0160296, 9;
0.0160972, 9;
0.0148258, 9;
0.0151084, 9;
0.0159081, 9;
0.0155522, 9;
0.0148387, 9;
0.0145689, 9;
0.0148886, 9;
0.0151397, 9;
0.0148446, 9;
0.0149614, 9;
0.0160038, 9;
0.0160158, 9;
0.0160169, 9;
0.0150396, 9;
0.0149215, 9;
0.0160102, 9;
0.0159575, 9;
0.0160782, 9;
0.0158991, 9;
0.0159947, 9;
0.0160034, 9;
0.014977, 9;
0.0149819, 9;
0.0150118, 9;
0.0162726, 9;
0.0147202, 9;
0.0149815, 9;
0.0160092, 9;
0.0150493, 9;
0.0148971, 9;
0.015934, 9;
0.0149975, 9;
0.0150883, 9;
0.01596, 9;
0.0151479, 9;
0.0148018, 9;
0.0150582, 9;
0.0150015, 9;
0.0149069, 9;
0.0149761, 9;
0.0150223, 9;
0.0149977, 9;
0.0161171, 9;
0.0138279, 9;
0.0159839, 9;
0.0152261, 9;
0.0147759, 9;
0.014946, 9;
0.0149896, 9;
0.0150915, 9;
0.0149392, 9;
0.0159809, 9;
0.0150386, 9;
0.0148774, 9;
0.0161296, 9;
0.014976, 9;
0.0149288, 9;
0.0149392, 9;
0.0160303, 9;
0.0160193, 9;
0.0159379, 9;
0.016015, 9;
0.0160562, 9;
0.0160075, 9;
0.015874, 9;
0.0160026, 9;
0.0160146, 9;
0.0159532, 9;
0.0149926, 9;
0.0151231, 9;
0.016046, 9;
0.0147801, 9;
0.0150937, 9;
0.0159474, 9;
0.0159764, 9;
0.0161069, 9;
0.0159843, 9;
0.0159519, 9;
0.0149341, 9;
0.0149822, 9;
0.0149426, 9;
0.0150932, 9;
0.0149487, 9;
0.015977, 9;
0.0162473, 9;
0.0157138, 9;
0.0149465, 9;
0.0150237, 9;
0.0151958, 9;
0.0148989, 9;
0.0149142, 9;
0.015024, 9;
0.014906, 9;
0.0149721, 9;
0.015034, 9;
0.0150921, 9;
0.0149579, 9;
0.0149097, 9;
0.0150129, 9;
0.0149541, 9;
0.0150342, 9;
0.0149369, 9;
0.0150396, 9;
0.0153262, 9;
0.0146457, 9;
0.0159736, 9;
0.0149189, 9;
0.0149971, 9;
0.0161566, 9;
0.0158427, 9;
0.0150229, 9;
0.0149734, 9;
0.0153183, 9;
0.0146901, 9;
0.0149644, 9;
0.0149579, 9;
0.0160253, 9;
0.0152732, 9;
0.0146944, 9;
0.0159954, 9;
0.0150139, 9;
0.0149137, 9;
0.0160289, 9;
0.0149666, 9;
0.0150634, 9;
0.0149345, 9;
0.0150346, 9;
0.0149141, 9;
0.0149979, 9;
0.0164285, 9;
0.015641, 9;
0.0160181, 9;
0.0160128, 9;
0.015387, 9;
0.0146266, 9;
0.0163784, 9;
0.0155791, 9;
0.014917, 9;
0.0149168, 9;
0.0149848, 9;
0.0150145, 9;
0.0159307, 9;
0.0151681, 9;
0.0148542, 9;
0.0160743, 9;
0.0149165, 9;
0.0150594, 9;
0.0151613, 9;
0.0163293, 9;
0.0153698, 9;
0.0160397, 9;
0.0159838, 9;
0.0160479, 9;
0.0158774, 9;
0.0151671, 9;
0.0148469, 9;
0.0161153, 9;
0.0153791, 9;
0.0148764, 9;
0.0152906, 9;
0.0153879, 9;
0.0152792, 9;
0.015207, 9;
0.0155612, 9;
0.0149901, 9;
0.0148276, 9;
0.0163492, 9;
0.0147309, 9;
0.0149829, 9;
0.0164506, 9;
0.014541, 9;
0.0150758, 9;
0.0158216, 9;
0.0149765, 9;
0.0151605, 9;
0.0156433, 9;
0.0141569, 9;
0.0160078, 9;
0.015051, 9;
0.0149083, 9;
0.0163726, 9;
0.0146495, 9;
0.0150272, 9;
0.0161376, 9;
0.015848, 9;
0.0202602, 9;
0.0095996, 9;
0.0154165, 9;
0.0156744, 9;
0.0162727, 9;
0.0166801, 9;
0.0143071, 9;
0.0149053, 9;
0.0148531, 9;
0.0157609, 9;
0.0149154, 9;
0.0157974, 9;
0.0147207, 9;
0.0151873, 9;
0.0145355, 9;
0.0149012, 9;
0.0165565, 9;
0.0154223, 9;
0.0150359, 9;
0.0148719, 9;
0.0151772, 9;
0.0149668, 9;
0.0149607, 9;
0.0149465, 9;
0.0149024, 9;
0.0151382, 9;
0.014925, 9;
0.0150478, 9;
0.0148734, 9;
0.0161555, 9;
0.0155054, 9;
0.0144045, 9;
0.0164635, 9;
0.0144709, 9;
0.0148769, 9;
0.0150479, 9;
0.0160368, 9;
0.0151622, 9;
0.0148817, 9;
0.0161469, 9;
0.0146984, 9;
0.0149346, 9;
0.0150151, 9;
0.0151954, 9;
0.014868, 9;
0.0148589, 9;
0.0159836, 9;
0.0156939, 9;
0.014387, 9;
0.0159673, 9;
0.0164847, 9;
0.0155405, 9;
0.0152227, 9;
0.0148, 9;
0.0150208, 9;
0.0149892, 9;
0.0158365, 9;
0.0150632, 9;
0.0149516, 9;
0.0149569, 9;
0.0163289, 9;
0.0146533, 9;
0.015103, 9;
0.0158682, 9;
0.0226423, 9;
0.0083163, 9;
0.017956, 9;
0.0132327, 9;
0.014871, 9;
0.0164199, 9;
0.0159343, 9;
0.0146878, 9;
0.0149322, 9;
0.0160072, 9;
0.0155775, 9;
0.0142797, 9;
0.0161025, 9;
0.0150273, 9;
0.0160744, 9;
0.0148865, 9;
0.0153194, 9;
0.0159175, 9;
0.0157286, 9;
0.0149059, 9;
0.0159661, 9;
0.0141666, 9;
0.0163104, 9;
0.0161812, 9;
0.0150301, 9;
0.0153163, 9;
0.0157968, 9;
0.0141594, 9;
0.0160947, 9;
0.0156894, 9;
0.014603, 9;
0.0165256, 9;
0.0141194, 9;
0.0153751, 9;
0.0167945, 9;
0.0147089, 9;
0.0149421, 9;
0.0163527, 9;
0.018952, 9;
0.0096957, 9;
0.0150706, 9;
0.0170993, 9;
0.0147269, 9;
0.0141919, 9;
0.016002, 9;
0.014965, 9;
0.0149631, 9;
0.0165236, 9;
0.0144028, 9;
0.0149658, 9;
0.0151696, 9;
0.0158786, 9;
0.0167982, 9;
0.0141785, 9;
0.0151768, 9;
0.0160157, 9;
0.0157567, 9;
0.0150722, 9;
0.0149125, 9;
0.014965, 9;
0.0156189, 9;
0.0144259, 9;
0.0149877, 9;
0.0149812, 9;
0.0150449, 9;
0.014952, 9;
0.0161965, 9;
0.0151402, 9;
0.0151262, 9;
0.0154379, 9;
0.0149219, 9;
0.0151624, 9;
0.016027, 9;
0.0156719, 9;
0.0143151, 9;
0.0151933, 9;
0.0152791, 9;
0.0154594, 9;
0.0146888, 9;
0.015414, 9;
0.0146622, 9;
0.0150928, 9;
0.014826, 9;
0.0150333, 9;
0.0154144, 9;
0.0146569, 9;
0.0158162, 9;
0.0161596, 9;
0.0147626, 9;
0.0150527, 9;
0.0172714, 9;
0.0127128, 9;
0.0149492, 9;
0.0150237, 9;
0.0162961, 9;
0.0147341, 9;
0.0149098, 9;
0.0150018, 9;
0.0151249, 9;
0.0148653, 9;
0.0163659, 9;
0.016413, 9;
0.0133726, 9;
0.0170316, 9;
0.0147664, 9;
0.0157297, 9;
0.0145808, 9;
0.0157966, 9;
0.0158152, 9;
0.0184272, 9;
0.0118962, 9;
0.0146575, 9;
0.0152353, 9;
0.0152015, 9;
0.0145393, 9;
0.0164153, 9;
0.0148868, 9;
0.0192049, 9;
0.014153, 9;
0.0138944, 9;
0.0260392, 9;
0.0211162, 9;
0.0173924, 9;
0.0122069, 9;
0.0145812, 9;
0.015019, 9;
0.0160067, 9;
0.0164241, 9;
0.0156361, 9;
0.014877, 9;
0.0149817, 9;
0.0150527, 9;
0.014926, 9;
0.0157914, 9;
0.0142721, 9;
0.0176592, 9;
0.0133104, 9;
0.0157358, 9;
0.0163842, 9;
0.0148535, 9;
0.0159303, 9;
0.0149772, 9;
0.0167738, 9;
0.0135636, 9;
0.0176521, 9;
0.0123866, 9;
0.0155673, 9;
0.0155737, 9;
0.0157448, 9;
0.0155071, 9;
0.0141438, 9;
0.0150997, 9;
0.014955, 9;
0.0165539, 9;
0.0143182, 9;
0.0149945, 9;
0.0163352, 9;
0.0146424, 9;
0.0151185, 9;
0.0159207, 9;
0.0153919, 9;
0.0145053, 9;
0.0160368, 9;
0.0150219, 9;
0.0160277, 9;
0.0158621, 9;
0.0140299, 9;
0.0149914, 9;
0.0155248, 9;
0.0154781, 9;
0.0149382, 9;
0.0159786, 9;
0.0149978, 9;
0.015361, 9;
0.01468, 9;
0.0150158, 9;
0.0159311, 9;
0.0153517, 9;
0.014692, 9;
0.0159164, 9;
0.016098, 9;
0.0149385, 9;
0.0154808, 9;
0.0156378, 9;
0.0138429, 9;
0.0175154, 9;
0.0134576, 9;
0.0159775, 9;
0.0160322, 9;
0.0151394, 9;
0.0157523, 9;
0.0151419, 9;
0.0149353, 9;
0.016026, 9;
0.0149719, 9;
0.0148734, 9;
0.0149799, 9;
0.0153207, 9;
0.0163837, 9;
0.0150373, 9;
0.0167818, 9;
0.0124732, 9;
0.0163721, 9;
0.0140567, 9;
0.0172586, 9;
0.0146843, 9;
0.0147142, 9;
0.0158311, 9;
0.0150274, 9;
0.0161442, 9;
0.0147715, 9;
0.0150183, 9;
0.0152592, 9;
0.0160055, 9;
0.0148093, 9;
0.0161486, 9;
0.0156641, 9;
0.0140209, 9;
0.0160699, 9;
0.0151201, 9;
0.014937, 9;
0.0159505, 9;
0.0158726, 9;
0.0164883, 9;
0.0162794, 9;
0.0153208, 9;
0.0149449, 9;
0.0164869, 9;
0.0154204, 9;
0.0158004, 9;
0.0132668, 9;
0.0170076, 9;
0.0149035, 9;
0.0141383, 9;
0.0159136, 9;
0.0174093, 9;
0.0164313, 9;
0.0131189, 9;
0.015826, 9;
0.014145, 9;
0.0159932, 9;
0.0139702, 9;
0.0159783, 9;
0.0165912, 9;
0.0153801, 9;
0.0151232, 9;
0.0149915, 9;
0.0157653, 9;
0.0141658, 9;
0.0163177, 9;
0.0158522, 9;
0.0147925, 9;
0.0149545, 9;
0.0154593, 9;
0.0158445, 9;
0.0147613, 9;
0.0158398, 9;
0.0149682, 9;
0.0150621, 9;
0.0159452, 9;
0.018321, 9;
0.0136568, 9;
0.0160594, 9;
0.0159106, 9;
0.0149643, 9;
0.0151087, 9;
0.0149826, 9;
0.0148884, 9;
0.0149515, 9;
0.0151592, 9;
0.014884, 9;
0.0151076, 9;
0.0148641, 9;
0.0170843, 9;
0.0121412, 9;
0.0149734, 9;
0.0149883, 9;
0.0149607, 9;
0.0150759, 9;
0.0150253, 9;
0.016579, 9;
0.0163074, 9;
0.015519, 9;
0.01349, 9;
0.0159592, 9;
0.0149798, 9;
0.0149824, 9;
0.0154127, 9;
0.0144999, 9;
0.016102, 9;
0.0169246, 9;
0.0147449, 9;
0.014232, 9;
0.0162715, 9;
0.0149689, 9;
0.0161215, 9;
0.0137329, 9;
0.0148375, 9;
0.015119, 9;
0.0149942, 9;
0.016184, 9;
0.0149264, 9;
0.01492, 9;
0.0151823, 9;
0.0149155, 9;
0.0150649, 9;
0.0166291, 9;
0.0151006, 9;
0.0138926, 9;
0.0159189, 9;
0.0186946, 9;
0.0114377, 9;
0.015938, 9;
0.0149553, 9;
0.015144, 9;
0.0159455, 9;
0.0178189, 9;
0.0121627, 9;
0.01486, 9;
0.0151204, 9;
0.0160115, 9;
0.0162459, 9;
0.0164963, 9;
0.0131316, 9;
0.0174767, 9;
0.0145006, 9;
0.0152597, 9;
0.0158151, 9;
0.0159621, 9;
0.0154967, 9;
0.0174738, 9;
0.0119157, 9;
0.0149472, 9;
0.015047, 9;
0.0151209, 9;
0.015837, 9;
0.0171881, 9;
0.0129047, 9;
0.0166775, 9;
0.0141404, 9;
0.0150997, 9;
0.0150672, 9;
0.0148114, 9;
0.0159335, 9;
0.0150234, 9;
0.0151343, 9;
0.0161457, 9;
0.0168043, 9;
0.0145612, 9;
0.0153119, 9;
0.014989, 9;
0.0150659, 9;
0.0159854, 9;
0.0138685, 9;
0.016052, 9;
0.0170416, 9;
0.0139849, 9;
0.0151908, 9;
0.0157305, 9;
0.016036, 9;
0.0159402, 9;
0.0148954, 9;
0.0150003, 9;
0.0150789, 9;
0.0149117, 9;
0.0160657, 9;
0.0152644, 9;
0.0146244, 9;
0.0149839, 9;
0.0150017, 9;
0.0232515, 9;
0.0166149, 9;
0.0064209, 9;
0.0162146, 9;
0.0156491, 9;
0.0159236, 9;
0.0148925, 9;
0.0149979, 9;
0.0154357, 9;
0.0146165, 9;
0.0172039, 9;
0.0147221, 9;
0.0150747, 9;
0.0157443, 9;
0.0152701, 9;
0.0148809, 9;
0.014981, 9;
0.0151947, 9;
0.0158808, 9;
0.0139104, 9;
0.0151138, 9;
0.0158027, 9;
0.0149866, 9;
0.0152509, 9;
0.0147291, 9;
0.014973, 9;
0.0151779, 9;
0.0148238, 9;
0.0156408, 9;
0.0152074, 9;
0.0150071, 9;
0.0152637, 9;
0.0148406, 9;
0.0148911, 9;
0.0149747, 9;
0.0159072, 9;
0.014169, 9;
0.0152417, 9;
0.0150424, 9;
0.0159453, 9;
0.0136675, 9;
0.0160181, 9;
0.0164258, 9;
0.0150757, 9;
0.0147296, 9;
0.0147652, 9;
0.0155757, 9;
0.0149287, 9;
0.0153908, 9;
0.01519, 9;
0.0150793, 9;
0.0159148, 9;
0.0139973, 9;
0.0152487, 9;
0.0188438, 9;
0.0118686, 9;
0.016595, 9;
0.0155385, 9;
0.0172143, 9;
0.0130007, 9;
0.0144357, 9;
0.0201268, 9;
0.0108974, 9;
0.0148982, 9;
0.0160111, 9;
0.0151237, 9;
0.0154407, 9;
0.0144064, 9;
0.0149364, 9;
0.0155, 9;
0.0148288, 9;
0.0148189, 9;
0.0153631, 9;
0.0152743, 9;
0.0152916, 9;
0.0149142, 9;
0.0152951, 9;
0.0146874, 9;
0.0149081, 9;
0.0152306, 9;
0.0149323, 9;
0.0148482, 9;
0.0150471, 9;
0.0150551, 9;
0.0149185, 9;
0.01494, 9;
0.0150135, 9;
0.0153332, 9;
0.0146263, 9;
0.0152354, 9;
0.0147117, 9;
0.0161445, 9;
0.014908, 9;
0.015057, 9;
0.0173568, 9;
0.0137035, 9;
0.019026, 9;
0.0127591, 9;
0.0167369, 9;
0.0152649, 9;
0.0150659, 9;
0.0176705, 9;
0.0147728, 9;
0.0144403, 9;
0.0160085, 9;
0.0159532, 9;
0.0152084, 9;
0.0148067, 9;
0.0172692, 9;
0.0152177, 9;
0.0144222, 9;
0.0151327, 9;
0.0148649, 9;
0.0149758, 9;
0.0154662, 9;
0.0145931, 9;
0.0159725, 9;
0.0150095, 9;
0.0149733, 9;
0.0159125, 9;
0.0165635, 9;
0.0144921, 9;
0.0153403, 9;
0.0157581, 9;
0.0165556, 9;
0.0132845, 9;
0.0160211, 9;
0.0159555, 9;
0.0161375, 9;
0.0165582, 9;
0.0147566, 9;
0.0145944, 9;
0.0159017, 9;
0.0159292, 9;
0.0160935, 9;
0.0149191, 9;
0.0150712, 9;
0.0160006, 9;
0.0149036, 9;
0.0150066, 9;
0.0150665, 9;
0.0159213, 9;
0.0157697, 9;
0.0168079, 9;
0.0133896, 9;
0.0149589, 9;
0.0160494, 9;
0.0149821, 9;
0.0149917, 9;
0.015986, 9;
0.0163607, 9;
0.0158859, 9;
0.0148043, 9;
0.0148734, 9;
0.0149542, 9;
0.0149819, 9;
0.0149363, 9;
0.0150967, 9;
0.0149172, 9;
0.0149884, 9;
0.0149807, 9;
0.0149983, 9;
0.0150333, 9;
0.0160207, 9;
0.0171089, 9;
0.0138474, 9;
0.015031, 9;
0.0159526, 9;
0.0159956, 9;
0.0159206, 9;
0.016228, 9;
0.0166312, 9;
0.0151452, 9;
0.0149682, 9;
0.0153896, 9;
0.0149137, 9;
0.0157068, 9;
0.014967, 9;
0.0160092, 9;
0.015993, 9;
0.015995, 9;
0.0160297, 9;
0.0159525, 9;
0.015956, 9;
0.015996, 9;
0.0161042, 9;
0.014838, 9;
0.0150337, 9;
0.0160378, 9;
0.0160319, 9;
0.0149075, 9;
0.0150512, 9;
0.015966, 9;
0.0148903, 9;
0.0150774, 9;
0.0149457, 9;
0.0149942, 9;
0.0149874, 9;
0.0150349, 9;
0.0153163, 9;
0.0156468, 9;
0.0159507, 9;
0.0150106, 9;
0.0150164, 9;
0.0160046, 9;
0.016019, 9;
0.0159983, 9;
0.0161048, 9;
0.0157892, 9;
0.0160108, 9;
0.015959, 9;
0.0159819, 9;
0.0159629, 9;
0.0160485, 9;
0.0159609, 9;
0.0160124, 9;
0.0159713, 9;
0.0150675, 9;
0.0148989, 9;
0.0149787, 9;
0.0150577, 9;
0.0150122, 9;
0.0160476, 9;
0.0159237, 9;
0.0159121, 9;
0.0159709, 9;
0.0160216, 9;
0.0166212, 9;
0.0143224, 9;
0.0149932, 9;
0.016034, 9;
0.0159742, 9;
0.0160307, 9;
0.0160488, 9;
0.0160461, 9;
0.0148349, 9;
0.0149741, 9;
0.016702, 9;
0.0153036, 9;
0.0150345, 9;
0.0149246, 9;
0.0150287, 9;
0.0149388, 9;
0.0160373, 9;
0.0159418, 9;
0.0160628, 9;
0.01607, 9;
0.0158375, 9;
0.0180652, 9;
0.0139571, 9;
0.0159542, 9;
0.0149641, 9;
0.0150171, 9;
0.0150021, 9;
0.0150399, 9;
0.0160475, 9;
0.0149488, 9;
0.014913, 9;
0.0149891, 9;
0.0152945, 9;
0.014731, 9;
0.0150351, 9;
0.0151546, 9;
0.0147709, 9;
0.015987, 9;
0.0159595, 9;
0.0160313, 9;
0.0159751, 9;
0.014996, 9;
0.0152335, 9;
0.0147848, 9;
0.0149613, 9;
0.0167231, 9;
0.0153036, 9;
0.0149426, 9;
0.0149697, 9;
0.0150294, 9;
0.0159647, 9;
0.015059, 9;
0.0150303, 9;
0.0158636, 9;
0.0149596, 9;
0.0150244, 9;
0.0149866, 9;
0.0150162, 9;
0.016, 9;
0.015177, 9;
0.0147758, 9;
0.0149573, 9;
0.0150728, 9;
0.0162132, 9;
0.0158281, 9;
0.0159026, 9;
0.0149291, 9;
0.0150628, 9;
0.0159485, 9;
0.0150394, 9;
0.0149611, 9;
0.0151008, 9;
0.01499, 9;
0.015925, 9;
0.0148819, 9;
0.015029, 9;
0.0160003, 9;
0.01504, 9;
0.0160018, 9;
0.0158926, 9;
0.0159727, 9;
0.0160271, 9;
0.0149202, 9;
0.0150918, 9;
0.0161021, 9;
0.0147951, 9;
0.0150962, 9;
0.0149436, 9;
0.0159291, 9;
0.0161526, 9;
0.0159763, 9;
0.0162689, 9;
0.015603, 9;
0.0160636, 9;
0.0159742, 9;
0.0160231, 9;
0.0149069, 9;
0.0150354, 9;
0.0160508, 9;
0.0149191, 9;
0.015028, 9;
0.0159682, 9;
0.0159312, 9;
0.0149617, 9;
0.0150169, 9;
0.0154968, 9;
0.0154458, 9;
0.0150386, 9;
0.0149156, 9;
0.0150305, 9;
0.0152752, 9;
0.0147483, 9;
0.01503, 9;
0.0149287, 9;
0.0151391, 9;
0.0158313, 9;
0.0149518, 9;
0.0150235, 9;
0.0149572, 9;
0.015034, 9;
0.0160491, 9;
0.0159635, 9;
0.0159611, 9;
0.0159993, 9;
0.0160501, 9;
0.0148736, 9;
0.0150798, 9;
0.0148998, 9;
0.0150101, 9;
0.0150314, 9;
0.0150411, 9;
0.0158683, 9;
0.0149926, 9;
0.0150373, 9;
0.0160164, 9;
0.0149239, 9;
0.0162168, 9;
0.0158427, 9;
0.0149768, 9;
0.0150193, 9;
0.0160607, 9;
0.01489, 9;
0.0149329, 9;
0.0155758, 9;
0.0144165, 9;
0.0149791, 9;
0.0150421, 9;
0.0150029, 9;
0.014896, 9;
0.0149819, 9;
0.0150023, 9;
0.0150119, 9;
0.0150703, 9;
0.0159031, 9;
0.0151266, 9;
0.0149183, 9;
0.0149589, 9;
0.0160698, 9;
0.0148944, 9;
0.01499, 9;
0.014995, 9;
0.015033, 9;
0.014938, 9;
0.0150975, 9;
0.0159779, 9;
0.0159242, 9;
0.0160248, 9;
0.0160002, 9;
0.0160391, 9;
0.015915, 9;
0.0160846, 9;
0.0163047, 9;
0.0158185, 9;
0.0168836, 9;
0.013992, 9;
0.0166622, 9;
0.0132009, 9;
0.0159833, 9;
0.0149551, 9;
0.0161402, 9;
0.0158159, 9;
0.0161178, 9;
0.0161767, 9;
0.0197877, 9;
0.010866, 9;
0.0150762, 9;
0.0150279, 9;
0.0159383, 9;
0.0149695, 9;
0.0150138, 9;
0.0159872, 9;
0.0149695, 9;
0.015029, 9;
0.0159298, 9;
0.0149561, 9;
0.0150793, 9;
0.0159526, 9;
0.0149385, 9;
0.0150197, 9;
0.0160557, 9;
0.0148705, 9;
0.01513, 9;
0.0159595, 9;
0.014875, 9;
0.0150174, 9;
0.0149764, 9;
0.0149973, 9;
0.0149937, 9;
0.0149862, 9;
0.0150804, 9;
0.0167174, 9;
0.0131341, 9;
0.0160313, 9;
0.0160211, 9;
0.0159422, 9;
0.0160301, 9;
0.0159779, 9;
0.0151706, 9;
0.0147998, 9;
0.0149731, 9;
0.0149968, 9;
0.0161543, 9;
0.0148157, 9;
0.0150786, 9;
0.0160153, 9;
0.0149259, 9;
0.0149818, 9;
0.0159643, 9;
0.0150051, 9;
0.0149857, 9;
0.0152792, 9;
0.0147892, 9;
0.0148686, 9;
0.0150464, 9;
0.0150136, 9;
0.0150572, 9;
0.0148241, 9;
0.0151162, 9;
0.0150718, 9;
0.0147776, 9;
0.016007, 9;
0.0160619, 9;
0.0162046, 9;
0.0157759, 9;
0.0149836, 9;
0.0149657, 9;
0.0149301, 9;
0.0161159, 9;
0.0149127, 9;
0.0149801, 9;
0.0159706, 9;
0.0149673, 9;
0.0161463, 9;
0.0159389, 9;
0.0163802, 9;
0.0145113, 9;
0.0150332, 9;
0.0149411, 9;
0.0155235, 9;
0.0155994, 9;
0.0160022, 9;
0.0159186, 9;
0.0159581, 9;
0.0162461, 9;
0.0148065, 9;
0.0148698, 9;
0.0161267, 9;
0.0158896, 9;
0.015935, 9;
0.0149906, 9;
0.0150011, 9;
0.0160262, 9;
0.0160073, 9;
0.0150039, 9;
0.0150509, 9;
0.0148122, 9;
0.0152554, 9;
0.0147274, 9;
0.0149868, 9;
0.0150965, 9;
0.0162933, 9;
0.0156444, 9;
0.0159916, 9;
0.0160021, 9;
0.0159446, 9;
0.0149806, 9;
0.0162132, 9;
0.0149269, 9;
0.0149317, 9;
0.0159416, 9;
0.0153327, 9;
0.0146913, 9;
0.0161149, 9;
0.0148484, 9;
0.0168748, 9;
0.0150484, 9;
0.0149509, 9;
0.0150821, 9;
0.0149049, 9;
0.0154707, 9;
0.0145718, 9;
0.0149504, 9;
