0.107552;
0.110187;
0.111586;
0.107931;
0.108143;
0.106286;
0.111552;
0.115745;
0.12055;
0.155607;
0.1264;
0.108975;
0.122869;
0.113854;
0.117424;
0.121866;
0.114152;
0.123171;
0.125117;
0.159282;
0.147018;
0.161612;
0.118504;
0.108031;
0.109259;
0.10725;
0.106631;
0.107399;
0.108249;
0.107467;
0.109776;
0.106394;
0.107775;
0.110093;
0.106753;
0.123952;
0.126233;
0.107473;
0.110993;
0.10836;
0.10664;
0.109396;
0.106638;
0.106958;
0.10865;
0.107885;
0.108522;
0.106547;
0.107352;
0.108553;
0.109438;
0.104985;
0.108475;
0.108408;
0.10896;
0.108079;
0.109309;
0.109552;
0.106647;
0.109064;
0.107785;
0.112304;
0.104025;
0.108323;
0.108991;
0.109123;
0.107559;
0.110797;
0.106863;
0.108833;
0.108558;
0.108213;
0.106775;
0.110716;
0.105783;
0.111339;
0.108073;
0.110047;
0.106774;
0.109604;
0.107733;
0.12631;
0.110213;
0.110478;
0.106673;
0.107491;
0.107362;
0.107192;
0.171134;
0.107709;
0.105587;
0.109643;
0.124531;
0.108932;
0.113641;
0.138398;
0.126136;
0.126376;
0.173756;
0.253685;
0.184029;
0.183549;
0.487663;
0.122106;
0.144222;
0.186812;
0.139458;
0.119441;
0.160156;
0.142265;
0.124299;
0.10179;
0.108658;
0.123253;
0.108139;
0.108327;
0.1071;
0.106937;
0.10979;
0.106417;
0.108274;
0.110501;
0.110181;
0.109037;
0.112516;
0.118628;
0.108983;
0.105595;
0.109826;
0.107428;
0.111841;
0.106972;
0.124878;
0.107289;
0.108328;
0.10879;
0.107668;
0.109066;
0.108285;
0.106911;
0.109271;
0.108736;
0.110023;
0.109585;
0.105243;
0.108158;
0.107505;
0.107694;
0.109885;
0.107289;
0.107198;
0.107102;
0.109598;
0.107724;
0.110998;
0.106839;
0.109179;
0.105696;
0.108941;
0.109058;
0.107813;
0.109247;
0.108045;
0.107903;
0.10805;
0.110635;
0.105509;
0.110313;
0.107808;
0.107682;
0.108539;
0.110427;
0.104884;
0.108894;
0.109223;
0.108204;
0.107046;
0.110428;
0.105279;
0.116516;
0.102622;
0.108138;
0.110646;
0.107913;
0.108178;
0.109677;
0.10827;
0.107242;
0.108837;
0.109122;
0.111152;
0.109614;
0.107998;
0.109421;
0.108289;
0.109365;
0.107731;
0.10886;
0.108224;
0.106642;
0.109759;
0.106548;
0.107925;
0.108579;
0.10855;
0.109225;
0.110534;
0.109582;
0.110209;
0.107311;
0.110597;
0.109218;
0.106796;
0.107812;
0.108854;
0.109069;
0.110741;
0.104871;
0.109682;
0.10716;
0.107941;
0.108764;
0.106252;
0.106919;
0.110431;
0.109537;
0.107014;
0.108423;
0.112035;
0.105769;
0.107961;
0.11104;
0.10998;
0.104144;
0.106826;
0.109059;
0.10925;
0.109321;
0.108964;
0.110239;
0.108151;
0.107204;
0.107844;
0.108458;
0.108336;
0.111207;
0.106069;
0.108006;
0.107513;
0.108694;
0.107921;
0.105535;
0.109445;
0.108754;
0.107909;
0.108162;
0.107665;
0.109751;
0.108735;
0.108441;
0.107129;
0.108032;
0.109086;
0.107719;
0.111459;
0.106919;
0.106917;
0.107053;
0.10889;
0.108189;
0.1096;
0.106525;
0.109807;
0.10982;
0.107932;
0.109492;
0.109142;
0.113487;
0.103687;
0.109428;
0.107026;
0.11001;
0.10708;
0.108716;
0.10977;
0.114797;
0.107282;
0.108803;
0.107587;
0.107708;
0.125386;
0.108392;
0.108375;
0.109886;
0.108502;
0.106428;
0.109807;
0.108466;
0.106762;
0.108961;
0.107298;
0.108669;
0.107665;
0.108563;
0.11085;
0.119466;
0.114438;
0.109154;
0.105877;
0.107294;
0.1113;
0.108542;
0.113952;
0.109173;
0.108614;
0.107084;
0.106316;
0.109717;
0.110698;
0.111434;
0.10303;
0.109027;
0.109513;
0.108013;
0.109793;
0.11137;
0.107068;
0.111138;
0.10875;
0.108823;
0.106984;
0.112985;
0.10589;
0.109075;
0.107408;
0.109784;
0.109233;
0.107395;
0.108628;
0.109959;
0.106451;
0.108358;
0.106408;
0.110361;
0.106269;
0.107564;
0.10848;
0.109596;
0.133292;
