0.310759, 1;
0.0160152, 1;
0.0159685, 1;
0.015987, 1;
0.0149915, 1;
0.015015, 1;
0.0160078, 1;
0.0159575, 1;
0.014986, 1;
0.0159854, 1;
0.0150296, 1;
0.0159553, 1;
0.0149793, 1;
0.015026, 1;
0.015965, 1;
0.0160319, 1;
0.0159658, 1;
0.0149759, 1;
0.014882, 1;
0.0160278, 1;
0.0149281, 1;
0.0150139, 1;
0.0170984, 1;
0.0158721, 1;
0.0149021, 1;
0.0144305, 1;
0.0166589, 1;
0.0158659, 1;
0.0193482, 1;
0.0128257, 1;
0.0231648, 1;
0.0065649, 1;
0.0195917, 1;
0.0126378, 1;
0.0164485, 1;
0.014873, 1;
0.0149806, 1;
0.0171661, 1;
0.0136257, 1;
0.0168279, 1;
0.0141072, 1;
0.0157744, 1;
0.0162485, 1;
0.0212241, 1;
0.008768, 1;
0.0184106, 1;
0.0162939, 1;
0.0164785, 1;
0.0194679, 1;
0.0205001, 1;
0.0260472, 1;
0.0329444, 1;
0.0167324, 1;
0.0139337, 1;
0.0175605, 1;
0.0172024, 1;
0.0427696, 1;
0.0137483, 1;
0.024581, 1;
0.0296629, 1;
0.0216, 1;
0.0128588, 1;
0.0170231, 1;
0.0157143, 1;
0.0216378, 1;
0.0114095, 1;
0.0241361, 1;
0.0432644, 1;
0.0384776, 1;
0.0404888, 1;
0.0203224, 1;
0.0255117, 1;
0.0113359, 1;
0.0145706, 1;
0.023968, 1;
0.0255261, 1;
0.0166681, 1;
0.010071, 1;
0.0177207, 1;
0.0146392, 1;
0.0149289, 1;
0.0174856, 1;
0.0183075, 1;
0.0108477, 1;
0.0274021, 1;
0.0238952, 1;
0.0146176, 1;
0.0122962, 1;
0.0185733, 1;
0.0128572, 1;
0.0133375, 1;
0.016819, 1;
0.0151834, 1;
0.0139513, 1;
0.0163967, 1;
0.0174317, 1;
0.0191888, 1;
0.0098634, 1;
0.0189327, 1;
0.012335, 1;
0.0162603, 1;
0.0143276, 1;
0.015634, 1;
0.0184573, 1;
0.0115381, 1;
0.0158969, 1;
0.0167446, 1;
0.0134772, 1;
0.0174542, 1;
0.0140267, 1;
0.0152796, 1;
0.0182173, 1;
0.012952, 1;
0.0159366, 1;
0.0114223, 1;
0.0141923, 1;
0.0174069, 1;
0.0145339, 1;
0.0162423, 1;
0.0144155, 1;
0.0152637, 1;
0.0150464, 1;
0.0150268, 1;
0.0159351, 1;
0.014986, 1;
0.0150177, 1;
0.0159413, 1;
0.0161756, 1;
0.016401, 1;
0.0149519, 1;
0.0143787, 1;
0.0159757, 1;
0.0159851, 1;
0.0159949, 1;
0.0150195, 1;
0.015844, 1;
0.015178, 1;
0.0149503, 1;
0.0152876, 1;
0.0147028, 1;
0.0160427, 1;
0.0153045, 1;
0.014624, 1;
0.0157178, 1;
0.0152877, 1;
0.0149989, 1;
0.015491, 1;
0.0144158, 1;
0.0164089, 1;
0.0192763, 1;
0.0161665, 1;
0.0127222, 1;
0.0143804, 1;
0.0168567, 1;
0.025321, 1;
0.0191965, 1;
0.0144663, 1;
0.0143917, 1;
0.015977, 1;
0.0156711, 1;
0.0140785, 1;
0.0168997, 1;
0.0270634, 1;
0.0205738, 1;
0.0155263, 1;
0.014784, 1;
0.01587, 1;
0.0144936, 1;
0.0161084, 1;
0.0295983, 2;
0.0319965, 2;
0.0309077, 2;
0.0310167, 2;
0.0320923, 2;
0.0289051, 2;
0.0299439, 2;
0.0310583, 2;
0.0325635, 2;
0.0458829, 2;
0.0440822, 2;
0.0312115, 2;
0.0314044, 2;
0.0310268, 2;
0.0467133, 2;
0.0473394, 2;
0.0437015, 2;
0.0307508, 2;
0.029895, 2;
0.0312856, 2;
0.0318618, 2;
0.0306348, 2;
0.0299882, 2;
0.0319526, 2;
0.0308833, 2;
0.0311039, 2;
0.029681, 2;
0.0312459, 2;
0.0453597, 2;
0.0298032, 2;
0.031512, 2;
0.0467001, 2;
0.046569, 2;
0.045251, 2;
0.0298958, 2;
0.0311626, 2;
0.0306538, 2;
0.029914, 2;
0.0316521, 2;
0.0312469, 2;
0.0309354, 2;
0.0300062, 2;
0.0322924, 2;
0.0295339, 2;
0.0301418, 2;
0.0307445, 2;
0.0328692, 2;
0.0297593, 2;
0.0291213, 2;
0.0316837, 2;
0.0309143, 2;
0.0292184, 2;
0.0312252, 2;
0.0305143, 2;
0.0309781, 2;
0.0319943, 2;
0.0301132, 2;
0.0298128, 2;
0.0303657, 2;
0.0335257, 2;
0.0442807, 2;
0.0313471, 2;
0.0299665, 2;
0.0299545, 2;
0.0308796, 2;
0.0305137, 2;
0.0313698, 2;
0.0320094, 2;
0.0309171, 2;
0.0315496, 2;
0.0295084, 2;
0.0320993, 2;
0.0313229, 2;
0.0334016, 2;
0.0422616, 2;
0.032894, 2;
0.0302567, 2;
0.0307109, 2;
0.0321976, 2;
0.0318121, 2;
0.0318648, 2;
0.0322705, 2;
0.0322191, 2;
0.0309755, 2;
0.0298075, 2;
0.0317088, 2;
0.0308452, 2;
0.0305053, 2;
0.0310515, 2;
0.0316871, 2;
0.0314034, 2;
0.0303691, 2;
0.0303662, 2;
0.0316792, 2;
0.0318045, 2;
0.0297728, 2;
0.0319168, 2;
0.0309925, 2;
0.0313127, 2;
0.0331489, 2;
0.0438648, 2;
0.0299332, 2;
0.030894, 2;
0.0315926, 2;
0.0311979, 2;
0.0297758, 2;
0.0300131, 2;
0.032848, 2;
0.0314395, 2;
0.0295328, 2;
0.0320111, 2;
0.0319425, 2;
0.0301103, 2;
0.0311319, 2;
0.0299779, 2;
0.0310877, 2;
0.0316549, 2;
0.0311442, 2;
0.0305901, 2;
0.0318897, 2;
0.0310928, 2;
0.029428, 2;
0.0307355, 2;
0.0328794, 2;
0.032525, 2;
0.0454422, 2;
0.0448606, 2;
0.0302093, 2;
0.030037, 2;
0.0312407, 2;
0.0314542, 2;
0.0298804, 2;
0.0309439, 2;
0.0301626, 2;
0.0318835, 2;
0.0304347, 2;
0.0315564, 2;
0.0303616, 2;
0.0310267, 2;
0.0301161, 2;
0.0308386, 2;
0.0301066, 2;
0.031988, 2;
0.0319618, 2;
0.0319881, 2;
0.0300324, 2;
0.0326144, 2;
0.0312902, 2;
0.0321358, 2;
0.0321119, 2;
0.0319339, 2;
0.0321272, 2;
0.0447911, 2;
0.0301125, 2;
0.031642, 2;
0.0319071, 2;
0.0312593, 2;
0.0295344, 2;
0.0300395, 2;
0.0317685, 2;
0.0319676, 2;
0.0306585, 2;
0.0315451, 2;
0.0312491, 2;
0.0301694, 2;
0.0317956, 2;
0.0298588, 2;
0.0313752, 2;
0.0308118, 2;
0.030943, 2;
0.0306113, 2;
0.0302209, 2;
0.0300348, 2;
0.0297871, 2;
0.0306253, 2;
0.0315921, 2;
0.0296425, 2;
0.0298571, 2;
0.0309935, 2;
0.0312593, 2;
0.0297041, 2;
0.0298446, 2;
0.0299087, 2;
0.0309862, 2;
0.0307954, 2;
0.0316356, 2;
0.0451629, 2;
0.0299066, 2;
0.0300158, 2;
0.0318724, 2;
0.0309262, 2;
0.0299943, 2;
0.0328663, 2;
0.044123, 2;
0.0309797, 2;
0.0311385, 2;
0.0318978, 2;
0.030581, 2;
0.030055, 2;
0.0330427, 2;
0.0455547, 2;
0.0305879, 2;
0.0312803, 2;
0.0310456, 2;
0.0298585, 2;
0.0301341, 2;
0.0298395, 3;
0.0299831, 3;
0.0299895, 3;
0.0310072, 3;
0.0301356, 3;
0.0305059, 3;
0.0312276, 3;
0.0309855, 3;
0.0310167, 3;
0.0299408, 3;
0.0311735, 3;
0.0300662, 3;
0.0325092, 3;
0.0438956, 3;
0.0309803, 3;
0.0313215, 3;
0.0308574, 3;
0.0310312, 3;
0.0309394, 3;
0.0310969, 3;
0.0311338, 3;
0.0319966, 3;
0.0310211, 3;
0.0309574, 3;
0.0309748, 3;
0.0310449, 3;
0.0309851, 3;
0.0310069, 3;
0.0319543, 3;
0.0310623, 3;
0.0301388, 3;
0.0307638, 3;
0.0316211, 3;
0.0320086, 3;
0.0304446, 3;
0.031956, 3;
0.0314107, 3;
0.0309615, 3;
0.0308463, 3;
0.0316694, 3;
0.0315291, 3;
0.0315641, 3;
0.0309256, 3;
0.0299635, 3;
0.0310962, 3;
0.0318675, 3;
0.0310358, 3;
0.0306698, 3;
0.0313974, 3;
0.0319844, 3;
0.0309857, 3;
0.0313238, 3;
0.0299557, 3;
0.0308961, 3;
0.0310234, 3;
0.0310046, 3;
0.0299183, 3;
0.0309477, 4;
0.0150015, 9;
0.0150418, 9;
0.0159721, 9;
0.0156657, 9;
0.0152882, 9;
0.0160114, 9;
0.0159989, 9;
0.0155685, 9;
0.0154565, 9;
0.0159207, 9;
0.0159955, 9;
0.0150446, 9;
0.0149282, 9;
0.0149996, 9;
0.0149921, 9;
0.0159906, 9;
0.0152954, 9;
0.01576, 9;
0.0156922, 9;
0.0153157, 9;
0.0159679, 9;
0.0150176, 9;
0.0159907, 9;
0.0149899, 9;
0.0159823, 9;
0.0159782, 9;
0.0151923, 9;
0.015795, 9;
0.0149987, 9;
0.014967, 9;
0.0158412, 9;
0.0159976, 9;
0.0153475, 9;
0.0159869, 9;
0.0155714, 9;
0.0159939, 9;
0.0152388, 9;
0.0156973, 9;
0.0149943, 9;
0.0153671, 9;
0.0149686, 9;
0.0150118, 9;
0.0159775, 9;
0.0148141, 9;
0.0149554, 9;
0.0150186, 9;
0.0159879, 9;
0.0149971, 9;
0.015319, 9;
0.0158195, 9;
0.0150087, 9;
0.015024, 9;
0.0149454, 9;
0.0155287, 9;
0.0160098, 9;
0.0149861, 9;
0.0147056, 9;
0.0157795, 9;
0.0160019, 9;
0.0159663, 9;
0.0159186, 9;
0.0159936, 9;
0.0149862, 9;
0.0150355, 9;
0.0148201, 9;
0.0150094, 9;
0.0149657, 9;
0.0158896, 9;
0.01599, 9;
0.0149417, 9;
0.0160933, 9;
0.0148947, 9;
0.0160583, 9;
0.0149166, 9;
0.0149822, 9;
0.0160018, 9;
0.0160077, 9;
0.0159652, 9;
0.0149959, 9;
0.0149814, 9;
0.0159933, 9;
0.0149934, 9;
0.0150498, 9;
0.0149273, 9;
0.0150942, 9;
0.0158831, 9;
0.0160133, 9;
0.0152293, 9;
0.0147355, 9;
0.015027, 9;
0.0149396, 9;
0.0149999, 9;
0.0159803, 9;
0.0160967, 9;
0.0148911, 9;
0.0153372, 9;
0.0158271, 9;
0.0149793, 9;
0.0160388, 9;
0.0149456, 9;
0.0160433, 9;
