0.126783;
0.150417;
0.107536;
0.108596;
0.1096;
0.107993;
0.117401;
0.188553;
0.156458;
0.158226;
0.146893;
0.118919;
0.114539;
0.111244;
0.104177;
0.108478;
0.109576;
0.107244;
0.109992;
0.106954;
0.106023;
0.125425;
0.13524;
0.110207;
0.111413;
0.104545;
0.110739;
0.103743;
0.109204;
0.107366;
0.108415;
0.10898;
0.108581;
0.103421;
0.108507;
0.106921;
0.108691;
0.108826;
0.105622;
0.106826;
0.108792;
0.106302;
0.109554;
0.105362;
0.110197;
0.108673;
0.105324;
0.109183;
0.111899;
0.108958;
0.108731;
0.106899;
0.10985;
0.110732;
0.105;
0.107479;
0.109022;
0.109066;
0.110056;
0.106665;
0.110897;
0.106021;
0.108358;
0.106221;
0.110011;
0.106814;
0.108905;
0.109814;
0.112149;
0.107518;
0.109106;
0.108641;
0.107525;
0.110776;
0.105908;
0.105444;
0.107221;
0.105733;
0.106663;
0.106771;
0.107811;
0.107967;
0.109415;
0.107805;
0.107823;
0.104918;
0.10672;
0.108128;
0.111567;
0.10464;
0.106822;
0.111373;
0.107742;
0.110189;
0.107966;
0.110433;
0.107701;
0.108499;
0.109652;
0.1094;
0.107354;
0.107721;
