0.100789;
0.101474;
0.100668;
0.100656;
0.100663;
0.10066;
0.100667;
0.100663;
0.10067;
0.100656;
0.100668;
0.100664;
0.10068;
0.100655;
0.100652;
0.100667;
0.100688;
0.100647;
0.100661;
0.100654;
0.100674;
0.100661;
0.100667;
0.100655;
0.100702;
0.100624;
0.100663;
0.100696;
0.101132;
0.100667;
0.100663;
0.100666;
0.100665;
0.100655;
0.100671;
0.100651;
0.100676;
0.100665;
0.100672;
0.100662;
0.100682;
0.100649;
0.100669;
0.100684;
0.10064;
0.100661;
0.100663;
0.100662;
0.10067;
0.100657;
0.100692;
0.100632;
0.100677;
0.100654;
0.100673;
0.100648;
0.100672;
0.100665;
0.100659;
0.100866;
0.100467;
0.100666;
0.100651;
0.100664;
0.100679;
0.100649;
0.100725;
0.100602;
0.100662;
0.100675;
0.100661;
0.100665;
0.100668;
0.100654;
0.100666;
0.100659;
0.100665;
0.100668;
0.100663;
0.100657;
0.100663;
0.100658;
0.100739;
0.100592;
0.100664;
0.100668;
0.100659;
0.100666;
0.100666;
0.100666;
0.101156;
0.100663;
0.10117;
0.100682;
0.100647;
0.10066;
0.100664;
0.10067;
0.10065;
0.100664;
0.100659;
0.100669;
0.100659;
0.100667;
0.100718;
0.100609;
0.100663;
0.100665;
0.10067;
0.100672;
0.100666;
0.100645;
0.100663;
0.100661;
0.100677;
0.100646;
0.100664;
0.10067;
0.100682;
0.100645;
0.100657;
0.100666;
0.10067;
0.10067;
0.100653;
0.100663;
0.100663;
0.100661;
0.101168;
0.100666;
0.100658;
0.100665;
0.100666;
0.100663;
0.100665;
0.100659;
0.10066;
0.100677;
0.100654;
0.100675;
0.100654;
0.100656;
0.10071;
0.100624;
0.100664;
0.101171;
0.100656;
0.100663;
0.100658;
0.100669;
0.100676;
0.10065;
0.100669;
0.100656;
0.100684;
0.100645;
0.100673;
0.100661;
0.100652;
0.100664;
0.100668;
0.100673;
0.100654;
0.100659;
0.100669;
0.100673;
0.100652;
0.100663;
0.100665;
0.100958;
0.100873;
0.100658;
0.100668;
0.100695;
0.100635;
0.10063;
0.100671;
0.100659;
0.100678;
0.100657;
0.100665;
0.100698;
0.100629;
0.100669;
0.101271;
0.100551;
0.100662;
0.100665;
0.100664;
0.100684;
0.100641;
0.100672;
0.100656;
0.100673;
0.100661;
0.100657;
0.100661;
0.100667;
0.100662;
0.100665;
0.100665;
0.100664;
0.100688;
0.100636;
0.10122;
0.100608;
0.100659;
0.100668;
0.100666;
0.100666;
0.100656;
0.100682;
0.100661;
0.100651;
0.100676;
0.100697;
0.100625;
0.100657;
0.100661;
0.100681;
0.100694;
0.100649;
0.100634;
0.100662;
0.100665;
0.10066;
0.100666;
0.10067;
0.100659;
0.100672;
0.10065;
0.100668;
0.100734;
0.100589;
0.100666;
0.100657;
0.10071;
0.100622;
0.100658;
0.100668;
0.100661;
0.100668;
0.100661;
0.100657;
0.100674;
0.100659;
0.100666;
0.100656;
0.100667;
0.100669;
0.100659;
0.100666;
0.100661;
0.100666;
0.100666;
0.100657;
0.101171;
0.100676;
0.100644;
0.100672;
0.100655;
0.100659;
0.100674;
0.100657;
0.100672;
0.100656;
0.100671;
0.100657;
0.100667;
0.100659;
0.100663;
0.100688;
0.100639;
0.100666;
0.10067;
0.100686;
0.100637;
0.100657;
0.100671;
0.100673;
0.100652;
0.100951;
0.101382;
0.100659;
0.100672;
0.100658;
0.101164;
0.100663;
0.100675;
0.100648;
0.100675;
0.100858;
0.10097;
0.100655;
0.100666;
0.100664;
0.100693;
0.100649;
0.100652;
0.100658;
0.100676;
0.100651;
0.100657;
0.100667;
0.100666;
0.100664;
0.100675;
0.100652;
0.100668;
0.100661;
0.10066;
0.100664;
0.100673;
0.100667;
0.100675;
0.100639;
0.100666;
0.100689;
0.100633;
0.100668;
0.100677;
0.100658;
0.100657;
0.10067;
0.100654;
0.100859;
0.102977;
0.100667;
0.100656;
0.100665;
0.100676;
0.100649;
0.100668;
0.100669;
0.100657;
0.100658;
0.100668;
0.10067;
0.100655;
0.100663;
0.10067;
0.100658;
0.100665;
0.101176;
0.100672;
0.100636;
0.100679;
0.100654;
0.100664;
0.100661;
0.100663;
0.100663;
0.100667;
0.100759;
0.100852;
0.100379;
0.100663;
0.100665;
0.100663;
0.101058;
0.101199;
0.100642;
0.100665;
0.100761;
0.100637;
0.100592;
0.100666;
0.100672;
0.100668;
0.100648;
0.100663;
0.100672;
0.100656;
0.101179;
0.101158;
0.100656;
0.100709;
0.101619;
0.100855;
0.100473;
0.100729;
0.100596;
0.100666;
0.100671;
0.100657;
0.100673;
0.100703;
0.100613;
0.100668;
0.100658;
0.10066;
0.100666;
0.100668;
0.100696;
0.101136;
0.100653;
0.100668;
0.10068;
0.100653;
0.100654;
0.100662;
0.100667;
0.100663;
0.100668;
0.100679;
0.100657;
0.100652;
0.100663;
0.100665;
0.100665;
0.100661;
0.100671;
0.100655;
0.10068;
0.100652;
0.100659;
0.100663;
0.100664;
0.100664;
0.100663;
0.100663;
0.100665;
0.100666;
0.100663;
0.100668;
0.100653;
0.100675;
0.100652;
0.100671;
0.100655;
0.100737;
0.100607;
0.100647;
0.100668;
0.100661;
0.100669;
0.101219;
0.101106;
0.100665;
0.100668;
0.100986;
0.101336;
0.100661;
0.100664;
0.100664;
0.10068;
0.100762;
0.100542;
0.100688;
0.10065;
0.100666;
0.100656;
0.100661;
0.100676;
0.100826;
0.100512;
0.100691;
0.100631;
0.100648;
0.100662;
0.100704;
0.100627;
0.10067;
0.101156;
0.100657;
0.100643;
0.100861;
0.100458;
0.100664;
0.100662;
0.100741;
0.101085;
0.100697;
0.100634;
0.100684;
0.100654;
0.100656;
0.100666;
0.100657;
0.100855;
0.100974;
0.100669;
0.100652;
0.10067;
0.100663;
0.100768;
0.101059;
0.10066;
0.1007;
0.100627;
0.100666;
0.100661;
0.100664;
0.100697;
0.100633;
0.100668;
0.100661;
0.100692;
0.100636;
0.100655;
0.10067;
0.100854;
0.100474;
0.100664;
0.100656;
0.100681;
0.100651;
0.100663;
0.100672;
0.100673;
0.100645;
0.100668;
0.100659;
0.100664;
0.100697;
0.100626;
0.100664;
0.100673;
0.100655;
0.100666;
0.10067;
0.100655;
0.100866;
0.100966;
0.101159;
0.100664;
0.100677;
0.100659;
0.100656;
0.100672;
0.100655;
0.100768;
0.101328;
0.100632;
0.100667;
0.100661;
0.100663;
0.100663;
0.100679;
0.100665;
0.100645;
0.100663;
0.100669;
0.100675;
0.100649;
0.100662;
0.100663;
0.100808;
0.100519;
0.100685;
0.10065;
0.100656;
0.10068;
0.100647;
0.100666;
0.100661;
0.100664;
0.10067;
0.100668;
0.100649;
0.100697;
0.101137;
0.100668;
0.100658;
0.100668;
0.100672;
0.100644;
0.100673;
0.100665;
0.100656;
0.100666;
0.10066;
0.100677;
0.100663;
0.10066;
0.100656;
0.100663;
0.100677;
0.100654;
0.100657;
0.100724;
0.100603;
0.100698;
0.100637;
0.100659;
0.101171;
0.100654;
0.101169;
0.10067;
0.100663;
0.10066;
0.100654;
0.100661;
0.100671;
0.100661;
0.100665;
0.100693;
0.10063;
0.100665;
0.100672;
0.100654;
0.100666;
0.100679;
0.100645;
0.100665;
0.100688;
0.10064;
0.100663;
0.100663;
0.100665;
0.100669;
0.100659;
0.100672;
0.100644;
0.100666;
0.100669;
0.100672;
0.100648;
0.100665;
0.100667;
0.100662;
0.100661;
0.100663;
0.100665;
0.100675;
0.100649;
0.100675;
0.100663;
0.100656;
0.10067;
0.100659;
0.100666;
0.100662;
0.100663;
0.100663;
0.100675;
0.100647;
0.100665;
0.100661;
0.10067;
0.102762;
0.101097;
0.100661;
0.100655;
0.100651;
0.100668;
0.100652;
0.100661;
0.100666;
0.100685;
0.100641;
0.100663;
0.100674;
0.100654;
0.100672;
0.100654;
0.100663;
0.100675;
0.100654;
0.100693;
0.100634;
0.100661;
0.101167;
0.100666;
0.100666;
0.100657;
0.100679;
0.100647;
0.100665;
0.101038;
0.100795;
0.100668;
0.100655;
0.100668;
0.100663;
0.100663;
0.100664;
0.100669;
0.100652;
0.10067;
0.100672;
0.100654;
0.100658;
0.100697;
0.101131;
0.100676;
0.100663;
0.100654;
0.100678;
0.100661;
0.100667;
0.100658;
