0.100668;
0.100655;
0.100664;
0.100705;
0.101122;
0.100674;
0.100652;
0.100666;
0.100679;
0.100656;
0.100652;
0.100664;
0.100663;
0.100666;
0.100673;
0.100665;
0.100659;
0.100674;
0.100661;
0.100654;
0.100664;
0.100663;
0.100663;
0.100662;
0.10067;
0.100658;
0.100659;
0.100673;
0.100668;
0.100651;
0.100702;
0.100624;
0.100661;
0.100685;
0.100649;
0.10066;
0.100665;
0.100663;
0.100676;
0.100647;
0.100665;
0.100668;
0.100664;
0.101177;
0.100647;
0.100666;
0.100657;
0.100666;
0.101123;
0.101438;
0.100437;
0.100661;
0.100666;
0.100656;
0.100664;
0.100659;
0.100667;
0.100667;
0.10066;
0.100659;
0.10067;
0.100659;
0.100688;
0.100643;
0.100657;
0.100671;
0.100675;
0.101218;
0.100612;
0.100641;
0.100665;
0.100663;
0.100672;
0.100657;
0.100691;
0.100641;
0.100654;
0.100664;
0.100665;
0.100659;
0.100669;
0.10066;
0.100663;
0.100682;
0.100659;
0.100822;
0.1005;
0.100666;
0.100705;
0.101123;
0.100661;
0.100661;
0.100672;
0.100666;
0.100656;
0.101166;
0.100658;
0.100675;
0.10065;
0.100665;
0.100661;
0.100669;
0.100663;
0.100657;
0.100663;
0.10067;
0.100666;
0.100656;
0.100663;
0.101328;
0.100953;
0.100719;
0.100664;
0.100659;
0.100671;
0.10067;
0.101159;
0.100657;
0.100664;
0.100664;
0.100983;
0.101341;
0.100666;
0.100662;
0.101177;
0.100657;
0.100657;
0.100666;
0.100656;
0.100669;
0.100673;
0.100647;
0.100668;
0.100659;
0.100667;
0.101306;
0.100517;
0.100666;
0.101179;
0.10066;
0.100669;
0.100652;
0.10067;
0.100659;
0.100659;
0.100663;
0.100666;
0.100675;
0.100652;
0.100663;
0.100673;
0.100651;
0.100666;
0.100659;
0.100665;
0.10072;
0.10211;
0.100671;
0.100654;
0.100665;
0.100721;
0.100606;
0.100663;
0.100688;
0.100636;
0.100691;
0.100645;
0.100681;
0.100677;
0.100633;
0.100662;
0.100666;
0.100668;
0.100659;
0.100661;
0.10067;
0.10066;
0.100668;
0.100653;
0.100667;
0.100663;
0.100661;
0.104666;
0.104683;
0.100664;
0.100656;
0.100666;
0.100663;
0.100658;
0.100666;
0.100671;
0.100657;
0.100686;
0.100636;
0.100669;
0.100618;
0.100658;
0.100659;
0.100661;
0.100666;
0.100662;
0.100661;
0.101177;
0.100648;
0.100666;
0.100663;
0.100661;
0.100673;
0.100661;
0.100696;
0.100677;
0.10061;
0.10071;
0.100617;
0.100662;
0.100666;
0.100659;
0.100668;
0.100663;
0.100663;
0.100661;
0.100665;
0.10067;
0.100659;
0.100657;
0.100664;
0.100669;
0.100674;
0.101126;
0.100665;
0.100672;
0.101157;
0.100661;
0.100675;
0.10065;
0.100668;
0.100661;
0.100668;
0.100993;
0.100323;
0.100669;
0.100665;
0.100673;
0.10065;
0.100663;
0.100665;
0.10066;
0.100713;
0.100613;
0.100674;
0.100734;
0.100592;
0.100663;
0.100654;
0.101166;
0.100661;
0.10066;
0.100846;
0.100481;
0.100665;
0.100661;
0.100668;
0.100675;
0.100649;
0.100662;
0.100678;
0.100654;
0.100666;
0.100663;
0.100655;
0.100665;
0.100661;
0.100994;
0.100342;
0.100659;
0.100661;
0.100661;
0.100666;
0.100725;
0.100604;
0.100656;
0.100679;
0.100649;
0.100665;
0.100666;
0.100659;
0.100665;
0.100666;
0.10083;
0.100995;
0.100661;
0.100662;
0.100666;
0.10067;
0.100655;
0.100663;
0.1007;
0.100621;
0.100684;
0.100647;
0.100658;
0.100668;
0.100661;
0.100669;
0.101368;
0.101456;
0.100662;
0.100666;
0.100662;
0.100662;
0.100667;
0.100657;
0.100693;
0.100638;
0.100657;
0.100671;
0.100654;
0.100778;
0.100551;
0.10084;
0.10049;
0.100663;
0.100659;
0.100665;
0.100682;
0.10064;
0.100665;
0.10067;
0.100657;
0.100664;
0.100663;
0.100694;
0.100627;
0.100665;
0.100679;
0.100646;
0.100672;
0.100658;
0.100668;
0.100656;
0.100671;
0.100652;
0.100666;
0.100671;
0.100664;
0.100664;
0.100669;
0.100652;
0.100657;
0.10098;
0.100851;
0.100672;
0.10066;
0.100659;
0.100668;
0.100657;
0.10067;
0.100657;
0.100673;
0.100662;
0.100657;
0.100661;
0.100663;
0.100665;
0.100681;
0.100644;
0.100665;
0.100664;
0.100667;
0.100681;
0.10064;
0.100673;
0.100655;
0.100663;
0.100663;
0.100672;
0.100675;
0.100644;
0.100665;
0.10067;
0.100654;
0.100666;
0.100734;
0.100584;
0.100671;
0.100672;
0.100659;
0.100695;
0.100622;
0.100668;
0.100675;
0.100654;
0.100663;
0.10066;
0.100664;
0.101171;
0.100656;
0.100666;
0.100657;
0.100665;
0.100662;
0.10067;
0.100658;
0.100662;
0.100684;
0.10064;
0.100672;
0.100656;
0.100885;
0.100946;
0.10066;
0.100661;
0.100663;
0.100663;
0.100665;
0.100663;
0.100667;
0.100659;
0.100661;
0.100675;
0.10065;
0.100666;
0.100662;
0.100666;
0.100661;
0.100661;
0.100679;
0.100643;
0.100665;
0.100666;
0.100666;
0.100662;
0.100656;
0.100671;
0.100664;
0.100661;
0.100656;
0.100663;
0.10067;
0.100658;
0.100664;
0.100676;
0.100654;
0.100668;
0.100657;
0.100668;
0.10104;
0.100658;
