0.100664;
0.100665;
0.100656;
0.100665;
0.100668;
0.100664;
0.100665;
0.100658;
0.100665;
0.100668;
0.100665;
0.100657;
0.100667;
0.100653;
0.100673;
0.100666;
0.100668;
0.100659;
0.100653;
0.100665;
0.100666;
0.100664;
0.100659;
0.100667;
0.100681;
0.101152;
0.10066;
0.100668;
0.100658;
0.100668;
0.100659;
0.100665;
0.100658;
0.100679;
0.100655;
0.100658;
0.100675;
0.100668;
0.100656;
0.100657;
0.101167;
0.100673;
0.100689;
0.100627;
0.100664;
0.100662;
0.101211;
0.10219;
0.100588;
0.100669;
0.100672;
0.100659;
0.100683;
0.100637;
0.100667;
0.100688;
0.101152;
0.100649;
0.100663;
0.10067;
0.100659;
0.100673;
0.100656;
0.100663;
0.100698;
0.100625;
0.10067;
0.100675;
0.100647;
0.100661;
0.100667;
0.100662;
0.100681;
0.100648;
0.100662;
0.100664;
0.101061;
0.100773;
0.100656;
0.100665;
0.100663;
0.100664;
0.100661;
0.10066;
0.100681;
0.100679;
0.100642;
0.100709;
0.100707;
0.100577;
0.100657;
0.10067;
0.100657;
0.100673;
0.10065;
0.100665;
0.100663;
0.100663;
0.100666;
0.100659;
0.100667;
0.100675;
0.100651;
0.100666;
0.100659;
0.100658;
0.10067;
0.100669;
0.100659;
0.100661;
0.100681;
0.100647;
0.100668;
0.100665;
0.100663;
0.10067;
0.10066;
0.100652;
0.100714;
0.100625;
0.100657;
0.100662;
0.100667;
0.100659;
0.10066;
0.100665;
0.10067;
0.100658;
0.100729;
0.101101;
0.100672;
0.100654;
0.100665;
0.100679;
0.100644;
0.100674;
0.100667;
0.100673;
0.100897;
0.100922;
0.100663;
0.100668;
0.100669;
0.100707;
0.101491;
0.101289;
0.100658;
0.100662;
0.100978;
0.103233;
0.107797;
0.100659;
0.100683;
0.10066;
0.100654;
0.100657;
0.100671;
0.100673;
0.100653;
0.100668;
0.100652;
0.100674;
0.100656;
0.100668;
0.100668;
0.100665;
0.100653;
0.100691;
0.100641;
0.100658;
0.100666;
0.100666;
0.100659;
0.100659;
0.10069;
0.100645;
0.100658;
0.100664;
0.100665;
0.100675;
0.100668;
0.100661;
0.100683;
0.100644;
0.10066;
0.10067;
0.100701;
0.10062;
0.100662;
0.100677;
0.100657;
0.100671;
0.100651;
0.100666;
0.10066;
0.100672;
0.100679;
0.100639;
0.100679;
0.100654;
0.100663;
0.100693;
0.100624;
0.100665;
0.100667;
0.100672;
0.10066;
0.100664;
0.100656;
0.100661;
0.100668;
0.100666;
0.100657;
0.100672;
0.100659;
0.10066;
0.100662;
0.100665;
0.100677;
0.100649;
0.100669;
0.100672;
0.100645;
0.100666;
0.10067;
0.100874;
0.101959;
0.100652;
0.100666;
0.10066;
0.100669;
0.100657;
0.100665;
0.100665;
0.100668;
0.100679;
0.100638;
0.100673;
0.100669;
0.100709;
0.100634;
0.100641;
0.100658;
0.100668;
0.100659;
0.100667;
0.100661;
0.100658;
0.10067;
0.100658;
0.100677;
0.101157;
0.100657;
0.100671;
0.100687;
0.100649;
0.101157;
0.100672;
0.100656;
0.100657;
0.100675;
0.100652;
0.100675;
0.100657;
0.100656;
0.100671;
0.100655;
0.100914;
0.100409;
0.10067;
0.101166;
0.100663;
0.100691;
0.100636;
0.100658;
0.112963;
0.122421;
0.10066;
0.100678;
0.100654;
0.100659;
0.100665;
0.100673;
0.100657;
0.100654;
0.10067;
0.100663;
0.100729;
0.101112;
0.100662;
0.100663;
0.101162;
0.100668;
0.100675;
0.100653;
0.10066;
0.100664;
0.100665;
0.100665;
0.100663;
0.100662;
0.100661;
0.101171;
0.10067;
0.100665;
0.100731;
0.100596;
0.100659;
0.100667;
0.10074;
0.10059;
0.100656;
0.100677;
0.10065;
0.100671;
0.100662;
0.100658;
0.100665;
0.100666;
0.10067;
0.100652;
0.101168;
0.100659;
0.100672;
0.100668;
0.100654;
0.100666;
0.100662;
0.100658;
0.100856;
0.101471;
0.100663;
0.100681;
0.100673;
0.100649;
0.100653;
0.100665;
0.100668;
0.100658;
0.100667;
0.100658;
0.100668;
0.100667;
0.100663;
0.10067;
0.10065;
0.100663;
0.100672;
0.10066;
0.100671;
0.10065;
0.10067;
0.100668;
0.100657;
0.100663;
0.100661;
0.100663;
0.100661;
0.100666;
0.100687;
0.100634;
0.100668;
0.100681;
0.100644;
0.100691;
0.100638;
0.100675;
0.100649;
0.100674;
0.100988;
0.100839;
0.100658;
0.100668;
0.10066;
0.100742;
0.105108;
0.100659;
0.100671;
0.100661;
0.100793;
0.100523;
0.100663;
0.100678;
0.100649;
0.101385;
0.100947;
0.100667;
0.100663;
0.100661;
0.101333;
0.103501;
0.100799;
0.100532;
0.100662;
0.100663;
0.100664;
0.100662;
0.100663;
0.100663;
0.100675;
0.100647;
0.100664;
0.100657;
0.10067;
0.100675;
0.100659;
0.100666;
0.100659;
0.100677;
0.100657;
0.10066;
0.100666;
0.100663;
0.100662;
0.100672;
0.100659;
0.100671;
0.100651;
0.100672;
0.100659;
0.10066;
0.100668;
0.100671;
0.100654;
0.100673;
0.10065;
0.100672;
0.100683;
0.10064;
0.10067;
0.10065;
0.100675;
0.100657;
0.100659;
0.100665;
0.100661;
0.100672;
0.100686;
0.100631;
0.100665;
0.100663;
0.100671;
0.10067;
0.10067;
0.10066;
0.100648;
0.100667;
0.100681;
0.10065;
0.100653;
0.100668;
0.102249;
0.101081;
0.100661;
0.100665;
0.100685;
0.103737;
0.10208;
0.100661;
0.100665;
0.100713;
0.100613;
0.100664;
0.100658;
0.100673;
0.100655;
0.100713;
0.10066;
0.100611;
0.10067;
0.100665;
0.101034;
0.101794;
0.100665;
0.100664;
0.100663;
0.100666;
0.100669;
0.100652;
0.10066;
0.100666;
0.100672;
0.100655;
0.100667;
0.100656;
0.100681;
0.10065;
0.100662;
0.100686;
0.101154;
0.100651;
0.100671;
0.100657;
0.100827;
0.100497;
0.10066;
0.100674;
0.100678;
