0.0280208, 6;
0.0280509, 6;
0.0255183, 6;
0.0255362, 6;
0.0255273, 6;
0.0255317, 6;
0.0270435, 6;
0.0255298, 6;
0.0255401, 6;
0.0255465, 6;
0.0261058, 6;
0.0260399, 6;
0.0254581, 6;
0.025613, 6;
0.0259644, 6;
0.0255356, 6;
0.0255356, 6;
0.0255426, 6;
0.0255407, 6;
0.0255356, 6;
0.0255925, 6;
0.0254735, 6;
0.0255388, 6;
0.0255477, 6;
0.0255388, 6;
0.0255407, 6;
0.0255317, 6;
0.0255452, 6;
0.0255644, 6;
0.0255055, 6;
0.0255369, 6;
0.0255433, 6;
0.0255388, 6;
0.0255503, 6;
0.0255381, 6;
0.025549, 6;
0.0255343, 6;
0.0255413, 6;
0.0255477, 6;
0.0255266, 6;
0.0255893, 6;
0.0254914, 6;
0.0255407, 6;
0.0255241, 6;
0.025542, 6;
0.0255439, 6;
0.0255369, 6;
0.025549, 6;
0.0255317, 6;
0.0255445, 6;
0.0255413, 6;
0.0255369, 6;
0.0255381, 6;
0.0255477, 6;
0.025533, 6;
0.0255407, 6;
0.0256277, 6;
0.0254543, 6;
0.0255548, 6;
0.0255413, 6;
0.0255324, 6;
0.0255471, 6;
0.0255305, 6;
0.0255458, 6;
0.0255164, 6;
0.0255465, 6;
0.0255401, 6;
0.0256201, 6;
0.0254575, 6;
0.0256514, 6;
0.0254319, 6;
0.0255362, 6;
0.0255477, 6;
0.0255369, 6;
0.0255413, 6;
0.0255356, 6;
0.0255388, 6;
0.0255452, 6;
0.0255381, 6;
0.0255471, 6;
0.0255337, 6;
0.0255401, 6;
0.0255394, 6;
0.0255541, 6;
0.0255362, 6;
0.0255413, 6;
0.0255356, 6;
0.0255477, 6;
0.0255433, 6;
0.0255279, 6;
0.0255465, 6;
0.0255426, 6;
0.0255465, 6;
0.0255413, 6;
0.0255362, 6;
0.0255215, 6;
0.0255426, 6;
0.0255426, 6;
0.0255413, 6;
0.0255388, 6;
0.0255388, 6;
0.025542, 6;
0.0255394, 6;
0.0255401, 6;
0.0255394, 6;
0.0255509, 6;
0.0255279, 6;
0.0255522, 6;
0.025558, 6;
0.0255132, 6;
0.025549, 6;
0.0255337, 6;
0.0255413, 6;
0.0255465, 6;
0.0255337, 6;
0.0255407, 6;
0.0255407, 6;
0.0255484, 6;
0.0255349, 6;
0.0255381, 6;
0.0255477, 6;
0.0255349, 6;
0.0255401, 6;
0.0255401, 6;
0.0255401, 6;
0.025542, 6;
0.0255356, 6;
0.0255529, 6;
0.0255369, 6;
0.0255362, 6;
0.0255503, 6;
0.0255292, 6;
0.0256092, 6;
0.0254786, 6;
0.0255381, 6;
0.0255375, 6;
0.0255439, 6;
0.0255465, 6;
0.025533, 6;
0.0255356, 6;
0.0255471, 6;
0.025542, 6;
0.0255157, 6;
0.0255439, 6;
0.0255388, 6;
0.0255554, 6;
0.0255375, 6;
0.0255298, 6;
0.0255388, 6;
0.0255439, 6;
0.0256111, 6;
0.0254658, 6;
0.0255426, 6;
0.0255388, 6;
0.0255516, 6;
0.025542, 6;
0.0255337, 6;
0.0258185, 6;
0.0257615, 6;
0.0255401, 6;
0.0255433, 6;
0.0255433, 6;
0.0255337, 6;
0.0255452, 6;
0.0255381, 6;
0.0255465, 6;
0.0255433, 6;
0.025574, 6;
0.0255036, 6;
0.0255324, 6;
0.0255445, 6;
0.0255413, 6;
0.0255413, 6;
0.0255375, 6;
0.0255465, 6;
0.0255362, 6;
0.0255394, 6;
0.028577, 6;
0.0256085, 6;
0.0254473, 6;
0.0255445, 6;
0.0255292, 6;
0.0255407, 6;
0.0255401, 6;
0.0255407, 6;
0.0255458, 6;
0.0255433, 6;
0.0255887, 6;
0.0254927, 6;
0.025533, 6;
0.0255471, 6;
0.0255356, 6;
0.025542, 6;
0.0255388, 6;
0.0255388, 6;
0.0255503, 6;
0.0255471, 6;
0.0255266, 6;
0.0257103, 6;
0.0258678, 6;
0.0255407, 6;
0.0255375, 6;
0.0255509, 6;
0.0255458, 6;
0.0260348, 6;
0.0255413, 6;
0.0255381, 6;
0.0255401, 6;
0.0255401, 6;
0.0255413, 6;
0.0255343, 6;
0.0255369, 6;
0.025501, 6;
0.0255413, 6;
0.0255465, 6;
0.0255369, 6;
0.0256047, 6;
0.0254876, 6;
0.0255343, 6;
0.0255298, 6;
0.0255433, 6;
0.0255535, 6;
0.0255292, 6;
0.0255401, 6;
0.0255401, 6;
0.0255471, 6;
0.0255554, 6;
0.0260226, 6;
0.0255407, 6;
0.0255388, 6;
0.0255407, 6;
0.0255394, 6;
0.0255452, 6;
0.0255388, 6;
0.0255407, 6;
0.0255394, 6;
0.025542, 6;
0.0255413, 6;
0.0255407, 6;
0.0255407, 6;
0.0255394, 6;
0.0255401, 6;
0.0255433, 6;
0.0255452, 6;
0.0255388, 6;
0.0256969, 6;
0.0258799, 6;
0.0255637, 6;
0.0255253, 6;
0.0255593, 6;
0.0255349, 6;
0.0255273, 6;
0.0255426, 6;
0.025542, 6;
0.0255439, 6;
0.025542, 6;
0.0255548, 6;
0.0255202, 6;
0.0255458, 6;
0.025533, 6;
0.025542, 6;
0.0255388, 6;
0.0255401, 6;
0.0255452, 6;
0.0255388, 6;
0.0255445, 6;
0.0255452, 6;
0.0255375, 6;
0.0255337, 6;
0.0256764, 6;
0.0254044, 6;
0.0255413, 6;
0.0255516, 6;
0.0255759, 6;
0.0255017, 6;
0.0255445, 6;
0.0255298, 6;
0.025542, 6;
0.0255305, 6;
0.0255567, 6;
0.0255343, 6;
0.0255433, 6;
0.0255381, 6;
0.0255433, 6;
0.025542, 1;
0.0375526, 1;
0.0265462, 1;
0.0260438, 1;
0.0255349, 1;
0.0260438, 1;
0.0255401, 1;
0.0280426, 1;
0.0260431, 1;
0.0255541, 1;
0.026527, 1;
0.0255356, 1;
0.0275497, 1;
0.0260502, 1;
0.0260386, 1;
0.0255343, 1;
0.0275421, 1;
0.0260463, 1;
0.0255394, 1;
0.0265603, 1;
0.0260201, 1;
0.0255637, 1;
0.0270236, 1;
0.0260386, 1;
0.025542, 1;
0.0260482, 1;
0.0255349, 1;
0.0270448, 1;
0.0265423, 1;
0.0272419, 1;
0.0268355, 1;
0.0255484, 1;
0.0290826, 1;
0.0259977, 1;
0.0255215, 1;
0.0260553, 1;
0.0270249, 1;
0.0265494, 1;
0.0255785, 1;
0.0265071, 1;
0.0255349, 1;
0.0290461, 1;
0.0260412, 1;
0.025542, 1;
0.0260418, 1;
0.0255369, 1;
0.0270435, 1;
0.0260431, 1;
0.0255452, 1;
0.0260361, 1;
0.0255413, 1;
0.0270492, 1;
0.0260412, 1;
0.0255381, 1;
0.0260969, 1;
0.0254831, 1;
0.0270473, 1;
0.026045, 1;
0.0255426, 1;
0.0270448, 1;
0.0260354, 1;
0.025533, 1;
0.0275401, 1;
0.026047, 1;
0.0255362, 1;
0.0265564, 1;
0.0270288, 1;
0.0260534, 1;
0.0255317, 1;
0.0265411, 1;
0.0255618, 1;
0.0275235, 1;
0.026038, 1;
0.0255484, 1;
0.0265366, 1;
0.0260463, 1;
0.0255381, 1;
0.0280426, 1;
0.0260457, 1;
0.0260361, 1;
0.0255413, 1;
0.0475869, 1;
0.0265411, 1;
0.0255305, 1;
0.02655, 1;
0.0275427, 1;
0.0260348, 1;
0.0255439, 1;
0.0265379, 1;
0.0255452, 1;
0.0280406, 1;
0.0260431, 1;
0.0255458, 1;
0.0265347, 1;
0.0255529, 1;
0.0270345, 1;
0.0260374, 1;
0.0255381, 1;
0.0265545, 1;
0.0255349, 1;
0.0290525, 1;
0.0265327, 1;
0.0260681, 1;
0.0255164, 1;
0.0265641, 1;
0.0275325, 1;
0.0260527, 1;
0.0255273, 1;
0.0265385, 1;
0.0260348, 1;
0.0255452, 1;
0.0275465, 1;
0.0260431, 1;
0.0255458, 1;
0.0295344, 2;
0.0290435, 2;
0.0290512, 2;
0.0290455, 2;
0.0290499, 2;
0.0290416, 2;
0.0290506, 2;
0.0291152, 2;
0.0299825, 2;
0.0295376, 2;
0.0295504, 2;
0.0290423, 2;
0.029041, 2;
0.0290602, 2;
0.0295492, 2;
0.0290339, 2;
0.0290512, 2;
0.0290442, 2;
0.029544, 2;
0.0290493, 2;
0.0295421, 2;
0.0290499, 2;
0.0290423, 2;
0.0295485, 2;
0.0290506, 2;
0.0290512, 2;
0.0291101, 2;
0.0294743, 2;
0.0290499, 2;
0.0290384, 2;
0.0290685, 2;
0.0295274, 2;
0.0290499, 2;
0.0290685, 2;
0.0290288, 2;
0.0295389, 2;
0.0295511, 2;
0.029048, 2;
0.0290384, 2;
0.0290442, 2;
0.0290531, 2;
0.0290403, 2;
0.0290455, 2;
0.0295485, 2;
0.0290474, 2;
0.0290435, 2;
0.0290531, 2;
0.0290403, 2;
0.0290755, 2;
0.0290199, 2;
0.0290474, 2;
0.0290557, 2;
0.0290435, 2;
0.0290352, 2;
0.0295472, 2;
0.0290608, 2;
0.0290391, 2;
0.029041, 2;
0.0290416, 2;
0.0290455, 2;
0.0290903, 2;
0.0295063, 2;
0.0290493, 2;
0.0290403, 2;
0.0290455, 2;
0.0290448, 2;
0.0290493, 2;
0.0290474, 2;
0.0291287, 2;
0.0294634, 2;
0.0295485, 2;
0.0290474, 2;
0.029546, 2;
0.0290877, 2;
0.0294941, 2;
0.0290531, 2;
0.0290813, 2;
0.0291952, 2;
0.0303095, 2;
0.0290346, 2;
0.0290429, 2;
0.0295511, 2;
0.0290442, 2;
0.0290474, 2;
0.0290455, 2;
0.0291735, 2;
0.0294192, 2;
0.0290448, 2;
0.029041, 2;
0.0290531, 2;
0.029041, 2;
0.0290487, 2;
0.0290538, 2;
0.0297354, 2;
0.0288611, 2;
0.0295402, 2;
0.029041, 2;
0.0290442, 2;
0.0290544, 2;
0.0290455, 2;
0.0285386, 2;
0.0290499, 2;
0.0290429, 2;
0.0290531, 2;
0.0295434, 2;
0.0290416, 2;
0.0290544, 2;
0.0290384, 2;
0.0290538, 2;
0.0290391, 2;
0.0290467, 2;
0.0290698, 2;
0.0295178, 2;
0.0290474, 2;
0.0290474, 2;
0.0290442, 2;
0.0290493, 2;
0.0295453, 2;
0.0295472, 2;
0.0290551, 2;
0.0300209, 2;
0.0295652, 2;
0.0290493, 2;
0.0295472, 2;
0.0295428, 2;
0.0290519, 2;
0.0295396, 2;
0.0290583, 2;
0.0290429, 2;
0.0295408, 2;
0.0295927, 2;
0.029498, 2;
0.0290538, 2;
0.0290416, 2;
0.0290506, 2;
0.029041, 2;
0.0290589, 2;
0.0295568, 2;
0.0290275, 2;
0.0295472, 2;
0.0290499, 2;
0.0290474, 2;
0.029537, 2;
0.0290442, 2;
0.029057, 2;
0.0290455, 2;
0.0290352, 2;
0.0290531, 2;
0.0290487, 2;
0.0290506, 2;
0.0290384, 2;
0.029041, 2;
0.0290416, 2;
0.0290512, 2;
0.0295626, 2;
0.0295306, 2;
0.0290685, 2;
0.0290685, 2;
0.0289392, 2;
0.0290455, 2;
0.0290455, 2;
0.0290544, 2;
0.0295709, 2;
0.0295325, 2;
0.0290333, 2;
0.0290416, 2;
0.0290519, 2;
0.0290391, 2;
0.0290506, 2;
0.0290448, 2;
0.0290563, 2;
0.0300477, 2;
0.0295396, 2;
0.0295524, 2;
0.0285386, 2;
0.0290512, 2;
0.0290384, 2;
0.0290442, 2;
0.0290941, 2;
0.0289879, 2;
0.0295645, 2;
0.0295261, 2;
0.0290595, 2;
0.0295479, 2;
0.0290416, 2;
0.0295447, 2;
0.0295472, 2;
0.0295575, 2;
0.0295383, 2;
0.029544, 2;
0.0290467, 2;
0.0290352, 2;
0.0290512, 2;
0.0290474, 2;
0.0290467, 2;
0.0290448, 2;
0.0290499, 2;
0.0290455, 2;
0.0295447, 2;
0.0290448, 2;
0.0290711, 3;
0.0290243, 3;
0.0295453, 3;
0.0295562, 3;
0.0295389, 3;
0.0295728, 3;
0.0290435, 3;
0.0290205, 3;
0.0295543, 3;
0.0295415, 3;
0.0295664, 3;
0.0295236, 3;
0.0295549, 3;
0.0295434, 3;
0.0295492, 3;
0.0295504, 3;
0.0295402, 3;
0.0290435, 3;
0.0296023, 3;
0.0294992, 3;
0.029546, 3;
0.0295453, 3;
0.0295511, 3;
0.0290442, 3;
0.0295607, 3;
0.029544, 3;
0.0290371, 3;
0.0295466, 3;
0.0295479, 3;
0.0295492, 3;
0.0295408, 3;
0.0295434, 3;
0.029553, 3;
0.0295408, 3;
0.0295549, 3;
0.0295453, 3;
0.0295396, 3;
0.0295504, 3;
0.0295485, 3;
0.0295536, 3;
0.029537, 3;
0.0295453, 3;
0.0295562, 3;
0.0290365, 3;
0.0295562, 3;
0.0295536, 3;
0.029546, 3;
0.0295415, 3;
0.0295389, 3;
0.0295453, 3;
0.029546, 3;
0.0295485, 3;
0.0295536, 3;
0.0295364, 3;
0.0295517, 3;
0.0295504, 3;
0.0295632, 3;
0.0290301, 3;
0.0295479, 3;
0.0295408, 3;
0.0295428, 3;
0.0295504, 3;
0.0295511, 3;
0.029553, 3;
0.0295543, 3;
0.0295408, 3;
0.0290448, 3;
0.0295504, 3;
0.0295351, 3;
0.0295492, 3;
0.0295479, 3;
0.0295421, 3;
0.0295485, 3;
0.0300477, 3;
0.0295485, 3;
0.0295472, 3;
0.0295466, 3;
0.029544, 3;
0.0295479, 3;
0.029546, 3;
0.029546, 3;
0.0295498, 3;
0.0295959, 3;
0.0295076, 3;
0.0295402, 3;
0.0295453, 3;
0.0290621, 3;
0.0295319, 3;
0.0296189, 3;
0.02948, 3;
0.0295472, 3;
0.0290403, 3;
0.029546, 3;
0.029544, 3;
0.0295543, 3;
0.0295408, 3;
0.0295504, 3;
0.0295364, 3;
0.02956, 3;
0.029546, 3;
0.0295472, 3;
0.0295466, 3;
0.0295466, 3;
0.0295453, 3;
0.0295472, 3;
0.0295421, 3;
0.0295517, 3;
0.0290749, 3;
0.0295261, 3;
0.0295524, 3;
0.02953, 3;
0.0290461, 3;
0.0295812, 3;
0.0295165, 3;
0.0294704, 3;
0.0295479, 3;
0.0295549, 3;
0.0290365, 3;
0.0295492, 3;
0.029544, 3;
0.0295466, 3;
0.029544, 3;
0.0295568, 3;
0.0300452, 3;
0.0295498, 3;
0.0290403, 3;
0.0295524, 3;
0.0295466, 3;
0.0295453, 3;
0.029048, 3;
0.0295479, 3;
0.0295434, 3;
0.0295453, 3;
0.0295492, 3;
0.029041, 3;
0.0295524, 3;
0.0295421, 3;
0.0295524, 3;
0.0295492, 3;
0.0295389, 3;
0.0295562, 3;
0.029544, 3;
0.0290416, 3;
0.0290531, 3;
0.0295402, 3;
0.0295511, 3;
0.0295421, 3;
0.029562, 3;
0.02953, 3;
0.0295581, 3;
0.0290551, 3;
0.0290352, 3;
0.0295485, 3;
0.029537, 3;
0.0295517, 3;
0.0295415, 3;
0.029546, 3;
0.0295613, 3;
0.0295376, 3;
0.0290455, 3;
0.0290416, 3;
0.0295517, 3;
0.0295376, 3;
0.0295588, 3;
0.0295396, 3;
0.0295543, 3;
0.0303146, 3;
0.0292983, 3;
0.0290403, 3;
0.0295498, 3;
0.0295492, 3;
0.0295402, 3;
0.0295524, 3;
0.0295415, 3;
0.0295492, 3;
0.0295543, 3;
0.0290583, 3;
0.0295261, 3;
0.0295492, 3;
0.0296349, 3;
0.0289527, 3;
0.0295498, 3;
0.0295511, 3;
0.0295447, 3;
0.0295511, 3;
0.0290435, 3;
0.0295421, 3;
0.0290512, 3;
0.029553, 3;
0.0295453, 3;
0.029546, 3;
0.0295562, 3;
0.0290403, 3;
0.0285565, 3;
0.0295421, 3;
0.0295428, 3;
0.0290442, 3;
0.0295447, 3;
0.0295543, 3;
0.0295383, 3;
0.0295722, 3;
0.0296727, 3;
0.028897, 3;
0.0295524, 3;
0.0290743, 3;
0.0295376, 3;
0.0290269, 3;
0.0290352, 3;
0.0295511, 3;
0.0290839, 3;
0.0295146, 3;
0.0290391, 3;
0.0295453, 3;
0.029546, 3;
0.0295498, 3;
0.0300567, 3;
0.0290391, 3;
0.0295511, 3;
0.0295396, 3;
0.0290442, 3;
0.0295479, 3;
0.0295466, 3;
0.0295639, 3;
0.0290288, 3;
0.0295524, 3;
0.0295466, 3;
0.0295805, 3;
0.0290141, 3;
0.0290423, 3;
0.0295453, 3;
0.0285443, 3;
0.0295524, 3;
0.0290429, 3;
0.0290448, 3;
0.0295684, 3;
0.0290218, 3;
0.029553, 3;
0.0295492, 3;
0.029553, 3;
0.0290307, 3;
0.0295466, 3;
0.0290423, 3;
0.0295581, 3;
0.0295588, 3;
0.02972, 3;
0.0288573, 3;
0.0296592, 3;
0.0294442, 3;
0.029546, 3;
0.0295389, 3;
0.0295408, 3;
0.0295479, 3;
0.0300471, 3;
0.0290922, 3;
0.029505, 3;
0.0290531, 3;
0.029032, 3;
0.0285462, 3;
0.0295504, 3;
0.0290429, 3;
0.0295594, 3;
0.029041, 3;
0.0290461, 3;
0.0290461, 3;
0.029041, 3;
0.0295434, 3;
0.0295517, 3;
0.0285437, 3;
0.0295517, 3;
0.0290672, 3;
0.0290218, 3;
0.0290416, 3;
0.0290755, 3;
0.0295229, 3;
0.0295415, 3;
0.0295517, 3;
0.0295389, 3;
0.0310916, 3;
0.0300413, 3;
0.030026, 3;
0.0290448, 3;
0.0290391, 3;
0.0295466, 3;
0.0295466, 3;
0.0295517, 3;
0.0309911, 3;
0.029208, 3;
0.0294429, 3;
0.0295543, 3;
0.0295376, 3;
0.0290429, 3;
0.0295447, 3;
0.0295453, 3;
0.0295498, 3;
0.0295466, 3;
0.0297629, 3;
0.0298378, 3;
0.0295415, 3;
0.0295472, 3;
0.0290493, 3;
0.029544, 3;
0.0295524, 3;
0.0290775, 3;
0.0290211, 3;
0.0290787, 3;
0.0300202, 3;
0.0302711, 3;
0.0299165, 3;
0.0294404, 3;
0.0295466, 3;
0.0295453, 3;
0.0290525, 3;
0.0291152, 3;
0.0294743, 3;
0.0295492, 3;
0.029546, 3;
0.0290435, 3;
0.0295556, 3;
0.0295946, 3;
0.02953, 3;
0.0290423, 3;
0.0295108, 3;
0.0302775, 3;
0.0298141, 3;
0.0295511, 3;
0.0295492, 3;
0.0295402, 3;
0.0295447, 3;
0.0295549, 3;
0.0295504, 3;
0.0290493, 3;
0.029048, 3;
0.0290627, 3;
0.0295332, 3;
0.0290307, 3;
0.0292343, 3;
0.0300695, 3;
0.0293578, 3;
0.0290275, 3;
0.0295492, 3;
0.0295408, 3;
0.0290467, 3;
0.0293597, 3;
0.0287568, 3;
0.0295216, 3;
0.0290525, 3;
0.0296285, 3;
0.0289655, 3;
0.034156, 3;
0.0294634, 3;
0.0295306, 3;
0.0295472, 3;
0.029041, 3;
0.0295517, 3;
0.0295351, 3;
0.0295479, 3;
0.0295453, 3;
0.0295472, 3;
0.0295428, 3;
0.0295517, 3;
0.0295492, 3;
0.0295466, 3;
0.030826, 3;
0.0330341, 3;
0.0292932, 3;
0.0296202, 3;
0.0297866, 3;
0.0295472, 3;
0.029546, 3;
0.0298013, 3;
0.0295991, 3;
0.0293725, 3;
0.0289251, 3;
0.0295344, 3;
0.0295588, 3;
0.0285341, 3;
0.0295492, 3;
0.0295901, 3;
0.0290122, 3;
0.0290442, 3;
0.0291978, 3;
0.0299741, 3;
0.0289546, 3;
0.0295472, 3;
0.0295466, 3;
0.0300497, 3;
0.0295472, 3;
0.0295472, 3;
0.030819, 3;
0.0289175, 3;
0.0289136, 3;
0.0303498, 3;
0.0297412, 3;
0.0295376, 3;
0.0295472, 3;
0.0297008, 3;
0.0289047, 3;
0.0295402, 3;
0.029544, 3;
0.0295408, 3;
0.0296906, 3;
0.0299089, 3;
0.0295434, 3;
0.0295485, 3;
0.0295453, 3;
0.0290928, 3;
0.0295037, 3;
0.0295524, 3;
0.0295396, 3;
0.0295511, 3;
0.0295415, 3;
0.02956, 3;
0.0295383, 3;
0.0302436, 3;
0.029361, 3;
0.029057, 3;
0.0290186, 3;
0.0285424, 3;
0.0295453, 3;
0.0297885, 3;
0.0299588, 3;
0.0289431, 3;
0.0290083, 3;
0.0290391, 3;
0.0295588, 3;
0.0295332, 3;
0.0295536, 3;
0.0295421, 3;
0.0295504, 3;
0.0295658, 3;
0.0295524, 3;
0.0295274, 3;
0.0295402, 3;
0.0295562, 3;
0.0295581, 3;
0.0295287, 3;
0.0303191, 3;
0.028776, 3;
0.0295389, 3;
0.0295658, 3;
0.0290282, 3;
0.0295447, 3;
0.0295632, 3;
0.0295447, 3;
0.0295351, 3;
0.0295421, 3;
0.0295524, 3;
0.032115, 3;
0.0299831, 3;
0.029553, 3;
0.0290615, 3;
0.0290403, 3;
0.0295581, 3;
0.029528, 3;
0.0291075, 3;
0.0289911, 3;
0.0295485, 3;
0.0295364, 3;
0.0295453, 3;
0.0292503, 3;
0.0293706, 3;
0.0295728, 3;
0.0294954, 3;
0.0296426, 3;
0.0289571, 3;
0.0295402, 3;
0.0290493, 3;
0.0290512, 3;
0.0285456, 3;
0.0293796, 3;
0.0295914, 3;
0.0299601, 3;
0.029544, 3;
0.0295524, 3;
0.0290685, 3;
0.0295306, 3;
0.0295351, 3;
0.0300785, 3;
0.0295165, 3;
0.0292631, 3;
0.0303582, 3;
0.0295447, 3;
0.0290327, 3;
0.0295415, 3;
0.033356, 3;
0.02924, 3;
0.0300497, 3;
0.0290506, 3;
0.029546, 3;
0.0285418, 3;
0.0295408, 3;
0.029546, 3;
0.0295479, 3;
0.0291434, 3;
0.0294634, 3;
0.0290493, 3;
0.0290327, 3;
0.0290493, 3;
0.0290416, 3;
0.0290531, 3;
0.0290384, 3;
0.0295517, 3;
0.0290365, 3;
0.0295581, 3;
0.0295402, 3;
0.0290455, 3;
0.0295549, 3;
0.0290397, 3;
0.0290455, 3;
0.0290506, 3;
0.0290416, 3;
0.029544, 3;
0.029553, 3;
0.0290352, 3;
0.029569, 3;
0.0295268, 3;
0.0290461, 3;
0.0295492, 3;
0.0290384, 3;
0.0301546, 3;
0.0289475, 3;
0.0290589, 3;
0.0290391, 3;
0.0291018, 3;
0.028993, 3;
0.0290435, 3;
0.0295338, 3;
0.0290602, 3;
0.0290416, 3;
0.029553, 3;
0.0295396, 3;
0.0311614, 3;
0.0289341, 3;
0.0295984, 3;
0.0295024, 3;
0.0295389, 3;
0.0295549, 3;
0.0295357, 3;
0.0292612, 3;
0.0293341, 3;
0.0290576, 3;
0.0291383, 3;
0.0289463, 3;
0.0295396, 3;
0.0295184, 3;
0.0285744, 3;
0.0290538, 3;
0.0295364, 3;
0.0297815, 3;
0.0293162, 3;
0.0303332, 3;
0.0292669, 3;
0.0295396, 3;
0.0290442, 3;
0.0290589, 3;
0.0295428, 3;
0.0297559, 3;
0.0298557, 3;
0.0290263, 3;
0.0295511, 3;
0.0295376, 3;
0.0290499, 3;
0.0295594, 3;
0.0290301, 3;
0.0300445, 3;
0.0754893, 3;
0.0314103, 3;
0.0295191, 3;
0.0290557, 3;
0.0290314, 3;
0.0295485, 3;
0.0290506, 3;
0.0290429, 3;
0.0290602, 3;
0.0295408, 3;
0.0295415, 3;
0.0295485, 3;
0.0290461, 3;
0.0295434, 3;
0.0295472, 3;
0.0295536, 3;
0.0295453, 3;
0.0295447, 3;
0.0286999, 3;
0.0288887, 3;
0.0290685, 3;
0.02953, 3;
0.0285392, 3;
0.0295498, 3;
0.0295511, 3;
0.0290442, 3;
0.0290493, 3;
0.0285533, 3;
0.028529, 3;
0.0304606, 3;
0.029384, 3;
0.0288016, 3;
0.0290442, 3;
0.0285405, 3;
0.0295517, 3;
0.0290429, 3;
0.0295472, 3;
0.029546, 3;
0.0295421, 3;
0.029048, 3;
0.0295543, 3;
0.0290455, 3;
0.029544, 3;
0.02916, 3;
0.0289367, 3;
0.0290371, 3;
0.0290429, 3;
0.0290506, 3;
0.0290442, 3;
0.0295511, 3;
0.0285501, 3;
0.0290378, 3;
0.0295524, 3;
0.0291299, 3;
0.0290602, 3;
0.0289437, 3;
0.0290768, 3;
0.0290141, 3;
0.0290442, 3;
0.0295511, 3;
0.0290487, 3;
0.0295504, 3;
0.0290352, 3;
0.0295511, 3;
0.0290423, 3;
0.0296029, 3;
0.0289981, 3;
0.0295575, 3;
0.0290403, 3;
0.0291338, 3;
0.0289552, 3;
0.0290455, 3;
0.0290666, 3;
0.029041, 3;
0.0295325, 3;
0.0295434, 3;
0.0295466, 3;
0.0285488, 3;
0.0290531, 3;
0.0290525, 3;
0.0290288, 3;
0.0329106, 3;
0.0297367, 3;
0.0295076, 3;
0.0290467, 3;
0.0290474, 3;
0.0295389, 3;
0.0295504, 3;
0.029041, 3;
0.0290627, 3;
0.0290282, 3;
0.0295492, 3;
0.0295536, 3;
0.029041, 3;
0.0295479, 3;
0.0290551, 3;
0.0295357, 3;
0.0295492, 3;
0.0290461, 3;
0.0290442, 3;
0.0290455, 3;
0.0295472, 3;
0.0290403, 3;
0.0290506, 3;
0.0290563, 3;
0.0290346, 3;
0.0285475, 3;
0.0285405, 3;
0.0285494, 3;
0.0295792, 3;
0.0290634, 3;
0.0441525, 3;
0.050122, 3;
0.0298826, 3;
0.0290384, 3;
0.0290423, 3;
0.0290557, 3;
0.029041, 3;
0.0290499, 3;
0.0290416, 3;
0.0290429, 3;
0.0290551, 3;
0.0290378, 3;
0.0290442, 3;
0.0285546, 3;
0.0290455, 3;
0.0290416, 3;
0.0295447, 3;
0.0290474, 3;
0.0295453, 3;
0.029048, 3;
0.0290442, 3;
0.0295543, 3;
0.028552, 3;
0.0290346, 3;
0.0290474, 3;
0.0295434, 3;
0.0294077, 3;
0.029688, 3;
0.0290538, 3;
0.0290384, 3;
0.0290416, 3;
0.0285462, 3;
0.0290455, 3;
0.0285462, 3;
0.0295466, 3;
0.0290621, 3;
0.029537, 3;
0.0290416, 3;
0.0290487, 3;
0.0290397, 3;
0.0290435, 3;
0.0285507, 3;
0.0290442, 3;
0.0290474, 3;
0.0291421, 3;
0.0294525, 3;
0.0290448, 3;
0.0295575, 3;
0.0290455, 3;
0.0290519, 3;
0.0290275, 3;
0.0290583, 3;
0.0295351, 3;
0.0290474, 3;
0.0290474, 3;
0.0290442, 3;
0.0295466, 3;
0.0290525, 3;
0.0290448, 3;
0.0290487, 3;
0.0290391, 3;
0.029048, 3;
0.0290467, 3;
0.0285392, 3;
0.0290493, 3;
0.0290506, 3;
0.0290397, 3;
0.0295492, 3;
0.0290595, 3;
0.0290403, 3;
0.0300503, 3;
0.0290467, 3;
0.0290365, 3;
0.0290455, 3;
0.0285443, 3;
0.0290448, 3;
0.0294116, 3;
0.0291914, 3;
0.0291978, 3;
0.0288861, 3;
0.0290499, 3;
0.0295447, 3;
0.029048, 3;
0.029544, 3;
0.0290525, 3;
0.0290384, 3;
0.029578, 4;
0.0291351, 4;
0.0298717, 4;
0.0291005, 4;
0.0290442, 4;
0.0290538, 4;
0.0290506, 4;
0.0295056, 4;
0.0322245, 4;
0.0318129, 4;
0.0296676, 4;
0.0290205, 4;
0.0290551, 4;
0.0290512, 4;
0.0290314, 4;
0.0290506, 4;
0.0290423, 4;
0.0290544, 4;
0.0290506, 4;
0.0290448, 4;
0.0290467, 4;
0.0290448, 4;
0.0290544, 4;
0.0290378, 4;
0.0290717, 4;
0.0290218, 4;
0.0290896, 4;
0.02916, 4;
0.0289059, 4;
0.0295332, 4;
0.029064, 4;
0.0290224, 4;
0.0290538, 4;
0.0290378, 4;
0.029057, 4;
0.0290397, 4;
0.0295549, 4;
0.0290371, 4;
0.0295581, 4;
0.0290339, 4;
0.0290525, 4;
0.029041, 4;
0.0290455, 4;
0.0290531, 4;
0.0290416, 4;
0.0295447, 4;
0.0290493, 4;
0.0290391, 4;
0.0290538, 4;
0.0290474, 4;
0.0290474, 4;
0.028543, 4;
0.0290519, 4;
0.0290378, 4;
0.0290442, 4;
0.0290442, 4;
0.0295511, 4;
0.0290448, 4;
0.0290448, 4;
0.0290512, 4;
0.0290442, 4;
0.0290967, 4;
0.0290051, 4;
0.0290365, 4;
0.0290474, 4;
0.0290397, 4;
0.0290583, 4;
0.029537, 4;
0.0290557, 4;
0.0348953, 4;
0.0302986, 4;
0.0289661, 4;
0.029041, 4;
0.0290327, 4;
0.0290487, 4;
0.0290455, 4;
0.0290423, 4;
0.0290531, 4;
0.0290525, 4;
0.029482, 4;
0.0290455, 4;
0.0290467, 4;
0.0290487, 4;
0.0290442, 4;
0.029048, 4;
0.0290455, 4;
0.029256, 4;
0.0300017, 4;
0.0295063, 4;
0.0294263, 4;
0.0290416, 4;
0.0290487, 4;
0.029057, 4;
0.0300017, 4;
0.0296061, 4;
0.0290231, 4;
0.0290448, 4;
0.0290448, 4;
0.0290455, 4;
0.0290467, 4;
0.0290493, 4;
0.0290487, 4;
0.0290384, 4;
0.0290467, 4;
0.0290506, 4;
0.0290435, 4;
0.0290448, 4;
0.0290455, 4;
0.0290506, 4;
0.0290506, 4;
0.0290435, 4;
0.0290461, 4;
0.0290608, 4;
0.0290403, 4;
0.0290659, 4;
0.0290103, 4;
0.0290544, 4;
0.0290403, 4;
0.0290467, 4;
0.0290455, 4;
0.0290467, 4;
0.0299121, 4;
0.030186, 4;
0.0290435, 4;
0.0290474, 4;
0.0290467, 4;
0.0290506, 4;
0.029041, 4;
0.029048, 4;
0.0290698, 4;
0.0297399, 4;
0.0293296, 4;
0.0290416, 4;
0.0290435, 4;
0.0290557, 4;
0.0290551, 4;
0.0290583, 4;
0.0290512, 4;
0.0295268, 4;
0.0295376, 4;
0.0295543, 4;
0.0290474, 4;
0.0290448, 4;
0.0295389, 4;
0.0290487, 4;
0.0295728, 2;
0.0304836, 2;
0.0302199, 2;
0.0289181, 2;
0.0295415, 2;
0.0290423, 2;
0.0291114, 2;
0.0294813, 2;
0.0290442, 2;
0.0290493, 2;
0.0290461, 2;
0.0290448, 2;
0.0290474, 2;
0.0290512, 2;
0.0290551, 2;
0.0290339, 2;
0.0290423, 2;
0.0290487, 2;
0.0290423, 2;
0.0290589, 2;
0.0290359, 2;
0.029048, 2;
0.0290455, 2;
0.0290435, 2;
0.0295485, 2;
0.0290442, 2;
0.0290461, 2;
0.0290467, 2;
0.0295498, 2;
0.0290429, 2;
0.0290557, 2;
0.029537, 2;
0.0290506, 2;
0.0290397, 2;
0.0290595, 2;
0.0290474, 2;
0.0290698, 2;
0.0290173, 2;
0.0295428, 2;
0.0290416, 2;
0.0290493, 2;
0.0290487, 2;
0.0290435, 2;
0.0290506, 2;
0.0295447, 2;
0.0295453, 2;
0.0290423, 2;
0.0290467, 2;
0.0290442, 2;
0.0290474, 2;
0.0290423, 2;
0.0295556, 2;
0.0290499, 2;
0.0290391, 2;
0.0290531, 2;
0.0290448, 2;
0.0293879, 2;
0.0291952, 2;
0.0290493, 2;
0.0290461, 2;
0.0290621, 2;
0.0290333, 2;
0.0290551, 2;
0.0290339, 2;
0.0290448, 2;
0.0290519, 2;
0.0295594, 3;
0.02953, 3;
0.0290519, 3;
0.0290403, 3;
0.0290768, 3;
0.0295152, 3;
0.0295485, 3;
0.0290455, 3;
0.0290576, 3;
0.0295344, 3;
0.0290563, 3;
0.0295434, 3;
0.0295517, 3;
0.0295376, 3;
0.0295466, 3;
0.0290403, 3;
0.0290583, 3;
0.0290429, 3;
0.0295504, 3;
0.0295408, 3;
0.0295447, 3;
0.0290467, 3;
0.029562, 3;
0.0295511, 3;
0.0295466, 3;
0.0295447, 3;
0.0290461, 3;
0.0290461, 3;
0.0295543, 3;
0.0294384, 3;
0.0290512, 3;
0.0290339, 3;
0.0290602, 3;
0.0295389, 3;
0.0290448, 3;
0.0295421, 3;
0.0295479, 3;
0.0290448, 3;
0.0295498, 3;
0.02956, 3;
0.0295306, 3;
0.0290493, 3;
0.0290435, 3;
0.0295479, 3;
0.0290499, 3;
0.0290448, 3;
0.0300477, 3;
0.0295632, 3;
0.0295268, 3;
0.0295472, 3;
0.0290525, 3;
0.0295498, 3;
0.0290359, 3;
0.0295517, 3;
0.0290487, 3;
0.0295568, 3;
0.0295293, 3;
0.0290493, 3;
0.0295466, 3;
0.029546, 3;
0.0290499, 3;
0.0295421, 3;
0.0290877, 3;
0.0295165, 3;
0.0295357, 3;
0.029553, 3;
0.0295396, 3;
0.0295472, 3;
0.0295517, 3;
0.0295479, 3;
0.0295447, 3;
0.0290423, 3;
0.0290493, 3;
0.0290551, 3;
0.0290288, 3;
0.0295556, 3;
0.0295581, 3;
0.02953, 3;
0.0295626, 3;
0.0295428, 3;
0.0295434, 3;
0.0295568, 3;
0.0295389, 3;
0.0295472, 3;
0.0295402, 3;
0.0295498, 3;
0.0290461, 3;
0.0295389, 3;
0.0295543, 3;
0.029048, 3;
0.0290487, 3;
0.0295428, 3;
0.0295581, 3;
0.0290826, 3;
0.0294928, 3;
0.0290551, 4;
0.0290499, 4;
0.0290538, 4;
0.0295415, 4;
0.03089, 4;
0.0286941, 4;
0.0290448, 4;
0.0295479, 4;
0.0290467, 4;
0.0290455, 4;
0.0290519, 4;
0.0290474, 4;
0.0295536, 4;
0.0295351, 4;
0.029048, 4;
0.0290519, 4;
0.0300394, 4;
0.0290474, 4;
0.0295479, 4;
0.0290493, 4;
0.0290499, 4;
0.0295549, 4;
0.0290346, 4;
0.0290525, 4;
0.0290551, 4;
0.0295255, 4;
0.0290506, 4;
0.0295434, 4;
0.0290493, 4;
0.0292784, 4;
0.0293188, 4;
0.0290365, 4;
0.0290467, 4;
0.029048, 4;
0.029048, 4;
0.029048, 4;
0.0295415, 4;
0.029048, 4;
0.0295524, 4;
0.0295402, 4;
0.0290506, 4;
0.0290435, 4;
0.0290474, 4;
0.0290461, 4;
0.0290499, 4;
0.0290583, 4;
0.0295376, 4;
0.0290755, 4;
0.0295095, 4;
0.0290531, 4;
0.0295389, 4;
0.0290474, 4;
0.0290557, 4;
0.0290442, 4;
0.0290346, 4;
0.0290538, 4;
0.0290435, 4;
0.0295613, 4;
0.029032, 4;
0.0290429, 4;
0.0290474, 4;
0.0296196, 4;
0.0295082, 4;
0.029512, 4;
0.029544, 4;
0.0285546, 4;
0.0300241, 4;
0.0295863, 4;
0.0290192, 4;
0.0290551, 4;
0.0290487, 4;
0.0290455, 4;
0.0295568, 4;
0.0290301, 4;
0.0290461, 4;
0.0290474, 4;
0.0290442, 4;
0.0290461, 4;
0.0290448, 4;
0.0290461, 4;
0.0290557, 4;
0.0290423, 4;
0.0295408, 4;
0.0295556, 4;
0.0290487, 4;
0.0290327, 4;
0.0290602, 4;
0.029546, 4;
0.0290442, 4;
0.0295402, 4;
0.0295549, 4;
0.029048, 4;
0.0290397, 4;
0.0295421, 4;
0.0290461, 4;
0.0290531, 4;
0.0295383, 4;
0.0295511, 4;
0.0290455, 4;
0.0285936, 4;
0.0289955, 4;
0.0290467, 4;
0.0290493, 4;
0.029048, 4;
0.0290403, 4;
0.0290499, 4;
0.0295504, 4;
0.0295933, 4;
0.029498, 4;
0.0295485, 4;
0.0290397, 4;
0.0290589, 4;
0.0290301, 4;
0.0290525, 4;
0.0295511, 4;
0.0290448, 4;
0.029537, 4;
0.0290551, 4;
0.0290448, 4;
0.0290423, 4;
0.0290525, 4;
0.0290448, 4;
0.0290403, 4;
0.0290435, 4;
0.0295588, 4;
0.0290429, 4;
0.0290935, 4;
0.0289949, 4;
0.0290583, 4;
0.0295408, 4;
0.0295466, 4;
0.0290493, 4;
0.0295517, 4;
0.0295376, 4;
0.0295447, 4;
0.0290455, 4;
0.0290423, 4;
0.029048, 4;
0.0290467, 4;
0.029048, 4;
0.0290499, 4;
0.0290679, 4;
0.0290179, 4;
0.0290506, 4;
0.0295485, 4;
0.0295383, 4;
0.0290499, 4;
0.0295402, 4;
0.0292285, 4;
0.0299012, 4;
0.0290205, 4;
0.0295524, 4;
0.0295357, 4;
0.0295485, 4;
0.0295428, 4;
0.0290493, 4;
0.0290442, 4;
0.0290461, 4;
0.0295536, 4;
0.0295402, 4;
0.0290512, 4;
0.0295453, 4;
0.0295498, 4;
0.029041, 4;
0.0290448, 4;
0.0290519, 4;
0.0295485, 4;
0.0295428, 4;
0.0290442, 4;
0.0295453, 4;
0.0290685, 4;
0.0300317, 4;
0.0296151, 4;
0.029473, 4;
0.0290499, 4;
0.0290525, 4;
0.0290327, 4;
0.0290659, 4;
0.0290301, 4;
0.029546, 4;
0.0290423, 4;
0.0290474, 4;
0.0295504, 4;
0.0296586, 4;
0.0289367, 4;
0.0290423, 4;
0.0290461, 4;
0.0290563, 4;
0.0290346, 4;
0.0295568, 4;
0.029537, 4;
0.0290506, 4;
0.0295447, 4;
0.0295549, 4;
0.0295472, 4;
0.0295415, 4;
0.0295428, 4;
0.0290525, 4;
0.0290442, 4;
0.0295479, 4;
0.0295485, 4;
0.0295402, 4;
0.029041, 4;
0.0290506, 4;
0.0290455, 4;
0.0290461, 4;
0.0290448, 4;
0.0290551, 4;
0.0295472, 4;
0.0298769, 4;
0.0297207, 4;
0.0295287, 4;
0.0290525, 4;
0.029112, 4;
0.0294871, 4;
0.0295466, 4;
0.029544, 4;
0.0316804, 4;
0.0437052, 4;
0.0308126, 4;
0.0290167, 4;
0.0290487, 4;
0.0290391, 4;
0.029048, 4;
0.0290499, 4;
0.029553, 4;
0.0295447, 4;
0.0290391, 4;
0.0290429, 4;
0.029544, 4;
0.0290602, 4;
0.0295447, 4;
0.029537, 4;
0.0290525, 4;
0.0295581, 2;
0.0290384, 2;
0.0295402, 2;
0.0295562, 2;
0.0295479, 2;
0.0295325, 2;
0.0295549, 2;
0.0295914, 2;
0.0294954, 2;
0.0300682, 2;
0.0295312, 2;
0.0295453, 2;
0.0295498, 2;
0.0295479, 2;
0.0291133, 2;
0.0294832, 2;
0.0337976, 2;
0.0294, 2;
0.0289456, 2;
0.0295351, 2;
0.0295568, 2;
0.0295517, 2;
0.0290275, 2;
0.0295511, 2;
0.0295517, 2;
0.0295658, 2;
0.0290301, 2;
0.0297194, 2;
0.0288727, 2;
0.029546, 2;
0.0295492, 2;
0.0295434, 2;
0.0290455, 2;
0.0295498, 2;
0.0290474, 2;
0.029546, 2;
0.0295447, 2;
0.0295844, 2;
0.0295082, 2;
0.0295492, 2;
0.0290435, 2;
0.0295492, 2;
0.0301719, 2;
0.0289219, 2;
0.030049, 2;
0.0290391, 2;
0.029544, 2;
0.0295671, 2;
0.0295344, 2;
0.0290397, 2;
0.0295524, 2;
0.0295498, 2;
0.0290371, 2;
0.0290423, 2;
0.0290557, 2;
0.0295492, 2;
0.0295364, 2;
0.0295479, 2;
0.0290474, 2;
0.0295479, 2;
0.029048, 2;
0.0295421, 2;
0.0295466, 2;
0.0290474, 2;
0.0295549, 2;
0.0295466, 2;
0.0295383, 2;
0.029057, 2;
0.0295472, 2;
0.0295485, 2;
0.029537, 2;
0.0295466, 2;
0.0290467, 2;
0.0295447, 2;
0.0295453, 2;
0.0295492, 2;
0.0295581, 2;
0.0285424, 2;
0.0295428, 2;
0.0295421, 2;
0.029553, 2;
0.0295466, 2;
0.0295402, 2;
0.0295472, 2;
0.0295543, 2;
0.0290429, 2;
0.0295447, 2;
0.0295472, 2;
0.0295556, 2;
0.029544, 2;
0.0295543, 2;
0.029537, 2;
0.0295376, 2;
0.0290525, 2;
0.0295428, 2;
0.0295511, 2;
0.0295504, 2;
0.0295479, 2;
0.0295434, 2;
0.0295466, 2;
0.0295466, 2;
0.0295479, 2;
0.0295479, 2;
0.029546, 2;
0.0295472, 2;
0.0295479, 2;
0.029553, 2;
0.0295421, 2;
0.029553, 2;
0.0295492, 2;
0.0290685, 2;
0.0295306, 2;
0.0295274, 2;
0.0295479, 2;
0.029544, 2;
0.0295485, 2;
0.0295607, 2;
0.0295338, 2;
0.0295575, 2;
0.0295434, 2;
0.0295453, 2;
0.0295568, 2;
0.0295364, 2;
0.0295504, 2;
0.0295383, 2;
0.029048, 2;
0.029736, 2;
0.0299127, 2;
0.0289827, 2;
0.0290442, 2;
0.0290346, 2;
0.0295607, 2;
0.0295492, 2;
0.0295319, 2;
0.029569, 3;
0.0290397, 3;
0.0290775, 3;
0.0290077, 3;
0.0295479, 3;
0.0290435, 3;
0.0290442, 3;
0.0290525, 3;
0.0295453, 3;
0.0295396, 3;
0.0295549, 3;
0.029544, 3;
0.0290423, 3;
0.0295504, 3;
0.0295511, 3;
0.0290391, 3;
0.0290448, 3;
0.0295447, 3;
0.0295613, 3;
0.0290391, 3;
0.0290461, 3;
0.029546, 3;
0.0290397, 3;
0.0300497, 3;
0.0295466, 3;
0.0295453, 3;
0.0290493, 3;
0.0290467, 3;
0.0295472, 3;
0.0295428, 3;
0.0295466, 3;
0.0295485, 3;
0.029553, 3;
0.0295543, 3;
0.0295357, 3;
0.0295556, 3;
0.0290563, 3;
0.0290967, 3;
0.0289738, 3;
0.0295575, 3;
0.0290423, 3;
0.0290403, 3;
0.0290659, 3;
0.0295325, 3;
0.0295408, 3;
0.0295684, 3;
0.0290231, 3;
0.0295556, 3;
0.0295364, 3;
0.0295536, 3;
0.0290429, 3;
0.0290435, 3;
0.0295575, 3;
0.0290551, 3;
0.0290275, 3;
0.0295492, 3;
0.0300445, 3;
0.0295556, 3;
0.0295594, 3;
0.0290263, 3;
0.0295594, 3;
0.0290359, 3;
0.0295895, 3;
0.0295037, 3;
0.0290442, 3;
0.0295517, 3;
0.0290403, 3;
0.0295524, 3;
0.0295383, 3;
0.0285514, 3;
0.0290461, 3;
0.0290493, 3;
0.0290442, 3;
0.0295428, 3;
0.0295485, 3;
0.0295504, 3;
0.0290429, 3;
0.0290455, 3;
0.0290512, 3;
0.0295543, 3;
0.0295255, 3;
0.029057, 3;
0.0295517, 3;
0.0290499, 3;
0.0290352, 3;
0.0290467, 3;
0.0295511, 3;
0.0290474, 3;
0.0290442, 3;
0.0290461, 3;
0.0295466, 3;
0.0295396, 3;
0.0295511, 3;
0.029546, 3;
0.0295466, 3;
0.0297309, 4;
0.0295703, 4;
0.0293405, 4;
0.0295492, 4;
0.0295479, 4;
0.029544, 4;
0.0295466, 4;
0.0295524, 4;
0.02956, 4;
0.0295287, 4;
0.0290474, 4;
0.0295428, 4;
0.0295639, 4;
0.0295287, 4;
0.0295479, 4;
0.0295498, 4;
0.0295517, 4;
0.0295536, 4;
0.0295447, 4;
0.029032, 4;
0.0295479, 4;
0.0295447, 4;
0.029546, 4;
0.0295498, 4;
0.0295472, 4;
0.0295511, 4;
0.0295479, 4;
0.0290499, 4;
0.0295383, 4;
0.0295453, 4;
0.0295562, 4;
0.0295517, 4;
0.0295357, 4;
0.0295408, 4;
0.0295556, 4;
0.0295581, 4;
0.0295319, 4;
0.0295876, 4;
0.0295063, 4;
0.0295517, 4;
0.0290429, 4;
0.0295511, 4;
0.0295447, 4;
0.0296208, 4;
0.0289719, 4;
0.0295479, 4;
0.0295434, 4;
0.0295632, 4;
0.0286826, 4;
0.0291908, 4;
0.0295466, 4;
0.0295511, 4;
0.0295568, 4;
0.0295351, 4;
0.0295408, 4;
0.0295485, 4;
0.0295479, 4;
0.0295434, 4;
0.0295492, 4;
0.0295504, 4;
0.0285437, 4;
0.0295562, 4;
0.0295364, 4;
0.029048, 4;
0.029544, 4;
0.0295466, 4;
0.0295466, 4;
0.029048, 4;
0.0296042, 4;
0.0290039, 4;
0.0290307, 4;
0.0295428, 4;
0.0295588, 4;
0.0291287, 4;
0.0289552, 4;
0.0285456, 4;
0.0290423, 4;
0.0295677, 4;
0.0295306, 4;
0.0295536, 4;
0.0295396, 4;
0.0295434, 4;
0.0295556, 4;
0.028543, 4;
0.0295472, 4;
0.029546, 4;
0.0295466, 4;
0.0295453, 4;
0.0295632, 4;
0.0290391, 4;
0.029546, 4;
0.0295383, 4;
0.029553, 4;
0.0290627, 4;
0.029089, 4;
0.0294871, 4;
0.0295408, 4;
0.0297796, 4;
0.0313111, 4;
0.0309002, 4;
0.0297949, 4;
0.0289501, 4;
0.0295492, 4;
0.0291997, 4;
0.0293917, 4;
0.0295492, 4;
0.0295453, 4;
0.0290506, 4;
0.0295453, 4;
0.0295479, 4;
0.0295581, 4;
0.0290391, 4;
0.0285418, 4;
0.0295466, 4;
0.0295485, 4;
0.029544, 4;
0.0295396, 4;
0.0290576, 4;
0.0290416, 4;
0.029553, 4;
0.0290455, 4;
0.0295396, 4;
0.0295524, 4;
0.0290467, 4;
0.0295536, 4;
0.0290429, 4;
0.0295511, 4;
0.0295402, 4;
0.0295965, 4;
0.0295063, 4;
0.0290378, 4;
0.0295472, 4;
0.0295453, 4;
0.029544, 4;
0.0295594, 4;
0.0295415, 4;
0.0295511, 4;
0.0295447, 4;
0.0290429, 4;
0.0290538, 4;
0.0290448, 4;
0.029537, 4;
0.0295453, 4;
0.029546, 4;
0.0295562, 4;
0.0296669, 4;
0.0294199, 4;
0.0300471, 4;
0.0295466, 4;
0.0295492, 4;
0.0295434, 4;
0.0295472, 4;
0.029553, 4;
0.0290467, 4;
0.0295972, 4;
0.0294948, 4;
0.0295453, 4;
0.0295511, 4;
0.0290474, 4;
0.0295524, 4;
0.0290371, 4;
0.0295568, 4;
0.0295415, 4;
0.0295383, 4;
0.0290442, 4;
0.0300548, 4;
0.0295421, 4;
0.0300452, 4;
0.0295504, 4;
0.0295485, 4;
0.0290506, 4;
0.0295511, 4;
0.0295351, 4;
0.0295511, 4;
0.0295645, 4;
0.0298839, 2;
0.0292624, 2;
0.0299709, 2;
0.029761, 2;
0.029352, 2;
0.0290288, 2;
0.0295607, 2;
0.0290416, 2;
0.029048, 2;
0.0295332, 2;
0.0295479, 2;
0.0295498, 2;
0.0300503, 2;
0.0292375, 2;
0.0288541, 2;
0.0295504, 2;
0.0295396, 2;
0.0295524, 2;
0.0295408, 2;
0.0295479, 2;
0.0290448, 2;
0.0295664, 2;
0.0290397, 2;
0.0290365, 2;
0.0290512, 2;
0.0300548, 2;
0.0290301, 2;
0.0295658, 2;
0.0290435, 2;
0.0290595, 2;
0.0295658, 2;
0.029498, 2;
0.029553, 2;
0.029041, 2;
0.0295524, 2;
0.0295428, 2;
0.0295466, 2;
0.029553, 2;
0.0290525, 2;
0.0295344, 2;
0.029048, 2;
0.0295447, 2;
0.0295453, 2;
0.0295479, 2;
0.0295517, 2;
0.0290749, 2;
0.0295248, 2;
0.0295383, 2;
0.0295556, 2;
0.0290339, 2;
0.029057, 2;
0.0295344, 2;
0.0290448, 2;
0.0295543, 2;
0.0290416, 2;
0.0295549, 2;
0.0295498, 2;
0.0295383, 2;
0.0290435, 2;
0.029546, 2;
0.0295485, 2;
0.0295517, 2;
0.0295408, 2;
0.028545, 2;
0.0290506, 2;
0.0290493, 2;
0.0295408, 2;
0.0300983, 2;
0.0289987, 2;
0.0295408, 2;
0.0290531, 2;
0.0295466, 2;
0.0295434, 2;
0.0290743, 2;
0.0290205, 2;
0.0290467, 2;
0.0295447, 2;
0.0295447, 2;
0.0295479, 2;
0.029546, 2;
0.0295543, 2;
0.0290538, 2;
0.0295338, 2;
0.0295447, 2;
0.0295543, 2;
0.0295472, 2;
0.0285373, 2;
0.0295575, 2;
0.0290442, 2;
0.0290403, 2;
0.0295818, 2;
0.0295229, 2;
0.0290391, 2;
0.0295453, 2;
0.0290467, 2;
0.0299223, 2;
0.0295415, 2;
0.0295511, 2;
0.0290499, 2;
0.0301028, 3;
0.0289891, 3;
0.0290397, 3;
0.0295485, 3;
0.0290429, 3;
0.0290461, 3;
0.0290455, 3;
0.0295492, 3;
0.0290487, 3;
0.0295511, 3;
0.0295428, 3;
0.029041, 3;
0.0295479, 3;
0.0290551, 3;
0.0290493, 3;
0.0290487, 3;
0.0295492, 3;
0.0290288, 3;
0.0295485, 3;
0.0290467, 3;
0.0290442, 3;
0.0290467, 3;
0.0295485, 3;
0.0290499, 3;
0.0290416, 3;
0.0290487, 3;
0.0295415, 3;
0.0295485, 3;
0.0285437, 3;
0.0290461, 3;
0.0290423, 3;
0.0290519, 3;
0.0295613, 3;
0.0291607, 3;
0.0289194, 3;
0.0290487, 3;
0.0290461, 3;
0.0290397, 3;
0.0285462, 3;
0.0290487, 3;
0.0290416, 3;
0.0290531, 3;
0.029041, 3;
0.0285738, 3;
0.0295165, 3;
0.0290519, 3;
0.0290416, 3;
0.0295485, 3;
0.0290551, 3;
0.0290416, 3;
0.0290442, 3;
0.0290608, 3;
0.0290339, 3;
0.029041, 3;
0.0290519, 3;
0.0290365, 3;
0.0290595, 3;
0.0290384, 3;
0.0295536, 3;
0.029041, 3;
0.0300477, 3;
0.0290442, 3;
0.0295434, 3;
0.0295511, 3;
0.0290416, 3;
0.0290467, 3;
0.029048, 3;
0.0290474, 3;
0.0295549, 3;
0.0295376, 3;
0.0295447, 3;
0.0290467, 3;
0.0290493, 3;
0.0295632, 3;
0.0290359, 3;
0.0290519, 3;
0.0295536, 3;
0.0290397, 3;
0.0290519, 3;
0.029048, 3;
0.0290352, 3;
0.0290442, 3;
0.0290435, 3;
0.0290467, 3;
0.0290736, 3;
0.02953, 3;
0.0295479, 3;
0.0295364, 3;
0.0285475, 3;
0.0290455, 3;
0.0290461, 4;
0.0290474, 4;
0.0290499, 4;
0.0290423, 4;
0.0295498, 4;
0.0295588, 4;
0.0290416, 4;
0.0295383, 4;
0.029544, 4;
0.0295543, 4;
0.0285443, 4;
0.0290455, 4;
0.029025, 4;
0.029546, 4;
0.0295498, 4;
0.0295421, 4;
0.0295517, 4;
0.0290429, 4;
0.0290461, 4;
0.0295517, 4;
0.0295408, 4;
0.0295517, 4;
0.0295428, 4;
0.0290487, 4;
0.0295517, 4;
0.0295396, 4;
0.0290538, 4;
0.0295434, 4;
0.0295428, 4;
0.0295594, 4;
0.0290903, 4;
0.0289981, 4;
0.0290288, 4;
0.0295364, 4;
0.0290455, 4;
0.0295517, 4;
0.0285405, 4;
0.0290563, 4;
0.0290493, 4;
0.0295325, 4;
0.0295524, 4;
0.029041, 4;
0.029048, 4;
0.0290448, 4;
0.0290493, 4;
0.0295517, 4;
0.0290551, 4;
0.0290263, 4;
0.0295607, 4;
0.0290371, 4;
0.029546, 4;
0.0295453, 4;
0.0290563, 4;
0.0290435, 4;
0.0290423, 4;
0.0295639, 4;
0.0290275, 4;
0.0290455, 4;
0.0290499, 4;
0.0295428, 4;
0.0295453, 4;
0.028545, 4;
0.0290531, 4;
0.0290474, 4;
0.029041, 4;
0.0295479, 4;
0.0295498, 4;
0.0290435, 4;
0.0290442, 4;
0.0296407, 4;
0.0289488, 4;
0.0295524, 4;
0.0295466, 4;
0.0290474, 4;
0.0295588, 4;
0.0295293, 4;
0.0285597, 4;
0.029032, 4;
0.0290448, 4;
0.0295549, 4;
0.0290525, 4;
0.0295479, 4;
0.0290403, 4;
0.0290435, 4;
0.0295511, 4;
0.029544, 4;
0.0285456, 4;
0.0290499, 4;
0.0290467, 4;
0.0285565, 4;
0.02953, 4;
0.0290474, 4;
0.0290474, 4;
0.029048, 4;
0.0295556, 4;
0.0295479, 4;
0.0290346, 4;
0.0290467, 4;
0.0290448, 4;
0.0290429, 4;
0.0295568, 4;
0.0290384, 4;
0.0290416, 4;
0.0290512, 4;
0.0295492, 4;
0.0295492, 4;
0.0290448, 4;
0.0290429, 4;
0.0290461, 4;
0.0295466, 4;
0.0295472, 4;
0.0295511, 4;
0.0290691, 4;
0.0290333, 4;
0.029537, 4;
0.0300036, 4;
0.029594, 4;
0.029041, 4;
0.0290435, 4;
0.0295543, 4;
0.0295447, 4;
0.0285405, 4;
0.0290429, 4;
0.0290589, 4;
0.0295402, 4;
0.0295453, 4;
0.0290435, 4;
0.0290691, 4;
0.0290237, 4;
0.0295453, 4;
0.0295498, 4;
0.0285488, 4;
0.0290583, 4;
0.0295504, 4;
0.0295447, 4;
0.0295447, 4;
0.0290493, 4;
0.029057, 4;
0.030033, 4;
0.0290435, 4;
0.0295511, 4;
0.0290442, 4;
0.0290371, 4;
0.0290538, 4;
0.029544, 4;
0.0295543, 4;
0.0295421, 4;
0.0290448, 4;
0.0291005, 4;
0.0289943, 4;
0.0285443, 4;
0.0290455, 4;
0.029048, 4;
0.0290551, 4;
0.0285386, 4;
0.029544, 4;
0.0285501, 4;
0.0290378, 4;
0.0292644, 4;
0.0293328, 4;
0.028543, 4;
0.0290461, 4;
0.0290467, 4;
0.0290487, 4;
0.0295415, 4;
0.0295453, 4;
0.0290544, 4;
0.029041, 4;
0.0290461, 4;
0.0290474, 4;
0.029553, 4;
0.0290346, 4;
0.0295556, 4;
0.0295434, 4;
0.0290499, 4;
0.0290698, 4;
0.0290282, 4;
0.0295428, 4;
0.0290359, 4;
0.0291191, 4;
0.0294941, 4;
0.0295357, 4;
0.0295428, 4;
0.029562, 4;
0.0296074, 4;
0.0289706, 4;
0.0290499, 4;
0.0295421, 4;
0.0290467, 4;
0.0290467, 2;
0.0290442, 2;
0.0295543, 2;
0.0295856, 2;
0.0290045, 2;
0.0290435, 2;
0.0290378, 2;
0.0295524, 2;
0.0295472, 2;
0.0290563, 2;
0.0295338, 2;
0.0290525, 2;
0.0290704, 2;
0.0291165, 2;
0.0294557, 2;
0.0295396, 2;
0.0290506, 2;
0.0295421, 2;
0.0295479, 2;
0.0290544, 2;
0.0295396, 2;
0.0290538, 2;
0.0295383, 2;
0.0295498, 2;
0.0290448, 2;
0.0290435, 2;
0.0290461, 2;
0.0295517, 2;
0.0290461, 2;
0.0293104, 2;
0.0292772, 2;
0.0290493, 2;
0.0285386, 2;
0.029569, 2;
0.0295652, 2;
0.0295159, 2;
0.0290583, 2;
0.0300535, 2;
0.0290243, 2;
0.0290467, 2;
0.0290448, 2;
0.0290461, 2;
0.029048, 2;
0.0295492, 2;
0.0290467, 2;
0.0290455, 2;
0.0290474, 2;
0.0295485, 2;
0.0295428, 2;
0.0290455, 2;
0.0290519, 2;
0.0295389, 2;
0.0290474, 2;
0.0295466, 2;
0.0290583, 2;
0.0295402, 2;
0.0290506, 2;
0.0290403, 2;
0.0295421, 2;
0.0290538, 2;
0.029546, 2;
0.0290487, 2;
0.0290595, 2;
0.0301073, 2;
0.0294724, 2;
0.0290346, 2;
0.0290493, 2;
0.0290525, 2;
0.0295344, 2;
0.0290519, 2;
0.0290461, 2;
0.0298385, 2;
0.0294493, 2;
0.0298583, 2;
0.029041, 2;
0.0290557, 2;
0.029546, 2;
0.0290442, 2;
0.029544, 2;
0.0290506, 2;
0.0295472, 2;
0.0295383, 2;
0.0295498, 2;
0.0295658, 2;
0.0290237, 2;
0.0290487, 2;
0.0290467, 2;
0.0285469, 2;
0.0295549, 2;
0.0290391, 2;
0.0290423, 2;
0.0290435, 2;
0.0290403, 2;
0.0295645, 2;
0.0290391, 2;
0.0295428, 2;
0.0290493, 2;
0.0290749, 2;
0.0290295, 2;
0.029032, 2;
0.029048, 2;
0.0290429, 2;
0.0290493, 2;
0.0295466, 2;
0.0285405, 2;
0.0295485, 2;
0.0290749, 2;
0.0290192, 2;
0.0295447, 2;
0.0290525, 2;
0.0290391, 2;
0.0290461, 2;
0.0290499, 2;
0.0295485, 2;
0.0293047, 2;
0.0297873, 2;
0.0290493, 2;
0.0295415, 2;
0.0295607, 2;
0.0290371, 2;
0.0295415, 2;
0.0290442, 2;
0.0295485, 2;
0.0302717, 2;
0.0293284, 2;
0.029048, 2;
0.0290429, 2;
0.0290416, 2;
0.0295536, 2;
0.0290384, 2;
0.0290506, 2;
0.029608, 2;
0.0289802, 2;
0.0295472, 2;
0.0290461, 2;
0.0290448, 2;
0.0290595, 2;
0.0290378, 2;
0.0295434, 2;
0.0290826, 2;
0.029025, 2;
0.0295312, 2;
0.0290455, 2;
0.0295543, 2;
0.0290378, 2;
0.0290474, 2;
0.0290563, 2;
0.0290365, 2;
0.0295466, 2;
0.0295511, 2;
0.0290455, 2;
0.0290429, 2;
0.0290499, 2;
0.029544, 2;
0.0290416, 2;
0.0290531, 2;
0.0290442, 2;
0.0295492, 2;
0.0295511, 2;
0.0295402, 2;
0.0290435, 2;
0.0290595, 2;
0.0295383, 2;
0.0295434, 2;
0.029048, 2;
0.029048, 2;
0.0290583, 2;
0.0290333, 2;
0.029544, 2;
0.0290487, 2;
0.029041, 2;
0.0295485, 2;
0.0290499, 2;
0.0295562, 2;
0.0290461, 2;
0.0290384, 2;
0.0290455, 2;
0.0290391, 2;
0.0295556, 2;
0.0290416, 2;
0.0295428, 2;
0.0295472, 2;
0.0290563, 2;
0.0290544, 2;
0.029032, 2;
0.0295402, 2;
0.0290512, 2;
0.0290461, 2;
0.0290519, 2;
0.0290429, 2;
0.0290391, 2;
0.0290467, 2;
0.0290467, 2;
0.0295492, 2;
0.0290474, 2;
0.0290461, 2;
0.0290416, 2;
0.0290512, 2;
0.0295485, 2;
0.0290416, 2;
0.0295562, 2;
0.0290391, 2;
0.0290378, 2;
0.0295511, 2;
0.0295517, 2;
0.0290455, 2;
0.0290442, 2;
0.029041, 2;
0.0295517, 2;
0.0290506, 2;
0.0295396, 2;
0.0290455, 2;
0.029048, 2;
0.0295658, 2;
0.0290263, 2;
0.0290455, 2;
0.0295524, 2;
0.0290448, 2;
0.0295447, 2;
0.0290512, 2;
0.0290391, 2;
0.0290557, 2;
0.0290455, 2;
0.0290333, 2;
0.0306321, 4;
0.0300753, 4;
0.0294711, 4;
0.029528, 4;
0.0295389, 4;
0.0290442, 4;
0.0295504, 4;
0.0290467, 4;
0.0290391, 4;
0.0295524, 4;
0.0290557, 4;
0.0295613, 4;
0.0290173, 4;
0.0290512, 4;
0.0290378, 4;
0.0290871, 4;
0.0295088, 4;
0.0290461, 4;
0.0290461, 4;
0.0295543, 4;
0.0290506, 4;
0.0290384, 4;
0.0290391, 4;
0.0290442, 4;
0.0295652, 4;
0.029048, 4;
0.0295364, 4;
0.0295428, 4;
0.0290435, 4;
0.0290487, 4;
0.0290467, 4;
0.0295472, 4;
0.0290435, 4;
0.0290487, 4;
0.0290423, 4;
0.0290493, 4;
0.029553, 4;
0.0295402, 4;
0.0290448, 4;
0.029546, 4;
0.0290551, 4;
0.0295428, 4;
0.0290416, 4;
0.0290435, 4;
0.0291069, 4;
0.0294973, 4;
0.0290467, 4;
0.0295421, 4;
0.0295504, 4;
0.0290429, 4;
0.0291792, 4;
0.0299325, 4;
0.029025, 4;
0.0290551, 4;
0.0290339, 4;
0.0290474, 4;
0.0295594, 4;
0.0290365, 4;
0.0295466, 4;
0.0290416, 4;
0.0290474, 4;
0.0295652, 4;
0.0290807, 4;
0.0294941, 4;
0.0290442, 4;
0.0290487, 4;
0.0290563, 4;
0.0296215, 4;
0.0294596, 4;
0.029048, 4;
0.0290647, 4;
0.0295287, 4;
0.0290461, 4;
0.0290448, 4;
0.0290455, 4;
0.0290442, 4;
0.029553, 4;
0.029041, 4;
0.0295421, 4;
0.0298769, 4;
0.0292234, 4;
0.0295479, 4;
0.0290435, 4;
0.0290531, 4;
0.0290435, 4;
0.0290423, 4;
0.0295549, 4;
0.0292196, 4;
0.0288663, 4;
0.0291626, 4;
0.0289296, 4;
0.029048, 4;
0.0290397, 4;
0.0290544, 4;
0.0295485, 4;
0.0290499, 4;
0.0285475, 4;
0.0295415, 4;
0.0295453, 4;
0.029546, 4;
0.0290455, 4;
0.0295447, 4;
0.0290499, 4;
0.0295466, 4;
0.0295876, 4;
0.0290045, 4;
0.0295434, 4;
0.0290653, 4;
0.0295524, 4;
0.0300234, 4;
0.0290474, 4;
0.0290243, 4;
0.0290506, 4;
0.0295837, 4;
0.0290045, 4;
0.0290448, 4;
0.0295428, 4;
0.0290576, 4;
0.0295408, 4;
0.0295472, 4;
0.0290512, 4;
0.0295396, 4;
0.0295517, 4;
0.0290429, 4;
0.0295479, 4;
0.0290474, 4;
0.0290499, 4;
0.029041, 4;
0.0290429, 4;
0.0295517, 4;
0.0293053, 4;
0.0287715, 4;
0.0295402, 4;
0.0295543, 4;
0.0295434, 4;
0.0295428, 4;
0.029553, 4;
0.0290448, 4;
0.0290506, 4;
0.0290442, 4;
0.0290352, 4;
0.0295511, 4;
0.0290551, 4;
0.0295376, 4;
0.0290512, 4;
0.0290435, 4;
0.0290487, 4;
0.0292842, 4;
0.0293066, 4;
0.0290467, 4;
0.0290474, 4;
0.0295568, 4;
0.029544, 4;
0.0290435, 4;
0.0290371, 4;
0.0290544, 4;
0.0290576, 4;
0.0295364, 4;
0.029041, 4;
0.0295472, 4;
0.0290608, 4;
0.0295306, 4;
0.0290467, 4;
0.0290467, 4;
0.0295607, 4;
0.0290314, 4;
0.0295504, 4;
0.0290474, 4;
0.0290525, 4;
0.0295389, 4;
0.0290499, 4;
0.029546, 4;
0.0290512, 4;
0.0295543, 4;
0.0290429, 4;
0.0290327, 4;
0.0295485, 4;
0.0290499, 4;
0.0290455, 4;
0.029546, 4;
0.0290429, 4;
0.0295492, 4;
0.029594, 4;
0.0294986, 4;
0.0295479, 4;
0.0290493, 4;
0.0308503, 2;
0.0297456, 2;
0.0290435, 2;
0.0290448, 2;
0.0297911, 2;
0.0288016, 2;
0.0290397, 2;
0.0295479, 2;
0.0295709, 2;
0.0295261, 2;
0.0295632, 2;
0.0290275, 2;
0.0295517, 2;
0.0295466, 2;
0.0290429, 2;
0.029546, 2;
0.029553, 2;
0.0295434, 2;
0.0295492, 2;
0.0290429, 2;
0.0295504, 2;
0.029057, 2;
0.0290832, 2;
0.0294909, 2;
0.0290493, 2;
0.0295556, 2;
0.0290679, 2;
0.0295255, 2;
0.0295376, 2;
0.0290544, 2;
0.0290544, 2;
0.0290909, 2;
0.0294922, 2;
0.0295434, 2;
0.0290435, 2;
0.029546, 2;
0.0295466, 2;
0.0295536, 2;
0.0295434, 2;
0.0295472, 2;
0.0295383, 2;
0.0290608, 2;
0.0295344, 2;
0.0295517, 2;
0.0290506, 2;
0.0295408, 2;
0.0290563, 2;
0.029233, 2;
0.0298577, 3;
0.0290391, 3;
0.0290455, 3;
0.0290589, 3;
0.0295748, 3;
0.0290096, 3;
0.0290467, 3;
0.0290442, 3;
0.0295415, 3;
0.0295556, 3;
0.0295466, 3;
0.0295492, 3;
0.0290378, 3;
0.0290487, 3;
0.029544, 3;
0.0290519, 3;
0.0295472, 3;
0.0290423, 3;
0.0290429, 3;
0.0295479, 3;
0.0295472, 3;
0.0295549, 3;
0.0290448, 3;
0.029537, 3;
0.029048, 3;
0.0290787, 3;
0.029528, 3;
0.0290327, 3;
0.0290525, 3;
0.0295389, 3;
0.0290461, 3;
0.0295498, 3;
0.029048, 3;
0.0295517, 3;
0.0295415, 3;
0.0295453, 3;
0.0295549, 3;
0.0290378, 3;
0.0290551, 3;
0.0290359, 3;
0.0295959, 3;
0.0295005, 3;
0.0290519, 3;
0.0290391, 3;
0.0295453, 3;
0.0290531, 3;
0.0295498, 3;
0.0290455, 3;
0.029537, 3;
0.0295472, 3;
0.029553, 3;
0.0290371, 3;
0.029048, 3;
0.0290512, 3;
0.0290461, 3;
0.0295466, 3;
0.0295428, 3;
0.0290512, 3;
0.0290423, 3;
0.029048, 3;
0.0290474, 3;
0.0295498, 3;
0.0295421, 3;
0.0290506, 3;
0.0295492, 3;
0.029041, 3;
0.029048, 3;
0.0290653, 3;
0.0295242, 3;
0.0290595, 3;
0.0290307, 3;
0.029553, 3;
0.0295402, 3;
0.0290467, 3;
0.0285494, 3;
0.0290461, 3;
0.0290538, 3;
0.0290391, 3;
0.029544, 3;
0.0290455, 3;
0.0290455, 3;
0.0295524, 3;
0.0295479, 3;
0.0296509, 4;
0.0294583, 4;
0.0295357, 4;
0.0290339, 4;
0.0290467, 4;
0.0295466, 4;
0.029562, 4;
0.0291011, 4;
0.0294813, 4;
0.0290487, 4;
0.0290602, 4;
0.0290269, 4;
0.0290461, 4;
0.0290467, 4;
0.0295498, 4;
0.0290397, 4;
0.0295466, 4;
0.0290512, 4;
0.0290474, 4;
0.0290416, 4;
0.0290512, 4;
0.0290416, 4;
0.0290442, 4;
0.0295466, 4;
0.0295536, 4;
0.0295524, 4;
0.0290339, 4;
0.0290627, 4;
0.029032, 4;
0.029562, 4;
0.0290327, 4;
0.0290519, 4;
0.0290429, 4;
0.0295364, 4;
0.0295575, 4;
0.0290435, 4;
0.0290455, 4;
0.0290467, 4;
0.0290455, 4;
0.029048, 4;
0.0295421, 4;
0.029553, 4;
0.029544, 4;
0.0290493, 4;
0.0290544, 4;
0.0290435, 4;
0.029041, 4;
0.0290442, 4;
0.0290461, 4;
0.029546, 4;
0.0290576, 4;
0.0295364, 4;
0.0290435, 4;
0.0295453, 4;
0.0295466, 4;
0.0290474, 4;
0.0290474, 4;
0.0290563, 4;
0.0290365, 4;
0.029553, 4;
0.0290499, 4;
0.0290461, 4;
0.0290378, 4;
0.0290435, 4;
0.0295447, 4;
0.0290499, 4;
0.0290461, 4;
0.0290467, 4;
0.0295556, 4;
0.0290371, 4;
0.029448, 4;
0.0296535, 4;
0.0295607, 4;
0.0290231, 4;
0.0290935, 4;
0.029, 4;
0.0290448, 4;
0.0290653, 4;
0.029032, 4;
0.0290423, 4;
0.0290461, 4;
0.0291472, 4;
0.0294493, 4;
0.0290423, 4;
0.029048, 4;
0.0290435, 4;
0.0285853, 4;
0.0290103, 4;
0.0295447, 4;
0.0295504, 4;
0.0290416, 4;
0.0290595, 4;
0.0295453, 4;
0.0290442, 4;
0.0290416, 4;
0.0295428, 4;
0.0285411, 4;
0.0295588, 4;
0.0290359, 4;
0.0290525, 4;
0.0290397, 4;
0.0290493, 4;
0.0295421, 4;
0.0290525, 4;
0.0290423, 4;
0.0295511, 4;
0.0290512, 4;
0.0290442, 4;
0.0290416, 4;
0.0290506, 4;
0.0295415, 4;
0.0290519, 4;
0.0291805, 4;
0.0289162, 4;
0.0290423, 4;
0.0290435, 4;
0.0295447, 4;
0.0290455, 4;
0.0290487, 4;
0.0290403, 4;
0.0290525, 4;
0.029041, 4;
0.0295517, 4;
0.0285405, 4;
0.0290717, 4;
0.0290256, 4;
0.0295466, 4;
0.0290448, 4;
0.0290429, 4;
0.0291127, 4;
0.0290026, 4;
0.0295248, 4;
0.0295472, 4;
0.029546, 4;
0.0290531, 4;
0.029553, 4;
0.0295364, 4;
0.0295466, 4;
0.029553, 4;
0.0295645, 4;
0.0290237, 4;
0.0290455, 4;
0.0290435, 4;
0.0290512, 4;
0.0290467, 4;
0.0290384, 4;
0.0295504, 4;
0.0300497, 4;
0.029041, 4;
0.0285469, 4;
0.0290448, 4;
0.0285558, 4;
0.029537, 4;
0.0290493, 4;
0.0290506, 4;
0.029601, 4;
0.0294999, 4;
0.0290359, 4;
0.0290448, 4;
0.029041, 4;
0.0285462, 4;
0.0290461, 4;
0.0290487, 4;
0.0290487, 4;
0.0295492, 4;
0.0295396, 4;
0.0295492, 4;
0.0290487, 4;
0.0290435, 4;
0.0295492, 4;
0.0290403, 4;
0.0295447, 4;
0.0290493, 4;
0.0292644, 4;
0.0298442, 4;
0.0290346, 4;
0.0290423, 4;
0.0290525, 4;
0.0290461, 4;
0.0290423, 4;
0.0295466, 4;
0.0290499, 4;
0.0295466, 4;
0.0295408, 4;
0.0295517, 4;
0.0285405, 4;
0.0290832, 4;
0.0290128, 4;
0.0295504, 4;
0.0295434, 4;
0.0290679, 4;
0.0296215, 4;
0.0395418, 4;
0.0294813, 2;
0.0314155, 2;
0.0291658, 2;
0.0290455, 2;
0.0290743, 2;
0.0295357, 2;
0.0290269, 2;
0.0295428, 2;
0.0291107, 2;
0.0295357, 2;
0.0289987, 2;
0.0290487, 2;
0.0290416, 2;
0.0295498, 2;
0.0295703, 2;
0.0307838, 4;
0.0438133, 9;
0.0255561, 9;
0.0255177, 9;
0.0255375, 9;
0.0255458, 9;
0.0255433, 9;
0.0255356, 9;
0.0255433, 9;
0.0255369, 9;
0.0255439, 9;
0.0257378, 9;
0.0278435, 9;
0.0255388, 9;
0.025542, 9;
0.0255503, 9;
0.0260527, 9;
0.0255266, 9;
0.0255349, 9;
0.0255388, 9;
0.0255375, 9;
0.0255663, 9;
0.0255324, 9;
0.0255317, 9;
0.0255433, 9;
0.0255369, 9;
0.0255433, 9;
0.0255599, 9;
0.0255106, 9;
0.0255413, 9;
0.0255413, 9;
0.0255439, 9;
0.0255388, 9;
0.0255381, 9;
0.0255388, 9;
0.0255433, 9;
0.0255381, 9;
0.0255503, 9;
0.0255369, 9;
0.0255369, 9;
0.0255388, 9;
0.0255401, 9;
0.0255452, 9;
0.0255458, 9;
0.0255317, 9;
0.0255567, 9;
0.0255253, 9;
0.0255401, 9;
0.0255401, 9;
0.0255394, 9;
0.0255388, 9;
0.0256149, 9;
0.0254716, 9;
0.0255433, 9;
0.0255324, 9;
0.0255458, 9;
0.0256053, 9;
0.0254741, 9;
0.0255349, 9;
0.0255362, 9;
0.0255477, 9;
0.0255394, 9;
0.0255394, 9;
0.0255375, 9;
0.0255458, 9;
0.0257231, 9;
0.0253634, 9;
0.0255381, 9;
0.0255356, 9;
0.0255407, 9;
0.0255484, 9;
0.0255861, 9;
0.025494, 9;
0.0255375, 9;
0.0255356, 9;
0.0255503, 9;
0.0255369, 9;
0.0255369, 9;
0.025549, 9;
0.0255292, 9;
0.0255388, 9;
0.0255407, 9;
0.0255522, 9;
0.0255317, 9;
0.0255465, 9;
0.0255356, 9;
0.0255394, 9;
0.0255413, 9;
0.0255413, 9;
0.0255356, 9;
0.0255599, 9;
0.0255317, 9;
0.0255356, 9;
0.0255452, 9;
0.0255356, 9;
0.025549, 9;
0.0255369, 9;
0.0255337, 9;
0.0255471, 9;
0.0255356, 9;
0.0255407, 9;
0.0255381, 9;
0.0255445, 9;
0.0255356, 9;
0.0255522, 9;
0.0255285, 9;
0.0255401, 9;
0.0255471, 9;
0.0255337, 9;
0.025542, 9;
0.0255381, 9;
0.0255407, 9;
0.0255439, 9;
0.0255362, 9;
0.0255669, 9;
0.0260316, 9;
0.0255292, 9;
0.0255337, 9;
0.0256028, 9;
0.0254927, 9;
0.0255407, 9;
0.0255317, 9;
0.0255375, 9;
0.0255413, 9;
0.0255407, 9;
0.0255465, 9;
0.0255375, 9;
0.0255401, 9;
0.025542, 9;
0.0255413, 9;
0.0255311, 9;
0.0255452, 9;
0.0255452, 9;
0.025533, 9;
0.0255394, 9;
0.0255465, 9;
0.0255349, 9;
0.025542, 9;
0.0255548, 9;
0.0255285, 9;
0.0255669, 9;
0.0255145, 9;
0.0255593, 9;
0.0255234, 9;
0.0255465, 9;
0.0255401, 9;
0.0255369, 9;
0.0255349, 9;
0.0255413, 9;
0.0255433, 9;
0.0255375, 9;
0.0255413, 9;
0.0255401, 9;
0.0260431, 9;
0.0255445, 9;
0.0255337, 9;
0.0255433, 9;
0.0255388, 9;
0.0255388, 9;
0.025549, 9;
0.0255369, 9;
0.0255433, 9;
0.0255426, 9;
0.0255343, 9;
0.0255529, 9;
0.0255337, 9;
0.0255413, 9;
0.0254415, 9;
0.0255535, 9;
0.026518, 9;
0.0255388, 9;
0.025542, 9;
0.0255426, 9;
0.0255433, 9;
0.0255452, 9;
0.0255343, 9;
0.0255349, 9;
0.0255394, 9;
0.0255401, 9;
0.025542, 9;
0.0255426, 9;
0.0255413, 9;
0.0255413, 9;
0.0255381, 9;
0.0255618, 9;
0.0255401, 9;
0.0255279, 9;
0.0255362, 9;
0.0255362, 9;
0.0255394, 9;
0.0255452, 9;
0.0255503, 9;
0.025533, 9;
0.0255445, 9;
0.0255356, 9;
0.0255343, 9;
0.0255407, 9;
0.0255407, 9;
0.0255401, 9;
0.0255394, 9;
0.0255509, 9;
0.0255298, 9;
0.0255439, 9;
0.0255401, 9;
0.0255413, 9;
0.0255413, 9;
0.0255381, 9;
0.0255426, 9;
0.025542, 9;
0.0255388, 9;
0.0255375, 9;
0.025807, 9;
0.0262787, 9;
0.0255477, 9;
0.0255292, 9;
0.025542, 9;
0.0255484, 9;
0.0255426, 9;
0.0255343, 9;
0.0255356, 9;
0.0255471, 9;
0.0255305, 9;
0.0255426, 9;
0.0255778, 9;
0.0255074, 9;
0.0255401, 9;
0.0255426, 9;
0.0260361, 9;
0.0255401, 9;
0.0255388, 9;
0.0255433, 9;
0.0255439, 9;
0.0255407, 9;
0.0255471, 9;
0.0255337, 9;
0.0255452, 9;
0.0255401, 9;
0.025542, 9;
0.0255388, 9;
0.0255317, 9;
0.025574, 9;
0.0255157, 9;
0.0260438, 9;
0.0257142, 9;
0.0253538, 9;
0.0255433, 9;
0.0255381, 9;
0.0255394, 9;
0.0255439, 9;
0.0255362, 9;
0.025542, 9;
0.0255433, 9;
0.0258172, 9;
0.025766, 9;
0.0255861, 9;
0.0254953, 9;
0.0255298, 9;
0.0255445, 9;
0.0255471, 9;
0.0255426, 9;
0.0257417, 9;
0.0258473, 9;
0.0260316, 9;
0.0255407, 9;
0.0255337, 9;
0.0255554, 9;
0.0255311, 9;
0.0260527, 9;
0.0255234, 9;
0.0255407, 9;
0.0255458, 9;
0.0255381, 9;
0.0255394, 9;
0.0255407, 9;
0.0255388, 9;
0.0255407, 9;
0.025542, 9;
0.0255413, 9;
0.0255388, 9;
0.0255433, 9;
0.0255401, 9;
0.0255407, 9;
0.0255509, 9;
0.0255266, 9;
0.0255452, 9;
0.0255439, 9;
0.0255433, 9;
0.0255279, 9;
0.0255593, 9;
0.0255298, 9;
0.025549, 9;
0.0255362, 9;
0.0260438, 9;
0.0255439, 9;
0.0255311, 9;
0.0255695, 9;
0.0255093, 9;
0.0255426, 9;
0.0255401, 9;
0.0255401, 9;
0.0255445, 9;
0.0255509, 9;
0.0255273, 9;
0.0255401, 9;
0.0255394, 9;
0.0255407, 9;
0.0255407, 9;
0.0255593, 9;
0.0255241, 9;
0.0255407, 9;
0.0255439, 9;
0.0255426, 9;
0.0255375, 9;
0.0255426, 9;
0.0255362, 9;
0.025542, 9;
0.0255343, 9;
0.0255426, 9;
0.0255522, 9;
0.0255388, 9;
0.0255311, 9;
0.0255477, 9;
0.0255317, 9;
0.0255516, 9;
0.0255305, 9;
0.0255497, 9;
0.0255311, 9;
0.0255362, 9;
0.0255433, 9;
0.0255407, 9;
0.0255484, 9;
0.0260393, 9;
0.0255349, 9;
0.0255388, 9;
0.0255471, 9;
0.0255337, 9;
0.0255477, 9;
0.0255471, 9;
0.0255266, 9;
0.0257948, 9;
0.02772, 9;
0.0306372, 9;
0.0255298, 9;
0.0255586, 9;
0.0255266, 9;
0.025533, 9;
0.0255913, 9;
0.025485, 9;
0.0255426, 9;
0.0255407, 9;
0.0260431, 9;
0.0255381, 9;
0.0255401, 9;
0.0255394, 9;
0.0255465, 9;
0.0255375, 9;
0.0255388, 9;
0.0255401, 9;
0.0255388, 9;
0.025549, 9;
0.0255413, 9;
0.0255407, 9;
0.0256342, 9;
0.0269404, 9;
0.0255401, 9;
0.0255401, 9;
0.0255349, 9;
0.025565, 9;
0.0276163, 9;
0.0254601, 9;
0.0255484, 9;
0.0255228, 9;
0.0255484, 9;
0.0255426, 9;
0.0255305, 9;
0.0255541, 9;
0.0255279, 9;
0.0255401, 9;
0.0255465, 9;
0.0255388, 9;
0.0255356, 9;
0.0255452, 9;
0.0255394, 9;
0.0255375, 9;
0.0255413, 9;
0.0255458, 9;
0.0255343, 9;
0.0255465, 9;
0.0255471, 9;
0.0258697, 9;
0.0257071, 9;
0.0255349, 9;
0.0255407, 9;
0.0255663, 9;
0.0255113, 9;
0.0255535, 9;
0.0255311, 9;
0.0255554, 9;
0.0255445, 9;
