17.4285,0,1100,31,0
8.24978,0,0,62,0
3.01771,0,0,93,0
1.81362,0,0,123,0
0.736619,0,0,154,0
0.489489,0,0,184,0
0.210457,0,0,215,0
0.197602,0,0,247,0
0.175114,0,0,279,0
0.170795,0,0,310,0
0.171445,0,0,341,0
0.169349,0,0,373,0
0.161127,0,0,404,0
0.146131,0,0,435,0
0.162101,0,0,466,0
0.153696,0,0,496,0
0.156625,0,0,528,0
0.153964,0,0,558,0
0.164396,0,0,589,0
0.165511,0,0,621,0
0.167651,0,0,652,0
0.175189,0,0,685,0
0.176586,0,0,719,0
0.180821,0,0,748,0
0.171187,0,0,785,0
0.177233,0,0,813,0
0.180595,0,0,843,0
0.1753,0,0,873,0
0.173711,0,0,905,0
0.170109,0,0,936,0
0.186635,0,0,967,0
0.177091,0,0,998,0
0.182812,0,0,1028,0
0.185,0,0,1059,0
0.191745,0,0,1091,0
0.183778,0.0943106,0,1125,7.85175
0.195056,0.0879405,7.85175,1153,6.69272
0.188175,0.0871492,14.5445,1184,7.18424
0.185319,0.0871816,21.7287,1215,7.0962
0.184043,0.108144,28.8249,1246,7.38156
0.179967,0.101408,36.2065,1275,6.68947
0.184062,0.0997077,42.8959,1307,7.48532
0.178199,0.089803,50.3813,1339,7.13921
0.185029,0.0934165,57.5205,1368,6.72037
0.182326,0.082192,64.2408,1399,6.92608
0.18494,0.0855775,71.1669,1431,7.28733
0.184591,0.088169,78.4542,1466,8.00365
0.189902,0.0823575,86.4579,1495,6.70135
0.185606,0.0836843,93.1592,1525,6.82343
0.178953,0.0929409,99.9827,1555,6.7627
0.176562,0.0955499,106.745,1587,7.17879
0.170481,0.102247,113.924,1620,7.31295
0.178557,0.0868236,121.237,1650,6.65906
0.172243,0.0909103,127.896,1684,7.40172
0.169934,0.0849713,135.298,1712,5.94776
0.173045,0.0774037,141.246,1745,6.98765
0.178523,0.073265,148.233,1776,6.66981
0.168757,0.0913724,154.903,1806,6.4333
0.175593,0.0861975,161.336,1836,6.56076
0.17162,0.0870748,167.897,1869,7.1002
0.181699,0.082277,174.997,1900,6.90798
0.174532,0.0933875,181.905,1935,7.7429
0.175477,0.0918638,189.648,1962,5.97803
0.174729,0.0982496,195.626,1993,6.93945
0.172069,0.083504,202.566,2027,7.2699
0.175319,0.086763,209.836,2058,6.77972
0.174256,0.0871346,216.615,2087,6.31689
0.177091,0.0773856,222.932,2117,6.47352
0.1726,0.0780796,229.406,2151,7.19575
0.168307,0.0894343,236.601,2180,6.17771
0.176343,0.0935518,242.779,2212,7.13981
0.177301,0.0852452,249.919,2242,6.59771
0.178109,0.0875249,256.517,2273,6.87802
0.170228,0.0916749,263.395,2306,7.13016
0.168487,0.0962275,270.525,2335,6.28142
0.175607,0.0947764,276.806,2368,7.35885
0.179485,0.0867249,284.165,2396,6.23974
0.163704,0.086593,290.405,2427,6.41703
0.175624,0.0824927,296.822,2458,6.72298
0.173229,0.0744682,303.545,2489,6.52435
0.182783,0.0777107,310.069,2518,6.4275
0.174367,0.0855909,316.497,2551,7.16638
0.174306,0.0838381,323.663,2581,6.48675
0.181472,0.0793388,330.15,2612,6.85538
0.172608,0.0857922,337.005,2643,6.68063
0.163938,0.0958921,343.686,2674,6.56842
0.153306,0.0930128,350.254,2704,5.99438
0.153375,0.0855732,356.249,2737,6.47333
0.148856,0.0745532,362.722,2768,5.77012
0.153723,0.0698229,368.492,2797,5.4704
0.148757,0.075684,373.963,2830,6.15778
0.157912,0.0769334,380.12,2862,6.28412
0.157572,0.0799138,386.404,2893,6.12341
0.159485,0.0807385,392.528,2923,5.99564
0.159499,0.0767257,398.523,2955,6.33159
0.172702,0.0822214,404.855,2992,7.91106
0.175789,0.0888611,412.766,3023,6.82682
0.167438, 0.0, 3023,3065,42
0.164231, 0.0, 3065,3097,32
0.171499, 0.0, 3097,3142,45
0.177258, 0.0, 3142,3173,31
0.165717, 0.0, 3173,3206,33
0.173105, 0.0, 3206,3250,44
0.168086, 0.0, 3250,3280,30
0.171244, 0.0, 3280,3311,31
0.17736, 0.0, 3311,3342,31
0.167358, 0.0, 3342,3373,31
0.165938, 0.0, 3373,3404,31
0.169369, 0.0, 3404,3440,36
0.168761, 0.0, 3440,3468,28
0.177913, 0.0, 3468,3499,31
0.177565, 0.0, 3499,3529,30
0.183205, 0.0, 3529,3560,31
0.186462, 0.0, 3560,3590,30
0.192885, 0.0, 3590,3626,36
0.187654, 0.0, 3626,3672,46
0.191765, 0.0, 3672,3699,27
0.177806, 0.0, 3699,3731,32
0.184251, 0.0, 3731,3762,31
0.180614, 0.0, 3762,3792,30
0.182869, 0.0, 3792,3825,33
0.172393, 0.0, 3825,3858,33
0.179216, 0.0, 3858,3902,44
0.184091, 0.0, 3902,3932,30
0.181464, 0.0, 3932,3963,31
0.186457, 0.0, 3963,3994,31
0.176072, 0.0, 3994,4025,31
0.183188, 0.0, 4025,4063,38
0.179358, 0.0, 4063,4118,55
0.17013, 0.0, 4118,4149,31
0.173413, 0.0, 4149,4180,31
0.174825, 0.0, 4180,4211,31
0.177248, 0.0, 4211,4243,32
0.173951, 0.0, 4243,4275,32
0.176396, 0.0, 4275,4319,44
0.170482, 0.0, 4319,4351,32
0.177868, 0.0, 4351,4383,32
0.175743, 0.0, 4383,4413,30
0.176146, 0.0, 4413,4444,31
0.172774, 0.0, 4444,4480,36
0.163952, 0.0, 4480,4522,42
0.167248, 0.0, 4522,4553,31
0.176311, 0.0, 4553,4584,31
0.176674, 0.0, 4584,4614,30
0.167434, 0.0, 4614,4645,31
0.174648, 0.0, 4645,4683,38
0.172956, 0.0, 4683,4723,40
0.171819, 0.0, 4723,4753,30
0.180777, 0.0, 4753,4784,31
0.170366, 0.0, 4784,4815,31
0.175158, 0.0, 4815,4846,31
0.170547, 0.0, 4846,4876,30
0.168329, 0.0, 4876,4911,35
0.180317, 0.0, 4911,4938,27
0.162107, 0.0, 4938,4969,31
0.176285, 0.0, 4969,5000,31
0.170874, 0.0, 5000,5031,31
0.183283, 0.0, 5031,5063,32
0.168196, 0.0, 5063,5096,33
0.170493, 0.0, 5096,5141,45
0.160975, 0.0, 5141,5173,32
0.15763, 0.0, 5173,5204,31
0.16082, 0.0, 5204,5235,31
0.161618, 0.0, 5235,5265,30
0.162231, 0.0, 5265,5301,36
0.153397, 0.0, 5301,5333,32
0.164717, 0.0, 5333,5375,42
0.173972, 0.0, 5375,5405,30
0.182558, 0.0, 5405,5436,31
0.169011, 0.0, 5436,5467,31
0.176454, 0.0, 5467,5498,31
0.17855, 0.0, 5498,5534,36
0.181453, 0.0, 5534,5565,31
0.163677, 0.0, 5565,5607,42
0.163354, 0.0, 5607,5639,32
0.170619, 0.0, 5639,5671,32
0.171959, 0.0, 5671,5703,32
0.172034, 0.0, 5703,5737,34
0.175041, 0.0, 5737,5767,30
0.18092, 0.0, 5767,5799,32
0.179755, 0.0, 5799,5830,31
0.182791, 0.0, 5830,5860,30
0.175459, 0.0, 5860,5891,31
0.181153, 0.0, 5891,5924,33
0.180094, 0.0, 5924,5957,33
0.179016, 0.0, 5957,5984,27
0.170603, 0.0, 5984,6015,31
0.180743, 0.0, 6015,6047,32
0.176732, 0.0, 6047,6078,31
0.177496, 0.0, 6078,6108,30
0.180153, 0.0, 6108,6140,32
0.183369, 0.0, 6140,6170,30
0.176882, 0.0, 6170,6201,31
0.175981, 0.0, 6201,6232,31
0.174868, 0.0, 6232,6262,30
0.18118, 0.0, 6262,6293,31
0.182456, 0.0, 6293,6323,30
0.171729, 0.0, 6323,6354,31
0.174546, 0.0, 6354,6385,31
0.172495, 0.0, 6385,6417,32
0.171273, 0.0, 6417,6449,32
0.17288, 0.0, 6449,6479,30
0.168553, 0.0, 6479,6510,31
0.178781, 0.0, 6510,6542,32
0.169085, 0.0, 6542,6576,34
0.179523, 0.0, 6576,6619,43
0.166062, 0.0, 6619,6650,31
0.178542, 0.0, 6650,6682,32
0.17532, 0.0, 6682,6713,31
0.170155, 0.0, 6713,6744,31
0.171579, 0.0, 6744,6776,32
0.17514, 0.0, 6776,6805,29
0.16512, 0.0, 6805,6836,31
0.168234, 0.0, 6836,6867,31
0.165362, 0.0, 6867,6897,30
0.181133, 0.0, 6897,6928,31
0.171459, 0.0, 6928,6960,32
0.164321, 0.0, 6960,6998,38
0.174887, 0.0, 6998,7025,27
0.175854, 0.0, 7025,7055,30
0.173334, 0.0, 7055,7087,32
0.166228, 0.0, 7087,7119,32
0.170578, 0.0, 7119,7162,43
0.173981, 0.0, 7162,7194,32
0.171001, 0.0, 7194,7226,32
0.172683, 0.0, 7226,7258,32
0.177027, 0.0, 7258,7290,32
0.179004, 0.0, 7290,7323,33
0.170557, 0.0, 7323,7353,30
0.177305, 0.0, 7353,7385,32
0.178021, 0.0, 7385,7426,41
0.164174, 0.0, 7426,7464,38
0.160023, 0.0, 7464,7495,31
0.150415, 0.0, 7495,7526,31
0.16225, 0.0, 7526,7557,31
0.160331, 0.0, 7557,7586,29
0.155773, 0.0, 7586,7621,35
0.162279, 0.0, 7621,7663,42
0.168891, 0.0, 7663,7695,32
0.167138, 0.0, 7695,7727,32
0.165368, 0.0, 7727,7759,32
0.179754, 0.0, 7759,7789,30
0.17787, 0.0, 7789,7823,34
0.181486, 0.0, 7823,7850,27
0.175868, 0.0, 7850,7881,31
0.175259, 0.0, 7881,7914,33
0.168805, 0.0, 7914,7944,30
0.172531, 0.0, 7944,7974,30
0.174, 0.0, 7974,8005,31
0.177586, 0.0, 8005,8037,32
0.177948, 0.0, 8037,8067,30
0.168754, 0.0, 8067,8097,30
0.17385, 0.0, 8097,8129,32
0.175931, 0.0, 8129,8160,31
0.189914, 0.0, 8160,8190,30
0.182212, 0.0, 8190,8223,33
0.180802, 0.0, 8223,8252,29
0.172632, 0.0, 8252,8282,30
0.184714, 0.0, 8282,8314,32
0.183428, 0.0, 8314,8346,32
0.18059, 0.0, 8346,8376,30
0.184474, 0.0, 8376,8406,30
0.179096, 0.0, 8406,8439,33
0.174135, 0.0, 8439,8467,28
0.179648, 0.0, 8467,8497,30
0.180458, 0.0, 8497,8528,31
0.180453, 0.0, 8528,8558,30
0.172369, 0.0, 8558,8590,32
0.185532, 0.0, 8590,8624,34
0.177678, 0.0, 8624,8655,31
0.176141, 0.0, 8655,8684,29
0.175329, 0.0, 8684,8713,29
0.170404, 0.0, 8713,8744,31
0.176563, 0.0, 8744,8774,30
0.184815, 0.0, 8774,8805,31
0.17029, 0.0, 8805,8836,31
0.172496, 0.0, 8836,8869,33
0.162092, 0.0, 8869,8898,29
0.175037, 0.0, 8898,8928,30
0.169952, 0.0, 8928,8959,31
0.169272, 0.0, 8959,8990,31
0.162589, 0.0, 8990,9021,31
0.16871, 0.0, 9021,9053,32
0.171936, 0.0, 9053,9088,35
0.175758, 0.0, 9088,9132,44
0.171629, 0.0, 9132,9162,30
0.173285, 0.0, 9162,9194,32
0.170729, 0.0, 9194,9224,30
0.173419, 0.0, 9224,9255,31
0.170631, 0.0, 9255,9285,30
0.178829, 0.0, 9285,9317,32
0.174336, 0.0, 9317,9349,32
0.175543, 0.0, 9349,9382,33
0.173938, 0.0, 9382,9413,31
0.168666, 0.0, 9413,9445,32
0.17032, 0.0, 9445,9477,32
0.167569, 0.0, 9477,9506,29
0.171676, 0.0, 9506,9538,32
0.174529, 0.0, 9538,9569,31
0.176049, 0.0, 9569,9600,31
0.176428, 0.0, 9600,9630,30
0.16931, 0.0, 9630,9661,31
0.176818, 0.0, 9661,9692,31
0.174375, 0.0, 9692,9721,29
0.177345, 0.0, 9721,9752,31
0.169771, 0.0, 9752,9782,30
0.17098, 0.0, 9782,9813,31
0.161427, 0.0, 9813,9845,32
0.16738, 0.0, 9845,9876,31
0.154066, 0.0, 9876,9909,33
0.153352, 0.0, 9909,9946,37
0.156062, 0.0, 9946,9999,53
0.163351, 0.0, 9999,10031,32
0.160141, 0.0, 10031,10061,30
0.166579, 0.0, 10061,10092,31
0.170174, 0.0, 10092,10127,35
0.173473, 0.0, 10127,10155,28
0.164265, 0.0, 10155,10186,31
0.174665, 0.0, 10186,10217,31
0.173479, 0.0, 10217,10248,31
0.172034, 0.0, 10248,10279,31
0.177342, 0.0, 10279,10309,30
0.171795, 0.0, 10309,10343,34
0.180881, 0.0, 10343,10381,38
0.173031, 0.0, 10381,10419,38
0.16959, 0.0, 10419,10451,32
0.17919, 0.0, 10451,10483,32
0.182285, 0.0, 10483,10513,30
0.174736, 0.0, 10513,10544,31
0.183284, 0.0, 10544,10579,35
0.185114, 0.0, 10579,10621,42
0.179939, 0.0, 10621,10652,31
0.184815, 0.0, 10652,10684,32
0.181424, 0.0, 10684,10717,33
0.183969, 0.0, 10717,10747,30
0.18811, 0.0, 10747,10778,31
0.184162, 0.0, 10778,10810,32
0.180823, 0.0, 10810,10842,32
