0.122009;
0.119516;
0.1064;
0.108874;
0.111944;
0.135367;
0.14046;
0.118874;
0.111092;
0.152372;
0.111506;
0.119853;
0.159908;
0.109777;
0.107818;
0.107948;
0.109047;
0.10786;
0.108158;
0.106845;
0.108307;
0.110295;
0.109977;
0.111338;
0.12266;
0.106665;
0.112172;
0.117488;
0.118833;
0.111767;
0.108148;
0.156103;
0.106897;
0.111446;
0.111229;
0.110809;
0.109101;
0.107996;
0.108221;
0.110183;
0.108541;
0.10992;
0.104464;
0.109822;
0.11043;
0.107544;
0.107992;
0.10777;
0.108228;
0.111086;
0.105835;
0.107895;
0.111575;
0.109205;
0.106719;
0.109129;
0.106378;
0.110764;
0.105979;
0.108098;
0.108717;
0.106087;
0.110115;
0.108993;
0.106625;
0.107691;
0.109155;
0.106864;
0.107892;
0.108266;
0.105776;
0.108056;
0.128163;
0.147291;
0.13399;
0.158045;
0.162651;
0.118064;
0.11942;
0.105966;
0.106921;
0.109431;
0.106044;
0.115325;
0.104223;
0.108352;
0.123197;
0.110395;
0.108483;
0.123827;
0.115788;
0.117908;
0.106898;
0.109778;
0.120107;
0.125209;
0.130255;
0.113378;
0.141545;
0.118785;
0.10648;
0.110894;
0.108279;
0.10637;
0.11001;
0.107596;
0.109199;
0.110434;
0.108204;
0.108401;
0.111476;
0.11084;
0.12283;
0.108283;
0.106996;
0.10923;
0.108396;
0.108271;
0.107862;
0.109357;
0.107837;
0.10877;
0.108629;
0.10716;
0.108689;
0.108156;
0.110541;
0.10636;
0.10775;
0.110795;
0.128099;
0.117875;
0.107558;
0.110888;
0.108456;
0.111487;
0.118288;
0.110153;
0.107785;
0.109378;
0.106066;
0.131072;
0.152153;
0.104022;
0.110345;
0.108025;
0.109405;
0.110491;
0.108286;
0.106372;
0.107118;
0.108766;
0.127104;
0.124559;
0.128021;
0.144699;
0.156474;
0.15442;
0.109978;
0.110066;
0.107203;
0.107135;
0.110338;
0.115465;
0.112216;
0.115988;
0.105985;
0.10822;
0.108404;
0.110956;
0.109692;
0.10992;
0.113681;
0.106654;
0.108108;
0.109928;
0.108413;
0.110141;
0.106354;
0.108781;
0.111723;
0.105693;
0.108564;
0.109078;
0.109717;
0.112296;
0.106241;
0.106287;
0.11264;
0.106685;
0.108347;
0.110084;
0.10954;
0.126067;
0.169032;
0.108587;
0.114721;
0.123207;
0.106785;
0.108995;
0.10832;
0.109149;
0.108794;
0.108523;
0.106753;
0.111075;
0.108458;
0.108859;
0.109522;
0.107122;
0.107866;
0.10988;
0.114295;
0.104179;
0.107203;
0.106089;
0.108216;
0.109078;
0.110737;
0.108046;
0.109605;
0.10919;
0.10909;
0.106016;
0.111498;
0.104613;
0.123633;
0.117406;
0.159432;
0.259551;
0.10548;
0.192274;
0.214189;
0.106204;
0.109256;
0.107227;
0.111742;
0.108835;
0.109315;
0.108286;
0.115452;
0.104233;
0.107722;
0.107637;
0.10692;
0.117305;
0.113572;
0.109761;
0.109565;
0.138347;
0.171593;
0.124106;
0.12011;
0.12087;
0.102428;
0.108694;
0.106247;
0.123064;
0.134863;
0.136825;
0.131643;
0.123472;
0.196625;
0.120964;
0.131512;
0.200105;
0.106858;
0.107465;
0.107061;
0.109341;
0.111021;
0.109487;
0.10669;
0.107285;
0.11788;
0.114403;
0.106884;
0.109669;
0.116355;
0.16288;
0.11946;
0.112407;
0.109298;
0.108265;
0.107172;
0.110154;
0.10835;
0.111175;
0.1072;
0.115946;
0.164883;
0.107056;
0.108005;
0.108376;
0.106629;
0.110557;
0.107874;
0.107227;
0.107242;
0.106652;
0.112294;
0.10551;
0.107217;
0.108835;
0.110034;
0.106527;
0.111749;
0.107122;
0.10781;
0.1096;
0.107948;
0.107662;
0.10877;
0.107307;
0.109776;
0.107743;
0.109413;
0.108842;
0.109583;
0.10743;
0.109355;
0.106635;
0.109153;
0.111994;
0.104353;
0.10935;
0.105965;
0.107484;
0.109799;
0.108202;
0.108662;
0.105635;
0.106634;
0.108145;
0.10785;
0.108172;
0.107122;
0.106653;
0.108675;
0.111447;
0.109432;
0.106645;
0.11003;
0.106665;
0.107982;
0.107994;
0.106141;
0.107972;
0.107031;
0.109227;
0.109861;
0.108152;
0.109938;
0.108229;
0.107315;
0.108793;
0.109467;
0.10791;
0.108534;
0.110242;
0.105808;
0.106727;
0.108471;
0.107927;
0.10896;
0.107321;
0.106877;
0.110333;
0.107495;
0.111001;
0.108462;
0.107615;
0.108629;
0.10841;
0.106761;
0.109272;
0.106652;
0.109417;
0.106585;
0.109275;
0.107018;
0.107483;
0.109167;
0.104955;
0.106928;
0.108319;
0.109498;
0.110059;
0.108988;
0.104856;
0.107462;
0.111516;
0.108509;
0.107681;
0.111631;
0.108563;
0.109809;
0.105419;
0.109168;
0.10742;
0.108852;
0.109408;
0.106675;
0.108682;
0.108085;
0.107513;
0.111278;
0.105936;
0.105946;
0.107543;
0.108814;
0.112326;
0.103603;
0.108728;
0.109297;
0.106545;
0.110052;
0.109118;
0.107783;
0.10828;
0.106524;
0.111868;
0.107182;
0.106979;
0.120116;
0.127431;
0.10873;
0.106353;
0.110983;
0.1039;
0.11029;
0.10511;
0.10899;
0.111173;
0.10514;
0.108792;
0.10484;
0.107715;
0.112479;
0.122097;
0.108542;
0.107479;
0.107752;
0.109504;
0.111689;
0.107737;
0.108954;
0.107643;
0.107014;
0.10885;
0.108337;
0.109918;
0.108265;
0.107579;
0.109546;
0.109624;
0.106553;
0.107052;
0.108914;
0.105671;
0.108615;
0.10833;
0.108455;
0.106795;
0.108887;
0.106306;
0.139816;
0.113918;
0.116146;
0.110619;
0.10445;
0.109313;
0.106151;
0.108732;
0.108666;
0.106201;
0.109559;
0.106648;
0.108062;
0.105505;
0.107679;
0.108294;
0.109138;
0.109218;
0.10823;
0.106852;
0.110857;
0.106047;
0.1115;
0.109304;
0.108143;
0.1088;
0.1059;
0.109728;
0.108656;
0.108728;
0.111907;
0.103221;
0.107424;
0.107512;
0.1088;
0.10482;
0.10778;
0.108446;
0.106154;
0.109071;
0.107959;
0.109582;
0.107293;
0.105905;
0.10805;
0.106628;
0.108746;
0.109191;
0.107044;
0.108376;
0.10809;
0.105766;
0.106275;
0.10678;
0.108725;
0.111247;
0.106703;
0.107501;
0.109913;
0.107784;
0.107224;
0.108251;
0.10624;
0.110927;
0.107741;
0.113095;
0.105866;
0.110888;
0.107306;
0.108507;
0.106821;
0.1083;
0.108123;
0.109177;
0.107038;
0.10925;
0.110031;
0.106499;
0.109777;
0.108889;
0.108662;
0.107511;
0.108738;
0.107193;
0.109058;
0.109801;
0.112464;
0.105168;
0.109887;
0.109947;
0.10828;
0.108432;
0.107831;
0.107403;
0.111165;
0.106092;
0.106567;
0.125549;
0.108007;
0.10822;
0.108496;
0.10555;
0.106894;
0.107669;
0.109744;
0.10786;
0.110585;
0.107121;
0.106296;
0.108857;
0.106651;
0.107645;
0.109533;
0.106283;
0.109921;
0.108146;
0.108942;
0.109215;
0.107447;
0.109446;
0.108209;
0.107714;
0.107335;
0.108087;
0.107435;
0.110106;
0.108448;
0.110079;
0.108217;
0.107162;
0.107633;
0.109471;
0.107092;
0.107113;
0.108492;
0.106584;
0.11004;
0.109008;
0.107318;
0.107219;
0.109116;
0.109247;
0.106761;
0.108176;
0.109689;
0.108582;
0.108378;
0.108031;
0.110285;
0.107234;
0.109531;
0.108669;
0.107206;
0.108679;
0.107688;
0.106919;
0.107563;
0.107913;
0.109187;
0.110669;
0.107152;
0.107549;
0.105931;
0.10874;
0.107979;
0.108439;
0.10778;
0.107495;
0.106694;
0.108161;
0.109508;
0.110261;
0.108318;
0.108349;
0.107906;
0.108114;
0.109028;
0.108103;
0.108771;
0.113215;
0.109525;
0.106607;
0.107284;
0.127901;
0.106673;
0.110328;
0.15988;
0.10607;
0.107118;
0.110372;
0.107674;
0.106745;
0.116496;
0.11409;
0.107613;
0.10824;
0.107492;
0.107109;
0.105858;
0.107876;
0.106039;
0.109049;
0.109026;
0.121221;
0.142525;
0.106344;
0.10851;
0.109362;
0.108194;
0.110788;
0.108297;
0.107739;
0.104795;
0.110136;
0.107568;
0.107924;
0.110473;
0.104098;
0.107266;
0.109298;
0.107567;
0.110494;
0.108381;
0.111804;
0.108081;
0.106934;
0.109248;
0.106692;
0.108184;
0.10871;
0.109003;
0.108518;
0.106762;
0.108935;
0.110157;
0.10636;
0.107658;
0.107505;
0.10729;
0.108798;
0.107487;
0.111315;
0.104929;
0.107829;
0.10694;
0.108699;
0.108124;
0.10987;
0.110439;
0.109368;
0.10851;
0.108569;
0.106937;
0.107511;
0.104984;
0.108495;
0.110006;
0.110553;
0.106575;
0.109505;
0.106539;
0.111076;
0.108057;
0.107881;
0.109859;
0.109464;
0.104999;
0.108707;
0.109981;
0.106857;
0.109358;
0.106036;
0.107796;
0.107884;
0.108701;
0.108652;
0.109608;
0.10617;
0.106246;
0.108675;
0.110493;
0.106754;
0.106648;
0.110403;
0.109894;
0.107688;
0.108992;
0.109524;
0.110585;
0.105726;
0.107866;
0.108324;
0.109159;
0.109836;
0.11108;
0.109441;
0.118453;
0.115177;
0.110367;
0.117659;
0.122334;
0.126189;
0.11888;
0.114879;
0.120829;
0.121638;
0.130053;
0.129244;
0.116525;
0.113958;
0.191115;
0.13648;
0.117884;
0.109816;
0.106322;
0.107982;
0.105086;
0.108691;
0.107841;
0.111841;
0.102819;
0.109;
0.104924;
0.108739;
0.107342;
0.108616;
0.106905;
0.106795;
0.106631;
0.109813;
0.107957;
0.111062;
0.105277;
0.109931;
0.106755;
0.108279;
0.109514;
0.106467;
0.110252;
0.109159;
0.108708;
0.108022;
0.106442;
0.109725;
0.109308;
0.108939;
0.10678;
0.107923;
0.110814;
0.106465;
0.109011;
0.109722;
0.107099;
0.105736;
0.108036;
0.108845;
0.107447;
0.106443;
0.106538;
0.10709;
0.107;
0.105685;
0.10738;
0.107591;
0.108867;
0.103933;
0.109217;
0.106933;
0.108921;
0.106252;
0.109659;
0.102614;
0.107042;
0.108012;
0.105801;
0.10599;
0.106865;
0.1083;
0.107589;
0.107971;
0.109936;
0.110132;
0.106835;
0.106891;
0.107016;
0.105833;
0.104899;
0.108617;
0.106271;
0.106952;
0.106861;
0.107081;
0.107871;
0.109708;
0.106196;
0.107941;
0.112072;
0.106756;
0.107071;
0.112515;
0.108299;
0.11584;
0.115922;
0.107311;
0.107529;
0.10997;
0.108956;
0.107885;
0.109273;
0.111326;
0.103271;
0.107256;
0.104582;
0.106001;
0.107896;
0.106991;
0.106882;
0.107078;
0.106432;
0.106403;
0.110311;
0.104435;
0.109396;
0.107506;
0.106919;
0.108962;
0.108935;
0.109915;
0.107968;
0.111989;
0.111869;
0.10803;
0.110056;
0.108707;
0.105952;
0.121902;
0.109993;
0.10992;
0.109977;
0.110255;
0.106537;
0.109978;
0.108931;
0.108018;
0.108875;
0.107957;
0.111881;
0.106987;
0.109991;
0.105182;
0.109607;
0.106964;
0.106893;
0.109978;
0.107897;
0.109069;
0.106148;
0.131861;
0.127339;
0.110276;
0.106919;
0.109814;
0.105447;
0.106514;
0.10502;
0.111851;
0.104029;
0.106932;
0.109925;
0.107953;
0.106875;
0.107018;
0.106036;
0.104781;
0.107189;
0.105696;
0.107193;
0.104698;
0.109052;
0.109907;
0.106816;
0.107233;
0.109705;
0.11085;
0.109997;
0.108919;
