0.100664;
0.100669;
0.100657;
0.100668;
0.100681;
0.100645;
0.100657;
0.10067;
0.100668;
0.100672;
0.100652;
0.101178;
0.10065;
0.100661;
0.100698;
0.100627;
0.100679;
0.101151;
0.100674;
0.100656;
0.100666;
0.100941;
0.100887;
0.100661;
0.100685;
0.101148;
0.100662;
0.100656;
0.100674;
0.100654;
0.100661;
0.10067;
0.100658;
0.100659;
0.100666;
0.10066;
0.100678;
0.100656;
0.100656;
0.10073;
0.100599;
0.100677;
0.100652;
0.100661;
0.100663;
0.100659;
0.10107;
0.101765;
0.10076;
0.100563;
0.100669;
0.101222;
0.100597;
0.100684;
0.100656;
0.100663;
0.100666;
0.100668;
0.10066;
0.100656;
0.100682;
0.100654;
0.100663;
0.100666;
0.100656;
0.100665;
0.100665;
0.100671;
0.100759;
0.10056;
0.100657;
0.100677;
0.100653;
0.100675;
0.100656;
0.100665;
0.10066;
0.100664;
0.100669;
0.100657;
0.100664;
0.100659;
0.10067;
0.10067;
0.100654;
0.100662;
0.100666;
0.100661;
0.100663;
0.100664;
0.100664;
0.10066;
0.100662;
0.100671;
0.100657;
0.100666;
0.100689;
0.100636;
0.100667;
0.100665;
0.100663;
0.100666;
0.100782;
0.100537;
0.10067;
0.100659;
0.100713;
0.100634;
0.100641;
0.10067;
0.100659;
0.100667;
0.10066;
0.100684;
0.100646;
0.100657;
0.100818;
0.101014;
0.100788;
0.100537;
0.100673;
0.100656;
0.100659;
0.100704;
0.100629;
0.100665;
0.100657;
0.100662;
0.101221;
0.100609;
0.100679;
0.100649;
0.100664;
0.100667;
0.100663;
0.100656;
0.100672;
0.100682;
0.100656;
0.10066;
0.100665;
0.100704;
0.100615;
0.100668;
0.100672;
0.100671;
0.100654;
0.100666;
0.100658;
0.100661;
0.10066;
0.100668;
0.100681;
0.100646;
0.10067;
0.10066;
0.100657;
0.100668;
0.100673;
0.100648;
0.100672;
0.10066;
0.100661;
0.100663;
0.100662;
0.100711;
0.100624;
0.100655;
0.100666;
0.100663;
0.100669;
0.100663;
0.100842;
0.10048;
0.100667;
0.100677;
0.100662;
0.100671;
0.100652;
0.10067;
0.100654;
0.100661;
0.100671;
0.100654;
0.100666;
0.100675;
0.101169;
0.100652;
0.100665;
0.100659;
0.100678;
0.100666;
0.100659;
0.100679;
0.100646;
0.100675;
0.10065;
0.100667;
0.10067;
0.100686;
0.101041;
0.100759;
0.100662;
0.100668;
0.100668;
0.100665;
0.100652;
0.100686;
0.100647;
0.100659;
0.100841;
0.100995;
0.100673;
0.10065;
0.100659;
0.100671;
0.100659;
0.100665;
0.100654;
0.100677;
0.101339;
0.100995;
0.100652;
0.100656;
0.100658;
0.101881;
0.101452;
0.100671;
0.100676;
0.100672;
0.100651;
0.101148;
0.100684;
0.100709;
0.100598;
0.100676;
0.100658;
0.100665;
0.10066;
0.100664;
0.10067;
0.100657;
0.100672;
0.100652;
0.100663;
0.100672;
0.100661;
0.101063;
0.101759;
0.100673;
0.100668;
0.100667;
0.100649;
0.100659;
0.100673;
0.100659;
0.100694;
0.100631;
0.100663;
0.100661;
0.100677;
0.100704;
0.100629;
0.100649;
0.100661;
0.100663;
0.100665;
0.10066;
0.100657;
0.100665;
0.100673;
0.100655;
0.100666;
0.10067;
0.100657;
0.100669;
0.100663;
0.100746;
0.100576;
0.100671;
0.100656;
0.100663;
0.100683;
0.101143;
0.10067;
0.100659;
0.100664;
0.100677;
0.10065;
0.100659;
0.100666;
0.100663;
0.100771;
0.10056;
0.10066;
0.100666;
0.100665;
0.100663;
0.100668;
0.100656;
0.100668;
0.100661;
0.100673;
0.100647;
0.100666;
0.100668;
0.100658;
0.100704;
0.10054;
0.100697;
0.100634;
0.10066;
0.101027;
0.100803;
0.100663;
0.100664;
0.100666;
0.101167;
0.100656;
0.100662;
0.100709;
0.100623;
0.100687;
0.101138;
0.10066;
0.100672;
0.100665;
0.100676;
0.100647;
0.100661;
0.100668;
0.100661;
0.100694;
0.100632;
0.100681;
0.100646;
0.100665;
0.100673;
0.100656;
0.100671;
0.10065;
0.100666;
0.100675;
0.100659;
0.100675;
0.100654;
0.100654;
0.100677;
0.10065;
0.100671;
0.100662;
0.100666;
0.100688;
0.100631;
0.100665;
0.10066;
0.100682;
0.100644;
0.100661;
0.100672;
0.100665;
0.100659;
0.100659;
0.100669;
0.100663;
0.100662;
0.100661;
0.10067;
0.100662;
0.100669;
0.100647;
0.100668;
0.100663;
0.100687;
0.100644;
0.100657;
0.100674;
0.100655;
0.100665;
0.100887;
0.100939;
0.100663;
0.100714;
0.10062;
0.100669;
0.100653;
0.100678;
0.100647;
0.100666;
0.100699;
0.101141;
0.100647;
0.100665;
0.100668;
0.100681;
0.100647;
0.100657;
0.100682;
0.100648;
0.100684;
0.100683;
0.100627;
0.100654;
0.100661;
0.100689;
0.101142;
0.100675;
0.100662;
0.100661;
0.100664;
0.100668;
0.100669;
0.100733;
0.100573;
0.100673;
0.100662;
0.100661;
0.100659;
0.100663;
0.100666;
0.100707;
0.100616;
0.100679;
0.100648;
0.100671;
0.100658;
0.100672;
0.100654;
0.100666;
0.100666;
0.10066;
0.100672;
0.100659;
0.100668;
0.10127;
0.100546;
0.100666;
0.100665;
0.100672;
0.100661;
0.100678;
0.100646;
0.100666;
0.100658;
0.100666;
0.10066;
0.100668;
0.100671;
0.100662;
0.100652;
0.100667;
0.100662;
0.100675;
0.100649;
0.100691;
0.10064;
0.100663;
0.100659;
0.100688;
0.100645;
0.100663;
0.100674;
0.100656;
0.100657;
0.100672;
0.100661;
0.100737;
