1.59207, 1;
0.0295504, 2;
0.0295421, 2;
0.0290346, 2;
0.0290487, 2;
0.0290493, 2;
0.0290429, 2;
0.0290506, 2;
0.0290416, 2;
0.0290506, 2;
0.0290467, 2;
0.0290442, 2;
0.0290512, 2;
0.0290397, 2;
0.0290467, 2;
0.0290608, 2;
0.0295319, 2;
0.0290455, 2;
0.0290448, 2;
0.0290467, 2;
0.0290506, 2;
0.0290506, 2;
0.0290378, 2;
0.0290461, 2;
0.0290659, 2;
0.0290263, 2;
0.0290519, 2;
0.0290499, 2;
0.0300324, 2;
0.0300644, 2;
0.0290397, 2;
0.0290519, 2;
0.0290403, 2;
0.0291754, 2;
0.0294263, 2;
0.0290384, 2;
0.0290442, 2;
0.0290442, 2;
0.0290448, 2;
0.0290506, 2;
0.0290519, 2;
0.0290384, 2;
0.0290455, 2;
0.0290435, 2;
0.0290979, 2;
0.0299953, 2;
0.0290467, 2;
0.0290461, 2;
0.0290493, 2;
0.0290435, 2;
0.0291191, 2;
0.0294762, 2;
0.0290448, 2;
0.0290448, 2;
0.0290487, 2;
0.0290487, 2;
0.029041, 2;
0.0290499, 2;
0.0295594, 2;
0.0294423, 2;
0.0291511, 2;
0.0290275, 2;
0.0290563, 2;
0.0290416, 2;
0.0290467, 2;
0.0290403, 2;
0.0290749, 2;
0.0295229, 2;
0.0290442, 2;
0.0290467, 2;
0.0290493, 2;
0.0290448, 2;
0.0290461, 2;
0.0290435, 2;
0.0290448, 2;
0.0290557, 2;
0.0290723, 2;
0.0295293, 2;
0.0290295, 2;
0.0290442, 2;
0.0290589, 2;
0.0290282, 2;
0.0290653, 2;
0.0290346, 2;
0.0290467, 2;
0.0295428, 2;
0.0290455, 2;
0.0290461, 2;
0.0290455, 2;
0.0290627, 2;
0.0295498, 2;
0.029048, 2;
0.0290467, 2;
0.0290544, 2;
0.0290346, 2;
0.0290416, 2;
0.0290442, 2;
0.029057, 2;
0.0290429, 2;
0.0290416, 2;
0.0290493, 2;
0.0290416, 2;
0.0290519, 2;
0.0290429, 2;
0.0290442, 2;
0.0290563, 2;
0.0290403, 2;
0.0290487, 2;
0.0290429, 2;
0.0290435, 2;
0.0290551, 2;
0.0290327, 2;
0.0290455, 2;
0.0290903, 2;
0.0290019, 2;
0.0290506, 2;
0.0290429, 2;
0.029562, 2;
0.0291779, 2;
0.0294039, 2;
0.0290455, 2;
0.0290512, 2;
0.0290391, 2;
0.0290455, 2;
0.0290487, 2;
0.029048, 2;
0.0290448, 2;
0.0290435, 2;
0.0290487, 2;
0.0290467, 2;
0.0290474, 2;
0.0290487, 2;
0.029041, 2;
0.0290429, 2;
0.0292855, 2;
0.0288112, 2;
0.0290551, 2;
0.0290346, 2;
0.0290448, 2;
0.0290467, 2;
0.0290455, 2;
0.0290435, 2;
0.0290448, 2;
0.0290583, 2;
0.0295524, 2;
0.029041, 2;
0.0291095, 2;
0.0289821, 2;
0.0290339, 2;
0.0290512, 2;
0.0290474, 2;
0.0290461, 2;
0.0290499, 2;
0.0290851, 2;
0.029016, 2;
0.0290307, 2;
0.0290487, 2;
0.0290461, 2;
0.0290685, 2;
0.0290231, 2;
0.0290621, 2;
0.0297578, 2;
0.029329, 2;
0.0290397, 2;
0.0290455, 2;
0.0295472, 2;
0.0290435, 2;
0.029048, 2;
0.0290493, 2;
0.0290384, 2;
0.0290551, 2;
0.029041, 2;
0.0290519, 2;
0.0285654, 2;
0.0290301, 2;
0.0290435, 2;
0.0290423, 2;
0.029048, 2;
0.0290595, 2;
0.02937, 2;
0.0290339, 2;
0.0290467, 2;
0.0290467, 2;
0.0290442, 2;
0.0290455, 2;
0.0290474, 2;
0.0290455, 2;
0.0291063, 2;
0.0290051, 2;
0.0290448, 2;
0.0290288, 2;
0.0290461, 2;
0.0290435, 2;
0.0290435, 2;
0.0290512, 2;
0.0290538, 2;
0.029048, 2;
0.0290378, 2;
0.0290461, 2;
0.0290474, 2;
0.0290429, 2;
0.0290493, 2;
0.0290467, 2;
0.0295556, 2;
0.0290499, 2;
0.02932, 2;
0.0292656, 2;
0.0290365, 2;
0.0290461, 2;
0.0290531, 2;
0.0290429, 2;
0.0295453, 2;
0.0290474, 2;
0.0290743, 2;
0.0290179, 2;
0.0290442, 2;
0.0290608, 2;
0.0295472, 2;
0.0290339, 2;
0.0290455, 2;
0.0290416, 2;
0.0290499, 2;
0.0290595, 2;
0.029032, 2;
0.0290455, 2;
0.0290493, 2;
0.0290423, 2;
0.0290519, 2;
0.0290435, 2;
0.0290455, 2;
0.0290538, 2;
0.0291005, 2;
0.0294845, 2;
0.0290474, 2;
0.0290423, 2;
0.0295671, 2;
0.0300285, 3;
0.0295453, 3;
0.0290506, 3;
0.0295543, 3;
0.0295351, 3;
0.029048, 3;
0.0295492, 3;
0.0295575, 3;
0.0295376, 3;
0.0295453, 3;
0.0290474, 3;
0.0290544, 3;
0.0295415, 3;
0.0295415, 3;
0.0290461, 3;
0.029089, 3;
0.0290032, 3;
0.029546, 3;
0.0290474, 3;
0.0290493, 3;
0.029553, 3;
0.0295447, 3;
0.0295466, 3;
0.0290442, 3;
0.0295492, 3;
0.029544, 3;
0.0290467, 3;
0.0290442, 3;
0.0295504, 3;
0.0290461, 3;
0.0295466, 3;
0.029544, 3;
0.0290519, 3;
0.029544, 3;
0.0295613, 3;
0.0290275, 3;
0.0290512, 3;
0.0295543, 3;
0.0295453, 3;
0.0290397, 3;
0.0295485, 3;
0.0290467, 3;
0.0290448, 3;
0.0295447, 3;
0.0290461, 3;
0.0295536, 3;
0.0300548, 3;
0.029546, 3;
0.0295364, 3;
0.0295498, 3;
0.0290423, 3;
0.0295479, 3;
0.029546, 3;
0.0295511, 3;
0.0295428, 3;
0.029546, 3;
0.0290442, 3;
0.0290499, 3;
0.0295498, 3;
0.0295428, 3;
0.0295472, 3;
0.0290557, 3;
0.0295357, 3;
0.0290736, 3;
0.0290237, 3;
0.0290429, 3;
0.0295492, 3;
0.0295453, 3;
0.0295472, 3;
0.0290755, 3;
0.0295191, 3;
0.0290455, 3;
0.0290666, 4;
0.0295248, 4;
0.0295255, 4;
0.0290736, 4;
0.0290416, 4;
0.0290474, 4;
0.029048, 4;
0.0371661, 4;
0.0440559, 4;
0.0289546, 4;
0.0290442, 4;
0.0290435, 4;
0.0290448, 4;
0.029048, 4;
0.0290455, 4;
0.0295428, 4;
0.0291127, 4;
0.0294852, 4;
0.0290621, 4;
0.029528, 4;
0.0290474, 4;
0.0290506, 4;
0.0290371, 4;
0.0290499, 4;
0.029048, 4;
0.0290659, 4;
0.0290263, 4;
0.0295562, 4;
0.0290384, 4;
0.02956, 4;
0.0290307, 4;
0.0290538, 4;
0.0290999, 4;
0.0294871, 4;
0.0295485, 4;
0.029041, 4;
0.0290467, 4;
0.0290474, 4;
0.0290474, 4;
0.0295447, 4;
0.0290467, 4;
0.0290461, 4;
0.0290704, 4;
0.0295204, 4;
0.029553, 4;
0.029041, 4;
0.0290583, 4;
0.029537, 4;
0.0290461, 4;
0.0295492, 4;
0.0290544, 4;
0.0295332, 4;
0.0290493, 4;
0.0295453, 4;
0.0295524, 4;
0.0290563, 4;
0.029025, 4;
0.029048, 4;
0.0290512, 4;
0.0295511, 4;
0.0290378, 4;
0.0290493, 4;
0.0290461, 4;
0.0290435, 4;
0.0295447, 4;
0.0290506, 4;
0.0290442, 4;
0.0290653, 4;
0.0290403, 4;
0.02953, 4;
0.0290512, 4;
0.0290461, 4;
0.0290435, 4;
0.0290474, 4;
0.0295453, 4;
0.0290864, 4;
0.029512, 4;
0.0290403, 4;
0.0290455, 4;
0.0295735, 4;
0.0291255, 4;
0.0294564, 4;
0.029032, 4;
0.0290512, 4;
0.0295466, 4;
0.0295479, 4;
0.029048, 4;
0.0290448, 4;
0.0290429, 4;
0.0290435, 4;
0.029048, 4;
0.0290435, 4;
0.0290544, 4;
0.0295863, 4;
0.0295037, 4;
0.0290391, 4;
0.0290755, 4;
0.029025, 4;
0.0290493, 4;
0.0295408, 4;
0.0290448, 4;
0.0290448, 4;
0.0291415, 4;
0.0294628, 4;
0.0290467, 4;
0.0290461, 4;
0.0290525, 4;
0.029048, 4;
0.0295389, 4;
0.0295511, 4;
0.0291517, 4;
0.029441, 4;
0.0290455, 4;
0.0290384, 4;
0.0295562, 4;
0.0290883, 4;
0.0290045, 4;
0.0290467, 4;
0.0290474, 4;
0.0290416, 4;
0.0295434, 2;
0.0290455, 2;
0.0290448, 2;
0.0290538, 2;
0.029546, 2;
0.0290448, 2;
0.0290455, 2;
0.0290474, 2;
0.0290499, 2;
0.0295408, 2;
0.0290519, 2;
0.029041, 2;
0.0290519, 2;
0.0290512, 2;
0.0295396, 2;
0.0290506, 2;
0.0290531, 2;
0.0290333, 2;
0.0290467, 2;
0.0295453, 2;
0.0290467, 2;
0.030081, 2;
0.03001, 2;
0.029048, 2;
0.0290499, 2;
0.0290423, 2;
0.0290455, 2;
0.029048, 2;
0.0295466, 2;
0.0295466, 2;
0.029048, 2;
0.0290455, 2;
0.0295492, 2;
0.0295421, 2;
0.0295888, 2;
0.029016, 2;
0.0290333, 2;
0.0290461, 2;
0.0290499, 2;
0.0295524, 2;
0.029553, 2;
0.0290359, 2;
0.0295581, 2;
0.0295338, 2;
0.0295479, 2;
0.0295479, 2;
0.0290499, 2;
0.0290429, 2;
0.0295434, 2;
0.0300503, 2;
0.0295485, 2;
0.0290519, 2;
0.0290359, 2;
0.0295511, 2;
0.0295466, 2;
0.0295479, 2;
0.0290557, 2;
0.0295383, 2;
0.0295466, 2;
0.0295466, 2;
0.0295447, 2;
0.0290474, 2;
0.0290442, 2;
0.029048, 2;
0.0295447, 2;
0.0295594, 2;
0.029112, 2;
0.029512, 2;
0.0295031, 2;
0.0295492, 2;
0.0295485, 2;
0.0290442, 2;
0.0290448, 2;
0.0295543, 2;
0.0295421, 2;
0.0290487, 2;
0.0292144, 2;
0.0288733, 2;
0.0295466, 2;
0.0290896, 2;
0.0295076, 2;
0.0295376, 2;
0.0290531, 2;
0.0290679, 3;
0.0290506, 3;
0.0290275, 3;
0.0295447, 3;
0.0295408, 3;
0.0295568, 3;
0.0295376, 3;
0.029546, 3;
0.0295664, 3;
0.0295332, 3;
0.0295517, 3;
0.0290365, 3;
0.0295453, 3;
0.0290525, 3;
0.0295434, 3;
0.0295511, 3;
0.0295396, 3;
0.0295498, 3;
0.0295581, 3;
0.0295402, 3;
0.0290455, 3;
0.0295402, 3;
0.0295466, 3;
0.0290499, 3;
0.0295492, 3;
0.0295549, 3;
0.029048, 3;
0.029537, 3;
0.0295568, 3;
0.0295293, 3;
0.0295504, 3;
0.0295453, 3;
0.0290531, 3;
0.0295389, 3;
0.0296311, 3;
0.028984, 3;
0.0290391, 3;
0.0290416, 3;
0.029544, 3;
0.0295479, 3;
0.0290371, 3;
0.0295472, 3;
0.0295453, 3;
0.0295517, 3;
0.0295479, 3;
0.0290442, 3;
0.029594, 3;
0.0294999, 3;
0.0290474, 3;
0.0295434, 3;
0.029048, 3;
0.0285514, 3;
0.0295396, 3;
0.0295536, 3;
0.0295434, 3;
0.0295447, 3;
0.0295543, 3;
0.0290416, 3;
0.0295466, 3;
0.0295434, 3;
0.0295575, 3;
0.029064, 3;
0.029528, 3;
0.0295447, 3;
0.0295472, 3;
0.0295447, 3;
0.029544, 3;
0.0290525, 3;
0.0295396, 3;
0.0295485, 3;
0.0290909, 3;
0.0294992, 3;
0.0295511, 3;
0.0295504, 3;
0.0295408, 3;
0.0285437, 3;
0.0295485, 3;
0.029585, 3;
0.0295146, 3;
0.0290493, 4;
0.0295338, 4;
0.0290698, 4;
0.0295274, 4;
0.0295472, 4;
0.0295376, 4;
0.0290525, 4;
0.029048, 4;
0.0317585, 4;
0.0298532, 4;
0.029553, 4;
0.0295376, 4;
0.0294852, 4;
0.0295485, 4;
0.029544, 4;
0.0295524, 4;
0.0290423, 4;
0.0290493, 4;
0.0295434, 4;
0.0295511, 4;
0.0295428, 4;
0.0290455, 4;
0.0290531, 4;
0.0290429, 4;
0.0290448, 4;
0.0295671, 4;
0.0290339, 4;
0.029562, 4;
0.0290199, 4;
0.0295479, 4;
0.0295485, 4;
0.0290531, 4;
0.0295396, 4;
0.02956, 4;
0.0295332, 4;
0.0295556, 4;
0.0295402, 4;
0.0295543, 4;
0.0295389, 4;
0.029546, 4;
0.0295447, 4;
0.0295498, 4;
0.0297834, 4;
0.0288119, 4;
0.029544, 4;
0.0290467, 4;
0.0290442, 4;
0.0290455, 4;
0.0295479, 4;
0.0295472, 4;
0.0295536, 4;
0.0295485, 4;
0.029546, 4;
0.0295453, 4;
0.0295383, 4;
0.029546, 4;
0.0290474, 4;
0.0290493, 4;
0.0295447, 4;
0.0295562, 4;
0.0295389, 4;
0.0290551, 4;
0.0290403, 4;
0.0295485, 4;
0.0295588, 4;
0.0295268, 4;
0.0290487, 4;
0.0298557, 4;
0.0292381, 4;
0.0295453, 4;
0.0295485, 4;
0.0300477, 4;
0.0295498, 4;
0.0300445, 4;
0.029546, 4;
0.0295485, 4;
0.0290787, 4;
0.0295229, 4;
0.0295389, 4;
0.0300548, 4;
0.0295383, 4;
0.0290461, 4;
0.0290448, 4;
0.029544, 4;
0.0295754, 4;
0.0295248, 4;
0.0290506, 4;
0.0290768, 4;
0.0300138, 4;
0.0295716, 4;
0.0295178, 4;
0.029048, 4;
0.029048, 4;
0.0295632, 4;
0.0295255, 4;
0.0290557, 4;
0.0290352, 4;
0.0290378, 4;
0.0295447, 4;
0.0295402, 4;
0.0295562, 4;
0.0291415, 4;
0.0294596, 4;
0.0295402, 4;
0.0295568, 4;
0.0295389, 4;
0.0290608, 4;
0.02953, 4;
0.0295453, 4;
0.0295504, 4;
0.0296157, 4;
0.029473, 4;
0.0290506, 4;
0.0295447, 4;
0.0295581, 4;
0.0295485, 4;
0.0290442, 2;
0.0296426, 2;
0.0294647, 2;
0.0295248, 2;
0.0295479, 2;
0.0290442, 2;
0.0290455, 2;
0.0295479, 2;
0.029546, 2;
0.0295479, 2;
0.0290429, 2;
0.0295645, 2;
0.0290314, 2;
0.029546, 2;
0.0295485, 2;
0.0295556, 2;
0.0295434, 2;
0.0290416, 2;
0.0295453, 2;
0.0295556, 2;
0.0290403, 2;
0.0290435, 2;
0.0295447, 2;
0.0295485, 2;
0.0295568, 2;
0.0295517, 2;
0.0290333, 2;
0.0295517, 2;
0.0300586, 2;
0.0290282, 2;
0.0290455, 2;
0.0290506, 2;
0.0295428, 2;
0.0295485, 2;
0.0290448, 2;
0.029041, 2;
0.0290551, 2;
0.0290423, 2;
0.0295524, 2;
0.030042, 2;
0.0290461, 2;
0.0291511, 2;
0.0294468, 2;
0.0295396, 2;
0.0295511, 2;
0.0290627, 2;
0.0295268, 2;
0.0295524, 3;
0.029041, 3;
0.0295485, 3;
0.0300567, 3;
0.02964, 3;
0.0289456, 3;
0.0290563, 3;
0.0290346, 3;
0.0295504, 3;
0.0295402, 3;
0.0290448, 3;
0.0290512, 3;
0.0290474, 3;
0.0295428, 3;
0.0295492, 3;
0.0290653, 3;
0.0290467, 3;
0.0290243, 3;
0.0295466, 3;
0.0295453, 3;
0.0290499, 3;
0.0290467, 3;
0.0290474, 3;
0.0295556, 3;
0.02953, 3;
0.0290512, 3;
0.0295492, 3;
0.0295389, 3;
0.029553, 3;
0.029553, 3;
0.0295434, 3;
0.0290538, 3;
0.0290781, 3;
0.0295108, 3;
0.0295344, 3;
0.0290519, 3;
0.0290474, 3;
0.0285437, 3;
0.0295524, 3;
0.029569, 3;
0.0290781, 3;
0.0295005, 3;
0.0290339, 3;
0.0295466, 3;
0.0295466, 3;
0.0290621, 3;
0.029041, 3;
0.029537, 3;
0.0295453, 3;
0.0295492, 3;
0.0290455, 3;
0.0290672, 3;
0.0295293, 3;
0.0295472, 3;
0.0295402, 3;
0.0290506, 3;
0.0290557, 3;
0.0295498, 3;
0.0300561, 3;
0.0295261, 3;
0.0290467, 3;
0.0290448, 3;
0.0285475, 3;
0.0295453, 3;
0.0290461, 3;
0.0290506, 3;
0.029057, 3;
0.0290359, 3;
0.0295402, 3;
0.0295607, 3;
0.0290397, 3;
0.0290448, 3;
0.029041, 3;
0.0295511, 3;
0.0290493, 3;
0.0290391, 3;
0.029546, 3;
0.0295492, 3;
0.0295485, 3;
0.0295447, 3;
0.0296164, 4;
0.0294788, 4;
0.0295594, 4;
0.0310001, 4;
0.0290999, 4;
0.0290333, 4;
0.0290423, 4;
0.0290487, 4;
0.0295472, 4;
0.0295472, 4;
0.0290429, 4;
0.0290474, 4;
0.0285424, 4;
0.0290435, 4;
0.0295485, 4;
0.0290467, 4;
0.0290487, 4;
0.0285456, 4;
0.0290423, 4;
0.0300503, 4;
0.0292631, 4;
0.0299671, 4;
0.0299069, 4;
0.0295447, 4;
0.0295504, 4;
0.0290442, 4;
0.0290435, 4;
0.029553, 4;
0.029544, 4;
0.0295632, 4;
0.0291011, 4;
0.0297776, 4;
0.0287459, 4;
0.029553, 4;
0.0295908, 4;
0.029496, 4;
0.0295485, 4;
0.029048, 4;
0.0290442, 4;
0.0295498, 4;
0.0290423, 4;
0.0290474, 4;
0.0290461, 4;
0.0290435, 4;
0.0295504, 4;
0.0290493, 4;
0.029578, 4;
0.0295197, 4;
0.0290787, 4;
0.0290039, 4;
0.0290455, 4;
0.0295434, 4;
0.0285507, 4;
0.0295485, 4;
0.0295562, 4;
0.0290359, 4;
0.0290461, 4;
0.0295402, 4;
0.0295568, 4;
0.0295524, 4;
0.0290391, 4;
0.0299876, 4;
0.0292112, 4;
0.0289386, 4;
0.0295498, 4;
0.029064, 4;
0.0295268, 4;
0.0290448, 4;
0.0290461, 4;
0.0295466, 4;
0.0295524, 4;
0.0295447, 4;
0.0290525, 4;
0.0290371, 4;
0.0295511, 4;
0.0290403, 4;
0.0295511, 4;
0.0291024, 4;
0.0290032, 4;
0.029025, 4;
0.0291408, 4;
0.0289527, 4;
0.0295524, 4;
0.0285424, 4;
0.0290487, 4;
0.0290455, 4;
0.0290531, 4;
0.0290461, 4;
0.0290608, 4;
0.029537, 4;
0.0295639, 4;
0.029521, 4;
0.0290442, 4;
0.0285494, 4;
0.0295504, 4;
0.0290442, 4;
0.0295479, 4;
0.0285584, 4;
0.0290538, 4;
0.0300458, 4;
0.0295658, 4;
0.0295037, 4;
0.0290442, 4;
0.0295568, 4;
0.0295421, 4;
0.0290589, 4;
0.029544, 4;
0.0290333, 4;
0.0285482, 4;
0.0295472, 4;
0.0290499, 4;
0.0295402, 4;
0.0295626, 4;
0.029048, 4;
0.0290397, 4;
0.0295402, 4;
0.0295434, 4;
0.0290499, 4;
0.0295869, 4;
0.0295069, 4;
0.0290423, 4;
0.0295492, 4;
0.0290653, 4;
0.0300413, 4;
0.0296253, 2;
0.0294544, 2;
0.029544, 2;
0.0290512, 2;
0.0285539, 2;
0.0303005, 2;
0.0292848, 2;
0.0295824, 2;
0.0295101, 2;
0.0290403, 2;
0.0295492, 2;
0.0290474, 2;
0.0290416, 2;
0.0290519, 2;
0.0290429, 2;
0.0295543, 2;
0.029553, 2;
0.0295364, 2;
0.0290442, 2;
0.0290538, 2;
0.0295415, 2;
0.0295504, 2;
0.0295511, 2;
0.0290448, 2;
0.0285392, 2;
0.0290563, 3;
0.0295364, 3;
0.0295466, 3;
0.0290506, 3;
0.0290442, 3;
0.0290467, 3;
0.0295434, 3;
0.0295786, 3;
0.0290352, 3;
0.0290359, 3;
0.0290595, 3;
0.0295229, 3;
0.0295466, 3;
0.0290474, 3;
0.0290448, 3;
0.0290563, 3;
0.0295562, 3;
0.0295472, 3;
0.0290275, 3;
0.0290544, 3;
0.0290455, 3;
0.0295402, 3;
0.0295511, 3;
0.0290378, 3;
0.0290538, 3;
0.0290429, 3;
0.0295466, 3;
0.0295479, 3;
0.0290429, 3;
0.0290506, 3;
0.0290378, 3;
0.0295498, 3;
0.0295428, 3;
0.029073, 3;
0.029128, 3;
0.0299421, 3;
0.0295492, 3;
0.0295479, 3;
0.0290429, 3;
0.0290461, 3;
0.0290493, 3;
0.029544, 3;
0.0295658, 3;
0.0295357, 3;
0.0290435, 3;
0.0290487, 3;
0.0295402, 3;
0.0295517, 3;
0.0290397, 3;
0.0290435, 3;
0.029057, 3;
0.0295786, 3;
0.0290051, 3;
0.0290474, 3;
0.0290442, 3;
0.0290563, 3;
0.0295402, 3;
0.0295786, 3;
0.0290147, 3;
0.0291139, 3;
0.0289757, 3;
0.0295466, 3;
0.0290487, 3;
0.0290455, 3;
0.0290455, 3;
0.0290448, 3;
0.0295498, 3;
0.0295453, 3;
0.0295479, 3;
0.0290851, 3;
0.0290231, 3;
0.0295396, 3;
0.0295408, 3;
0.0290429, 3;
0.0290416, 3;
0.0290531, 3;
0.0295396, 3;
0.0295607, 3;
0.0290493, 3;
0.0295332, 3;
0.0290506, 3;
0.029544, 3;
0.0295479, 3;
0.0290455, 3;
0.0291319, 3;
0.0289968, 3;
0.0290224, 3;
0.0295524, 3;
0.0290352, 4;
0.0295677, 4;
0.0290314, 4;
0.0290429, 4;
0.0295511, 4;
0.0290423, 4;
0.0295959, 4;
0.0295018, 4;
0.0290429, 4;
0.0298103, 4;
0.0310436, 4;
0.0292951, 4;
0.0290378, 4;
0.0290506, 4;
0.0290538, 4;
0.0290327, 4;
0.0295485, 4;
0.0290455, 4;
0.0290455, 4;
0.0290448, 4;
0.0290487, 4;
0.0295485, 4;
0.0290416, 4;
0.02908, 4;
0.0290231, 4;
0.0290378, 4;
0.0297764, 4;
0.0293175, 4;
0.0290519, 4;
0.0295453, 4;
0.0290378, 4;
0.029626, 4;
0.029473, 4;
0.0290455, 4;
0.0285443, 4;
0.0290595, 4;
0.0295376, 4;
0.0290627, 4;
0.0295332, 4;
0.0285462, 4;
0.029048, 4;
0.0290391, 4;
0.0290576, 4;
0.0290384, 4;
0.0290397, 4;
0.0295466, 4;
0.0295485, 4;
0.0290461, 4;
0.0290538, 4;
0.0295402, 4;
0.0296029, 4;
0.0294903, 4;
0.0290467, 4;
0.0290551, 4;
0.0290378, 4;
0.0290512, 4;
0.0295472, 4;
0.0290416, 4;
0.0295479, 4;
0.0295453, 4;
0.0290442, 4;
0.0295504, 4;
0.0290455, 4;
0.0290525, 4;
0.029041, 4;
0.0290531, 4;
0.0291152, 4;
0.0289655, 4;
0.0290474, 4;
0.0290474, 4;
0.0290435, 4;
0.0295434, 4;
0.0290493, 4;
0.0290487, 4;
0.0290653, 4;
0.0295312, 4;
0.0295434, 4;
0.0290416, 4;
0.0290467, 4;
0.0290787, 4;
0.0295159, 4;
0.0290435, 4;
0.0290493, 4;
0.0290544, 4;
0.0295389, 4;
0.0290435, 4;
0.0295479, 4;
0.029064, 4;
0.0290327, 4;
0.0290455, 4;
0.0290499, 4;
0.029562, 4;
0.0290301, 4;
0.029569, 4;
0.0295255, 4;
0.0295511, 4;
0.0295447, 4;
0.0290512, 4;
0.0290403, 4;
0.0290455, 4;
0.0295524, 4;
0.0290391, 4;
0.0290487, 4;
0.0290403, 4;
0.0290512, 4;
0.02961, 4;
0.0294845, 4;
0.0290423, 4;
0.029057, 4;
0.0290352, 4;
0.0295549, 4;
0.0295728, 4;
0.0294564, 4;
0.0296055, 4;
0.029048, 4;
0.0295415, 4;
0.0300439, 4;
0.0294045, 4;
0.0291908, 4;
0.0290461, 4;
0.0295485, 4;
0.0295434, 4;
0.0290435, 4;
0.0290493, 4;
0.0295696, 2;
0.0295421, 2;
0.0295812, 2;
0.0294967, 2;
0.0290429, 2;
0.0290487, 2;
0.0295498, 2;
0.0295492, 2;
0.0290397, 2;
0.029048, 2;
0.0290448, 2;
0.0290455, 2;
0.029562, 2;
0.0290307, 2;
0.0290455, 2;
0.0290474, 2;
0.0295498, 2;
0.0295447, 2;
0.0295632, 2;
0.0295319, 2;
0.0295434, 2;
0.0290455, 2;
0.0295453, 2;
0.0290557, 2;
0.0290378, 2;
0.0290512, 2;
0.0295415, 2;
0.0295504, 2;
0.0290448, 2;
0.0290474, 2;
0.0290429, 2;
0.0295607, 3;
0.0295364, 3;
0.0290551, 3;
0.0290487, 3;
0.0295357, 3;
0.0295472, 3;
0.0290429, 3;
0.029546, 3;
0.0290474, 3;
0.029048, 3;
0.0295562, 3;
0.029537, 3;
0.0295645, 3;
0.0295428, 3;
0.0290333, 3;
0.0295453, 3;
0.029546, 3;
0.0295485, 3;
0.0290493, 3;
0.0290755, 3;
0.0290141, 3;
0.029544, 3;
0.0295485, 3;
0.0295671, 3;
0.0290167, 3;
0.0295511, 3;
0.0295434, 3;
0.0295575, 3;
0.0290397, 3;
0.0290512, 3;
0.0295434, 3;
0.0290474, 3;
0.0290461, 3;
0.0290544, 3;
0.0290442, 3;
0.0296093, 3;
0.02953, 3;
0.0294948, 3;
0.0295479, 3;
0.0295549, 3;
0.0295658, 3;
0.029521, 3;
0.0290403, 3;
0.0295581, 3;
0.0295396, 3;
0.0295498, 3;
0.0295453, 3;
0.0295709, 3;
0.0290205, 3;
0.0290455, 3;
0.0295575, 3;
0.0290435, 3;
0.0295383, 3;
0.029544, 3;
0.029553, 3;
0.029546, 3;
0.0285738, 3;
0.0295178, 3;
0.0295524, 3;
0.0290384, 3;
0.029553, 3;
0.0295402, 3;
0.0295472, 3;
0.0290461, 3;
0.0290551, 3;
0.0290499, 3;
0.0290403, 3;
0.0295396, 3;
0.0295453, 3;
0.0290493, 3;
0.0295466, 3;
0.0295818, 3;
0.0290173, 3;
0.0295421, 3;
0.0290499, 3;
0.029537, 3;
0.0290493, 3;
0.0295466, 3;
0.0295428, 3;
0.0290512, 4;
0.0295485, 4;
0.0297386, 4;
0.0292362, 4;
0.0295639, 4;
0.0290275, 4;
0.0290448, 4;
0.0295466, 4;
0.0300529, 4;
0.0295504, 4;
0.0356166, 4;
0.0289975, 4;
0.0290314, 4;
0.0295613, 4;
0.029528, 4;
0.0290538, 4;
0.0295376, 4;
0.0295543, 4;
0.029562, 4;
0.0295306, 4;
0.0295434, 4;
0.0295492, 4;
0.0290474, 4;
0.0295447, 4;
0.0290429, 4;
0.0295479, 4;
0.0290435, 4;
0.0290512, 4;
0.0295485, 4;
0.0300426, 4;
0.0295453, 4;
0.0290467, 4;
0.0295479, 4;
0.0290448, 4;
0.0290455, 4;
0.0295696, 4;
0.029537, 4;
0.0295351, 4;
0.0295466, 4;
0.0295479, 4;
0.0290455, 4;
0.0295479, 4;
0.0290455, 4;
0.029546, 4;
0.0290512, 4;
0.0290525, 4;
0.0295338, 4;
0.0290455, 4;
0.0295492, 4;
0.0290525, 4;
0.0295549, 4;
0.0290352, 4;
0.0290429, 4;
0.0290461, 4;
0.0295472, 4;
0.0295447, 4;
0.0295492, 4;
0.0295402, 4;
0.0290531, 4;
0.0295479, 4;
0.0290435, 4;
0.0300529, 4;
0.029544, 4;
0.0295479, 4;
0.0295434, 4;
0.0290506, 4;
0.029546, 4;
0.0290455, 4;
0.0295511, 4;
0.0295434, 4;
0.0295492, 4;
0.0290448, 4;
0.0290416, 4;
0.0290512, 4;
0.0290499, 4;
0.0295402, 4;
0.0290474, 4;
0.0295472, 4;
0.0290499, 4;
0.0295472, 4;
0.029562, 4;
0.0300349, 4;
0.0295607, 4;
0.0295485, 4;
0.0295223, 4;
0.0290474, 4;
0.0290455, 4;
0.0290563, 4;
0.0295376, 4;
0.0290461, 4;
0.0295466, 4;
0.0295472, 4;
0.0295421, 4;
0.0295543, 4;
0.0290474, 4;
0.0295472, 4;
0.0290403, 4;
0.0295556, 4;
0.0290429, 4;
0.0295434, 4;
0.0295479, 4;
0.0295453, 4;
0.029546, 4;
0.0290455, 4;
0.0295485, 4;
0.0290544, 4;
0.0295383, 4;
0.0290487, 4;
0.0295472, 4;
0.0295498, 4;
0.029544, 4;
0.0295549, 4;
0.0290499, 4;
0.0285782, 4;
0.0295069, 4;
0.0295402, 4;
0.0290525, 4;
0.0290544, 2;
0.0295338, 2;
0.0295421, 2;
0.0295735, 2;
0.0290295, 2;
0.0295421, 2;
0.029544, 2;
0.0295447, 2;
0.0290474, 2;
0.0290474, 2;
0.0290544, 2;
0.0295402, 2;
0.0295556, 2;
0.0295434, 2;
0.0295396, 2;
0.0295536, 2;
0.0295447, 2;
0.0290423, 2;
0.0290448, 2;
0.0290435, 2;
0.0290506, 2;
0.0295492, 2;
0.0290634, 2;
0.0295287, 2;
0.0290455, 2;
0.0295575, 2;
0.0290531, 2;
0.0295396, 2;
0.0295344, 2;
0.0295498, 2;
0.0295466, 2;
0.0290493, 2;
0.0295524, 2;
0.0295389, 2;
0.0295466, 2;
0.0290467, 2;
0.0295479, 2;
0.029546, 2;
0.0295524, 2;
0.0295434, 2;
0.0290403, 2;
0.0295492, 2;
0.0290755, 2;
0.0295863, 2;
0.0289898, 2;
0.0290365, 2;
0.0295453, 2;
0.0295524, 2;
0.0295453, 2;
0.0290512, 2;
0.0295421, 2;
0.0290493, 2;
0.0295479, 2;
0.029041, 2;
0.029546, 2;
0.0295466, 2;
0.0295556, 2;
0.0292983, 2;
0.0287856, 2;
0.029553, 2;
0.0295434, 2;
0.0295568, 2;
0.0295357, 2;
0.0290423, 2;
0.0295613, 2;
0.0295498, 2;
0.0295344, 4;
0.0350738, 9;
0.0255215, 9;
0.0255407, 9;
0.0255381, 9;
0.0255407, 9;
0.0255445, 9;
0.0255458, 9;
0.0263254, 9;
0.02575, 9;
0.0260399, 9;
0.0255394, 9;
0.0255388, 9;
0.0255426, 9;
0.0255407, 9;
0.0255471, 9;
0.0255311, 9;
0.0260508, 9;
0.0255439, 9;
0.0255317, 9;
0.025542, 9;
0.0255554, 9;
0.0255241, 9;
0.0255401, 9;
0.0255631, 9;
0.025526, 9;
0.0255644, 9;
0.0255106, 9;
0.0255477, 9;
0.0255298, 9;
0.0255413, 9;
0.0255426, 9;
0.0255599, 9;
0.0255445, 9;
0.025517, 9;
0.0255433, 9;
0.0255452, 9;
0.0256713, 9;
0.0259113, 9;
0.0255317, 9;
0.0255535, 9;
0.0255298, 9;
0.025542, 9;
0.025542, 9;
0.0255471, 9;
0.0255324, 9;
0.0255426, 9;
0.0255381, 9;
0.0255439, 9;
0.0255381, 9;
0.0255426, 9;
0.0255337, 9;
0.025542, 9;
0.0255394, 9;
0.025542, 9;
0.0255407, 9;
0.0255394, 9;
0.0255484, 9;
0.0255343, 9;
0.0255433, 9;
0.025542, 9;
0.0255471, 9;
0.0255996, 9;
0.0254773, 9;
0.0255618, 9;
0.0255132, 9;
0.0255401, 9;
0.0255407, 9;
0.0255426, 9;
0.0255612, 9;
0.0255189, 9;
0.0255522, 9;
0.0255324, 9;
0.0255356, 9;
0.0255413, 9;
0.0255407, 9;
0.025542, 9;
0.0255445, 9;
0.025533, 9;
0.026045, 9;
0.0255458, 9;
0.0255413, 9;
0.0256361, 9;
0.0259362, 9;
0.0255401, 9;
0.0255509, 9;
0.0255337, 9;
0.0255413, 9;
0.0255337, 9;
0.0255413, 9;
0.0255439, 9;
0.025542, 9;
0.0255381, 9;
0.0255381, 9;
0.0255484, 9;
0.0255375, 9;
0.025647, 9;
0.0259369, 9;
0.0255413, 9;
0.025549, 9;
0.0255279, 9;
0.0255401, 9;
0.0255381, 9;
0.0255407, 9;
0.0255362, 9;
0.0255593, 9;
0.0255253, 9;
0.0255452, 9;
0.0255369, 9;
0.0255401, 9;
0.0255413, 9;
0.0255381, 9;
0.0255682, 9;
0.0255145, 9;
0.0255439, 9;
0.0255369, 9;
0.0255401, 9;
0.0255509, 9;
0.0255324, 9;
0.0255471, 9;
0.0255317, 9;
0.0255413, 9;
0.0255362, 9;
0.0255388, 9;
0.0255541, 9;
0.0255311, 9;
0.0255439, 9;
0.0255394, 9;
0.0255413, 9;
0.0255413, 9;
0.0255484, 9;
0.0255317, 9;
0.0255407, 9;
0.0255516, 9;
0.0257372, 9;
0.0258415, 9;
0.0255381, 9;
0.0255349, 9;
0.0255522, 9;
0.0255253, 9;
0.0255401, 9;
0.0255778, 9;
0.0260258, 9;
0.0255241, 9;
0.0255452, 9;
0.0255362, 9;
0.0255388, 9;
0.0255433, 9;
0.0255426, 9;
0.0255356, 9;
0.0255426, 9;
0.0255375, 9;
0.0256156, 9;
0.0254658, 9;
0.0255497, 9;
0.0255497, 9;
0.0270332, 9;
0.026029, 9;
0.0255433, 9;
0.025542, 9;
0.0255394, 9;
0.0255439, 9;
0.0255343, 9;
0.0255433, 9;
0.025542, 9;
0.0255349, 9;
0.0255433, 9;
0.0255388, 9;
0.026045, 9;
0.025549, 9;
0.0255554, 9;
0.0255119, 9;
0.0255445, 9;
0.0255477, 9;
0.026125, 9;
0.0254575, 9;
0.0255317, 9;
0.0255401, 9;
0.0255426, 9;
0.0255349, 9;
0.0255407, 9;
0.0255439, 9;
0.0255349, 9;
0.0255996, 9;
0.025494, 9;
0.0255324, 9;
0.0255375, 9;
0.0269398, 9;
0.0256514, 9;
0.0255381, 9;
0.0255445, 9;
0.0255356, 9;
0.0255413, 9;
0.0255484, 9;
0.0259241, 9;
0.0256533, 9;
0.0255413, 9;
0.0255349, 9;
0.0255413, 9;
0.0255407, 9;
0.0255401, 9;
0.0255497, 9;
0.0255413, 9;
0.0257762, 9;
0.0258102, 9;
0.0255234, 9;
0.0255388, 9;
0.0255413, 9;
0.0255458, 9;
0.0255426, 9;
0.0255394, 9;
0.0255356, 9;
0.0255426, 9;
