0.230165;
0.252018;
0.147329;
0.176871;
0.138524;
0.212328;
0.155207;
0.133093;
0.16003;
0.111901;
0.116453;
0.123705;
0.125471;
0.118159;
0.129001;
0.173568;
0.126897;
0.120091;
0.133383;
0.128456;
0.111473;
0.131436;
0.163177;
0.173772;
0.165539;
0.155506;
0.121249;
0.147961;
0.135291;
0.123517;
0.131717;
0.116258;
0.154185;
0.114139;
0.13618;
0.136576;
0.132481;
0.123161;
0.121795;
0.105008;
0.146344;
0.17797;
0.111574;
0.10581;
0.10781;
0.105934;
0.107879;
0.117152;
0.113823;
0.107795;
0.108187;
0.107713;
0.105982;
0.106792;
0.107938;
0.107018;
0.10587;
0.108521;
0.108283;
0.10531;
0.108221;
0.108432;
0.107126;
0.108381;
0.106836;
0.106381;
0.109604;
0.108166;
0.111531;
0.106451;
0.113102;
0.10165;
0.110375;
0.105586;
0.108787;
0.105467;
0.114503;
0.102108;
0.109218;
0.110847;
0.124743;
0.122483;
0.143985;
0.148078;
0.166937;
0.163328;
0.153502;
0.107062;
0.107599;
0.13022;
0.12418;
0.160725;
0.123224;
0.183611;
0.186064;
0.148036;
0.150665;
0.187698;
0.133476;
0.117322;
0.157434;
0.132868;
0.48116;
0.201714;
0.124079;
0.119679;
0.115061;
0.12225;
0.116254;
0.10684;
0.112065;
0.117381;
0.147273;
0.107479;
0.121872;
0.119077;
0.164594;
0.122116;
0.110729;
0.123463;
0.135739;
0.110489;
0.10779;
0.109712;
0.111657;
0.139331;
0.158525;
0.128401;
0.103341;
0.153509;
0.107785;
0.10996;
0.110969;
0.129592;
0.122585;
0.116768;
0.107469;
0.113001;
0.118956;
0.113679;
0.138425;
0.137613;
0.104288;
0.109418;
0.110798;
0.109119;
0.108439;
0.129604;
0.115588;
0.1151;
0.119748;
0.127463;
0.104235;
0.12191;
0.141894;
0.132152;
0.109613;
0.131894;
0.114015;
0.135814;
0.178619;
0.119956;
0.114578;
0.109837;
0.139219;
0.104315;
0.112657;
0.138769;
0.203879;
0.263292;
0.199343;
0.141172;
0.128923;
0.115587;
0.132628;
0.119581;
0.10309;
0.162975;
0.116943;
0.128359;
0.166992;
0.113623;
0.119133;
0.138001;
0.191024;
0.258102;
0.212137;
0.131405;
0.1254;
0.17234;
0.112642;
0.146156;
0.115215;
0.109149;
0.159825;
0.167;
0.160611;
0.142368;
0.130089;
0.132567;
0.121251;
0.179238;
0.181405;
0.234876;
0.198851;
0.120632;
0.344702;
0.217277;
0.141801;
0.15815;
0.133773;
0.117353;
0.116552;
0.114615;
0.105353;
0.129185;
0.163632;
0.154074;
0.118599;
0.107589;
0.106727;
0.107973;
0.110346;
0.11331;
0.119916;
0.119884;
0.115717;
0.115443;
0.156569;
0.119742;
0.108361;
0.106093;
0.121099;
0.108805;
0.115189;
0.226814;
0.104547;
0.11236;
0.108954;
0.128001;
0.120365;
0.129555;
0.114917;
0.11108;
0.125242;
0.211994;
0.201818;
0.116846;
0.107758;
0.109121;
0.104718;
0.106776;
0.107153;
0.109295;
0.107649;
0.105786;
0.107964;
0.106046;
0.10686;
0.10818;
0.105743;
0.105877;
0.107898;
0.110225;
0.110783;
0.10683;
0.108256;
0.108171;
0.10598;
0.107369;
0.106115;
0.104832;
0.105995;
0.107089;
0.106308;
0.108376;
0.10952;
0.106567;
0.109259;
0.208305;
0.14045;
0.114863;
0.102386;
0.113246;
0.148436;
0.13898;
0.15106;
0.128267;
0.145806;
0.169457;
0.122496;
0.11368;
0.104717;
0.112059;
0.103045;
0.135438;
0.132451;
0.139803;
0.105183;
0.128644;
0.104559;
0.110705;
0.124363;
0.103903;
0.110158;
0.104371;
0.114009;
0.138642;
0.119564;
0.121874;
0.107495;
0.121438;
0.123866;
0.105886;
0.123128;
0.111938;
0.120588;
0.137952;
0.151839;
0.125929;
0.114715;
0.159165;
0.104457;
0.11029;
0.107402;
0.10634;
0.112189;
0.111151;
0.204795;
0.123656;
0.109002;
0.106555;
0.107734;
0.105354;
0.108817;
0.108138;
0.123007;
0.106557;
0.105655;
0.109559;
0.103247;
0.106941;
0.105935;
0.107486;
0.108944;
0.109625;
0.119341;
0.107032;
0.107603;
0.105917;
0.105998;
0.108413;
0.138919;
0.107676;
0.106418;
0.112351;
0.133473;
0.109095;
0.106504;
0.109547;
0.122088;
0.124602;
0.117294;
0.10799;
0.108312;
0.1234;
0.109352;
0.113611;
0.117549;
0.108284;
0.107515;
0.110679;
0.123433;
0.105528;
0.115832;
0.103156;
0.108669;
0.10978;
0.109112;
0.110678;
0.118148;
0.137102;
0.116311;
0.153461;
0.10899;
0.113076;
0.119178;
0.111832;
0.119888;
0.104066;
0.11307;
0.116467;
0.110164;
0.136511;
0.107736;
0.107684;
0.109163;
0.110095;
0.106175;
0.111715;
0.136758;
0.11228;
0.105858;
0.107221;
0.105714;
0.108123;
0.108266;
0.108329;
0.105524;
0.127572;
0.104698;
0.127586;
0.121311;
0.110708;
0.121928;
0.126009;
0.145668;
0.106264;
0.107674;
0.109059;
0.108633;
0.107101;
0.111071;
0.109468;
0.103471;
0.114532;
0.115926;
0.109961;
0.10758;
0.106062;
0.108789;
0.106134;
0.10726;
0.108289;
0.109653;
0.117774;
0.109904;
0.108584;
0.103939;
0.125361;
0.104541;
0.108929;
0.110088;
0.106198;
0.112049;
0.105478;
0.106947;
0.123286;
0.107174;
0.109407;
0.111054;
0.106243;
0.111219;
0.106745;
0.110773;
0.108856;
0.108313;
0.107484;
0.109046;
0.107518;
0.10703;
0.109676;
0.109288;
0.106195;
0.109405;
0.107991;
0.107579;
0.10954;
0.106622;
0.107882;
0.109931;
0.109131;
0.108875;
0.107282;
0.106203;
0.107866;
0.10884;
0.110362;
0.112639;
0.106884;
0.108145;
0.107253;
0.11193;
0.106841;
0.109723;
0.107566;
0.107992;
0.110842;
0.10761;
0.108525;
0.109432;
0.109252;
0.107758;
0.10666;
0.10936;
0.106147;
0.105775;
0.109952;
0.106848;
0.108353;
0.109231;
0.106952;
0.107989;
0.106574;
0.108877;
0.107518;
0.108024;
0.109682;
0.108051;
0.108795;
0.106916;
0.110196;
0.108047;
0.108437;
0.110477;
0.106917;
0.108765;
0.107802;
0.109424;
0.10704;
0.108077;
0.110094;
0.107609;
0.110778;
0.10836;
0.107196;
0.108492;
0.107788;
0.109118;
0.107982;
0.109987;
0.106562;
0.109878;
0.109191;
0.108891;
0.11297;
0.105814;
0.106332;
0.105425;
0.10862;
0.10869;
0.107586;
0.109681;
0.106449;
0.109732;
0.106207;
0.107912;
0.108435;
0.105988;
0.105384;
0.107891;
0.111249;
0.105752;
0.107196;
0.108124;
0.109983;
0.110917;
0.106034;
0.108565;
0.108078;
0.108928;
0.108814;
0.10997;
0.108882;
0.11026;
0.106025;
0.110014;
0.106893;
0.109562;
0.109931;
0.106897;
0.108317;
0.110142;
0.107895;
0.109375;
0.10977;
0.109665;
0.108597;
0.108108;
0.109845;
0.1089;
0.106804;
0.108424;
0.108893;
0.109014;
0.108321;
0.109277;
0.11576;
0.11557;
0.110192;
0.106769;
0.108485;
0.107905;
0.108587;
0.108653;
0.109827;
0.10815;
0.111342;
0.108387;
0.112526;
0.107043;
0.106657;
0.106905;
0.109449;
0.110052;
0.112479;
0.134146;
0.126866;
0.107614;
0.110912;
0.135537;
0.141067;
0.109857;
0.133189;
0.107762;
0.107007;
0.110159;
0.108762;
0.102842;
0.107855;
0.109125;
0.111713;
0.106791;
0.109196;
0.11068;
0.107128;
0.108704;
0.106756;
0.107268;
0.112889;
0.10572;
0.111445;
0.122383;
0.107451;
0.109791;
0.108546;
0.107924;
0.110332;
0.106993;
0.107395;
0.123476;
0.106815;
0.108821;
0.123288;
0.11167;
0.108409;
0.105972;
0.10927;
0.107289;
0.110074;
0.107208;
0.109517;
0.104294;
0.11258;
0.102101;
0.109731;
0.110454;
0.108437;
0.110837;
0.108101;
0.108775;
0.108569;
0.107327;
0.10754;
0.107493;
0.109135;
0.109649;
0.108245;
0.109136;
0.109101;
0.108851;
0.108676;
0.107227;
0.112302;
0.110222;
0.10651;
0.108808;
0.11058;
0.107621;
0.109555;
0.109833;
0.105641;
0.109211;
0.108177;
0.108671;
0.10808;
0.106814;
0.109371;
0.108296;
0.117386;
0.115291;
0.106828;
0.110427;
0.107351;
0.108721;
0.108291;
0.107839;
0.107824;
0.105497;
0.109063;
0.110083;
0.108658;
0.108507;
0.110998;
0.107022;
0.109489;
0.105414;
0.111187;
0.105276;
0.109023;
0.107353;
0.111808;
0.105095;
0.111259;
0.10494;
0.113237;
0.103268;
0.117955;
0.125332;
0.203261;
0.136837;
0.13044;
0.146876;
0.158269;
0.115702;
0.142283;
0.110959;
0.105491;
0.110105;
0.106839;
0.10874;
0.109536;
0.109258;
0.109272;
0.11007;
0.1073;
0.109344;
0.108245;
0.110711;
0.105308;
0.109543;
0.106131;
0.108498;
0.109911;
0.108454;
0.110075;
0.106767;
0.107562;
0.105965;
0.108627;
0.109338;
0.109352;
0.110693;
0.107893;
0.107402;
0.11008;
0.108832;
0.108046;
0.10885;
0.109373;
0.105777;
0.108833;
0.108156;
0.117678;
0.117829;
0.118697;
0.117613;
0.10933;
0.106145;
0.109682;
0.106982;
0.108808;
0.108161;
0.109218;
0.105654;
0.109794;
0.10861;
0.113363;
0.119155;
0.139733;
0.109076;
0.106535;
0.108171;
0.110192;
0.11023;
0.112488;
0.108607;
0.107683;
0.109037;
0.109288;
0.109182;
0.107591;
0.104289;
0.190037;
0.228841;
0.108251;
0.109928;
0.106946;
0.108852;
0.107511;
0.109356;
0.106275;
0.10792;
0.10803;
0.108074;
0.109318;
0.106485;
0.110644;
0.106672;
0.109735;
0.107522;
0.108287;
0.110981;
0.10808;
0.108089;
0.113375;
0.105719;
0.109399;
0.109831;
0.107173;
0.107302;
0.108181;
0.10765;
0.107342;
0.109481;
0.107475;
0.109103;
0.108605;
0.106635;
0.107825;
0.109053;
0.10833;
0.1088;
0.109106;
0.106656;
0.107702;
0.108131;
0.10809;
0.107854;
0.106342;
0.110417;
0.109885;
0.109126;
0.105862;
0.107574;
0.106854;
0.109777;
0.109259;
0.108985;
0.108947;
0.10844;
0.107986;
0.108798;
0.109958;
0.10735;
0.108492;
0.108077;
0.109624;
0.106916;
0.10733;
0.108477;
0.108732;
0.107731;
0.107877;
0.11023;
0.109662;
0.108728;
0.108746;
0.120635;
0.1115;
0.108157;
0.106256;
0.108178;
0.110296;
0.106959;
0.10939;
0.109689;
0.108171;
0.110341;
0.107464;
0.107796;
0.112635;
0.104221;
0.107131;
0.110781;
0.10718;
0.108616;
0.109326;
0.111507;
0.107202;
0.107413;
0.110059;
0.107511;
0.108781;
0.10839;
0.109612;
0.109064;
0.109415;
0.106141;
0.110834;
0.108094;
0.110169;
0.108308;
0.110469;
0.108477;
0.106319;
0.108208;
0.107995;
0.107266;
0.110759;
0.107972;
0.110506;
0.109923;
0.107296;
0.129807;
0.135372;
0.107599;
0.111538;
0.107615;
0.106977;
0.119417;
0.11291;
0.107595;
0.107916;
0.111631;
0.106751;
0.110114;
0.107644;
0.110292;
0.106101;
0.111567;
0.105503;
0.110931;
0.120184;
0.108597;
0.107378;
0.107041;
0.10804;
0.108609;
0.111725;
0.104937;
0.111279;
0.120542;
0.106802;
0.108464;
0.106896;
0.108618;
0.107061;
0.107867;
0.106961;
0.108383;
0.109081;
0.108193;
0.108587;
0.107607;
0.109171;
0.106847;
0.1091;
0.108505;
0.107979;
0.107452;
0.109012;
0.10732;
0.106397;
0.107048;
0.108815;
0.107904;
0.110578;
0.105606;
0.108415;
0.108261;
0.10981;
0.106587;
0.107658;
0.122143;
0.105895;
0.107574;
0.108915;
0.109285;
0.108858;
0.108736;
0.11099;
0.107281;
0.106246;
0.110341;
0.106908;
0.107415;
0.111802;
0.105799;
0.108789;
0.107793;
0.110326;
0.10872;
0.106915;
0.112693;
0.108183;
0.107057;
0.124224;
0.111795;
0.105856;
0.111202;
0.105683;
0.107203;
0.1117;
0.10534;
0.109515;
0.106185;
0.106044;
0.108815;
0.10891;
0.109941;
0.106712;
0.107076;
0.113112;
0.107412;
0.106785;
0.109973;
0.109821;
0.106048;
0.109764;
0.106967;
0.123446;
0.142786;
0.107132;
0.106662;
0.107741;
0.110889;
0.108112;
0.110686;
0.107252;
0.108084;
0.108777;
0.109981;
0.108406;
0.114227;
0.118648;
0.107904;
0.106918;
0.109767;
0.10959;
0.109767;
0.106496;
0.105918;
0.105544;
0.110043;
0.106949;
0.10931;
0.10801;
0.108616;
0.111055;
0.108998;
0.110124;
0.107729;
0.109376;
0.10378;
0.117015;
0.113951;
0.108203;
0.111603;
0.108321;
0.109639;
0.107583;
0.10821;
0.107354;
0.110703;
0.107323;
0.10726;
0.110605;
0.106775;
0.109234;
0.10991;
0.105885;
0.10634;
0.107471;
0.111474;
0.120608;
0.112141;
0.106111;
0.106896;
0.110538;
0.106907;
0.11065;
0.10866;
0.107889;
0.110676;
0.105936;
0.107896;
0.107636;
0.105636;
0.107784;
0.111382;
0.107925;
0.121131;
0.109434;
0.106635;
0.110428;
0.108062;
0.105951;
0.10828;
0.109927;
0.108513;
0.106728;
0.107136;
0.108491;
0.108053;
0.10985;
0.10817;
0.107227;
0.111502;
0.108378;
0.108254;
0.106482;
0.107037;
0.107332;
0.107795;
0.10728;
0.108889;
0.108936;
0.107214;
0.108123;
0.10916;
0.11225;
0.106257;
0.108568;
0.109446;
0.107113;
0.109759;
0.106759;
0.110234;
0.108815;
0.10877;
0.107995;
0.107223;
0.108603;
0.106645;
0.109854;
0.108367;
0.108;
0.109653;
0.122965;
0.107985;
0.109594;
0.108495;
0.107688;
0.10978;
0.109477;
0.107555;
0.11058;
0.105008;
0.106771;
0.108147;
0.10808;
0.108517;
0.106173;
0.108919;
0.108512;
0.11354;
0.104749;
0.109551;
0.103237;
0.108055;
0.108342;
0.1067;
0.107839;
0.10877;
0.106932;
0.106596;
0.110034;
0.10843;
0.108703;
0.108322;
0.106994;
0.107961;
0.109141;
0.109992;
0.106921;
0.10664;
0.106082;
0.110026;
0.10726;
0.109046;
0.109532;
0.108623;
0.108944;
0.108017;
0.107573;
0.10818;
0.106701;
0.11204;
0.101937;
0.107979;
0.109676;
0.107526;
0.10705;
0.109061;
0.10833;
0.111798;
0.107772;
0.113267;
0.120693;
0.10592;
0.109886;
0.109156;
0.109663;
0.110415;
0.106736;
0.107571;
0.110316;
0.105825;
0.110303;
0.106315;
0.109439;
0.111548;
0.104361;
0.109557;
0.106829;
0.107752;
0.110316;
0.107424;
0.109317;
0.10732;
0.108063;
0.109814;
0.108841;
0.109116;
0.107052;
0.107722;
0.10642;
0.110155;
0.107426;
0.10913;
0.109783;
0.108575;
0.106328;
0.110954;
0.108848;
0.107839;
0.112018;
0.106961;
0.111367;
0.126055;
0.110401;
0.104507;
0.110105;
0.106677;
0.109468;
0.108189;
0.108663;
0.112853;
0.106034;
0.109185;
0.110672;
0.111977;
0.108847;
0.110982;
0.105291;
0.107531;
0.106876;
0.109428;
0.106771;
0.124282;
0.147811;
0.108916;
0.150736;
0.113971;
0.130164;
0.112663;
0.12906;
0.120434;
0.107235;
0.108134;
0.107133;
0.107986;
0.107012;
0.108502;
0.108423;
0.109074;
0.104619;
0.110201;
0.105731;
0.109236;
0.108934;
0.109327;
0.108803;
0.110589;
0.106877;
0.107535;
0.107178;
0.109695;
0.1207;
0.108403;
0.105981;
0.107391;
0.11087;
0.104982;
0.10778;
0.109654;
0.109115;
0.114813;
0.103431;
0.110014;
0.107511;
0.10968;
0.1083;
0.110694;
0.108064;
0.107746;
0.109774;
0.107553;
0.107151;
0.10931;
0.107954;
0.107238;
0.110446;
0.105566;
0.111102;
0.111314;
0.106311;
0.109104;
0.106778;
0.107783;
0.108006;
0.105991;
0.108849;
0.107394;
0.106746;
0.109814;
0.107412;
0.109955;
0.106109;
0.106758;
0.108285;
0.111165;
0.10692;
0.108251;
0.107726;
0.109983;
0.107722;
0.107498;
0.107444;
0.108107;
0.110074;
0.107626;
0.111078;
0.109472;
0.105256;
0.10648;
0.106944;
0.109181;
0.110218;
0.105875;
0.108126;
0.109674;
0.108306;
0.108666;
0.109934;
0.109201;
0.106955;
0.110534;
0.108523;
0.109352;
0.106794;
0.110031;
0.108806;
0.108845;
0.106981;
0.108424;
0.106545;
0.114635;
0.105559;
0.109105;
0.106806;
0.106944;
0.109325;
0.107081;
0.108544;
0.108119;
0.107031;
0.108841;
0.10699;
0.111072;
0.115684;
0.113211;
0.109;
0.121617;
0.133842;
