0.11518;
0.106724;
0.108921;
0.109002;
0.109878;
0.112827;
0.124559;
0.116406;
0.123341;
0.113548;
0.134058;
0.130186;
0.136887;
0.113746;
0.157688;
0.152205;
0.106064;
0.122839;
0.116373;
0.115489;
0.115583;
0.272307;
0.20806;
0.120449;
0.110253;
0.120022;
0.124802;
0.1384;
0.125926;
0.120092;
0.118313;
0.177788;
0.158225;
0.31566;
0.192389;
0.115292;
0.10752;
0.111076;
0.140095;
0.13916;
0.112974;
0.148442;
0.109062;
0.107466;
0.107353;
0.108152;
0.108752;
0.109104;
0.106605;
0.122696;
0.107815;
0.108743;
0.108553;
0.10969;
0.108825;
0.107901;
0.109892;
0.107857;
0.110178;
0.108269;
0.108512;
0.107121;
0.109004;
0.109594;
0.107148;
0.10787;
0.109912;
0.108633;
0.110184;
0.108161;
0.107475;
0.108324;
0.107017;
0.107966;
0.110366;
0.108781;
0.108442;
0.10922;
0.109807;
0.107108;
0.108534;
0.1117;
0.10818;
0.108988;
0.109551;
0.107961;
0.110258;
0.108936;
0.108014;
0.108397;
0.106833;
0.108448;
0.110749;
0.110307;
0.109344;
0.10988;
0.113173;
0.106;
0.106777;
0.108075;
0.108355;
0.107195;
0.110066;
0.108936;
0.108625;
0.107647;
0.108145;
0.110304;
0.108674;
0.108912;
0.109898;
0.107632;
0.108383;
0.111029;
0.110863;
0.107531;
0.107838;
0.108729;
0.10865;
0.109828;
0.106648;
0.108547;
0.10708;
0.108554;
0.109493;
0.107065;
0.107666;
0.111135;
0.109455;
0.108615;
0.106711;
0.109305;
0.109542;
0.108375;
0.107836;
0.106575;
0.112991;
0.106485;
0.10953;
0.108951;
0.108759;
0.107859;
0.111675;
0.10866;
0.109729;
0.110671;
0.104897;
0.108601;
0.107818;
0.106704;
0.10813;
0.109315;
0.110343;
0.109251;
0.109599;
0.108717;
0.109518;
0.105941;
0.108923;
0.10765;
0.1088;
0.108597;
0.107734;
0.108903;
0.108805;
0.111499;
0.106696;
0.109513;
0.107914;
0.109267;
0.109258;
0.107854;
0.107552;
0.107991;
0.108486;
0.110882;
0.108676;
0.108592;
0.107773;
0.107857;
0.105682;
0.107789;
0.108718;
0.108883;
0.111404;
0.108899;
0.105943;
0.11052;
0.108679;
0.107658;
0.107919;
0.109858;
0.1092;
0.109212;
0.108576;
0.108848;
0.109222;
0.111188;
0.107746;
0.10967;
0.105816;
0.106626;
0.106705;
0.110752;
0.112415;
0.10322;
0.113158;
0.104177;
0.110093;
0.106805;
0.110363;
0.105964;
0.109293;
0.109746;
0.111827;
0.112494;
0.108169;
0.107756;
0.10719;
0.106614;
0.106468;
0.110137;
0.107565;
0.106393;
0.107381;
0.107008;
0.107083;
0.107065;
0.107946;
0.106912;
0.108506;
0.107972;
0.1085;
0.10831;
0.108263;
0.109773;
0.113851;
0.121871;
0.106802;
0.107553;
0.108272;
0.107588;
0.107946;
0.107891;
0.105958;
0.108669;
0.106564;
0.109574;
0.10937;
0.107357;
0.108849;
0.106534;
0.107015;
0.109556;
0.110947;
0.106739;
0.109376;
0.107791;
0.107232;
0.109518;
0.109043;
0.106823;
0.109218;
0.10566;
0.107465;
0.107511;
0.107182;
0.104915;
0.107146;
0.108187;
0.120615;
0.121598;
0.125172;
0.151112;
0.104687;
0.107504;
0.123865;
0.110316;
0.108178;
0.108013;
0.106552;
0.108995;
0.109734;
0.111519;
0.11022;
0.104332;
0.107385;
0.110676;
0.107239;
0.110574;
0.108786;
0.109999;
0.107599;
0.109804;
0.105738;
0.10975;
0.1086;
0.105476;
0.107806;
0.108877;
0.109016;
0.106271;
0.107128;
0.107263;
0.109597;
0.110152;
0.109908;
0.106257;
0.10619;
0.108605;
0.107937;
0.111638;
0.104098;
0.109343;
0.108749;
0.112413;
0.106087;
0.10941;
0.110014;
0.107817;
0.108688;
0.109113;
0.106249;
0.110478;
0.108985;
0.107119;
0.106433;
0.108977;
0.111398;
0.109673;
0.120029;
0.108663;
0.109466;
0.108536;
0.108059;
0.111527;
0.108185;
0.108424;
0.108717;
0.108148;
0.108424;
0.108623;
0.109792;
0.107763;
0.114069;
0.120303;
0.107982;
0.109511;
0.107466;
0.10805;
0.10819;
0.107036;
0.107933;
0.107459;
0.109929;
0.108735;
0.107817;
0.10812;
0.110779;
0.110977;
0.108729;
0.107403;
0.108517;
0.10843;
0.108775;
0.105938;
0.108282;
0.10805;
0.107675;
0.10927;
0.107149;
0.166329;
0.114686;
0.108568;
0.108963;
0.106988;
0.108852;
0.108942;
0.190586;
0.103847;
0.108626;
0.106382;
0.109037;
0.107327;
0.110926;
0.105232;
0.109822;
0.107119;
0.108779;
0.107982;
0.107426;
0.109861;
0.109608;
0.110729;
0.106488;
0.10709;
0.108289;
0.107415;
0.109612;
0.108484;
0.107739;
0.106894;
0.107563;
0.107809;
0.106751;
0.107924;
0.105623;
0.111748;
0.106641;
0.108723;
0.106821;
0.108812;
0.108571;
0.108033;
0.107827;
0.109413;
0.107707;
0.107683;
0.107953;
0.109621;
0.107454;
0.110206;
0.106392;
0.108216;
0.107496;
0.107646;
0.111202;
0.108288;
0.112133;
0.108254;
0.110574;
0.106278;
0.107856;
0.107458;
0.108108;
0.110422;
0.111627;
0.106608;
0.107008;
0.107292;
0.110016;
0.108029;
0.108352;
0.110215;
0.10918;
0.108141;
0.110285;
0.10881;
0.109604;
0.104744;
0.108228;
0.11129;
0.109825;
0.111619;
0.109711;
0.106775;
0.108346;
0.107177;
0.106696;
