0.133934;
0.139538;
0.134914;
0.227089;
0.201168;
0.150306;
0.116487;
0.123061;
0.109808;
0.110379;
0.110031;
0.10959;
0.104754;
0.105745;
0.109782;
0.118709;
0.116996;
0.186036;
0.244591;
0.228814;
0.21918;
0.16965;
0.241371;
0.255752;
0.249451;
0.209062;
0.15858;
0.152152;
0.12108;
0.106774;
0.108985;
0.106161;
0.117218;
0.148912;
0.162194;
0.123742;
0.108662;
0.111073;
0.107196;
0.106132;
0.107595;
0.107388;
0.110124;
0.108221;
0.11132;
0.105058;
0.109142;
0.107476;
0.1095;
0.108627;
0.107961;
0.10854;
0.108896;
0.11125;
0.107404;
0.108164;
0.107913;
0.109008;
0.10738;
0.108502;
0.107339;
0.109841;
0.106823;
0.109984;
0.107263;
0.108166;
0.107884;
0.11178;
0.107115;
0.110049;
0.106602;
0.106177;
0.107617;
0.10972;
0.10656;
0.108158;
0.110635;
0.103885;
0.107317;
0.108811;
0.127383;
0.105408;
0.109634;
0.107002;
0.107196;
0.107182;
0.108514;
0.106985;
0.108085;
0.107956;
0.108413;
0.107595;
0.109274;
0.106952;
0.108645;
0.108254;
0.110345;
0.108246;
0.107286;
0.106988;
0.107876;
0.108935;
0.108956;
0.107092;
0.108262;
0.106885;
0.10813;
0.107693;
0.107633;
0.109869;
0.107948;
0.107008;
0.105657;
0.108989;
0.108975;
0.107283;
0.108908;
0.109422;
0.107435;
0.108174;
0.109513;
0.108056;
0.107705;
0.110301;
0.111501;
0.113177;
0.104348;
0.107456;
0.109235;
0.108957;
0.108758;
0.107148;
0.108639;
0.118442;
0.11704;
0.109366;
0.108652;
0.109625;
0.107737;
0.10991;
0.107096;
0.116073;
0.124988;
0.117686;
0.10897;
0.105636;
0.109079;
0.106882;
0.11175;
0.108843;
0.109706;
0.108217;
0.109258;
0.108896;
0.107649;
0.109519;
0.108439;
0.124946;
0.109017;
0.107978;
0.108647;
0.107232;
0.108712;
0.108545;
0.109907;
0.109589;
0.10804;
0.107476;
0.107706;
0.10694;
0.108294;
0.108464;
0.108387;
0.109574;
0.106719;
0.112132;
0.104949;
0.10854;
0.106828;
0.106984;
0.112418;
0.104006;
0.108226;
0.108235;
0.107847;
0.107151;
0.107766;
0.107669;
0.109895;
0.107327;
0.107913;
0.110394;
0.107274;
0.108721;
0.108256;
0.107964;
0.1091;
0.105685;
0.108577;
0.106849;
0.108457;
0.109416;
0.110212;
0.105829;
0.107894;
0.111418;
0.107007;
0.108212;
0.109519;
0.112154;
0.119571;
0.107753;
0.105138;
0.107703;
0.107925;
0.107797;
0.107831;
0.109709;
0.105658;
0.107855;
0.109395;
0.10884;
0.107886;
0.10865;
0.108864;
0.107957;
0.11015;
0.110207;
0.10929;
0.107807;
0.106467;
0.10748;
0.108825;
0.107658;
0.107132;
0.110864;
0.109124;
0.108221;
0.109374;
0.107114;
0.108556;
0.106828;
0.109914;
0.111157;
0.106949;
0.10905;
0.107461;
0.108089;
0.107768;
0.109631;
0.107785;
0.110922;
0.109846;
0.10554;
0.108013;
0.110489;
0.106869;
0.106743;
0.108628;
0.106338;
0.108336;
0.10912;
0.110116;
0.107859;
0.106176;
0.111745;
0.106263;
0.107653;
0.110902;
0.107909;
0.107317;
0.108011;
0.109554;
0.107233;
0.107228;
0.10807;
0.110223;
0.106832;
0.107331;
0.110662;
0.10709;
0.108048;
0.109888;
0.106734;
0.109495;
0.109229;
0.11337;
0.121041;
0.110427;
0.10749;
0.108136;
0.115458;
0.117092;
0.242875;
0.545157;
0.134176;
0.114253;
0.106046;
0.110403;
0.107218;
0.107786;
0.107892;
0.109924;
0.129143;
0.105692;
0.110787;
0.108736;
0.105768;
0.109155;
0.116308;
0.104951;
0.108339;
0.10875;
0.106246;
0.107055;
0.111289;
0.105241;
0.108082;
0.107329;
0.107845;
0.107991;
0.107167;
0.105066;
0.110871;
0.106828;
0.109796;
0.106329;
0.109735;
0.1092;
0.106632;
0.108722;
0.107771;
0.106704;
0.106769;
0.108815;
0.107611;
0.107368;
0.113362;
0.10293;
0.106423;
0.106803;
0.110789;
0.105975;
0.107442;
0.107718;
0.108028;
0.107587;
0.108648;
0.108144;
0.107573;
0.109998;
0.106117;
0.110894;
0.104461;
0.108891;
0.110163;
0.109774;
0.107102;
0.107059;
0.1079;
0.114311;
0.104722;
0.109378;
0.119134;
0.107282;
0.106975;
0.107792;
0.107591;
0.10805;
0.105409;
0.108863;
0.108424;
0.109704;
0.107077;
0.108717;
0.107434;
0.106714;
0.107787;
0.110437;
0.105923;
0.106544;
0.109437;
0.108669;
0.108491;
0.110373;
0.107724;
0.10661;
0.107275;
0.109026;
0.109326;
0.107321;
0.108051;
0.108455;
0.106615;
0.106922;
0.108298;
0.108751;
0.107234;
0.1094;
0.107165;
0.108643;
0.10772;
0.107992;
0.107665;
0.106987;
0.109495;
0.107552;
0.108066;
0.109553;
0.108465;
0.109999;
0.106905;
0.10877;
0.106847;
0.108798;
0.109517;
0.104042;
0.109014;
0.108912;
0.108068;
0.110872;
0.111097;
0.10578;
0.109585;
0.108447;
0.108835;
0.108486;
0.108928;
0.108746;
0.107863;
0.108494;
0.107534;
0.107442;
0.10895;
0.107853;
0.109616;
0.108316;
0.107397;
0.107581;
0.107535;
0.111091;
0.108524;
0.110086;
0.109866;
0.107722;
0.106827;
0.110118;
0.108511;
0.110591;
0.124416;
0.105652;
0.108264;
0.108444;
0.108061;
0.108915;
0.10869;
0.107737;
0.108322;
0.107728;
0.107161;
0.110911;
0.105524;
0.108599;
0.108911;
0.105811;
0.109951;
0.107657;
0.109585;
0.108325;
0.107569;
0.107244;
0.110099;
0.109402;
0.108175;
0.107967;
0.110366;
0.108668;
0.107958;
0.109952;
0.108562;
0.108686;
0.108575;
0.10744;
0.10665;
0.111494;
0.103522;
0.10916;
0.108479;
0.109769;
0.108105;
0.106343;
0.109516;
0.11009;
0.106516;
0.107822;
