0.100657;
0.100658;
0.100659;
0.100666;
0.100662;
0.100668;
0.100673;
0.100657;
0.10066;
0.100666;
0.100663;
0.100657;
0.10067;
0.100666;
0.100659;
0.100662;
0.100658;
0.100697;
0.100633;
0.100662;
0.100666;
0.100671;
0.101047;
0.100772;
0.10067;
0.100655;
0.100667;
0.10067;
0.100666;
0.100662;
0.100666;
0.100755;
0.102066;
0.100663;
0.100687;
0.100645;
0.100659;
0.100692;
0.100634;
0.100668;
0.100659;
0.100668;
0.101159;
0.100664;
0.100659;
0.100674;
0.100656;
0.100676;
0.100647;
0.100667;
0.100713;
0.100615;
0.100669;
0.100652;
0.100663;
0.100672;
0.100657;
0.100672;
0.100658;
0.100673;
0.10065;
0.100664;
0.100666;
0.100671;
0.100662;
0.100651;
0.100669;
0.101174;
0.100654;
0.100665;
0.100665;
0.100658;
0.100669;
0.100659;
0.10066;
0.100666;
0.100661;
0.100662;
0.100672;
0.100663;
0.100659;
0.100656;
0.100688;
0.100646;
0.100668;
0.100659;
0.100658;
0.100668;
0.100661;
0.100671;
0.100665;
0.100656;
0.101555;
0.102775;
0.100659;
0.100673;
0.100663;
0.100661;
0.100672;
0.100654;
0.100662;
0.100665;
0.100665;
0.100673;
0.100652;
0.100668;
0.100663;
0.100657;
0.100666;
0.100692;
0.100624;
0.100675;
0.100656;
0.100676;
0.100656;
0.100659;
0.100665;
0.100663;
0.100668;
0.100663;
0.100674;
0.100661;
0.100663;
0.100658;
0.100661;
0.100668;
0.10066;
0.100665;
0.101171;
0.100671;
0.100647;
0.100662;
0.100657;
0.100681;
0.10115;
0.100657;
0.100686;
0.100649;
0.100665;
0.100659;
0.100663;
0.100672;
0.100659;
0.100683;
0.100646;
0.100661;
0.10066;
0.10067;
0.100663;
0.10072;
0.100602;
0.100717;
0.100611;
0.100659;
0.100672;
0.100659;
0.100663;
0.100664;
0.100662;
0.101747;
0.107101;
0.100657;
0.100659;
0.100667;
0.100655;
0.100671;
0.100675;
0.10065;
0.100666;
0.102501;
0.10233;
0.100666;
0.100679;
0.100642;
0.100664;
0.100663;
0.100663;
0.100693;
0.100641;
0.100711;
0.100606;
0.100666;
0.100661;
0.100661;
0.100668;
0.100661;
0.100672;
0.100661;
0.100655;
0.100665;
0.100677;
0.100677;
0.100633;
0.100666;
0.100664;
0.100661;
0.100978;
0.100347;
0.100664;
0.100662;
0.100665;
0.100682;
0.100645;
0.100663;
0.100661;
0.100668;
0.100693;
0.100627;
0.100664;
0.100664;
0.100672;
0.100667;
0.100649;
0.100667;
0.100657;
0.100668;
0.100663;
0.100657;
0.100673;
0.101698;
0.101138;
0.10141;
0.100909;
0.100657;
0.100673;
0.100661;
0.10166;
0.100667;
0.100663;
0.100654;
0.100661;
0.100684;
0.100646;
0.100675;
0.100656;
0.100659;
0.100683;
0.100644;
0.100671;
0.100655;
0.100668;
0.100668;
0.100656;
0.100666;
0.100665;
0.100689;
0.100632;
0.100664;
0.100673;
0.100647;
0.100669;
0.100682;
0.100643;
0.100667;
0.100659;
0.100664;
0.100672;
0.100653;
0.100666;
0.100661;
0.100667;
0.100656;
0.100661;
0.100679;
0.10065;
0.100669;
0.100661;
0.101165;
0.100666;
0.100654;
0.100665;
0.100661;
0.10067;
0.100681;
0.100646;
0.100672;
0.100653;
0.100663;
0.10066;
0.100665;
0.100665;
0.100663;
0.100666;
0.10067;
0.10065;
0.100664;
0.100666;
0.100714;
0.100796;
0.101975;
0.10067;
0.100665;
0.100661;
0.100684;
0.100641;
0.100661;
0.100661;
0.100667;
0.101239;
0.101592;
0.100663;
0.100656;
0.100668;
0.100862;
0.100462;
0.100663;
0.100678;
0.10065;
0.100676;
0.100656;
0.100672;
0.100974;
0.100858;
0.100659;
0.100675;
0.100654;
0.100657;
0.10067;
0.100675;
0.101154;
0.100653;
0.100661;
0.101314;
0.102043;
0.100643;
0.100665;
0.100663;
0.10071;
0.100846;
0.10043;
0.100665;
0.100662;
0.100665;
0.100665;
0.100661;
0.100729;
0.10068;
0.100588;
0.100661;
0.100665;
0.100668;
0.100711;
0.100608;
0.100668;
0.100659;
0.100672;
0.100656;
0.100666;
0.100672;
0.100659;
0.100656;
0.100663;
0.100666;
0.100666;
0.100657;
0.100657;
0.100668;
0.10067;
0.100656;
0.100661;
0.100667;
0.100663;
0.100672;
0.101155;
0.100658;
0.100671;
0.100687;
0.100631;
0.100673;
0.100661;
0.100672;
0.100739;
0.100586;
0.100657;
0.10066;
0.100678;
0.102151;
0.100672;
0.100652;
0.100666;
0.10259;
0.10324;
0.100663;
0.100661;
0.100669;
0.101175;
0.10065;
0.100674;
0.100655;
0.100663;
0.100663;
0.100692;
0.100636;
0.100661;
0.100684;
0.100639;
0.100663;
0.100686;
0.100648;
0.100665;
0.100666;
0.100649;
0.10067;
0.100697;
0.100624;
0.10067;
0.100663;
0.100659;
0.100851;
0.100978;
0.100718;
0.100608;
0.100915;
0.100412;
0.100663;
0.100916;
0.100433;
0.100649;
0.100652;
0.100666;
0.100672;
0.100657;
0.100663;
0.10066;
0.100663;
0.100665;
0.100668;
0.100657;
0.100661;
0.101161;
0.100671;
0.100659;
0.10067;
