0.109864;
0.106885;
0.109791;
0.108417;
0.117272;
0.153973;
0.15667;
0.199504;
0.187777;
0.185753;
0.161867;
0.189493;
0.227417;
0.164093;
0.17444;
0.164804;
0.166618;
0.144443;
0.218167;
0.133454;
0.119379;
0.155114;
0.146589;
0.155637;
0.133672;
0.17817;
0.341502;
0.501652;
0.253727;
0.126175;
0.102293;
0.130415;
0.139688;
0.116015;
0.11081;
0.15333;
0.122615;
0.105581;
0.110762;
0.107687;
0.145352;
0.152021;
0.117908;
0.109045;
0.106748;
0.10894;
0.10978;
0.10854;
0.107753;
0.108155;
0.106839;
0.107898;
0.109767;
0.107361;
0.108014;
0.107869;
0.109091;
0.108025;
0.10743;
0.107347;
0.109161;
0.113438;
0.104833;
0.107798;
0.109308;
0.107594;
0.10824;
0.109774;
0.106924;
0.108932;
0.106998;
0.107678;
0.106615;
0.111079;
0.106661;
0.107062;
0.10945;
0.107132;
0.10869;
0.10918;
0.107919;
0.110231;
0.120658;
0.108614;
0.111176;
0.105426;
0.110997;
0.107524;
0.108467;
0.107978;
0.108549;
0.107669;
0.113783;
0.10469;
0.10858;
0.108822;
0.109068;
0.110709;
0.116498;
0.115751;
0.106283;
0.108235;
0.111133;
0.103844;
0.106964;
0.107562;
0.108364;
0.109074;
0.106051;
0.110115;
0.110241;
0.107982;
0.108907;
0.108827;
0.107374;
0.110458;
0.107063;
0.107388;
0.108315;
0.111099;
0.108922;
0.105086;
0.108471;
0.10742;
0.10872;
0.107146;
0.109845;
0.115983;
0.102314;
0.10796;
0.108748;
0.110697;
0.107418;
0.108105;
0.11164;
0.106302;
0.110205;
0.108027;
0.108116;
0.10835;
0.109063;
0.106701;
0.109945;
0.105423;
0.112474;
0.108589;
0.108296;
0.110179;
0.106752;
0.105633;
0.107742;
0.109403;
0.109282;
0.107362;
0.108827;
0.107641;
0.108023;
0.109332;
0.109037;
0.107663;
0.108467;
0.108916;
0.109502;
0.107107;
0.108678;
0.106381;
0.10748;
0.112006;
0.111455;
0.104951;
0.107359;
0.10869;
0.108956;
0.108348;
0.109142;
0.109379;
0.11133;
0.105542;
0.109749;
0.104605;
0.108208;
0.108821;
0.107958;
0.107809;
0.10904;
0.109523;
0.108006;
0.107555;
0.108881;
0.107871;
0.108242;
0.106285;
0.111124;
0.10896;
0.109886;
0.108063;
0.109128;
0.105332;
0.108483;
0.10767;
0.109268;
0.109597;
0.107804;
0.110279;
0.105982;
0.109032;
0.109544;
0.106059;
0.108924;
0.110359;
0.110423;
0.105222;
0.10753;
0.107554;
0.108117;
0.110745;
0.106279;
0.111875;
0.108292;
0.107509;
0.107989;
0.108829;
0.106615;
0.10893;
0.118044;
0.114088;
0.109963;
0.107219;
0.107137;
0.109816;
0.107985;
0.109582;
0.115327;
0.102745;
0.109484;
0.107715;
0.108679;
0.10887;
0.107857;
0.109657;
0.107702;
0.108892;
0.110268;
0.108145;
0.110081;
0.110325;
0.108989;
0.109011;
0.107561;
0.107552;
0.107891;
0.108884;
0.106137;
0.10899;
0.107024;
0.10809;
0.108573;
0.10891;
0.109982;
0.105752;
0.110405;
0.107108;
0.108704;
0.1077;
0.111379;
0.108419;
0.109453;
0.110182;
0.10525;
0.108855;
0.107313;
0.107983;
0.110361;
0.107852;
0.108877;
0.10827;
0.111984;
0.106492;
0.110659;
0.107397;
0.108545;
0.108664;
0.115388;
0.133483;
0.10788;
0.108347;
0.109746;
0.107501;
0.107842;
0.107739;
0.107143;
0.109519;
0.107893;
0.10848;
0.108647;
0.108774;
0.114936;
0.116185;
0.106256;
0.110043;
0.106825;
0.108982;
0.109148;
0.110477;
0.108174;
0.109723;
0.109751;
0.107151;
0.107676;
0.109945;
0.107716;
0.108312;
0.108055;
0.108948;
0.107578;
0.11037;
0.108742;
0.108399;
0.107156;
0.108824;
0.107964;
0.109416;
0.108674;
0.109187;
0.136179;
0.16576;
0.173412;
0.116039;
0.110728;
0.107475;
0.106706;
0.10821;
0.10671;
0.109288;
0.108258;
0.108341;
0.109619;
0.109701;
0.10984;
0.10599;
0.109013;
0.109131;
0.10721;
0.110426;
0.108698;
0.107935;
0.110917;
0.106058;
0.107346;
0.10799;
0.108914;
0.107092;
0.110898;
0.108252;
0.109242;
0.107186;
0.107238;
0.108152;
0.108317;
0.108288;
0.10836;
0.112821;
0.105206;
0.109534;
0.11054;
0.105441;
0.106417;
0.109055;
0.107869;
0.107145;
0.108145;
0.108788;
0.107469;
0.110475;
0.105873;
0.110249;
0.104416;
0.107797;
0.107525;
0.109308;
0.109266;
0.107705;
0.108252;
0.10591;
0.106606;
0.109205;
0.106719;
0.108215;
0.108207;
0.108693;
0.108615;
0.108203;
0.108455;
0.107472;
0.109108;
0.108763;
0.10926;
0.111158;
0.108553;
0.108205;
0.106219;
0.106613;
0.112512;
0.107143;
0.106801;
0.110289;
0.108161;
0.107955;
0.109698;
0.110809;
0.104428;
0.108475;
0.107794;
0.107892;
0.1104;
0.108579;
0.108253;
0.105999;
0.111439;
0.10734;
0.110291;
0.1102;
0.104932;
0.111873;
0.102929;
0.110929;
0.105164;
0.108573;
0.106376;
0.107566;
0.105988;
0.110273;
0.107929;
0.110183;
0.107778;
0.108847;
0.10757;
0.10757;
0.108108;
0.112327;
0.10814;
0.108969;
0.108398;
0.106763;
0.108958;
0.108147;
0.10735;
0.108117;
0.108871;
0.112159;
0.119274;
0.150964;
0.132985;
0.140505;
0.107674;
0.122997;
0.151071;
0.130549;
0.107142;
0.107532;
0.108695;
0.10862;
0.107766;
0.107245;
0.109069;
0.10858;
0.107229;
0.107947;
0.108234;
0.108741;
0.108452;
0.10812;
0.108222;
0.107987;
0.10771;
0.110355;
0.107517;
0.109371;
0.108234;
0.109235;
0.119005;
0.132424;
0.121646;
0.147727;
0.126128;
0.116029;
0.110868;
0.10869;
0.108687;
0.109005;
0.10567;
0.108425;
0.109654;
0.108562;
0.11587;
0.118157;
0.109844;
0.107913;
0.13953;
0.118362;
0.123508;
0.103351;
0.107228;
0.113671;
0.122794;
0.108581;
0.108976;
0.105964;
0.10875;
0.108011;
0.108836;
0.108408;
0.110539;
0.1087;
0.106976;
0.107603;
0.111164;
0.107168;
0.108439;
0.108672;
0.108963;
0.110054;
0.108599;
0.108129;
0.108866;
0.109145;
0.109262;
0.109173;
0.109529;
0.10645;
0.108055;
0.109226;
0.107969;
0.108761;
0.108574;
0.120374;
0.113676;
0.109637;
0.104747;
0.108941;
0.108477;
0.109011;
0.107137;
0.108977;
0.109065;
0.113747;
0.119298;
0.10736;
0.108808;
0.107664;
0.106224;
0.108285;
0.108903;
0.10697;
0.108355;
0.112773;
0.106339;
0.1064;
0.109116;
0.107531;
0.109073;
0.106691;
0.109471;
0.107949;
0.108492;
0.110012;
0.106727;
0.108638;
0.110325;
0.10667;
0.10799;
0.106992;
0.109427;
0.106657;
0.107792;
0.110642;
0.113589;
0.104209;
0.107331;
0.112642;
0.104019;
0.117622;
0.116592;
0.108836;
0.106099;
0.111668;
0.105956;
0.109697;
0.105583;
0.108539;
0.109415;
0.108425;
0.108841;
0.112194;
0.107598;
0.109753;
0.107585;
0.108972;
0.109097;
0.110563;
0.10647;
0.107907;
0.108961;
0.105612;
0.110381;
0.106732;
0.10805;
0.110583;
0.109383;
0.108319;
0.109682;
0.108173;
0.107394;
0.109682;
0.108677;
0.106946;
0.111037;
0.108766;
0.107685;
0.108559;
0.107736;
0.108112;
0.10921;
0.104485;
0.109249;
0.108799;
0.11021;
0.109461;
0.110185;
0.108013;
0.107391;
0.108391;
0.108787;
0.109132;
0.108436;
0.107676;
0.108499;
0.107443;
0.107486;
0.108752;
0.1066;
0.11002;
0.108875;
0.110747;
0.105777;
0.110045;
0.110461;
0.107031;
0.108677;
0.108852;
0.106031;
0.110968;
0.105228;
0.11059;
0.107009;
0.109699;
0.107579;
0.109249;
0.112142;
0.105871;
0.105035;
0.110791;
0.107442;
0.10856;
0.111931;
0.106117;
0.107255;
0.108721;
0.107207;
0.107327;
0.10892;
0.109194;
0.109147;
0.108055;
0.107454;
0.108112;
0.112764;
0.104374;
0.111786;
0.104118;
0.108599;
0.108582;
0.11248;
0.104476;
0.112206;
0.107707;
0.108132;
0.108672;
0.109099;
0.106873;
0.109953;
0.107298;
0.109766;
0.106467;
0.109486;
0.107193;
0.110476;
0.106437;
0.107426;
0.109111;
0.108495;
0.116042;
0.115026;
0.108816;
0.116329;
0.104833;
0.106294;
0.108439;
0.108213;
0.109501;
0.108349;
0.112142;
0.10712;
0.115051;
0.119256;
0.11857;
0.119796;
0.102925;
0.126481;
0.107843;
0.105915;
0.108939;
0.110042;
0.108767;
0.107645;
0.109761;
0.109507;
0.10604;
0.107553;
0.107212;
0.10953;
0.10774;
0.11224;
0.110354;
0.106079;
0.108559;
0.108977;
0.106199;
0.108515;
0.109412;
0.110367;
0.106296;
0.109911;
0.109873;
0.10648;
0.108509;
0.107616;
0.10808;
0.108502;
0.108731;
0.107909;
0.107455;
0.107254;
0.108744;
0.107226;
0.108287;
0.10826;
0.109342;
0.108672;
0.108444;
0.108019;
0.108692;
0.109139;
0.109077;
0.107779;
0.10617;
0.10668;
0.107273;
0.110633;
0.108772;
0.10798;
0.109339;
0.107549;
0.106762;
0.108887;
0.110893;
0.107426;
0.110359;
0.10928;
0.10671;
0.109076;
0.109642;
0.109052;
0.109414;
0.107927;
0.108466;
0.10758;
0.109153;
0.107136;
0.11068;
0.106852;
0.109162;
0.107525;
0.107594;
0.107838;
0.109033;
0.10878;
0.114003;
0.104559;
0.107354;
0.106679;
0.108832;
0.106527;
0.108004;
0.112364;
0.106435;
0.105501;
0.108756;
0.108713;
0.108559;
0.108889;
0.110272;
0.107404;
0.109293;
0.107488;
0.108678;
0.107337;
0.108171;
0.108303;
0.108362;
0.109144;
0.110062;
0.108496;
0.108847;
0.107463;
0.108616;
0.110267;
0.108985;
0.106322;
0.11038;
0.123582;
0.107931;
0.108608;
0.107999;
0.108809;
0.11705;
0.101917;
0.107194;
0.112094;
0.107855;
0.110499;
0.120565;
0.10861;
0.108103;
0.108003;
0.109052;
0.109167;
0.10711;
0.108848;
0.109958;
0.108893;
0.109203;
0.107182;
0.109778;
0.11025;
0.106097;
0.109338;
0.110072;
0.105512;
0.1068;
0.106215;
0.110909;
0.107876;
0.110544;
0.106844;
0.108158;
0.107952;
0.107826;
0.105441;
0.108292;
0.1072;
0.107666;
0.108849;
0.108912;
0.106903;
0.1077;
0.110953;
0.107052;
0.108067;
0.107616;
0.106038;
0.112712;
0.107165;
0.10685;
0.1091;
0.107753;
0.106183;
0.11158;
0.105326;
0.107476;
0.108016;
0.109818;
0.107909;
0.107794;
0.10811;
0.109996;
0.109871;
0.106653;
0.109432;
0.110035;
0.109872;
0.108121;
0.110111;
0.106725;
0.108212;
0.109745;
0.107674;
0.105237;
0.108718;
0.105116;
0.108663;
0.109876;
0.109067;
0.107113;
0.10647;
0.107853;
0.109677;
0.108507;
0.108493;
0.106933;
0.109258;
0.112237;
0.107072;
0.107946;
0.106161;
0.109975;
