0.138541;
0.108818;
0.105028;
0.106913;
0.107881;
0.110138;
0.137951;
0.108191;
0.107721;
0.109682;
0.131294;
0.160885;
0.107614;
0.109886;
0.109074;
0.109048;
0.109918;
0.106396;
0.109291;
0.110271;
0.118827;
0.115285;
0.106607;
0.106933;
0.10581;
0.108183;
0.106833;
0.106845;
0.109023;
0.106487;
0.107252;
0.107682;
0.107;
0.109707;
0.105707;
0.10593;
0.10857;
0.109399;
0.107995;
0.105462;
0.104912;
0.105913;
0.107039;
0.110258;
0.103523;
0.10897;
0.110535;
0.110336;
0.112467;
0.131116;
0.115804;
0.108258;
0.110015;
0.109048;
0.108538;
0.108189;
0.110235;
0.108618;
0.107983;
0.107854;
0.106839;
0.107366;
0.110838;
0.110861;
0.107197;
0.108289;
0.109887;
0.107781;
0.109224;
0.108228;
0.106572;
0.109882;
0.107827;
0.107972;
0.10823;
0.108119;
0.104573;
0.105381;
0.109263;
0.107621;
0.10899;
0.106064;
0.108659;
0.108561;
0.111364;
0.107002;
0.107792;
0.108686;
0.10814;
0.109413;
0.10724;
0.107221;
0.108835;
0.108764;
0.108191;
0.108261;
0.110587;
0.110028;
0.108277;
0.106498;
0.109434;
0.1104;
0.106075;
0.110686;
0.107701;
0.111039;
0.107591;
0.10774;
0.106647;
0.109544;
0.110285;
0.108509;
0.107855;
0.108988;
0.106668;
0.105974;
0.106348;
0.107861;
0.109243;
0.109333;
0.107773;
0.109938;
0.106644;
0.108792;
0.109492;
0.111802;
0.107896;
0.108392;
0.106981;
0.111755;
0.108496;
0.107383;
0.107507;
0.110505;
0.108442;
0.110516;
0.108125;
0.109799;
0.111269;
0.117207;
0.110053;
0.107444;
0.117779;
0.130218;
0.107514;
0.105773;
0.106456;
0.107924;
0.109683;
0.108134;
0.113171;
0.133785;
0.107199;
0.106677;
0.106837;
0.106907;
0.107612;
0.110828;
0.107693;
0.107346;
0.107137;
0.108944;
0.109183;
0.106306;
0.108992;
0.107352;
0.106547;
0.107841;
0.107139;
0.106938;
0.108215;
0.107792;
0.110667;
0.107174;
0.108654;
0.122663;
0.111219;
0.109584;
0.108359;
0.108427;
0.107117;
0.106712;
0.124961;
0.108064;
0.107417;
0.105673;
0.106677;
0.1099;
0.109983;
0.10942;
0.107096;
0.107888;
0.107527;
0.108605;
0.109388;
0.120408;
