0.0149669, 7;
0.0151006, 7;
0.0168539, 7;
0.015177, 7;
0.0163748, 7;
0.0146289, 7;
0.0151005, 7;
0.0159659, 7;
0.0151331, 7;
0.0149266, 7;
0.0150356, 7;
0.0159946, 7;
0.0150122, 7;
0.0159319, 7;
0.0150394, 7;
0.0150222, 7;
0.0149783, 7;
0.0150184, 7;
0.0149787, 7;
0.0160483, 7;
0.0149183, 7;
0.0150069, 7;
0.0159785, 7;
0.0150013, 7;
0.0150288, 7;
0.0150104, 7;
0.0149421, 7;
0.0150734, 7;
0.0150016, 7;
0.0149205, 7;
0.0160139, 7;
0.0152595, 7;
0.0154553, 7;
0.0150482, 7;
0.0159035, 7;
0.0159754, 7;
0.0150028, 7;
0.0160322, 7;
0.0150663, 7;
0.0158604, 7;
0.0150334, 7;
0.0149414, 7;
0.0160085, 7;
0.0158888, 7;
0.0151283, 7;
0.0149112, 7;
0.0160279, 7;
0.0151964, 7;
0.0148101, 7;
0.0149564, 7;
0.0149354, 7;
0.015001, 7;
0.0159531, 7;
0.0161264, 7;
0.0148503, 7;
0.0150413, 7;
0.0159273, 7;
0.0159774, 7;
0.0150173, 7;
0.0149532, 7;
0.0150196, 7;
0.0149944, 7;
0.0149939, 7;
0.0159918, 7;
0.0160282, 7;
0.0149566, 7;
0.0150144, 7;
0.0149222, 7;
0.0150642, 7;
0.0159481, 7;
0.0150708, 7;
0.0149722, 7;
0.0149155, 7;
0.015961, 7;
0.016011, 7;
0.0160425, 7;
0.0149665, 7;
0.0149364, 7;
0.0159834, 7;
0.0150035, 7;
0.0149706, 7;
0.0160891, 7;
0.0149369, 7;
0.0150504, 7;
0.0159047, 7;
0.0150416, 7;
0.0149061, 7;
0.0151708, 7;
0.0149395, 7;
0.0150094, 7;
0.0161177, 7;
0.0149355, 7;
0.0150222, 7;
0.0149556, 7;
0.0161194, 7;
0.0148654, 7;
0.0150557, 7;
0.0149372, 7;
0.0160185, 7;
0.0159523, 7;
0.0159532, 7;
0.015175, 7;
0.0148096, 7;
0.0164074, 7;
0.0154318, 7;
0.0152246, 7;
0.0149399, 7;
0.0149839, 7;
0.0150039, 7;
0.015029, 7;
0.0149835, 7;
0.0149706, 7;
0.0159817, 7;
0.0150306, 7;
0.0159491, 7;
0.0150194, 7;
0.0160015, 7;
0.0150567, 7;
0.0149016, 7;
0.0150459, 7;
0.0159199, 7;
0.0149917, 7;
0.0150104, 7;
0.0159581, 7;
0.0150212, 7;
0.0160323, 7;
0.0159879, 7;
0.015003, 7;
0.0159374, 7;
0.0156389, 7;
0.0159201, 7;
0.0160039, 7;
0.0159253, 7;
0.0150263, 7;
0.0149811, 7;
0.0160587, 7;
0.0148811, 7;
0.015076, 7;
0.0159296, 7;
0.0161139, 7;
0.0158928, 7;
0.0149512, 7;
0.0149683, 7;
0.0149915, 7;
0.0150224, 7;
0.0150081, 7;
0.0160108, 7;
0.0149344, 7;
0.015021, 7;
0.0159878, 7;
0.0150244, 7;
0.0149349, 7;
0.0159695, 7;
0.0149809, 7;
0.0150113, 7;
0.0149728, 7;
0.0160461, 7;
0.0149744, 7;
0.0149598, 7;
0.0160104, 7;
0.0150445, 7;
0.0159274, 7;
0.0159845, 7;
0.0151605, 7;
0.0148524, 7;
0.015036, 7;
0.0154613, 7;
0.0150013, 7;
0.0159462, 7;
0.016128, 7;
0.015861, 7;
0.0160006, 7;
0.0159614, 7;
0.0150145, 7;
0.0150264, 7;
0.0154331, 7;
0.0160074, 7;
0.0160477, 7;
0.0151764, 7;
0.0157291, 7;
0.0149885, 7;
0.0160816, 7;
0.015973, 7;
0.0159555, 7;
0.0159686, 7;
0.0150288, 7;
0.0159448, 7;
0.0150172, 7;
0.0160189, 7;
0.0159501, 7;
0.0150104, 7;
0.0149389, 7;
0.0160343, 7;
0.0159649, 7;
0.015997, 7;
0.0160015, 7;
0.0159936, 7;
0.0149948, 7;
0.0150034, 7;
0.0160025, 7;
0.0159819, 7;
0.0149549, 7;
0.0149974, 7;
0.0149818, 7;
0.0149708, 7;
0.0153228, 7;
0.0156743, 7;
0.0159822, 7;
0.0160016, 7;
0.0150037, 7;
0.0149544, 7;
0.0160252, 7;
0.0159243, 7;
0.0150255, 7;
0.0161025, 7;
0.0148815, 7;
0.0150019, 7;
0.0149985, 7;
0.0160045, 7;
0.014982, 7;
0.0159842, 7;
0.0149696, 7;
0.0149915, 7;
0.0150013, 7;
0.0159697, 7;
0.0150326, 7;
0.0161642, 7;
0.0148059, 7;
0.015967, 7;
0.0150055, 7;
0.0149862, 7;
0.015943, 7;
0.014977, 7;
0.0150431, 7;
0.0159481, 7;
0.0150224, 7;
0.0149642, 7;
0.016017, 7;
0.0160062, 7;
0.0149528, 7;
0.0149781, 7;
0.0150765, 7;
0.0151566, 7;
0.0147847, 7;
0.0151795, 7;
0.0158118, 7;
0.0159755, 7;
0.0160036, 7;
0.0149795, 7;
0.0150757, 7;
0.0149607, 7;
0.0149839, 7;
0.0149763, 7;
0.0159566, 7;
0.0150267, 7;
0.0155991, 7;
0.0153437, 7;
0.0152658, 7;
0.0152614, 7;
0.0151468, 7;
0.0147909, 7;
0.0150744, 7;
0.0154432, 7;
0.0152048, 7;
0.0158064, 7;
0.0149471, 7;
0.015021, 7;
0.0159858, 7;
0.0161384, 7;
0.0153417, 7;
0.0159956, 7;
0.0149799, 7;
0.0150444, 7;
0.0148963, 7;
0.0159948, 7;
0.0150297, 7;
0.0150203, 7;
0.0149482, 7;
0.0150551, 7;
0.0149444, 7;
0.0160787, 7;
0.0149584, 7;
0.0148988, 7;
0.0160074, 7;
0.0149964, 7;
0.0149984, 7;
0.0159755, 7;
0.0149848, 7;
0.0155341, 7;
0.0159769, 7;
0.0159921, 7;
0.0159429, 7;
0.0149996, 7;
0.0150815, 7;
0.0159566, 7;
0.0149249, 7;
0.0152012, 7;
0.0158368, 7;
0.0193398, 7;
0.0126008, 7;
0.0150432, 7;
0.0168183, 7;
0.0140908, 7;
0.0160124, 7;
0.0159966, 7;
0.015935, 7;
0.0161034, 7;
0.0148879, 7;
0.016013, 7;
0.0150206, 7;
0.0149865, 7;
0.0159476, 7;
0.0149865, 7;
0.0160231, 7;
0.0161088, 7;
0.0158196, 7;
0.0160321, 7;
0.0159631, 7;
0.0159574, 7;
0.0149913, 7;
0.0149583, 7;
0.0160366, 7;
0.0159364, 7;
0.016027, 7;
0.0159583, 7;
0.0310637, 8;
0.0149851, 8;
0.0163916, 8;
0.0156055, 8;
0.0159889, 8;
0.0163276, 8;
0.0151251, 8;
0.015026, 8;
0.0158959, 8;
0.0156324, 8;
0.0153773, 8;
0.0159822, 8;
0.0169738, 8;
0.0140013, 8;
0.0154771, 8;
0.0145121, 8;
0.0150282, 8;
0.0238865, 8;
0.0088041, 8;
0.0140376, 8;
0.0209683, 8;
0.0086746, 8;
0.0181701, 8;
0.0176461, 8;
0.0110422, 8;
0.0149785, 8;
0.0233147, 8;
0.0183028, 8;
0.0209713, 8;
0.0141023, 8;
0.0163149, 8;
0.0142256, 8;
0.0371319, 8;
0.0152664, 8;
0.0083653, 8;
0.0191957, 8;
0.0117825, 8;
0.0195472, 8;
0.0115422, 8;
0.0176281, 8;
0.016524, 8;
0.0243352, 8;
0.0130574, 8;
0.0122858, 8;
0.012173, 8;
0.0201857, 8;
0.0130386, 8;
0.0147408, 8;
0.0146311, 8;
0.0193106, 8;
0.0274743, 8;
0.0156892, 8;
0.0146279, 8;
0.0168772, 8;
0.0149415, 8;
0.0149397, 8;
0.0152206, 8;
0.0150133, 8;
0.0204962, 8;
0.0106209, 8;
0.0138452, 8;
0.0164177, 8;
0.0172861, 8;
0.0155717, 8;
0.0158606, 8;
0.017269, 8;
0.0147158, 8;
0.0120004, 8;
0.0169863, 8;
0.0146012, 8;
0.0219077, 8;
0.0096318, 8;
0.0507233, 8;
0.0455541, 8;
0.0363075, 8;
0.0201964, 8;
0.0165579, 8;
0.015942, 8;
0.0200066, 8;
0.00958, 8;
0.0198839, 8;
0.0208699, 8;
0.0192817, 8;
0.0181414, 8;
0.0097176, 8;
0.0175194, 8;
0.0131507, 8;
0.0165464, 8;
0.0143259, 8;
0.0151477, 8;
0.015445, 8;
0.0149587, 8;
0.0154137, 8;
0.0274291, 8;
0.0214092, 8;
0.0152822, 8;
0.017628, 8;
0.011593, 8;
0.015794, 8;
0.0141507, 8;
0.0160044, 8;
0.016304, 8;
0.0145139, 8;
0.014827, 8;
0.0149553, 8;
0.0150612, 8;
0.015987, 8;
0.0140266, 8;
0.0153576, 8;
0.0144913, 8;
0.0161267, 8;
0.0175601, 8;
0.016276, 8;
0.0129956, 8;
0.0152054, 8;
0.0149882, 8;
0.0147982, 8;
0.0150547, 8;
0.0159393, 8;
0.0166598, 8;
0.0133743, 8;
0.0162649, 8;
0.0197032, 8;
0.0113815, 8;
0.0145806, 8;
0.0160422, 8;
0.0180814, 8;
0.0182143, 8;
0.0153818, 8;
0.0103652, 8;
0.0159332, 8;
0.0167998, 8;
0.0124184, 8;
0.0189202, 8;
0.0125179, 8;
0.0260256, 8;
0.0198125, 8;
0.0164983, 8;
0.0150475, 8;
0.0143238, 8;
0.0175366, 8;
0.0139796, 8;
0.0160445, 8;
0.0132531, 8;
0.0168537, 8;
0.0140493, 8;
0.0165247, 8;
0.014477, 8;
0.0152102, 8;
0.0165226, 8;
0.0133585, 8;
0.0157749, 8;
0.0140249, 8;
0.0150784, 8;
0.0166873, 8;
0.0158784, 8;
0.0149836, 8;
0.0220662, 8;
0.0102077, 8;
0.014688, 8;
0.0132969, 8;
0.0164216, 8;
0.0127575, 8;
0.0188797, 8;
0.011197, 8;
0.0157848, 8;
0.015016, 8;
0.015683, 8;
0.0152673, 8;
0.0161051, 8;
0.0171831, 8;
0.0154984, 8;
0.0122291, 8;
0.0160614, 8;
0.0146252, 8;
0.0248933, 8;
0.0201655, 8;
0.0150274, 8;
0.015148, 8;
0.0166058, 8;
0.0157633, 8;
0.0150954, 8;
0.0149442, 8;
0.0150806, 8;
0.0148519, 8;
0.0156695, 8;
0.0144439, 8;
0.0163123, 8;
0.0197568, 8;
0.0102652, 8;
0.0169967, 8;
0.0179854, 8;
0.0126291, 8;
0.0141747, 8;
0.0234888, 8;
0.0062235, 8;
0.0178412, 8;
0.0119118, 8;
0.0156134, 8;
0.0201438, 8;
0.0114556, 8;
0.0129322, 8;
0.0164134, 8;
0.0160734, 8;
0.0154537, 8;
0.0149585, 8;
0.0159243, 8;
0.016245, 8;
0.0162686, 8;
0.0123552, 8;
0.0241016, 8;
0.0129395, 8;
0.0102168, 8;
0.0207822, 8;
0.0103132, 8;
0.0157574, 8;
0.0141547, 8;
0.0158749, 8;
0.0212398, 8;
0.0107617, 8;
0.0156484, 8;
0.0142728, 8;
0.0152554, 8;
0.0186012, 8;
0.0121477, 8;
0.0150006, 8;
0.0156624, 8;
0.0142903, 8;
0.0153235, 8;
0.0158034, 8;
0.0151626, 8;
0.0163546, 8;
0.0133265, 8;
0.0149484, 8;
0.0153183, 8;
0.014928, 8;
0.0150369, 8;
0.0200076, 8;
0.0117879, 8;
0.0139947, 8;
0.0158669, 8;
0.0163177, 8;
0.0154242, 8;
0.0248203, 8;
0.0217799, 8;
0.014023, 8;
0.0164088, 8;
0.0152437, 8;
0.0159916, 8;
0.0156095, 8;
0.0143075, 8;
0.0176082, 8;
0.0124338, 8;
0.0162754, 8;
0.0150537, 8;
0.0277455, 8;
0.0190301, 8;
0.0146948, 8;
0.0163412, 8;
0.0140551, 8;
0.0154639, 8;
0.0148427, 8;
0.0217697, 8;
0.009063, 8;
0.0154167, 8;
0.0356097, 8;
0.0207981, 8;
0.0384136, 8;
0.0172129, 8;
0.0166462, 8;
0.0129242, 8;
0.0118376, 8;
0.0170175, 8;
0.0135181, 8;
0.0154495, 8;
0.015608, 8;
0.0155498, 8;
0.0169262, 8;
0.0141925, 8;
0.0152796, 8;
0.0161733, 8;
0.0153737, 8;
0.0165536, 8;
0.0145857, 8;
0.0163852, 8;
0.0185863, 8;
0.0104226, 8;
0.0164021, 8;
0.0141682, 8;
0.0179521, 8;
0.0141706, 8;
0.0128609, 8;
0.017391, 8;
0.0145272, 8;
0.0159802, 8;
0.0139428, 8;
0.0151563, 8;
0.0180322, 8;
0.012347, 8;
0.0162341, 8;
0.0229385, 8;
0.0116537, 8;
0.009752, 8;
0.0172881, 8;
0.0125448, 8;
0.0191037, 8;
0.0218506, 8;
0.022286, 8;
0.0146323, 7;
0.0150236, 7;
0.0149735, 7;
0.0150211, 7;
0.015057, 7;
0.0149505, 7;
0.0149441, 7;
0.015377, 7;
0.0157796, 7;
0.0154902, 7;
0.0153409, 7;
0.0151551, 7;
0.016031, 7;
0.0160133, 7;
0.0149266, 7;
0.0155705, 7;
0.0159469, 7;
0.0149753, 7;
0.0149354, 7;
0.0156835, 7;
0.0145895, 7;
0.015972, 7;
0.0159693, 7;
0.0149442, 7;
0.0151027, 7;
0.0146667, 7;
0.0154545, 7;
0.0170131, 7;
0.0149447, 7;
0.0160692, 7;
0.0154988, 7;
0.0159465, 7;
0.0150025, 7;
0.0150367, 7;
0.0149596, 7;
0.0150331, 7;
0.015009, 7;
0.0159696, 7;
0.0159468, 7;
0.0149918, 7;
0.0159519, 7;
0.0140384, 7;
0.0150448, 7;
0.0149504, 7;
0.0160115, 7;
0.0159067, 7;
0.0160508, 7;
0.0159469, 7;
0.015052, 7;
0.0149357, 7;
0.0150063, 7;
0.0157666, 7;
0.0153789, 7;
0.015532, 7;
0.0160155, 7;
0.0160478, 7;
0.0155484, 7;
0.0159784, 7;
0.0147422, 7;
0.0150216, 7;
0.0161602, 7;
0.0157367, 7;
0.0149264, 7;
0.0160152, 7;
0.0150202, 7;
0.0159973, 7;
0.0152928, 7;
0.0155681, 7;
0.0154794, 7;
0.0149928, 7;
0.0154059, 7;
0.0155284, 7;
0.0152668, 7;
0.0153292, 7;
0.0151299, 7;
0.0159631, 7;
0.0153884, 7;
0.0158343, 7;
0.0150858, 7;
0.0147391, 7;
0.0160127, 7;
0.0160731, 7;
0.0149956, 7;
0.0150015, 7;
0.0157366, 7;
0.0150714, 7;
0.0161063, 7;
0.0159049, 7;
0.0154571, 7;
0.0160088, 7;
0.0149304, 7;
0.014931, 7;
0.015429, 7;
0.0159168, 7;
0.0161428, 7;
0.0158361, 7;
0.0153572, 7;
0.01597, 7;
0.0160247, 7;
0.0158387, 7;
0.0149326, 7;
0.0158727, 7;
0.0149156, 7;
0.0157226, 7;
0.0150361, 7;
0.015879, 7;
0.0152148, 7;
0.0157909, 7;
0.0149438, 7;
0.0149507, 7;
0.0155964, 7;
0.0154361, 7;
0.0158987, 7;
0.0158613, 7;
0.015167, 7;
0.0156776, 7;
0.0151886, 7;
0.0159957, 7;
0.0157633, 7;
0.015988, 7;
0.0160747, 7;
0.0159157, 7;
0.0156046, 7;
0.0152487, 7;
0.0160174, 7;
0.0149381, 7;
0.0160693, 7;
0.0149916, 7;
0.0159705, 7;
0.0162495, 7;
0.0146974, 7;
0.0160275, 7;
0.0149779, 7;
0.0159512, 7;
0.0150336, 7;
0.0149775, 7;
0.0159976, 7;
0.0155662, 7;
0.0159348, 7;
0.0160033, 7;
0.0149803, 7;
0.0160315, 7;
0.0149826, 7;
0.0149936, 7;
0.0160009, 7;
0.01496, 7;
0.0150019, 7;
0.014956, 7;
0.0160178, 7;
0.0150215, 7;
0.0159214, 7;
0.0151853, 7;
0.0149735, 7;
0.0158126, 7;
0.0156623, 7;
0.0143419, 7;
0.0151585, 7;
0.0154479, 7;
0.0150676, 7;
0.0149489, 7;
0.015962, 7;
0.0159818, 7;
0.0159923, 7;
0.0160171, 7;
0.015984, 7;
0.015066, 7;
0.0160109, 7;
0.0148715, 7;
0.0159789, 7;
0.0166946, 7;
0.0152436, 7;
0.0159932, 7;
0.0150473, 7;
0.0159686, 7;
0.0149769, 7;
0.0160049, 7;
0.0160264, 7;
0.0149631, 7;
0.0159965, 7;
0.0156233, 7;
0.0150914, 7;
0.0149943, 7;
0.0160751, 7;
0.014926, 7;
0.0160088, 7;
0.0153295, 7;
0.0146071, 7;
0.0150326, 7;
0.0160355, 7;
0.0158899, 7;
0.0151882, 7;
0.015023, 7;
0.0148304, 7;
0.0158763, 7;
0.0150141, 7;
0.0151711, 7;
0.0160141, 7;
0.0149891, 7;
0.0150986, 7;
0.0148283, 7;
0.0160362, 7;
0.0149244, 7;
0.0159856, 7;
0.0150355, 7;
0.0159939, 7;
0.0151554, 7;
0.0150127, 7;
0.0155565, 7;
0.0161087, 7;
0.0149597, 7;
0.0149366, 7;
0.0149696, 7;
0.0150491, 7;
0.0149619, 7;
0.0155452, 7;
0.0149479, 7;
0.016182, 7;
0.0148339, 7;
0.0149579, 7;
0.0160764, 7;
0.0148796, 7;
0.0159986, 7;
0.0152241, 7;
0.0147367, 7;
0.0150121, 7;
0.0160014, 7;
0.0150496, 7;
0.0149343, 7;
0.0150252, 7;
0.0149223, 7;
0.0149859, 7;
0.0150173, 7;
0.01611, 7;
0.0148739, 7;
0.0161243, 7;
0.0138835, 7;
0.0149861, 7;
0.0159722, 7;
0.014993, 7;
0.0159489, 7;
0.0159679, 7;
0.0160968, 7;
0.0159157, 7;
0.0149649, 7;
0.014999, 7;
0.016004, 7;
0.015954, 7;
0.0149972, 7;
0.0149927, 7;
0.0160391, 7;
0.0149508, 7;
0.0152199, 7;
0.0147907, 7;
0.0160284, 7;
0.0149691, 7;
0.0153317, 7;
0.0156351, 7;
0.0149821, 7;
0.0159609, 7;
0.0159621, 7;
0.0150682, 7;
0.0159357, 7;
0.0149857, 7;
0.0159643, 7;
0.0160865, 7;
0.0149032, 7;
0.0161856, 7;
0.0149433, 7;
0.0160797, 7;
0.0148945, 7;
0.0151035, 7;
0.0148996, 7;
0.0162334, 7;
0.01476, 7;
0.0152266, 7;
0.0157258, 7;
0.0150028, 7;
0.0159761, 7;
0.016033, 7;
0.0150032, 7;
0.0159703, 7;
0.0150529, 7;
0.0161311, 7;
0.0147862, 7;
0.0149978, 7;
0.0158245, 7;
0.0160112, 7;
0.015579, 7;
0.0155197, 7;
0.0149368, 7;
0.0159192, 7;
0.0160232, 7;
0.0160717, 7;
0.0158649, 7;
0.0150121, 7;
0.0149887, 7;
0.0159613, 7;
0.0150453, 7;
0.0149444, 7;
0.0160262, 7;
0.0159416, 7;
0.0159805, 7;
0.0160147, 7;
0.0159765, 7;
0.0151476, 7;
0.0158497, 7;
0.0149553, 7;
0.0159918, 7;
0.0160434, 7;
0.0150307, 7;
0.0159127, 7;
0.0150142, 7;
0.0150462, 7;
0.0148949, 7;
0.0151304, 7;
0.0158701, 7;
0.0149567, 7;
0.0149996, 7;
0.0149871, 7;
0.0152717, 7;
0.0152078, 7;
0.015787, 7;
0.014857, 7;
0.0150308, 7;
0.0159568, 8;
0.0152706, 8;
0.0147357, 8;
0.0159566, 8;
0.0150004, 8;
0.0150154, 8;
0.0164798, 8;
0.0144693, 8;
0.0150721, 8;
0.0154876, 8;
0.0159913, 8;
0.0149423, 8;
0.0159302, 8;
0.0154606, 8;
0.0160011, 8;
0.0160173, 8;
0.0149642, 8;
0.0150689, 8;
0.015948, 8;
0.0152607, 8;
0.0151303, 8;
0.015045, 8;
0.0150903, 8;
0.014978, 8;
0.0148999, 8;
0.0149688, 8;
0.0160272, 8;
0.0150173, 8;
0.0150362, 8;
0.015897, 8;
0.014998, 8;
0.0161355, 8;
0.0158581, 8;
0.0150496, 8;
0.0159668, 8;
0.0150398, 8;
0.0159102, 8;
0.0159835, 8;
0.015087, 8;
0.0149167, 8;
0.0159846, 8;
0.0149712, 8;
0.0149889, 8;
0.0149932, 8;
0.0152753, 8;
0.0159844, 8;
0.0147604, 8;
0.0154106, 8;
0.015605, 8;
0.0153165, 8;
0.0156464, 8;
0.0150872, 8;
0.0148727, 8;
0.0159932, 8;
0.0159724, 8;
0.0150727, 8;
0.0149297, 8;
0.0149793, 8;
0.0162692, 8;
0.0146997, 8;
0.0150363, 8;
0.0149688, 8;
0.0159994, 8;
0.015011, 8;
0.0159282, 8;
0.016035, 8;
0.0160169, 8;
0.0149564, 8;
0.0150237, 8;
0.0159621, 8;
0.0150109, 8;
0.015074, 8;
0.0149827, 8;
0.0158818, 8;
0.0150203, 8;
0.0149336, 8;
0.0150166, 8;
0.0159987, 8;
0.0150808, 8;
0.0158605, 8;
0.014987, 8;
0.0164009, 8;
0.0146258, 8;
0.0149761, 8;
0.0159735, 8;
0.0159833, 8;
0.0150399, 8;
0.0149401, 8;
0.01612, 8;
0.0148901, 8;
0.0149924, 8;
0.0150179, 8;
0.0149767, 8;
0.015082, 8;
0.0149149, 8;
0.0150066, 8;
0.0159572, 8;
0.0149416, 8;
0.0155618, 8;
0.0149438, 8;
0.0149883, 8;
0.0149763, 8;
0.0160573, 8;
0.0149586, 8;
0.0160104, 8;
0.015946, 8;
0.0149766, 8;
0.0160786, 8;
0.0150068, 8;
0.0159301, 8;
0.0159319, 8;
0.0162069, 8;
0.0157778, 8;
0.0153916, 8;
0.0160521, 8;
0.0151722, 8;
0.0149954, 8;
0.0147475, 8;
0.01602, 8;
0.0160211, 8;
0.0149491, 8;
0.015982, 8;
0.0149535, 8;
0.0160902, 8;
0.0149019, 8;
0.0150122, 8;
0.0160207, 8;
0.016023, 8;
0.0159936, 8;
0.015492, 8;
0.0150029, 8;
0.0159974, 8;
0.0151048, 8;
0.0159378, 8;
0.0150015, 8;
0.0153144, 8;
0.0151336, 8;
0.0159275, 8;
0.0150912, 8;
0.0150253, 8;
0.0151147, 8;
0.0148639, 8;
0.0160606, 8;
0.0149563, 8;
0.0152569, 8;
0.0156431, 8;
0.0150515, 8;
0.0149436, 8;
0.0162115, 8;
0.0147571, 8;
0.0150677, 8;
0.0149537, 8;
0.0154554, 8;
0.0150579, 8;
0.0149041, 8;
0.0160528, 8;
0.0159727, 8;
0.0159597, 8;
0.0160094, 8;
0.0150511, 8;
0.0166651, 8;
0.0132808, 8;
0.0160221, 8;
0.0155182, 8;
0.015774, 8;
0.0141567, 8;
0.0160025, 8;
0.015913, 8;
0.0161431, 8;
0.015617, 8;
0.0159582, 8;
0.0142137, 8;
0.0145664, 8;
0.0159444, 8;
0.015129, 8;
0.0161076, 8;
0.0151596, 8;
0.0153126, 8;
0.0150797, 8;
0.0160488, 8;
0.0140772, 8;
0.0150469, 8;
0.0157741, 8;
0.0156272, 8;
0.0150823, 8;
0.0149093, 8;
0.0148733, 8;
0.0151054, 8;
0.01601, 8;
0.0156599, 8;
0.0149544, 8;
0.0155093, 8;
0.0145922, 8;
0.0152395, 8;
0.0159167, 8;
0.015042, 8;
0.0156142, 8;
0.0160586, 8;
0.0148868, 8;
0.0156234, 8;
0.0151178, 8;
0.0152603, 8;
0.0157469, 8;
0.0152202, 8;
0.0149401, 8;
0.0164201, 8;
0.0145518, 8;
0.0161097, 8;
0.0155426, 8;
0.0145955, 8;
0.0157128, 8;
0.0149395, 8;
0.0150453, 8;
0.0159431, 8;
0.0150302, 8;
0.0149878, 8;
0.0162202, 8;
0.0147278, 8;
0.0149457, 8;
0.0152694, 8;
0.0148099, 8;
0.0150821, 8;
0.0148888, 8;
0.0150318, 8;
0.0149295, 8;
0.0159435, 8;
0.0169533, 8;
0.0140441, 8;
0.0150282, 8;
0.0172718, 8;
0.0149106, 8;
0.0148128, 8;
0.0171184, 8;
0.0157806, 8;
0.0143118, 8;
0.0235992, 8;
0.0097875, 8;
0.0144868, 8;
0.0117753, 8;
0.0188633, 8;
0.0114516, 8;
0.0163222, 8;
0.0164969, 8;
0.0143579, 8;
0.013322, 8;
0.020824, 8;
0.0107758, 8;
0.0169155, 8;
0.0145386, 8;
0.017316, 8;
0.0111013, 8;
0.0160869, 8;
0.0148449, 8;
0.0183482, 8;
0.0147195, 8;
0.0147214, 8;
0.0154233, 8;
0.0184623, 8;
0.0180081, 8;
0.0112843, 8;
0.0166924, 8;
0.0125707, 8;
0.0143355, 8;
0.0149419, 8;
0.0152327, 8;
0.0162271, 8;
0.0136418, 8;
0.0160076, 8;
0.017709, 8;
0.0142808, 8;
0.015355, 6;
0.0159622, 6;
0.0159874, 6;
0.0159685, 6;
0.0154537, 6;
0.0149591, 6;
0.0149909, 6;
0.0160257, 6;
0.0149549, 6;
0.015045, 6;
0.015188, 6;
0.0159507, 6;
0.0153878, 6;
0.0158533, 6;
0.0156122, 6;
0.0148417, 6;
0.0154015, 6;
0.0159969, 6;
0.0159443, 6;
0.014979, 6;
0.0149827, 6;
0.0152652, 6;
0.0157542, 6;
0.0156333, 6;
0.0159806, 6;
0.0155559, 6;
0.0155776, 6;
0.0149269, 6;
0.015028, 6;
0.0159939, 6;
0.0161951, 6;
0.0148448, 6;
0.014969, 6;
0.0147052, 6;
0.0156408, 6;
0.0150661, 6;
0.0159625, 6;
0.0147203, 6;
0.0149755, 6;
0.0149969, 6;
0.0151629, 6;
0.0159863, 6;
0.0151592, 6;
0.0158949, 6;
0.0158905, 6;
0.0152025, 6;
0.0148223, 6;
0.0149407, 6;
0.0159776, 6;
0.0160207, 6;
0.0160141, 6;
0.0159611, 6;
0.0152409, 6;
0.0158583, 6;
0.0150329, 6;
0.0158254, 6;
0.015944, 6;
0.0160056, 6;
0.0160599, 6;
0.0157766, 6;
0.0151036, 6;
0.0159929, 6;
0.0149282, 6;
0.0159808, 6;
0.0149648, 6;
0.0151537, 6;
0.0156591, 6;
0.0149881, 6;
0.0156544, 6;
0.0151862, 6;
0.0157211, 6;
0.0160611, 6;
0.0156165, 6;
0.0158993, 6;
0.0168702, 6;
0.0137002, 6;
0.0160096, 6;
0.0156755, 6;
0.0159089, 6;
0.0152177, 6;
0.0149971, 6;
0.0149857, 6;
0.0158704, 6;
0.0155245, 6;
0.0154577, 6;
0.0156294, 6;
0.0152662, 6;
0.0157943, 6;
0.0155963, 6;
0.0160433, 6;
0.0159122, 6;
0.0159353, 6;
0.0150842, 6;
0.0149432, 6;
0.0151286, 6;
0.0160357, 6;
0.0155941, 6;
0.0156143, 6;
0.0156807, 6;
0.015942, 6;
0.0161122, 6;
0.0152639, 6;
0.0169903, 6;
0.0144069, 6;
0.0149851, 6;
0.0148777, 6;
0.0167528, 6;
0.0144039, 6;
0.0151987, 6;
0.0149503, 6;
0.0152987, 6;
0.0154865, 6;
0.0153181, 6;
0.0156916, 6;
0.0152151, 6;
0.0160561, 6;
0.0160193, 6;
0.0158971, 6;
0.0149851, 6;
0.0159774, 6;
0.0149289, 6;
0.0159869, 6;
0.0152326, 6;
0.0151222, 6;
0.0157343, 6;
0.0152083, 6;
0.0158169, 6;
0.0151484, 6;
0.0150616, 6;
0.0158339, 6;
0.0148661, 6;
0.0154142, 6;
0.0146064, 6;
0.0152156, 6;
0.015896, 6;
0.0152276, 6;
0.0159979, 6;
0.0155039, 6;
0.016034, 6;
0.0155281, 6;
0.0156094, 6;
0.015243, 6;
0.0159535, 6;
0.0158153, 6;
0.0149853, 6;
0.0151829, 6;
0.01585, 6;
0.0150228, 6;
0.0159608, 6;
0.0153343, 6;
0.0156125, 6;
0.0152762, 6;
0.0150265, 6;
0.0147077, 6;
0.0152027, 6;
0.0159772, 6;
0.015997, 6;
0.0160447, 6;
0.0159649, 6;
0.015826, 6;
0.014874, 6;
0.0153737, 6;
0.0156308, 6;
0.0159274, 6;
0.0149945, 6;
0.0150154, 6;
0.0151835, 6;
0.0157833, 6;
0.015297, 6;
0.0159506, 6;
0.0155105, 6;
0.0165029, 6;
0.0148484, 6;
0.0146557, 6;
0.0147182, 6;
0.0150672, 6;
0.0155856, 6;
0.015937, 6;
0.0149719, 6;
0.0149987, 6;
0.015405, 6;
0.0147774, 6;
0.0160179, 6;
0.0169212, 6;
0.0155781, 6;
0.0150525, 6;
0.0218888, 6;
0.0093701, 6;
0.0148201, 6;
0.0160393, 6;
0.014994, 6;
0.0149458, 6;
0.015316, 6;
0.015334, 6;
0.0160031, 6;
0.0149037, 6;
0.0155942, 6;
0.0156964, 6;
0.0152446, 6;
0.0156572, 6;
0.0158357, 6;
0.0160756, 6;
0.0160419, 6;
0.0147826, 6;
0.0149175, 6;
0.016111, 6;
0.0159361, 6;
0.0159287, 6;
0.0178478, 6;
0.0135661, 6;
0.0173831, 6;
0.0140161, 6;
0.0155395, 6;
0.0149109, 6;
0.0158078, 6;
0.0155828, 6;
0.0157763, 6;
0.0149474, 6;
0.0133396, 6;
0.015807, 6;
0.016642, 6;
0.0149194, 6;
0.015435, 6;
0.0146446, 6;
0.0152557, 6;
0.0151897, 6;
0.0156931, 6;
0.0157691, 6;
0.0151986, 6;
0.0193234, 6;
0.0113309, 6;
0.0159778, 6;
0.0170973, 6;
0.0141871, 6;
0.0159992, 6;
0.014612, 6;
0.0153891, 6;
0.0146208, 6;
0.0158934, 6;
0.0160264, 6;
0.0142692, 6;
0.0156888, 6;
0.0158426, 6;
0.0156417, 6;
0.0148168, 6;
0.0212615, 6;
0.0106416, 6;
0.01497, 6;
0.0165851, 6;
0.0173874, 6;
0.0189159, 6;
0.0110202, 6;
0.014273, 6;
0.0164621, 6;
0.0166314, 6;
0.0145053, 6;
0.0231583, 6;
0.0095405, 6;
0.0181971, 6;
0.0137801, 6;
0.0165336, 6;
0.0155146, 6;
0.0123621, 6;
0.017666, 6;
0.0167999, 6;
0.0142209, 6;
0.0222929, 6;
0.0107212, 6;
0.0124074, 6;
0.0175518, 6;
0.0125834, 6;
0.0154754, 6;
0.0159571, 6;
0.0155743, 6;
0.0167928, 6;
0.0152862, 6;
0.0152179, 6;
0.0149767, 6;
0.0168007, 6;
0.0137382, 6;
0.0151333, 6;
0.0171543, 6;
0.0159507, 6;
0.01491, 6;
0.0152327, 6;
0.0157211, 6;
0.0156839, 6;
0.0152534, 6;
0.0162902, 6;
0.0151177, 6;
0.0156946, 6;
0.0162568, 6;
0.0149249, 6;
0.015284, 6;
0.0156629, 6;
0.0159845, 6;
0.0149982, 6;
0.0223654, 6;
0.010005, 6;
0.0156275, 6;
0.0150014, 6;
0.0164666, 6;
0.0219888, 6;
0.0076708, 6;
0.015118, 6;
0.0147202, 6;
0.0157443, 6;
0.0158453, 6;
0.0159733, 6;
0.0156765, 6;
0.0149575, 6;
0.0145683, 6;
0.0156015, 6;
0.0154483, 6;
0.0157685, 6;
0.0155284, 6;
0.0152875, 6;
0.0154034, 6;
0.0169844, 6;
0.0154074, 6;
0.0141536, 6;
0.0180896, 6;
0.0153913, 6;
0.014139, 6;
0.0161257, 6;
0.0159289, 6;
0.0165505, 6;
0.0144269, 6;
0.0150286, 6;
0.0174166, 6;
0.0134744, 6;
0.0159508, 6;
0.0149118, 6;
0.0159194, 6;
0.0149572, 6;
0.0158365, 6;
0.0141609, 6;
0.0160296, 6;
0.0159411, 6;
0.0161676, 6;
0.0174218, 6;
0.0145657, 6;
0.0152427, 6;
0.0153529, 6;
0.0162121, 6;
0.0156818, 6;
0.0157286, 6;
0.0150619, 6;
0.0155594, 6;
0.0155385, 6;
0.016561, 6;
0.0153744, 6;
0.0144565, 6;
0.0159289, 6;
0.0143644, 6;
0.0174793, 6;
0.0135981, 6;
0.0149271, 6;
0.0179896, 6;
0.0124087, 6;
0.0152822, 6;
0.015606, 6;
0.014385, 6;
0.0160877, 6;
0.015907, 6;
0.0149074, 6;
0.0149765, 6;
0.0159389, 6;
0.0145955, 6;
0.0156239, 6;
0.0165542, 6;
0.0149121, 6;
0.0151914, 6;
0.0162169, 6;
0.0146299, 6;
0.0153483, 6;
0.0147169, 6;
0.0166558, 6;
0.0141496, 6;
0.0149949, 6;
0.0149943, 6;
0.0147794, 6;
0.0156341, 6;
0.0151613, 6;
0.0152314, 6;
0.0162948, 6;
0.0146371, 6;
0.0167062, 6;
0.015099, 6;
0.0159141, 6;
0.0185607, 6;
0.0123295, 6;
0.0155904, 6;
0.015492, 6;
0.0161773, 6;
0.0143506, 6;
0.0180414, 6;
0.0124932, 6;
0.0149331, 6;
0.01515, 6;
0.0160133, 6;
0.015015, 6;
0.0151767, 6;
0.0204163, 6;
0.0112101, 6;
0.0153642, 6;
0.0152805, 6;
0.0163179, 6;
0.0142808, 6;
0.0167613, 6;
0.0140961, 6;
0.0160837, 6;
0.0168156, 6;
0.0146977, 6;
0.0140461, 6;
0.0172951, 6;
0.0148622, 6;
0.0156958, 6;
0.0155777, 6;
0.0146798, 6;
0.0156466, 6;
0.0164145, 6;
0.0146806, 6;
0.0149618, 6;
0.014984, 6;
0.0160345, 6;
0.0148536, 6;
0.0149869, 6;
0.0150595, 6;
0.0149711, 6;
0.0149785, 6;
0.0159066, 6;
0.0151078, 6;
0.0156891, 6;
0.0152629, 6;
0.0164446, 6;
0.0142046, 6;
0.0171928, 6;
0.0132875, 6;
0.0160727, 6;
0.016368, 6;
0.0144551, 6;
0.0172225, 6;
0.0136433, 6;
0.0174893, 6;
0.0164528, 6;
0.0125395, 6;
0.0157162, 6;
0.0154823, 6;
0.0174743, 6;
0.0131302, 6;
0.0169407, 6;
0.013922, 6;
0.0163626, 6;
0.0147066, 6;
0.0166557, 6;
0.0170442, 6;
0.0127456, 6;
0.0155453, 6;
0.0148247, 6;
0.0178325, 6;
0.0154693, 6;
0.0139471, 6;
0.0160479, 6;
0.0162933, 6;
0.0148347, 6;
0.0160161, 6;
0.0150775, 6;
0.01499, 6;
0.0167327, 6;
0.014291, 6;
0.0171975, 6;
0.0150537, 6;
0.0150016, 6;
0.0146109, 6;
0.0160471, 6;
0.0174245, 6;
0.0139332, 6;
0.0143402, 6;
0.014814, 6;
0.0173039, 6;
0.014197, 6;
0.0146943, 6;
0.0150081, 6;
0.0186941, 6;
0.0127944, 6;
0.015879, 6;
0.0155019, 6;
0.0162799, 6;
0.0160151, 6;
0.0156348, 6;
0.0152198, 6;
0.0146179, 6;
0.0152398, 6;
0.0145979, 6;
0.0152167, 6;
0.017565, 6;
0.01458, 6;
0.0148603, 6;
0.0177851, 6;
0.0133423, 6;
0.0165546, 6;
0.0153796, 6;
0.0158313, 6;
0.0160013, 6;
0.0166436, 6;
0.0142623, 6;
0.0153327, 6;
0.0161641, 6;
0.0160396, 6;
0.015925, 6;
0.0155786, 6;
0.0153307, 6;
0.0159187, 6;
0.0146746, 6;
0.0150024, 6;
0.0151893, 6;
0.0153028, 6;
0.0152201, 6;
0.0153372, 6;
0.0159569, 6;
0.0161198, 6;
0.0156938, 6;
0.0149136, 6;
0.0151919, 6;
0.0159654, 6;
0.0156068, 6;
0.0155902, 6;
0.0150079, 6;
0.0159658, 6;
0.0150225, 6;
0.0149975, 6;
0.0149535, 6;
0.0160162, 6;
0.0149917, 6;
0.0158908, 6;
0.0159593, 6;
0.0149579, 6;
0.0160525, 6;
0.0149813, 6;
0.0149446, 6;
0.0152801, 6;
0.0158284, 6;
0.0150096, 6;
0.0161647, 6;
0.0146933, 6;
0.016166, 6;
0.0160232, 6;
0.0152436, 6;
0.0156378, 6;
0.0150855, 6;
0.0149327, 6;
0.0156574, 6;
0.015154, 6;
0.0159929, 6;
0.0153771, 6;
0.0155127, 6;
0.0154016, 6;
0.0156363, 6;
0.0155574, 6;
0.015295, 6;
0.0159969, 6;
0.0155777, 6;
0.0152891, 6;
0.0156525, 6;
0.0152885, 6;
0.0158945, 6;
0.0150136, 6;
0.0153814, 6;
0.0155046, 6;
0.0157635, 6;
0.0152141, 6;
0.0160724, 6;
0.0161548, 6;
0.015965, 6;
0.0151354, 6;
0.0148191, 6;
0.0151727, 6;
0.0155223, 6;
0.0159743, 6;
0.0160101, 6;
0.0159678, 6;
0.0150115, 6;
0.0155613, 6;
0.0154768, 6;
0.0154408, 6;
0.0155581, 6;
0.0154194, 6;
0.0157071, 6;
0.0152518, 6;
0.0157148, 6;
0.0155169, 6;
0.0155087, 6;
0.0153687, 6;
0.0156608, 6;
0.0158466, 6;
0.0150463, 6;
0.0160417, 6;
0.0149237, 6;
0.0149482, 6;
0.0156055, 6;
0.0153907, 6;
0.0160941, 6;
0.0158891, 6;
0.0154414, 6;
0.01544, 6;
0.0151803, 6;
0.016068, 6;
0.0149041, 6;
0.0150251, 6;
0.0154501, 6;
0.0160993, 6;
0.0149132, 6;
0.015123, 6;
0.0157098, 6;
0.0156327, 6;
0.0159067, 6;
0.0159949, 6;
0.0160007, 6;
0.0149688, 6;
0.0160518, 6;
0.0149517, 6;
0.0150687, 6;
0.0149192, 6;
0.0159955, 6;
0.0149895, 6;
0.0151053, 6;
0.015561, 6;
0.0153087, 6;
0.0155899, 6;
0.0157072, 6;
0.016086, 6;
0.0156576, 6;
0.0156085, 6;
0.0159035, 6;
0.0152771, 6;
0.0156934, 6;
0.0156221, 6;
0.0154242, 6;
0.015966, 6;
0.0152332, 6;
0.0156676, 6;
0.01572, 6;
0.0152947, 6;
0.0153939, 6;
0.0156189, 6;
0.0159561, 6;
0.0158738, 6;
0.0156248, 6;
0.0153321, 6;
0.0153558, 6;
0.0155658, 6;
0.0158958, 6;
0.0150542, 6;
0.0148776, 6;
0.0159543, 6;
0.0160101, 6;
0.0158086, 6;
0.0150957, 6;
0.0159073, 6;
0.0149666, 6;
0.0149631, 6;
0.0157412, 6;
0.0151829, 6;
0.0150694, 6;
0.0149062, 6;
0.0153369, 6;
0.014964, 6;
0.0159996, 6;
0.014974, 6;
0.0150222, 6;
0.0159688, 6;
0.0150333, 6;
0.0149547, 6;
0.0159821, 6;
0.0150311, 6;
0.01511, 6;
0.0160125, 6;
0.0149486, 6;
0.0151779, 6;
0.0156376, 6;
0.0151528, 6;
0.0159448, 6;
0.0157649, 6;
0.015249, 6;
0.015206, 6;
0.0155929, 6;
0.0159148, 6;
0.0153644, 6;
0.0156425, 6;
0.0159517, 6;
0.0149707, 6;
0.0160049, 6;
0.0149602, 6;
0.0149546, 6;
0.0155222, 6;
0.0154188, 6;
0.0155176, 6;
0.0153471, 6;
0.0158489, 6;
0.0161273, 6;
0.0158225, 6;
0.0150576, 6;
0.0159953, 6;
0.0148877, 6;
0.0148992, 6;
0.0152283, 6;
0.0157727, 6;
0.0151294, 6;
0.0158768, 6;
0.0153861, 6;
0.0149663, 6;
0.0155074, 6;
0.0153172, 6;
0.0160423, 6;
0.0158392, 6;
0.0150241, 6;
0.0159572, 6;
0.0150476, 6;
0.0158368, 6;
0.0149955, 6;
0.0149913, 6;
0.0159654, 6;
0.0149829, 6;
0.0149925, 6;
0.0150142, 6;
0.016012, 6;
0.014962, 6;
0.0149857, 6;
0.0154348, 6;
0.0158457, 6;
0.0148847, 6;
0.0160718, 6;
0.014893, 6;
0.0160938, 6;
0.015886, 6;
0.0148076, 6;
0.0158583, 6;
0.0152001, 6;
0.0149409, 6;
0.0150116, 6;
0.016003, 6;
0.0150048, 6;
0.01492, 6;
0.0158117, 6;
0.0152556, 6;
0.0151377, 6;
0.0149934, 6;
0.0150233, 6;
0.0164233, 6;
0.014307, 6;
0.0153659, 6;
0.0153208, 6;
0.0146428, 6;
0.0149625, 6;
0.0150408, 6;
0.0150345, 6;
0.0159523, 6;
0.0157646, 6;
0.0152745, 6;
0.0149275, 6;
0.0156319, 6;
0.0153042, 6;
0.0159792, 6;
0.0157129, 6;
0.0151129, 6;
0.0155417, 6;
0.0160028, 6;
0.0160418, 6;
0.0160265, 6;
0.0158204, 6;
0.0159336, 6;
0.014592, 6;
0.0153506, 6;
0.014953, 6;
0.0148279, 6;
0.0149893, 6;
0.0152277, 6;
0.0157298, 6;
0.0154607, 6;
0.0153349, 6;
0.0157921, 6;
0.0148343, 6;
0.0148736, 6;
0.0159832, 6;
0.0149916, 6;
0.0155476, 6;
0.0153862, 6;
0.0153298, 6;
0.0155641, 6;
0.0152059, 6;
0.0162628, 6;
0.0157853, 6;
0.0156302, 6;
0.0159733, 6;
0.0155224, 6;
0.0154069, 6;
0.0155054, 6;
0.0155248, 6;
0.0159314, 6;
0.0159614, 6;
0.0153723, 6;
0.0149902, 6;
0.0149461, 6;
0.0172608, 6;
0.0138737, 6;
0.0148943, 6;
0.0160063, 6;
0.0150874, 6;
0.0149941, 6;
0.0161486, 6;
0.0153299, 6;
0.0160021, 6;
0.0151493, 6;
0.0151643, 6;
0.0156201, 6;
0.0153791, 6;
0.0153504, 6;
0.0157316, 6;
0.0153072, 6;
0.0153924, 6;
0.0152955, 6;
0.0157978, 6;
0.0153296, 6;
0.0154548, 6;
0.0158806, 6;
0.0157255, 6;
0.0153774, 6;
0.0154233, 6;
0.0153663, 6;
0.0157234, 6;
0.0158701, 6;
0.0138015, 6;
0.0160397, 6;
0.0149372, 6;
0.0160093, 6;
0.0160404, 6;
0.0159153, 6;
0.0160766, 6;
0.0150955, 6;
0.0149024, 6;
0.0156962, 6;
0.0152748, 6;
0.0159746, 6;
0.0160873, 6;
0.0159431, 6;
0.0153161, 6;
0.0159015, 6;
0.0150724, 6;
0.015493, 6;
0.0160983, 6;
0.0156934, 6;
0.0158312, 6;
0.0152414, 6;
0.0150351, 6;
0.0159555, 6;
0.0146281, 6;
0.0161096, 6;
0.0161119, 6;
0.016377, 6;
0.015952, 6;
0.0142434, 6;
0.0151406, 6;
0.0159921, 6;
0.0159616, 6;
0.0149852, 6;
0.0152143, 6;
0.014978, 6;
0.0156672, 6;
0.0150291, 6;
0.0154936, 6;
0.0160243, 6;
0.0150613, 6;
0.0159476, 6;
0.0150378, 6;
0.0161921, 6;
0.0149373, 6;
0.0148099, 6;
0.0155821, 6;
0.0159858, 6;
0.0159896, 6;
0.0155187, 6;
0.0153484, 6;
0.0160581, 6;
0.0154059, 6;
0.01599, 6;
0.01552, 6;
0.0153159, 6;
0.0155499, 6;
0.0160553, 6;
0.0153285, 6;
0.01608, 6;
0.0153959, 6;
0.0153534, 6;
0.0159493, 6;
0.0152495, 6;
0.0147289, 6;
0.015704, 6;
0.0154149, 6;
0.0157558, 6;
0.015481, 6;
0.0155567, 6;
0.015156, 6;
0.0155639, 6;
0.0157193, 6;
0.0157777, 6;
0.015004, 6;
0.0149439, 6;
0.0153695, 6;
0.0158243, 6;
0.0153008, 6;
0.015427, 6;
0.0159107, 6;
0.0160867, 6;
0.0149329, 6;
0.016086, 6;
0.0155978, 6;
0.0154401, 6;
0.0160371, 6;
0.0149306, 6;
0.0157128, 6;
0.0156872, 6;
0.0159096, 6;
0.0152089, 6;
0.0156334, 6;
0.0159219, 6;
0.0159699, 6;
0.0157765, 6;
0.0154183, 6;
0.0152056, 6;
0.015425, 6;
0.016041, 6;
0.0160347, 6;
0.0160124, 6;
0.0149692, 6;
0.0151846, 6;
0.0159585, 6;
0.0151913, 6;
0.0157432, 6;
0.0149791, 6;
0.0156234, 6;
0.0160954, 6;
0.0159424, 6;
0.0147147, 6;
0.0157269, 6;
0.0159391, 6;
0.0150131, 6;
0.0149282, 6;
0.0148227, 6;
0.0153503, 6;
0.0157309, 6;
0.0154017, 6;
0.015627, 6;
0.0154111, 6;
0.015926, 6;
0.0155078, 6;
0.0155581, 6;
0.0159836, 6;
0.0159247, 6;
0.0152979, 6;
0.0153751, 6;
0.016044, 6;
0.0159501, 6;
0.0150332, 6;
0.0159933, 6;
0.0157432, 6;
0.0150294, 6;
0.0160036, 6;
0.0148649, 6;
0.0158101, 6;
0.0156804, 6;
0.0158614, 6;
0.0160126, 6;
0.0150807, 6;
0.015153, 6;
0.0151761, 6;
0.0157537, 6;
0.0152008, 6;
0.0156164, 6;
0.0156185, 6;
0.0156695, 6;
0.0149787, 6;
0.01542, 6;
0.0148719, 6;
0.0158236, 6;
0.0158728, 6;
0.0156314, 6;
0.0158566, 6;
0.015776, 6;
0.015618, 6;
0.0151249, 6;
0.0160577, 6;
0.0151749, 6;
0.0153041, 6;
0.0153527, 6;
0.0154577, 6;
0.0160015, 6;
0.0151453, 6;
0.015051, 6;
0.0160247, 6;
0.0159343, 6;
0.0163191, 6;
0.0150817, 6;
0.015362, 6;
0.0156511, 6;
0.0159156, 6;
0.014937, 6;
0.0151286, 6;
0.0161277, 6;
0.0148331, 6;
0.0149692, 6;
0.016048, 6;
0.0159965, 6;
0.0159787, 6;
0.0151014, 6;
0.0150441, 6;
0.0149502, 6;
0.0160057, 6;
0.0155049, 6;
0.0158502, 6;
0.0150392, 6;
0.0154876, 6;
0.0158412, 6;
0.0153604, 6;
0.0155254, 6;
0.0153509, 6;
0.0154367, 6;
0.015148, 6;
0.01595, 6;
0.0150712, 6;
0.0150473, 6;
0.0155823, 6;
0.0156013, 6;
0.0152626, 6;
0.0158355, 6;
0.0149893, 6;
0.0162795, 6;
0.0146951, 6;
0.016321, 6;
0.0134304, 6;
0.0158931, 6;
0.0154059, 6;
0.0159306, 6;
0.016066, 6;
0.0149533, 6;
0.01595, 6;
0.0157151, 6;
0.0150131, 6;
0.0160738, 6;
0.0150742, 6;
0.0159996, 6;
0.0158882, 6;
0.0155035, 6;
0.0154135, 6;
0.0152237, 6;
0.0159296, 6;
0.015066, 6;
0.0149807, 6;
0.0149735, 6;
0.0159876, 6;
0.0151798, 6;
0.0148085, 6;
0.0159891, 6;
0.0152428, 6;
0.0159033, 6;
0.0160238, 6;
0.0157006, 6;
0.0155518, 6;
0.0160055, 6;
0.0151344, 6;
0.0154091, 6;
0.0154166, 6;
0.0160026, 6;
0.0151048, 6;
0.0169843, 6;
0.0148992, 6;
0.0156492, 6;
0.0159411, 6;
0.0151512, 6;
0.0151852, 6;
0.0152046, 6;
0.0162105, 6;
0.0148902, 6;
0.0155666, 6;
0.0155387, 6;
0.0156595, 6;
0.0150097, 6;
0.0160266, 6;
0.0158434, 6;
0.0157256, 6;
0.0160471, 6;
0.0160407, 6;
0.0158896, 6;
0.0150437, 6;
0.0157516, 6;
0.0143617, 6;
0.0159761, 6;
0.0178342, 6;
0.0145939, 6;
0.0155783, 6;
0.0159819, 6;
0.0149515, 6;
0.0167005, 6;
0.0154079, 6;
0.02346, 6;
0.0067232, 6;
0.0217979, 6;
0.0135435, 6;
0.0115583, 6;
0.0175481, 6;
0.0253545, 6;
0.0204735, 6;
0.0145098, 6;
0.0166973, 6;
0.0175698, 6;
0.0128767, 6;
0.0150074, 6;
0.0191672, 6;
0.0106014, 6;
0.0164835, 6;
0.014099, 6;
0.016029, 6;
0.017074, 6;
0.0135576, 6;
0.0149072, 6;
0.0170251, 6;
0.0139831, 6;
0.0164586, 6;
0.0159365, 6;
0.0168515, 6;
0.0127725, 6;
0.0151594, 6;
0.0150091, 6;
0.0170613, 6;
0.0151938, 6;
0.0155198, 6;
0.0169107, 6;
0.0148084, 6;
0.0151175, 6;
0.0166512, 6;
0.0158293, 6;
0.016989, 6;
0.013574, 6;
0.017544, 6;
0.0303841, 1;
0.0340534, 1;
0.012992, 1;
0.0150664, 1;
0.0186897, 1;
0.0137852, 1;
0.0201754, 1;
0.0123979, 1;
0.016589, 1;
0.0243689, 1;
0.022509, 1;
0.0121172, 1;
0.0246179, 1;
0.0205441, 1;
0.0166291, 1;
0.0143219, 1;
0.0170626, 1;
0.015392, 1;
0.0146538, 1;
0.0156297, 1;
0.0167081, 1;
0.0154841, 1;
0.0147838, 1;
0.0139935, 1;
0.0178415, 1;
0.0150798, 1;
0.0136012, 1;
0.0153478, 1;
0.0153738, 1;
0.0142441, 1;
0.0204974, 1;
0.011262, 1;
0.0154351, 1;
0.0170609, 1;
0.0203899, 1;
0.0067762, 1;
0.0208775, 1;
0.0175069, 1;
0.0308415, 1;
0.0267361, 1;
0.0118073, 1;
0.0154994, 1;
0.0172562, 1;
0.0144933, 1;
0.0134818, 1;
0.0174949, 1;
0.0185994, 1;
0.0107909, 1;
0.0180315, 1;
0.042791, 1;
0.0316994, 1;
0.0317551, 1;
0.0157416, 1;
0.0207809, 1;
0.022029, 1;
0.0188877, 1;
0.0177182, 1;
0.0128843, 1;
0.0171131, 1;
0.0145195, 1;
0.0149283, 1;
0.0155296, 1;
0.0167903, 1;
0.0138177, 1;
0.0162461, 1;
0.0149661, 1;
0.0145288, 1;
0.0162013, 1;
0.014964, 1;
0.0161192, 1;
0.017614, 1;
0.0113118, 1;
0.0187114, 1;
0.0128496, 1;
0.026189, 1;
0.0209028, 1;
0.0150452, 1;
0.0160145, 1;
0.0141113, 1;
0.014356, 1;
0.017133, 1;
0.0146144, 1;
0.0158942, 1;
0.0204855, 1;
0.0115818, 1;
0.0204814, 1;
0.0073085, 1;
0.0160696, 1;
0.0150729, 1;
0.0152806, 1;
0.0143233, 1;
0.0159681, 1;
0.0147303, 1;
0.0157154, 1;
0.0160156, 1;
0.0151862, 1;
0.0157338, 1;
0.0196903, 1;
0.0101072, 1;
0.0159886, 1;
0.0150912, 1;
0.0152781, 1;
0.0157833, 1;
0.0160067, 1;
0.0150263, 1;
0.0159771, 1;
0.0149935, 1;
0.0160698, 1;
0.0160078, 1;
0.0152659, 1;
0.0155346, 1;
0.0153359, 1;
0.0155735, 1;
0.0160573, 1;
0.0154314, 1;
0.0151811, 1;
0.0156243, 1;
0.016173, 1;
0.0150421, 1;
0.0162328, 1;
0.0219147, 1;
0.0098616, 1;
0.0160707, 1;
0.0157126, 1;
0.0158303, 1;
0.0144308, 1;
0.0153509, 1;
0.0145331, 1;
0.0158322, 1;
0.0169362, 1;
0.01669, 1;
0.0142859, 1;
0.016091, 1;
0.0164777, 1;
0.015049, 1;
0.0159547, 1;
0.014905, 1;
0.0151412, 1;
0.0157767, 1;
0.0171066, 1;
0.0129775, 1;
0.0161528, 1;
0.015541, 1;
0.0151799, 1;
0.0152385, 1;
0.0167435, 1;
0.0145978, 1;
0.0148017, 1;
0.0148104, 1;
0.0149887, 1;
0.0149639, 1;
0.0160733, 1;
0.0165849, 1;
0.0143409, 1;
0.0150029, 1;
0.0154079, 1;
0.0145557, 1;
0.0154553, 1;
0.015287, 1;
0.0166388, 1;
0.0148687, 1;
0.0150126, 1;
0.0203466, 1;
0.0182985, 1;
0.0113376, 1;
0.0131138, 1;
0.0184391, 1;
0.0159225, 1;
0.0132755, 1;
0.0155038, 1;
0.0159171, 1;
0.0147408, 1;
0.0157709, 1;
0.0151296, 1;
0.0158769, 1;
0.0149845, 1;
0.0148259, 1;
0.0252428, 1;
0.0379603, 1;
0.013871, 1;
0.019579, 1;
0.0429717, 2;
0.0308392, 2;
0.0305664, 2;
0.0314867, 2;
0.0337502, 2;
0.0305646, 2;
0.0298088, 2;
0.0308926, 2;
0.0340759, 2;
0.0446289, 2;
0.0434561, 2;
0.0319044, 2;
0.0320611, 2;
0.0463317, 2;
0.0294214, 2;
0.0331888, 2;
0.030845, 2;
0.0310247, 2;
0.0326071, 2;
0.032278, 2;
0.0440856, 2;
0.0309027, 2;
0.0301796, 2;
0.0329039, 2;
0.0303698, 2;
0.0461471, 2;
0.0331784, 2;
0.0473462, 2;
0.0422512, 2;
0.0296554, 2;
0.0302072, 2;
0.0309724, 2;
0.0317756, 2;
0.0300319, 2;
0.0324302, 2;
0.0327567, 2;
0.0450905, 2;
0.0297779, 2;
0.0298158, 2;
0.0310193, 2;
0.0299558, 2;
0.0320794, 2;
0.0319512, 2;
0.0308988, 2;
0.0300589, 2;
0.0331197, 2;
0.0469126, 2;
0.0452403, 2;
0.0300753, 2;
0.0314124, 2;
0.0314157, 2;
0.0306175, 2;
0.0301416, 2;
0.0309867, 2;
0.0320139, 2;
0.031585, 2;
0.0302975, 2;
0.0320136, 2;
0.0318645, 2;
0.0475503, 2;
0.0432599, 2;
0.0297147, 2;
0.0311474, 2;
0.0308444, 2;
0.0315541, 2;
0.0292721, 2;
0.0299394, 2;
0.030944, 2;
0.0311421, 2;
0.0307927, 2;
0.0310909, 2;
0.0320565, 2;
0.0438928, 2;
0.0309454, 2;
0.0300425, 2;
0.031065, 2;
0.0316314, 2;
0.0303756, 2;
0.0325047, 2;
0.0327077, 2;
0.0297582, 2;
0.0320304, 2;
0.0299045, 2;
0.031648, 2;
0.0334991, 2;
0.0293616, 2;
0.0331146, 2;
0.0294075, 2;
0.0312695, 2;
0.0319004, 2;
0.0332845, 2;
0.0453955, 2;
0.0292516, 2;
0.0325712, 2;
0.0300219, 2;
0.0305783, 2;
0.0307741, 2;
0.0310479, 2;
0.0305654, 2;
0.0320765, 2;
0.029816, 2;
0.0305819, 2;
0.0310002, 2;
0.0298786, 2;
0.0315709, 2;
0.0309453, 2;
0.0314814, 2;
0.0300777, 2;
0.0308486, 2;
0.0311435, 2;
0.0309109, 2;
0.0309078, 2;
0.0311366, 2;
0.0303248, 2;
0.0311814, 2;
0.0314734, 2;
0.0320835, 2;
0.0314203, 2;
0.031119, 2;
0.0299851, 2;
0.0315638, 2;
0.0310911, 2;
0.030741, 2;
0.0309813, 2;
0.0309644, 2;
0.0324635, 2;
0.030317, 2;
0.0311406, 2;
0.0313171, 2;
0.0318788, 2;
0.0295463, 2;
0.0313836, 2;
0.0299509, 2;
0.032579, 2;
0.0294757, 2;
0.0309511, 2;
0.0310572, 2;
0.0360435, 2;
0.0452905, 2;
0.03065, 2;
0.0309291, 2;
0.0328314, 2;
0.0317678, 2;
0.0318294, 2;
0.0455119, 2;
0.0298721, 2;
0.030388, 2;
0.0319548, 2;
0.0299461, 2;
0.0354315, 2;
0.0425571, 2;
0.031928, 2;
0.0321288, 2;
0.030272, 2;
0.0327515, 2;
0.0298414, 2;
0.0300701, 2;
0.0308318, 2;
0.0308859, 2;
0.0326983, 2;
0.0306662, 2;
0.032088, 2;
0.0299019, 2;
0.0312878, 2;
0.030686, 2;
0.0303391, 2;
0.0296249, 2;
0.0338974, 2;
0.0459744, 2;
0.0454948, 2;
0.0297636, 2;
0.0309511, 2;
0.0309291, 2;
0.0306989, 2;
0.03243, 2;
0.0451138, 2;
0.0320297, 2;
0.0299952, 2;
0.0314552, 2;
0.031493, 2;
0.0295423, 2;
0.0320932, 2;
0.0298255, 2;
0.0308313, 2;
0.0304831, 2;
0.0316703, 2;
0.0303343, 2;
0.0304716, 2;
0.0311817, 2;
0.0333178, 2;
0.0302628, 2;
0.0320599, 2;
0.0311067, 2;
0.0334453, 2;
0.0432665, 2;
0.0313934, 2;
0.0297226, 2;
0.0310927, 2;
0.0299398, 2;
0.0342513, 2;
0.0440084, 2;
0.0309041, 2;
0.0320614, 2;
0.030847, 2;
0.0312207, 2;
0.0441302, 2;
0.0319375, 2;
0.031192, 2;
0.030266, 2;
0.0311662, 2;
0.0313037, 2;
0.0309402, 2;
0.0312416, 2;
0.030911, 2;
0.0315264, 2;
0.0449278, 2;
0.0314231, 2;
0.029191, 2;
0.0317058, 2;
0.0466703, 2;
0.0302805, 2;
0.0447155, 2;
0.030029, 2;
0.0307241, 2;
0.0324518, 2;
0.0461278, 2;
0.0305736, 2;
0.0299551, 2;
0.0320481, 2;
0.0321158, 2;
0.0322792, 2;
0.0305153, 2;
0.0317349, 2;
0.0302942, 2;
0.0309805, 2;
0.0310583, 2;
0.0315516, 2;
0.0327344, 2;
0.0356289, 2;
0.0413975, 2;
0.0299739, 2;
0.0316355, 2;
0.0302145, 2;
0.0311625, 2;
0.0354267, 2;
0.0409915, 2;
0.0301909, 2;
0.0310477, 2;
0.0314969, 2;
0.0309568, 2;
0.0304665, 2;
0.0310371, 2;
0.0319382, 2;
0.0314663, 2;
0.0298918, 2;
0.0296981, 2;
0.0314176, 2;
0.0321664, 2;
0.0312798, 2;
0.0294606, 2;
0.0307754, 3;
0.0320024, 3;
0.030005, 3;
0.0313055, 3;
0.0309355, 3;
0.0309449, 3;
0.0319107, 3;
0.0309939, 3;
0.0309609, 3;
0.0300827, 3;
0.0306494, 3;
0.030956, 3;
0.0309573, 3;
0.0310745, 3;
0.0311111, 3;
0.0299995, 3;
0.0310639, 3;
0.0308572, 3;
0.0300071, 3;
0.0309792, 3;
0.0310977, 3;
0.0319363, 3;
0.0309912, 3;
0.0310662, 3;
0.031036, 3;
0.0308942, 3;
0.0309162, 3;
0.0350243, 3;
0.0421994, 3;
0.0328975, 3;
0.0323387, 3;
0.0299165, 3;
0.0316718, 3;
0.0308717, 3;
0.0372763, 3;
0.0397783, 3;
0.0346805, 3;
0.0410621, 3;
0.0357927, 3;
0.0432184, 3;
0.0301772, 3;
0.0318603, 3;
0.0320786, 3;
0.0471019, 3;
0.0339229, 3;
0.0494344, 3;
0.0410936, 3;
0.033973, 3;
0.0436561, 3;
0.0446343, 3;
0.0293958, 3;
0.0344333, 3;
0.0456593, 3;
0.0297263, 3;
0.0344812, 3;
0.0537425, 3;
0.0365033, 3;
0.0312882, 3;
0.0309382, 3;
0.0309853, 3;
0.0316012, 3;
0.0301276, 3;
0.0309853, 3;
0.0300272, 3;
0.0310855, 3;
0.0308315, 3;
0.0320658, 3;
0.0320156, 3;
0.0310873, 3;
0.0304043, 3;
0.0311256, 3;
0.0300294, 3;
0.0309665, 3;
0.0311825, 3;
0.0298814, 3;
0.0310274, 3;
0.0311957, 3;
0.0299731, 3;
0.0311107, 3;
0.031932, 3;
0.0320371, 3;
0.0312316, 3;
0.0327752, 3;
0.030245, 3;
0.0309809, 3;
0.0313748, 3;
0.0319931, 3;
0.0300283, 3;
0.0309584, 3;
0.0310057, 3;
0.0321409, 3;
0.0309355, 3;
0.0301181, 3;
0.0320467, 3;
0.0303723, 3;
0.0311782, 3;
0.0308263, 3;
0.0309854, 3;
0.0312822, 3;
0.0310755, 3;
0.0315204, 3;
0.0304833, 3;
0.0315055, 3;
0.0317766, 3;
0.0306185, 3;
0.0303255, 3;
0.0309567, 3;
0.0298066, 3;
0.0320642, 3;
0.0299903, 3;
0.0308152, 3;
0.0311679, 3;
0.0300767, 3;
0.0314568, 3;
0.0310162, 3;
0.03061, 3;
0.0308074, 3;
0.0306628, 3;
0.0313681, 3;
0.0309291, 3;
0.0310082, 3;
0.0320209, 3;
0.0310366, 3;
0.0314271, 3;
0.0309176, 3;
0.0310804, 3;
0.0319928, 3;
0.0316205, 3;
0.0305245, 3;
0.0312465, 3;
0.030971, 3;
0.0298819, 3;
0.0301854, 3;
0.0303438, 3;
0.0310919, 3;
0.0305164, 3;
0.0310217, 3;
0.0299929, 3;
0.0311318, 3;
0.0298257, 3;
0.0309981, 3;
0.0309603, 3;
0.0311964, 3;
0.0314915, 3;
0.0301979, 3;
0.0311644, 3;
0.0319493, 3;
0.0320357, 3;
0.0301142, 3;
0.0320424, 3;
0.0313293, 3;
0.0313565, 3;
0.0320009, 3;
0.029995, 3;
0.0312677, 3;
0.0310453, 3;
0.0301198, 3;
0.0309847, 3;
0.0309219, 3;
0.0310181, 3;
0.0311201, 3;
0.0317615, 3;
0.0310515, 3;
0.0308047, 3;
0.0310533, 3;
0.0319535, 3;
0.0311245, 3;
0.0310501, 3;
0.0310159, 3;
0.0307711, 3;
0.0337257, 3;
0.0442508, 3;
0.0319774, 3;
0.0301761, 3;
0.0301881, 3;
0.0323142, 3;
0.0450069, 3;
0.0307943, 3;
0.0305714, 3;
0.0300078, 3;
0.0312753, 3;
0.0321499, 3;
0.0298739, 3;
0.0307158, 3;
0.0318952, 3;
0.0300941, 3;
0.0311733, 3;
0.0308775, 3;
0.0319119, 3;
0.0312539, 3;
0.0317549, 3;
0.0319695, 3;
0.0570365, 3;
0.0370029, 3;
0.0314574, 3;
0.0423707, 3;
0.0576468, 3;
0.0403132, 3;
0.0320005, 3;
0.0302549, 3;
0.0322363, 3;
0.0298485, 3;
0.0310118, 3;
0.030742, 3;
0.0302269, 3;
0.0320047, 3;
0.0309806, 3;
0.0363297, 3;
0.0429314, 3;
0.0307045, 3;
0.0315132, 3;
0.0312456, 3;
0.0453092, 3;
0.0299544, 3;
0.0309749, 3;
0.030159, 3;
0.0317686, 3;
0.0301009, 3;
0.0321471, 3;
0.0302072, 3;
0.0311314, 3;
0.0313979, 3;
0.0303238, 3;
0.0320403, 3;
0.0296533, 3;
0.0301171, 3;
0.0310524, 3;
0.0309154, 3;
0.0299018, 3;
0.034912, 3;
0.0422355, 3;
0.0319211, 3;
0.0320537, 3;
0.0313997, 3;
0.0303833, 3;
0.0361191, 3;
0.046791, 3;
0.0485004, 3;
0.0399092, 3;
0.0307654, 3;
0.0299156, 3;
0.031124, 3;
0.0325693, 3;
0.0289162, 3;
0.0320952, 3;
0.0308691, 3;
0.0330527, 3;
0.0443164, 3;
0.0309554, 3;
0.0300896, 3;
0.0304971, 3;
0.0308993, 3;
0.0307675, 3;
0.0317573, 3;
0.0306135, 3;
0.0314455, 3;
0.0325362, 3;
0.0306948, 3;
0.0305947, 3;
0.0325888, 3;
0.0314976, 3;
0.0322181, 3;
0.0343572, 3;
0.0479817, 3;
0.049891, 3;
0.0394152, 3;
0.0320874, 3;
0.0318895, 3;
0.0309607, 3;
0.0308131, 3;
0.0303186, 3;
0.031192, 3;
0.0310239, 3;
0.0318301, 3;
0.0317018, 3;
0.031046, 3;
0.0301352, 3;
0.033739, 3;
0.029346, 3;
0.0309172, 3;
0.0311409, 3;
0.0299154, 3;
0.0300496, 3;
0.0366647, 3;
0.0395721, 3;
0.0297881, 3;
0.0300222, 3;
0.0319427, 3;
0.031145, 3;
0.0315456, 3;
0.111035, 3;
0.123746, 3;
0.0442494, 3;
0.030916, 3;
0.0301731, 3;
0.0310523, 3;
0.0313133, 3;
0.030864, 3;
0.0310523, 3;
0.029988, 3;
0.0310617, 3;
0.0311243, 3;
0.0317091, 3;
0.0310696, 3;
0.0308821, 3;
0.0301825, 3;
0.0325066, 3;
0.044357, 3;
0.0309829, 3;
0.0307626, 3;
0.0312405, 3;
0.0307887, 3;
0.0310106, 3;
0.0310471, 3;
0.0306042, 3;
0.0312303, 3;
0.0322243, 3;
0.045052, 3;
0.0315563, 3;
0.0441795, 3;
0.0312257, 3;
0.0310327, 3;
0.0321872, 3;
0.0297171, 3;
0.0309511, 3;
0.0306164, 3;
0.0305807, 3;
0.031194, 3;
0.031755, 3;
0.0309709, 3;
0.0314387, 3;
0.0302236, 3;
0.0304437, 3;
0.0311658, 3;
0.0306532, 3;
0.0298835, 3;
0.0300514, 3;
0.0315015, 3;
0.0347229, 3;
0.0435464, 3;
0.031353, 3;
0.0304534, 3;
0.0316985, 4;
0.0316034, 4;
0.0329994, 4;
0.0446105, 4;
0.0305036, 4;
0.0311304, 4;
0.0313134, 4;
0.0296202, 4;
0.0314852, 4;
0.0312224, 4;
0.0319396, 4;
0.0329382, 4;
0.0309834, 4;
0.0303541, 4;
0.0310805, 4;
0.0311648, 4;
0.0305867, 4;
0.0310109, 4;
0.0311481, 4;
0.0310108, 4;
0.0308752, 4;
0.0319267, 4;
0.0335059, 4;
0.0437304, 4;
0.0311644, 4;
0.0334957, 4;
0.0305411, 4;
0.0303047, 4;
0.0305333, 4;
0.0309422, 4;
0.0319823, 4;
0.0303134, 4;
0.0313749, 4;
0.0311484, 4;
0.0318194, 4;
0.0448858, 4;
0.0301937, 4;
0.0306768, 4;
0.0303273, 4;
0.0313994, 4;
0.0320852, 4;
0.0306979, 4;
0.0333073, 4;
0.0423526, 4;
0.0311348, 4;
0.0314363, 4;
0.0307321, 4;
0.0299315, 4;
0.0324878, 4;
0.0301919, 4;
0.0307706, 4;
0.0319527, 4;
0.0307994, 4;
0.0309875, 4;
0.0308759, 4;
0.0306124, 4;
0.0309866, 4;
0.0309513, 4;
0.031818, 4;
0.0295392, 4;
0.0312069, 4;
0.0306337, 4;
0.0315476, 4;
0.0310361, 4;
0.030055, 4;
0.0312827, 4;
0.0325621, 4;
0.045587, 4;
0.0296767, 4;
0.0308388, 4;
0.0304125, 4;
0.0331979, 4;
0.0309592, 4;
0.0315595, 4;
0.0443728, 4;
0.029839, 4;
0.0319927, 4;
0.0314996, 4;
0.0308818, 4;
0.0305076, 4;
0.0312376, 4;
0.0299314, 4;
0.0320579, 4;
0.030863, 4;
0.0312614, 4;
0.0306164, 4;
0.0311105, 4;
0.030026, 4;
0.0297686, 4;
0.030978, 4;
0.031, 4;
0.032385, 4;
0.0322505, 4;
0.0293672, 4;
0.0303174, 4;
0.0310074, 4;
0.0301146, 4;
0.0317488, 4;
0.0301962, 4;
0.0311888, 4;
0.0310545, 4;
0.0299357, 4;
0.0310191, 4;
0.0299799, 4;
0.030084, 4;
0.0315871, 4;
0.0311058, 4;
0.0309902, 4;
0.0319393, 4;
0.030814, 4;
0.0362401, 4;
0.0456501, 4;
0.0423298, 4;
0.0309959, 4;
0.0324768, 4;
0.029574, 4;
0.0307338, 4;
0.03196, 4;
0.0297672, 4;
0.0309057, 4;
0.0305615, 4;
0.0311245, 4;
0.0298834, 4;
0.0299195, 4;
0.0312176, 4;
0.0317621, 4;
0.0320403, 4;
0.0317812, 4;
0.0299803, 4;
0.0325014, 4;
0.0307673, 4;
0.0311064, 4;
0.0309123, 4;
0.0310008, 4;
0.0311835, 4;
0.0307538, 4;
0.0324793, 4;
0.0314214, 4;
0.0301443, 4;
0.0308425, 4;
0.0300493, 2;
0.0315557, 2;
0.030705, 2;
0.0312718, 2;
0.0315766, 2;
0.0301529, 2;
0.0306317, 2;
0.0311567, 2;
0.0322717, 2;
0.0313349, 2;
0.030726, 2;
0.0335128, 2;
0.0439608, 2;
0.0304128, 2;
0.0298422, 2;
0.0303824, 2;
0.0320188, 2;
0.0298534, 2;
0.0314375, 2;
0.0314428, 2;
0.0321607, 2;
0.0301358, 2;
0.0300345, 2;
0.0312742, 2;
0.0306691, 2;
0.0328625, 2;
0.0311841, 2;
0.0298998, 2;
0.0310125, 2;
0.0301821, 2;
0.0317118, 2;
0.0297858, 2;
0.0312381, 2;
0.0300878, 2;
0.030949, 2;
0.0313394, 2;
0.0311119, 2;
0.0305581, 2;
0.0324122, 2;
0.031071, 2;
0.0294942, 2;
0.0312653, 2;
0.0317258, 2;
0.0299803, 2;
0.0310207, 2;
0.0299684, 2;
0.0363064, 2;
0.0407612, 2;
0.0314897, 2;
0.0323672, 2;
0.0309457, 2;
0.0312879, 2;
0.031484, 2;
0.0310559, 2;
0.0313334, 2;
0.0309581, 2;
0.0301775, 2;
0.0320622, 2;
0.0308944, 2;
0.0311034, 2;
0.0299162, 2;
0.0313917, 2;
0.0304313, 2;
0.0307313, 2;
0.0438086, 2;
0.0434048, 2;
0.0387053, 2;
0.0321499, 2;
0.0454732, 2;
0.029777, 2;
0.0315733, 2;
0.0306224, 2;
0.0307102, 2;
0.0299235, 2;
0.0299843, 2;
0.0311149, 2;
0.0310846, 2;
0.0308778, 2;
0.0310788, 2;
0.0302172, 2;
0.0317549, 2;
0.0307804, 2;
0.0311901, 2;
0.0326782, 2;
0.0294009, 2;
0.0321144, 2;
0.0319416, 2;
0.0301802, 2;
0.0314494, 2;
0.0313469, 2;
0.031781, 2;
0.0307261, 2;
0.0314534, 2;
0.031404, 2;
0.0315873, 2;
0.0454605, 2;
0.0305889, 2;
0.0348336, 2;
0.0440397, 2;
0.0308463, 2;
0.0300894, 2;
0.0304522, 2;
0.0304709, 2;
0.0313361, 2;
0.0308389, 2;
0.0300126, 2;
0.0306898, 2;
0.0318423, 2;
0.0300464, 2;
0.0320083, 2;
0.0314134, 2;
0.0305138, 2;
0.0301593, 2;
0.031409, 2;
0.0304267, 2;
0.0312139, 2;
0.0303075, 2;
0.033444, 2;
0.0308844, 2;
0.0300008, 2;
0.0299542, 2;
0.0310349, 2;
0.0312485, 2;
0.0304552, 2;
0.0308143, 2;
0.0320464, 2;
0.0307635, 2;
0.0313737, 2;
0.0328215, 2;
0.0305606, 2;
0.0320585, 2;
0.0321283, 2;
0.0310118, 2;
0.0301524, 2;
0.0305404, 2;
0.0308751, 2;
0.031052, 2;
0.0314613, 2;
0.0307665, 2;
0.0300418, 2;
0.0309371, 2;
0.0319243, 2;
0.0307039, 2;
0.0304189, 2;
0.0310597, 2;
0.0310477, 2;
0.0315799, 2;
0.03201, 3;
0.0300476, 3;
0.0308879, 3;
0.0317287, 3;
0.0301105, 3;
0.0313763, 3;
0.0310075, 3;
0.0305784, 3;
0.0302374, 3;
0.0317897, 3;
0.0313587, 3;
0.0319639, 3;
0.0312629, 3;
0.0299718, 3;
0.0309936, 3;
0.0316067, 3;
0.0316536, 3;
0.0310008, 3;
0.030042, 3;
0.0315782, 3;
0.0301598, 3;
0.0310383, 3;
0.0311497, 3;
0.0317805, 3;
0.0310533, 3;
0.0312824, 3;
0.0307606, 3;
0.0319107, 3;
0.0310457, 3;
0.0307866, 3;
0.0310124, 3;
0.0319832, 3;
0.0311342, 3;
0.031571, 3;
0.0307925, 3;
0.0311906, 3;
0.0313609, 3;
0.0300296, 3;
0.0309237, 3;
0.0319766, 3;
0.0300142, 3;
0.0320205, 3;
0.0309425, 3;
0.0299885, 3;
0.0309443, 3;
0.0309719, 3;
0.0302229, 3;
0.030078, 3;
0.0309727, 3;
0.0310915, 3;
0.031013, 3;
0.0309574, 3;
0.0304658, 3;
0.0315497, 3;
0.0318534, 3;
0.0300328, 3;
0.0320127, 3;
0.0313864, 3;
0.0309023, 3;
0.0309011, 3;
0.0310079, 3;
0.0315412, 3;
0.0311103, 3;
0.0299552, 3;
0.0309855, 3;
0.032013, 3;
0.0319786, 3;
0.0301664, 3;
0.0309745, 3;
0.0310724, 3;
0.0319507, 3;
0.0309918, 3;
0.0308849, 3;
0.0321643, 3;
0.0308425, 3;
0.0299442, 3;
0.0320294, 3;
0.0325584, 3;
0.0318161, 3;
0.0315057, 3;
0.0309928, 3;
0.0299983, 3;
0.0296547, 3;
0.0309806, 3;
0.030984, 3;
0.0319879, 3;
0.0309573, 3;
0.0311865, 3;
0.0316672, 3;
0.0320285, 3;
0.0309377, 3;
0.0299561, 3;
0.031168, 3;
0.0311571, 3;
0.029945, 3;
0.0311096, 3;
0.0309859, 3;
0.0302688, 3;
0.0301567, 3;
0.0319857, 3;
0.0300081, 3;
0.0299196, 3;
0.0311838, 3;
0.0309834, 3;
0.0319818, 3;
0.0310075, 3;
0.0306577, 3;
0.0306013, 3;
0.0307561, 3;
0.030982, 3;
0.0309629, 3;
0.0310527, 3;
0.0309881, 3;
0.0319862, 3;
0.0309925, 3;
0.0310032, 3;
0.0309776, 3;
0.030987, 3;
0.0309414, 3;
0.0309772, 3;
0.0322942, 3;
0.0307952, 3;
0.0309857, 3;
0.0322931, 3;
0.0301227, 3;
0.0309737, 3;
0.0309997, 3;
0.0321269, 3;
0.0304233, 3;
0.0309532, 3;
0.0309899, 3;
0.030004, 3;
0.0309459, 3;
0.0301204, 3;
0.0319227, 3;
0.0306472, 3;
0.0301517, 3;
0.0311266, 3;
0.0311322, 3;
0.0299425, 3;
0.0319378, 3;
0.0308161, 3;
0.0312966, 3;
0.0309868, 3;
0.0299486, 3;
0.031013, 3;
0.0311053, 3;
0.030915, 3;
0.0309455, 3;
0.0309966, 3;
0.0299902, 3;
0.0310243, 3;
0.0309395, 3;
0.030015, 3;
0.031591, 3;
0.030972, 3;
0.0307695, 3;
0.0307996, 3;
0.0310155, 3;
0.0300915, 3;
0.0315207, 3;
0.0319806, 3;
0.0311486, 3;
0.0299514, 3;
0.031448, 3;
0.0309849, 3;
0.0310725, 3;
0.0315136, 3;
0.0301612, 3;
0.0311217, 3;
0.029966, 3;
0.0309648, 3;
0.0309713, 3;
0.0310518, 3;
0.0299938, 3;
0.0309011, 3;
0.0310084, 3;
0.0300102, 3;
0.0308795, 3;
0.0310137, 3;
0.0300669, 3;
0.0309865, 3;
0.030956, 3;
0.0299822, 3;
0.0300022, 3;
0.031975, 3;
0.0300032, 3;
0.0319814, 3;
0.0312735, 3;
0.0309519, 3;
0.0309811, 3;
0.030994, 3;
0.0310225, 3;
0.030958, 3;
0.0299792, 3;
0.0309979, 3;
0.0309364, 3;
0.0299909, 3;
0.0309746, 3;
0.0314078, 3;
0.0305831, 3;
0.0309943, 3;
0.0301664, 3;
0.0312521, 3;
0.0308906, 3;
0.030979, 3;
0.0309889, 3;
0.0309927, 3;
0.030999, 3;
0.0302791, 3;
0.0320021, 3;
0.0307865, 3;
0.0311725, 3;
0.0312516, 3;
0.0309516, 3;
0.0309488, 3;
0.0309923, 3;
0.0299708, 3;
0.031074, 3;
0.0310794, 3;
0.0300893, 3;
0.0311273, 3;
0.0308645, 3;
0.0300661, 3;
0.0318852, 3;
0.0320491, 3;
0.0299192, 3;
0.0312776, 3;
0.0318448, 3;
0.0300931, 3;
0.0318599, 3;
0.0310433, 3;
0.0304875, 3;
0.0304843, 3;
0.0310074, 3;
0.0299625, 3;
0.0310063, 3;
0.031653, 3;
0.031404, 3;
0.0299662, 3;
0.030997, 3;
0.0309672, 3;
0.0309702, 3;
0.0310578, 3;
0.0310333, 3;
0.0310703, 3;
0.0306969, 3;
0.0304204, 3;
0.0309445, 3;
0.0299357, 3;
0.0298826, 3;
0.0300193, 3;
0.0310233, 3;
0.0308398, 3;
0.0308445, 3;
0.0312627, 3;
0.0310289, 3;
0.0304282, 3;
0.032009, 3;
0.030973, 3;
0.0308621, 3;
0.0302051, 3;
0.0316188, 3;
0.0319103, 3;
0.0335775, 3;
0.0445837, 3;
0.0304926, 3;
0.0447097, 3;
0.030318, 3;
0.0307035, 3;
0.030134, 3;
0.0314734, 3;
0.0326633, 3;
0.04568, 3;
0.0304313, 3;
0.0310874, 3;
0.0309515, 3;
0.030758, 3;
0.0301736, 4;
0.0320948, 4;
0.0311556, 4;
0.0301171, 4;
0.0297888, 4;
0.0303782, 4;
0.0305355, 4;
0.0331791, 4;
0.0448536, 4;
0.0450714, 4;
0.0296677, 4;
0.0300394, 4;
0.0306816, 4;
0.0304756, 4;
0.0303082, 4;
0.0311617, 4;
0.0310166, 4;
0.031145, 4;
0.031397, 4;
0.0345315, 4;
0.0433199, 4;
0.0317069, 4;
0.0315651, 4;
0.0305817, 4;
0.031061, 2;
0.0314737, 2;
0.0293347, 2;
0.0312528, 2;
0.0326706, 2;
0.0306934, 2;
0.0315005, 2;
0.0335812, 2;
0.0472934, 2;
0.0435883, 2;
0.0299926, 2;
0.031088, 2;
0.0318565, 2;
0.0477933, 2;
0.04349, 2;
0.0309539, 2;
0.0311126, 2;
0.031845, 2;
0.0302135, 2;
0.0298669, 2;
0.0311447, 2;
0.031383, 2;
0.0308475, 2;
0.0308787, 2;
0.0305629, 2;
0.0312204, 2;
0.0312334, 2;
0.0320696, 2;
0.031841, 2;
0.0304475, 2;
0.030737, 2;
0.0301284, 2;
0.0296576, 2;
0.0308738, 2;
0.0300139, 2;
0.0332904, 2;
0.0306505, 2;
0.0319904, 2;
0.0300185, 2;
0.0312073, 2;
0.0307507, 2;
0.0321251, 2;
0.0314711, 2;
0.0300004, 2;
0.0310117, 2;
0.0318477, 2;
0.0334006, 2;
0.0428816, 2;
0.031232, 2;
0.0307161, 2;
0.0313127, 2;
0.0318809, 2;
0.0331097, 2;
0.0443505, 2;
0.0307202, 2;
0.032984, 2;
0.0289029, 2;
0.030953, 2;
0.0403224, 2;
0.0390441, 2;
0.0303162, 2;
0.0303275, 2;
0.032, 2;
0.0307262, 2;
0.0300176, 2;
0.0325155, 2;
0.0338415, 2;
0.0439301, 2;
0.0323, 2;
0.0297403, 2;
0.0310264, 2;
0.0303582, 2;
0.0346027, 2;
0.0445303, 2;
0.0307817, 2;
0.0304783, 2;
0.0307452, 2;
0.0304112, 2;
0.0311588, 2;
0.0298534, 2;
0.0309586, 2;
0.0319583, 2;
0.0327573, 2;
0.030919, 2;
0.0451921, 2;
0.0468385, 2;
0.0454572, 2;
0.0299203, 2;
0.0307111, 2;
0.0312178, 2;
0.0308275, 2;
0.0309243, 2;
0.0299792, 3;
0.0309347, 3;
0.0304515, 3;
0.0305106, 3;
0.0308205, 3;
0.0301503, 3;
0.0307728, 3;
0.0308124, 3;
0.031709, 3;
0.0309902, 3;
0.0310822, 3;
0.0319131, 3;
0.0309611, 3;
0.0299848, 3;
0.0310127, 3;
0.031024, 3;
0.0309052, 3;
0.0309623, 3;
0.031558, 3;
0.0309826, 3;
0.0298963, 3;
0.031611, 3;
0.0389669, 3;
0.0410037, 3;
0.0309909, 3;
0.0313587, 3;
0.0306445, 3;
0.031031, 3;
0.0310996, 3;
0.0306274, 3;
0.0300274, 3;
0.0309388, 3;
0.0317977, 3;
0.0309402, 3;
0.0314986, 3;
0.0299523, 3;
0.0310883, 3;
0.0310307, 3;
0.0310424, 3;
0.0307001, 3;
0.0310515, 3;
0.0307508, 3;
0.0313429, 3;
0.0309397, 3;
0.0308335, 3;
0.0309061, 3;
0.0309569, 3;
0.0314766, 3;
0.0302556, 3;
0.0315872, 3;
0.0311648, 3;
0.030978, 3;
0.0319855, 3;
0.0309771, 3;
0.031009, 3;
0.0319466, 3;
0.0309969, 3;
0.029963, 3;
0.030718, 3;
0.0304833, 3;
0.0309757, 3;
0.0309575, 3;
0.0299828, 3;
0.0310097, 3;
0.0305263, 3;
0.0294546, 3;
0.0311059, 3;
0.0308846, 3;
0.0309561, 3;
0.0319603, 3;
0.0316973, 3;
0.0319477, 3;
0.0313889, 3;
0.0312396, 3;
0.0308058, 3;
0.0310069, 3;
0.0309588, 3;
0.0308885, 3;
0.0309773, 3;
0.0321737, 3;
0.0308048, 3;
0.031048, 3;
0.0307469, 3;
0.0308357, 3;
0.0313225, 3;
0.0309884, 3;
0.0309643, 3;
0.030999, 3;
0.03102, 3;
0.0321304, 3;
0.031395, 3;
0.0312713, 3;
0.031166, 3;
0.0299809, 3;
0.0308382, 3;
0.0315855, 3;
0.0305757, 3;
0.030891, 3;
0.0319443, 3;
0.0319958, 3;
0.0299569, 3;
0.0307394, 3;
0.0309644, 3;
0.0303974, 3;
0.0315265, 3;
0.0312793, 3;
0.0304792, 3;
0.0308898, 3;
0.0299822, 3;
0.0309881, 3;
0.0310141, 3;
0.0319421, 3;
0.030883, 3;
0.0317104, 3;
0.0314405, 3;
0.0301468, 3;
0.0319772, 3;
0.0319796, 3;
0.0300103, 3;
0.0320907, 3;
0.0308267, 3;
0.0299967, 3;
0.0309448, 3;
0.0299698, 3;
0.0310039, 3;
0.0299994, 3;
0.0299871, 3;
0.0306769, 3;
0.0299067, 3;
0.0299425, 3;
0.0304887, 3;
0.0320306, 3;
0.0319543, 3;
0.0309863, 3;
0.0311466, 3;
0.0300134, 3;
0.0309466, 3;
0.0299744, 3;
0.0310395, 3;
0.0309206, 3;
0.03155, 3;
0.0309188, 3;
0.0308969, 3;
0.0310825, 3;
0.0305952, 3;
0.0311584, 3;
0.0319602, 3;
0.030948, 3;
0.0310195, 3;
0.0299943, 3;
0.0319527, 3;
0.0319587, 3;
0.0310724, 3;
0.0308971, 3;
0.0319779, 3;
0.0309614, 3;
0.0315269, 3;
0.0314887, 3;
0.0310146, 3;
0.0309894, 3;
0.031942, 3;
0.0300759, 3;
0.0309982, 3;
0.0299675, 3;
0.0300822, 3;
0.0319069, 3;
0.0301043, 3;
0.029591, 3;
0.0303902, 3;
0.0316602, 3;
0.0298127, 3;
0.030798, 3;
0.0310066, 3;
0.0309441, 3;
0.0298063, 3;
0.0310723, 3;
0.0319787, 3;
0.0299971, 3;
0.0307063, 3;
0.031473, 3;
0.0321319, 3;
0.0313344, 3;
0.0320099, 3;
0.0319787, 3;
0.0316111, 3;
0.0310133, 3;
0.0298542, 3;
0.0319529, 3;
0.0308881, 3;
0.0310142, 3;
0.0309638, 3;
0.0310093, 3;
0.0310326, 3;
0.0298876, 3;
0.0319958, 3;
0.0315618, 3;
0.0309956, 3;
0.0299392, 3;
0.0305812, 3;
0.0319195, 3;
0.0299697, 3;
0.031011, 3;
0.0309737, 3;
0.0309851, 3;
0.0309701, 3;
0.0309778, 3;
0.0309715, 3;
0.030883, 3;
0.0298695, 3;
0.0298944, 3;
0.0309112, 3;
0.0320547, 3;
0.031929, 3;
0.030156, 3;
0.0319604, 3;
0.0320126, 3;
0.0302646, 3;
0.0312799, 3;
0.0299301, 3;
0.031043, 3;
0.0319644, 3;
0.0319438, 3;
0.0300116, 3;
0.0304817, 3;
0.031983, 3;
0.0299357, 3;
0.0305704, 3;
0.030796, 3;
0.0303848, 3;
0.0310124, 3;
0.0309628, 3;
0.0300452, 3;
0.0308983, 3;
0.0299963, 3;
0.0314773, 3;
0.0311022, 3;
0.0308844, 3;
0.032012, 3;
0.0300252, 3;
0.0311264, 3;
0.0300109, 3;
0.0307992, 3;
0.0306204, 3;
0.030602, 3;
0.0313225, 3;
0.0305438, 3;
0.0310896, 3;
0.0310132, 3;
0.0317201, 3;
0.0316175, 3;
0.0309636, 3;
0.0299514, 3;
0.0319565, 3;
0.0300486, 3;
0.0311697, 3;
0.0311084, 3;
0.0316242, 3;
0.0309923, 3;
0.030939, 3;
0.0311327, 3;
0.0309668, 3;
0.0310545, 3;
0.0319739, 3;
0.0316083, 3;
0.0299795, 3;
0.0310477, 3;
0.0315019, 3;
0.0310338, 3;
0.0311226, 3;
0.0311368, 3;
0.0306309, 3;
0.0315867, 3;
0.0331909, 3;
0.0443278, 3;
0.0306692, 3;
0.0318361, 3;
0.0309347, 3;
0.0313386, 3;
0.0500336, 3;
0.0418368, 3;
0.0470666, 3;
0.0440982, 3;
0.0308555, 3;
0.0308386, 3;
0.0451453, 3;
0.0300913, 3;
0.0310661, 3;
0.0309766, 3;
0.0338446, 3;
0.0436787, 3;
0.0294501, 3;
0.0321009, 3;
0.0298984, 3;
0.0310229, 3;
0.0322618, 3;
0.0307305, 3;
0.0356626, 3;
0.0414356, 3;
0.0311648, 3;
0.0301695, 3;
0.0299059, 3;
0.0312639, 3;
0.0310475, 3;
0.0313205, 3;
0.0309324, 3;
0.0310678, 3;
0.0313769, 3;
0.0311522, 3;
0.0323043, 3;
0.0307402, 3;
0.0338236, 3;
0.0457595, 3;
0.0439691, 3;
0.0303601, 3;
0.0295807, 3;
0.0310432, 3;
0.0331513, 3;
0.0461759, 3;
0.0444118, 3;
0.0317013, 3;
0.0311066, 3;
0.0302804, 3;
0.0310926, 3;
0.0311826, 3;
0.0311406, 3;
0.0312574, 3;
0.0301594, 3;
0.0297268, 3;
0.0308602, 3;
0.0309927, 3;
0.0304146, 3;
0.030341, 3;
0.031013, 3;
0.0302028, 3;
0.0320361, 3;
0.03078, 3;
0.0382355, 3;
0.0384599, 3;
0.0318571, 3;
0.0321622, 3;
0.0306544, 3;
0.0298666, 3;
0.0317851, 3;
0.0320479, 3;
0.0320901, 3;
0.029549, 3;
0.0312861, 3;
0.0298728, 3;
0.0339024, 3;
0.043537, 3;
0.0306248, 3;
0.0309103, 3;
0.0324826, 3;
0.0329092, 3;
0.0456012, 3;
0.0299841, 3;
0.0309415, 3;
0.0311329, 3;
0.0310484, 3;
0.0330094, 3;
0.0453641, 3;
0.0294213, 3;
0.0316537, 3;
0.0308804, 3;
0.0452619, 3;
0.0292659, 3;
0.0299706, 3;
0.0306339, 3;
0.031434, 3;
0.0301937, 3;
0.0311412, 3;
0.0298373, 3;
0.0332748, 3;
0.0449388, 3;
0.0305443, 3;
0.0312311, 3;
0.0341739, 3;
0.0443641, 3;
0.0315952, 3;
0.0315123, 3;
0.044843, 3;
0.0306299, 3;
0.0300403, 3;
0.0317773, 3;
0.0297809, 3;
0.0312037, 3;
0.0320036, 3;
0.0299266, 3;
0.0305701, 3;
0.0311652, 3;
0.0321013, 3;
0.0307571, 3;
0.0320506, 3;
0.03164, 3;
0.0331203, 3;
0.0297241, 3;
0.0307647, 3;
0.0309325, 3;
0.0300712, 3;
0.0308678, 3;
0.0327486, 3;
0.0301922, 3;
0.0309557, 3;
0.0329713, 3;
0.0439879, 3;
0.0308003, 3;
0.0307705, 3;
0.0320171, 3;
0.0299421, 3;
0.0328723, 3;
0.0448665, 3;
0.0319504, 3;
0.0310991, 3;
0.0295085, 3;
0.030867, 3;
0.0309564, 3;
0.031494, 3;
0.0313446, 3;
0.0315168, 3;
0.0320237, 3;
0.0300217, 3;
0.0318931, 3;
0.0306917, 3;
0.0315541, 3;
0.0309775, 3;
0.0304141, 3;
0.0330912, 3;
0.0290783, 3;
0.0308844, 3;
0.0300044, 3;
0.0303187, 3;
0.0311714, 3;
0.0305755, 3;
0.031969, 3;
0.0321067, 3;
0.0303506, 3;
0.0452335, 3;
0.0298203, 4;
0.0299169, 4;
0.0309893, 4;
0.0314875, 4;
0.0312068, 4;
0.0307473, 4;
0.031085, 4;
0.0310721, 4;
0.0314885, 4;
0.0311006, 4;
0.0305837, 4;
0.03282, 4;
0.0443582, 4;
0.0315777, 4;
0.0319607, 4;
0.0312083, 4;
0.0314529, 4;
0.0302824, 4;
0.030063, 4;
0.0311308, 4;
0.0297275, 4;
0.0324528, 4;
0.0299827, 4;
0.031964, 4;
0.0322864, 4;
0.029866, 4;
0.0314006, 4;
0.0305605, 4;
0.0320559, 4;
0.0306012, 4;
0.0317662, 4;
0.0312096, 4;
0.0297718, 4;
0.0297767, 4;
0.0321097, 4;
0.0309632, 4;
0.032235, 4;
0.029585, 4;
0.0314161, 4;
0.0319884, 4;
0.031329, 4;
0.0299829, 4;
0.030963, 4;
0.031052, 4;
0.0300259, 4;
0.0306849, 4;
0.0321353, 4;
0.0316664, 4;
0.0300133, 4;
0.0307804, 4;
0.0305084, 4;
0.0314116, 4;
0.0296556, 4;
0.0301099, 4;
0.0309115, 4;
0.0310071, 4;
0.0299935, 4;
0.0311882, 4;
0.0324693, 4;
0.0318163, 4;
0.045227, 4;
0.0301445, 4;
0.0299497, 4;
0.031449, 4;
0.0309557, 4;
0.0307913, 4;
0.029809, 4;
0.0317662, 4;
0.0300372, 4;
0.0300039, 4;
0.0315637, 4;
0.0314844, 4;
0.0300697, 4;
0.0315091, 4;
0.0305959, 4;
0.0324906, 4;
0.0317039, 4;
0.0300338, 4;
0.0326929, 4;
0.0338222, 4;
0.0437145, 4;
0.0458933, 4;
0.0435698, 4;
0.0329143, 4;
0.0441786, 4;
0.0304219, 4;
0.0310883, 4;
0.0307949, 4;
0.0314744, 4;
0.0300237, 4;
0.0301338, 4;
0.0312687, 4;
0.0306551, 4;
0.0309121, 4;
0.0299952, 4;
0.0309831, 4;
0.0304171, 4;
0.0307388, 4;
0.0314961, 4;
0.0337866, 4;
0.0431047, 4;
0.0318293, 4;
0.0308783, 4;
0.030904, 4;
0.030953, 4;
0.0306215, 4;
0.0303069, 4;
0.0299554, 4;
0.0310239, 4;
0.0297939, 4;
0.0309608, 4;
0.0307486, 4;
0.0329083, 4;
0.0294066, 4;
0.031791, 4;
0.0296492, 4;
0.031624, 4;
0.0324405, 4;
0.0297583, 4;
0.0309313, 4;
0.0327181, 4;
0.0304855, 4;
0.0306621, 4;
0.0297651, 4;
0.0309262, 4;
0.0310988, 4;
0.0305152, 4;
0.029842, 4;
0.031604, 4;
0.030578, 4;
0.0306732, 4;
0.0322033, 4;
0.03095, 4;
0.0299513, 4;
0.0309883, 4;
0.0322206, 4;
0.0318521, 4;
0.0443337, 4;
0.0329142, 4;
0.0296235, 4;
0.0320066, 4;
0.0300569, 4;
0.0315147, 4;
0.0294581, 4;
0.0309832, 4;
0.0299803, 4;
0.0300509, 4;
0.0308242, 4;
0.0300234, 4;
0.0310488, 4;
0.0320208, 4;
0.0314529, 4;
0.0313502, 4;
0.0318636, 4;
0.0445064, 4;
0.0310441, 4;
0.0308588, 4;
0.031022, 4;
0.0321015, 4;
0.0299162, 4;
0.0308404, 4;
0.031902, 4;
0.0319966, 4;
0.0299739, 4;
0.0310412, 4;
0.031031, 4;
0.0308928, 4;
0.0318388, 4;
0.0304362, 4;
0.0310931, 4;
0.0318801, 4;
0.0305797, 4;
0.0309823, 4;
0.0311396, 4;
0.0301631, 4;
0.0304064, 4;
0.0303464, 4;
0.0305604, 4;
0.0308585, 4;
0.0309462, 4;
0.0308858, 4;
0.0323079, 4;
0.0297596, 4;
0.0302691, 4;
0.0302697, 4;
0.0325146, 4;
0.0462953, 4;
0.0452638, 4;
0.0297476, 4;
0.029886, 4;
0.0308531, 4;
0.0307951, 4;
0.0321166, 4;
0.0300748, 4;
0.0321518, 4;
0.0294246, 4;
0.0324651, 4;
0.0290904, 2;
0.0309632, 2;
0.0303918, 2;
0.0309243, 2;
0.0308086, 2;
0.0317868, 2;
0.0300275, 2;
0.031049, 2;
0.0318986, 2;
0.0305541, 2;
0.031485, 2;
0.0301847, 2;
0.0310757, 2;
0.0314102, 2;
0.0367753, 2;
0.0398682, 2;
0.0322764, 2;
0.0314442, 2;
0.0313191, 2;
0.0321989, 2;
0.031961, 2;
0.030906, 2;
0.0541812, 2;
0.0382548, 2;
0.0310841, 2;
0.030493, 2;
0.0309828, 2;
0.0312466, 2;
0.0292268, 2;
0.0354615, 2;
0.0445758, 2;
0.0313122, 2;
0.0325149, 2;
0.0454351, 2;
0.0296257, 2;
0.0310632, 2;
0.0311176, 2;
0.0322473, 2;
0.030295, 2;
0.0319568, 2;
0.0321404, 2;
0.0317123, 2;
0.029678, 2;
0.0318001, 2;
0.0304554, 2;
0.0332857, 2;
0.0453994, 2;
0.043563, 2;
0.0318784, 2;
0.0298756, 2;
0.0331242, 2;
0.0467848, 2;
0.0441984, 2;
0.0315928, 2;
0.03024, 2;
0.0313566, 2;
0.0308232, 2;
0.0302222, 2;
0.0321759, 2;
0.0323282, 2;
0.0446361, 2;
0.0301114, 2;
0.0309583, 2;
0.031393, 2;
0.0306736, 2;
0.0322417, 2;
0.0312032, 2;
0.0305456, 2;
0.0331982, 2;
0.0454998, 2;
0.0455681, 2;
0.0309963, 2;
0.0308365, 2;
0.0307825, 2;
0.0301107, 2;
0.031415, 2;
0.0295863, 2;
0.0304554, 2;
0.0309905, 2;
0.0305869, 2;
0.0302782, 2;
0.0306223, 2;
0.0338267, 2;
0.0448243, 2;
0.0314684, 2;
0.0339049, 2;
0.0451371, 2;
0.0301619, 2;
0.0309702, 2;
0.0318187, 2;
0.0315478, 2;
0.044581, 2;
0.0298841, 2;
0.0318862, 2;
0.0320894, 2;
0.0312323, 2;
0.0295694, 2;
0.0311619, 2;
0.0300524, 2;
0.0308502, 2;
0.0319968, 2;
0.0304945, 2;
0.0317263, 2;
0.0318994, 2;
0.0309437, 2;
0.0310329, 2;
0.0323675, 2;
0.0304779, 2;
0.0322626, 2;
0.0447328, 2;
0.0304726, 2;
0.0311582, 2;
0.0307547, 2;
0.0301648, 2;
0.0311287, 2;
0.0295727, 2;
0.0309283, 2;
0.0310614, 2;
0.031224, 2;
0.0303026, 2;
0.0304549, 2;
0.0323568, 2;
0.0307832, 2;
0.0318929, 2;
0.0307071, 2;
0.0301011, 2;
0.0391142, 2;
0.0393531, 2;
0.0347627, 2;
0.0439604, 2;
0.0301374, 2;
0.030579, 2;
0.0302813, 2;
0.0327609, 2;
0.0301712, 2;
0.0311826, 2;
0.0307055, 2;
0.029933, 2;
0.0315945, 2;
0.0313798, 2;
0.032085, 2;
0.031187, 2;
0.0308198, 2;
0.0320479, 2;
0.0308712, 2;
0.0335552, 2;
0.0442933, 2;
0.0301201, 2;
0.0316897, 2;
0.0343458, 2;
0.0437776, 2;
0.0337369, 2;
0.0469196, 2;
0.0438574, 2;
0.0332993, 2;
0.0539459, 2;
0.0365962, 2;
0.0317027, 2;
0.0319021, 2;
0.0324629, 2;
0.0310628, 2;
0.0310175, 2;
0.0310566, 2;
0.035222, 2;
0.0446341, 2;
0.0442213, 2;
0.0294291, 2;
0.0310373, 2;
0.0308379, 2;
0.0334589, 2;
0.0459923, 2;
0.0313912, 2;
0.029292, 2;
0.0306769, 2;
0.031091, 2;
0.0312129, 2;
0.031523, 2;
0.030545, 2;
0.0310761, 2;
0.0309511, 2;
0.0311179, 2;
0.0316639, 2;
0.0301217, 2;
0.0320463, 2;
0.0312951, 2;
0.0304298, 2;
0.0350908, 2;
0.0476565, 2;
0.041512, 2;
0.031682, 2;
0.032875, 2;
0.0302146, 2;
0.0316934, 2;
0.0342459, 2;
0.044725, 2;
0.0303127, 2;
0.0319805, 2;
0.0366273, 2;
0.0447505, 2;
0.0308497, 2;
0.0325388, 2;
0.031582, 2;
0.0459446, 2;
0.0294265, 2;
0.0315649, 2;
0.0336748, 2;
0.0439342, 2;
0.0301847, 2;
0.0311338, 2;
0.0297162, 2;
0.0307605, 2;
0.0310934, 2;
0.0309596, 2;
0.0308351, 2;
0.0305626, 2;
0.0302471, 2;
0.0299149, 2;
0.0310686, 2;
0.0298906, 2;
0.0321764, 2;
0.0307299, 2;
0.0322653, 2;
0.0409908, 2;
0.0362489, 2;
0.0573171, 2;
0.0365371, 2;
0.0357373, 2;
0.0613247, 2;
0.0565126, 2;
0.0534633, 2;
0.0430259, 2;
0.0452483, 2;
0.100493, 2;
0.0531257, 2;
0.0400796, 2;
0.0487818, 2;
0.0671048, 2;
0.0339761, 2;
0.0299558, 2;
0.0473344, 2;
0.043297, 2;
0.0338935, 2;
0.0488082, 2;
0.0305459, 2;
0.0317256, 2;
0.0314993, 2;
0.0293269, 2;
0.0321526, 2;
0.0450305, 2;
0.0310412, 2;
0.030104, 2;
0.0298591, 2;
0.0301931, 2;
0.0315679, 2;
0.0305684, 2;
0.0319794, 2;
0.0291457, 2;
0.0311849, 2;
0.0297795, 2;
0.0309777, 2;
0.0320426, 2;
0.0311302, 2;
0.0303175, 2;
0.031887, 2;
0.0454083, 2;
0.032592, 2;
0.0444981, 2;
0.0297952, 2;
0.0320498, 2;
0.0312349, 2;
0.030115, 2;
0.0308343, 2;
0.0309724, 2;
0.0310058, 2;
0.0300903, 2;
0.0308671, 2;
0.0299284, 2;
0.0299922, 2;
0.0300133, 2;
0.0320302, 2;
0.030885, 2;
0.0317602, 2;
0.0308278, 2;
0.0300885, 2;
0.0330234, 2;
0.0293137, 2;
0.0298822, 2;
0.0311224, 2;
0.0323181, 2;
0.031593, 2;
0.0311654, 2;
0.0334506, 2;
0.0465616, 2;
0.0305577, 2;
0.0298223, 2;
0.0335579, 2;
0.0457049, 2;
0.0295589, 2;
0.0316138, 2;
0.0311182, 2;
0.0308309, 2;
0.0322948, 2;
0.0314334, 2;
0.044707, 2;
0.0293626, 2;
0.031128, 2;
0.0305312, 2;
0.0318583, 2;
0.0455745, 2;
0.0295041, 2;
0.0322205, 2;
0.0305426, 2;
0.0319584, 2;
0.0310041, 2;
0.0369937, 2;
0.0393855, 2;
0.044298, 2;
0.0308575, 2;
0.0300494, 2;
0.0318297, 2;
0.0307511, 2;
0.0308113, 2;
0.0302024, 2;
0.0299601, 2;
0.0326455, 2;
0.0455602, 2;
0.0293659, 2;
0.0325508, 2;
0.0300063, 2;
0.0306051, 2;
0.030645, 2;
0.0302054, 2;
0.0314535, 2;
0.0301687, 2;
0.0310491, 2;
0.0308337, 2;
0.0306588, 2;
0.0312393, 2;
0.0319433, 2;
0.031187, 2;
0.0305907, 2;
0.0300495, 2;
0.033084, 2;
0.0461604, 2;
0.0312553, 2;
0.0304865, 2;
0.0309074, 2;
0.0313695, 2;
0.0320802, 2;
0.0299027, 2;
0.0320789, 2;
0.0317174, 2;
0.0323643, 2;
0.0328334, 2;
0.0436282, 2;
0.0310304, 2;
0.0309265, 2;
0.0310478, 2;
0.0311182, 2;
0.0329032, 2;
0.029896, 2;
0.0300226, 2;
0.0323658, 2;
0.0306482, 2;
0.0301449, 2;
0.0339386, 2;
0.0294594, 2;
0.0327479, 2;
0.0305931, 2;
0.0301846, 2;
0.0309642, 2;
0.0305831, 2;
0.0311287, 2;
0.0297547, 2;
0.031927, 2;
0.0309368, 2;
0.0314001, 2;
0.0340779, 2;
0.0452401, 2;
0.0315794, 2;
0.044269, 2;
0.0307458, 2;
0.0310966, 2;
0.0300716, 2;
0.0300761, 2;
0.0307869, 2;
0.0320126, 2;
0.0309864, 2;
0.0308026, 2;
0.0305802, 2;
0.0310442, 2;
0.0315082, 2;
0.0322438, 2;
0.0441713, 2;
0.0308128, 2;
0.0324852, 2;
0.0296377, 2;
0.0310072, 2;
0.0326309, 2;
0.0298016, 2;
0.0299896, 2;
0.0310098, 2;
0.0312612, 2;
0.0315885, 2;
0.0318468, 2;
0.031833, 2;
0.0319868, 2;
0.03143, 2;
0.0304035, 2;
0.030224, 2;
0.030595, 2;
0.0313438, 2;
0.0300209, 2;
0.0313686, 2;
0.0310509, 2;
0.0310423, 2;
0.0296615, 2;
0.031005, 2;
0.031673, 2;
0.032006, 2;
0.030811, 2;
0.0307461, 2;
0.0298388, 2;
0.0307184, 2;
0.0301661, 2;
0.0306202, 2;
0.0306925, 2;
0.0309598, 2;
0.0299971, 2;
0.0299511, 2;
0.0308675, 2;
0.0312074, 2;
0.0325652, 2;
0.0451063, 2;
0.0304786, 2;
0.0313799, 2;
0.0300245, 2;
0.0309541, 2;
0.0324384, 2;
0.0292207, 2;
0.0308826, 2;
0.0305145, 2;
0.0319441, 2;
0.0308142, 2;
0.0291103, 2;
0.0340552, 2;
0.029478, 2;
0.0312706, 2;
0.0305825, 2;
0.0305528, 2;
0.0309817, 2;
0.0311704, 2;
0.0298514, 2;
0.0322882, 2;
0.0297158, 2;
0.0309872, 2;
0.030952, 2;
0.0300016, 2;
0.0314014, 2;
0.0307969, 2;
0.0326198, 2;
0.0444052, 2;
0.0331254, 2;
0.0311185, 2;
0.0303778, 2;
0.0300605, 2;
0.0311928, 2;
0.0315609, 2;
0.0316915, 2;
0.0304643, 2;
0.0307601, 2;
0.0297844, 2;
0.0299825, 2;
0.0318944, 2;
0.031062, 2;
0.0307464, 2;
0.0309101, 2;
0.0321122, 2;
0.0302453, 2;
0.0303091, 2;
0.0308995, 2;
0.0310446, 2;
0.0321764, 2;
0.029898, 2;
0.0308737, 2;
0.0311106, 2;
0.0299864, 2;
0.0309687, 2;
0.0306918, 2;
0.0318008, 2;
0.0310965, 2;
0.0299298, 2;
0.0319614, 2;
0.0319381, 2;
0.0309175, 2;
0.0301011, 2;
0.031021, 2;
0.0318545, 2;
0.0304151, 2;
0.0319777, 2;
0.0306331, 2;
0.0311752, 2;
0.031942, 2;
0.0309755, 2;
0.0310513, 2;
0.0316833, 2;
0.0315469, 2;
0.0480085, 2;
0.0411842, 2;
0.0311324, 2;
0.0306274, 2;
0.0314324, 2;
0.030133, 2;
0.0303748, 2;
0.0296004, 2;
0.0321161, 2;
0.0318414, 2;
0.0300031, 2;
0.0311271, 2;
0.0310508, 2;
0.0308345, 2;
0.0322557, 2;
0.0299129, 2;
0.0299794, 2;
0.0300171, 2;
0.0311443, 2;
0.0302536, 2;
0.0307422, 2;
0.0311864, 2;
0.0310197, 2;
0.0315465, 2;
0.0319288, 2;
0.0317131, 2;
0.0306134, 2;
0.0317161, 2;
0.0297982, 2;
0.0318845, 2;
0.0326605, 2;
0.0290564, 2;
0.0316299, 2;
0.0299326, 2;
0.0310973, 2;
0.0327231, 2;
0.0303727, 2;
0.0316471, 2;
0.0311199, 2;
0.0325109, 2;
0.0303633, 2;
0.0298837, 2;
0.0303066, 2;
0.0318164, 2;
0.0306817, 2;
0.0313336, 2;
0.0303542, 2;
0.0330676, 2;
0.0352854, 2;
0.04287, 2;
0.0295776, 2;
0.0309416, 2;
0.0317141, 2;
0.029458, 2;
0.0315328, 2;
0.0324329, 2;
0.03098, 2;
0.0307999, 2;
0.0304082, 2;
0.0320041, 2;
0.0316275, 2;
0.0325826, 2;
0.0290539, 2;
0.0313305, 2;
0.0348695, 2;
0.0423279, 2;
0.031359, 2;
0.0302301, 2;
0.0312341, 2;
0.0300419, 2;
0.0308553, 2;
0.032454, 2;
0.0453574, 2;
0.0301199, 2;
0.0300178, 2;
0.0323978, 2;
0.0297159, 2;
0.0321045, 2;
0.0318578, 2;
0.0310264, 2;
0.0310313, 2;
0.0319769, 2;
0.0309366, 2;
0.0303162, 2;
0.0310527, 2;
0.0317744, 2;
0.0313349, 2;
0.0289315, 2;
0.0320803, 2;
0.0337743, 2;
0.0432593, 2;
0.0298515, 2;
0.03296, 2;
0.0448129, 2;
0.0304662, 2;
0.0311951, 2;
0.0300137, 2;
0.0312181, 2;
0.031693, 2;
0.0295989, 2;
0.0321555, 2;
0.0322972, 2;
0.0322134, 2;
0.0444158, 2;
0.0297279, 2;
0.0302499, 2;
0.0303928, 2;
0.0328967, 2;
0.0448648, 2;
0.0455492, 2;
0.0298866, 2;
0.0357059, 2;
0.0437361, 2;
0.0308726, 2;
0.0297432, 2;
0.0309365, 2;
0.0338634, 2;
0.029075, 2;
0.032121, 2;
0.0332662, 2;
0.0427529, 2;
0.0381628, 2;
0.0479793, 2;
0.0396175, 2;
0.0430541, 2;
0.0321365, 2;
0.0446746, 2;
0.0306234, 2;
0.0343906, 2;
0.0521198, 2;
0.0499712, 2;
0.050689, 2;
0.0298557, 2;
0.0344607, 4;
0.0307007, 9;
0.0186892, 9;
0.0085573, 9;
0.0164832, 9;
0.0134342, 9;
0.0252044, 9;
0.0070857, 9;
0.0228464, 9;
0.0086213, 9;
0.0173782, 9;
0.0142811, 9;
0.0170925, 9;
0.0145762, 9;
0.0145364, 9;
0.0159882, 9;
0.014886, 9;
0.0156247, 9;
0.0175179, 9;
0.0140854, 9;
0.0176392, 9;
0.014181, 9;
0.0149772, 9;
0.0148347, 9;
0.0156687, 9;
0.0157705, 9;
0.0149529, 9;
0.016844, 9;
0.0144714, 9;
0.0170579, 9;
0.013701, 9;
0.0213869, 9;
0.0102497, 9;
0.0159524, 9;
0.0151541, 9;
0.0162126, 9;
0.0156675, 9;
0.0152293, 9;
0.0145604, 9;
0.0149319, 9;
0.0152373, 9;
0.0147583, 9;
0.0149348, 9;
0.0150304, 9;
0.0150091, 9;
0.0159635, 9;
0.0173276, 9;
0.0138085, 9;
0.0150634, 9;
0.0158792, 9;
0.0154306, 9;
0.0170852, 9;
0.0146937, 9;
0.0150814, 9;
0.0171104, 9;
0.01441, 9;
0.0153642, 9;
0.0157555, 9;
0.015649, 9;
0.0150478, 9;
0.0162714, 9;
0.0148662, 9;
0.0152854, 9;
0.0154274, 9;
0.0154474, 9;
0.0157933, 9;
0.0157446, 9;
0.015696, 9;
0.0160148, 9;
0.0159294, 9;
0.0150395, 9;
0.015306, 9;
0.0152535, 9;
0.0159457, 9;
0.0160018, 9;
0.015532, 9;
0.0145412, 9;
0.016087, 9;
0.0170711, 9;
0.0137268, 9;
0.0167384, 9;
0.0149749, 9;
0.0161747, 9;
0.0148337, 9;
0.0163949, 9;
0.0190881, 9;
0.0100867, 9;
0.0150396, 9;
0.015705, 9;
0.0159689, 9;
0.0133221, 9;
0.0154697, 9;
0.0155079, 9;
0.014084, 9;
0.0157307, 9;
0.0157834, 9;
0.0149637, 9;
0.0162489, 9;
0.0144865, 9;
0.0138723, 9;
0.0189577, 9;
0.0109293, 9;
0.0158765, 9;
0.0203188, 9;
0.0116571, 9;
0.0154329, 9;
0.0159079, 9;
0.0149067, 9;
0.0157686, 9;
0.0155893, 9;
0.0163322, 9;
0.0155657, 9;
0.0144786, 9;
0.0142428, 9;
0.0152033, 9;
0.0172733, 9;
0.0168158, 9;
0.0127762, 9;
0.0153734, 9;
0.0161267, 9;
0.0157446, 9;
0.0156347, 9;
0.013952, 9;
0.016095, 9;
0.0161372, 9;
0.0160751, 9;
0.0145556, 9;
0.0171407, 9;
0.0129329, 9;
0.0154946, 9;
0.0154489, 9;
0.0155978, 9;
0.0168287, 9;
0.0147608, 9;
0.0156556, 9;
0.0154752, 9;
0.0135605, 9;
0.0161041, 9;
0.0166231, 9;
0.0173176, 9;
0.0151834, 9;
0.0152654, 9;
0.0149085, 9;
0.0149748, 9;
0.0159591, 9;
0.0148935, 9;
0.0156161, 9;
0.0142129, 9;
0.0156445, 9;
0.0168336, 9;
0.0140948, 9;
0.0162852, 9;
0.0149725, 9;
0.0161835, 9;
0.0161158, 9;
0.0142822, 9;
0.0147219, 9;
0.0154967, 9;
0.0158522, 9;
0.0152723, 9;
0.0151362, 9;
0.0143392, 9;
0.0149603, 9;
0.0165147, 9;
0.014444, 9;
0.0150216, 9;
0.0160462, 9;
0.0150627, 9;
0.0144837, 9;
0.0171806, 9;
0.0149815, 9;
0.0152428, 9;
0.0167163, 9;
0.0164756, 9;
0.0136615, 9;
0.0164344, 9;
0.0133087, 9;
0.0167891, 9;
0.0145972, 9;
0.0145502, 9;
0.0196378, 9;
0.0111464, 9;
0.0141675, 9;
0.0169912, 9;
0.0165431, 9;
0.0124178, 9;
0.0163173, 9;
0.0171593, 9;
0.0144055, 9;
0.0190507, 9;
0.0129218, 9;
0.0165236, 9;
0.0146288, 9;
0.0168735, 9;
0.0125966, 9;
0.0157403, 9;
0.0158811, 9;
0.0156667, 9;
0.0141369, 9;
0.0154611, 9;
0.0165776, 9;
0.0137125, 9;
0.0152664, 9;
0.0158956, 9;
0.0157358, 9;
0.0167515, 9;
0.0132143, 9;
0.0154631, 9;
0.017095, 9;
0.0140173, 9;
0.0158011, 9;
0.0151142, 9;
0.0154872, 9;
0.0151554, 9;
0.0158129, 9;
0.0166883, 9;
0.0174967, 9;
0.0142387, 9;
0.0173319, 9;
0.0152955, 9;
0.0139437, 9;
0.0140444, 9;
0.0152623, 9;
0.0152458, 9;
0.0144075, 9;
0.0171363, 9;
0.0138207, 9;
0.0156152, 9;
0.016963, 9;
0.0138643, 9;
0.0180456, 9;
0.0149302, 9;
0.0186649, 9;
0.0111515, 9;
0.0146549, 9;
0.0238035, 9;
0.0071205, 9;
0.0156452, 9;
0.0170946, 9;
0.0173818, 9;
0.0143697, 9;
0.0155817, 9;
0.014502, 9;
0.016098, 9;
0.0153948, 9;
0.0134087, 9;
0.0168476, 9;
0.015676, 9;
0.0186181, 9;
0.0130038, 9;
0.0158856, 9;
0.0160399, 9;
0.0150209, 9;
0.015376, 9;
0.014946, 9;
0.013982, 9;
0.0150137, 9;
0.0163252, 9;
0.0147108, 9;
0.0172855, 9;
0.015326, 9;
0.0141582, 9;
0.0141394, 9;
0.0176632, 9;
0.0137943, 9;
0.0181389, 9;
0.0134415, 9;
0.0153997, 9;
0.01581, 9;
0.0147459, 9;
0.0159615, 9;
0.0166454, 9;
0.0148874, 9;
0.0172643, 9;
0.0136301, 9;
0.0160344, 9;
0.0154255, 9;
0.014747, 9;
0.0157509, 9;
0.0149571, 9;
0.0181782, 9;
0.0147948, 9;
0.0147415, 9;
0.0158489, 9;
0.0161136, 9;
0.013185, 9;
0.018513, 9;
0.0122928, 9;
0.0160258, 9;
0.0154057, 9;
0.0151905, 9;
0.0150888, 9;
0.0155594, 9;
0.0145603, 9;
0.0163517, 9;
0.0136009, 9;
0.0163019, 9;
0.0148977, 9;
0.0166091, 9;
0.0142863, 9;
0.015873, 9;
0.0164067, 9;
0.0135731, 9;
0.0224715, 9;
0.0092082, 9;
0.0149179, 9;
0.0157556, 9;
0.0160249, 9;
0.0155615, 9;
0.0138179, 9;
0.0336282, 9;
0.0150546, 9;
0.0151521, 9;
0.0148603, 9;
0.0162973, 9;
0.016359, 9;
0.0141454, 9;
0.0144724, 9;
0.0150758, 9;
0.0162264, 9;
0.0159223, 9;
0.0141154, 9;
0.0162141, 9;
0.0190785, 9;
0.0111882, 9;
0.0163773, 9;
0.0164781, 9;
0.0133089, 9;
0.0187652, 9;
0.0131813, 9;
0.0164566, 9;
0.0157244, 9;
0.0164607, 9;
0.0134146, 9;
0.0169343, 9;
0.014901, 9;
0.0167501, 9;
0.0148316, 9;
0.0137152, 9;
0.015007, 9;
0.0164367, 9;
0.0148492, 9;
0.0148492, 9;
0.015127, 9;
0.0156596, 9;
0.0161931, 9;
0.0158968, 9;
0.015297, 9;
0.015138, 9;
0.0154942, 9;
0.0178654, 9;
0.0121196, 9;
0.0157841, 9;
0.0179956, 9;
0.0117686, 9;
0.0167458, 9;
0.0160096, 9;
0.0147056, 9;
0.0150762, 9;
0.0144369, 9;
0.0161279, 9;
0.0155469, 9;
0.0153061, 9;
0.0175783, 9;
0.0141108, 9;
0.0151093, 9;
0.015161, 9;
0.0146172, 9;
0.0150753, 9;
0.0147989, 9;
0.0153838, 9;
0.0150724, 9;
0.01553, 9;
0.016416, 9;
0.0154248, 9;
0.0158688, 9;
0.0139177, 9;
0.0148993, 9;
0.0163218, 9;
0.0151154, 9;
0.0164095, 9;
0.0155483, 9;
0.015161, 9;
0.015489, 9;
0.0145287, 9;
0.01776, 9;
0.0134952, 9;
0.0166664, 9;
0.0161543, 9;
0.0160001, 9;
0.0143461, 9;
0.0149796, 9;
0.0146041, 9;
0.0187899, 9;
0.0133677, 9;
0.0163051, 9;
0.0175326, 9;
0.0146125, 9;
0.0154314, 9;
0.015786, 9;
0.0140662, 9;
0.0165584, 9;
0.0155358, 9;
0.0167229, 9;
0.0134607, 9;
0.016951, 9;
0.0140695, 9;
0.0157511, 9;
0.0150208, 9;
0.0149906, 9;
0.0156829, 9;
0.0143449, 9;
0.0153849, 9;
0.0157084, 9;
0.0148982, 9;
0.0161693, 9;
0.0171058, 9;
0.014366, 9;
0.0149436, 9;
0.0154152, 9;
0.0160628, 9;
0.0155122, 9;
0.0160286, 9;
0.0149601, 9;
0.0152257, 9;
0.0158829, 9;
0.0160286, 9;
0.0151472, 9;
0.0162292, 9;
0.0146724, 9;
0.0158806, 9;
0.016557, 9;
0.0151698, 9;
0.0169193, 9;
0.0145565, 9;
0.0159955, 9;
0.0156167, 9;
0.0158013, 9;
0.0160763, 9;
0.017185, 9;
0.014537, 9;
0.016506, 9;
0.0157531, 9;
0.0169004, 9;
0.0144066, 9;
0.0146572, 9;
0.0146969, 9;
0.0168, 9;
0.0154287, 9;
0.0161177, 9;
0.0162595, 9;
0.0148106, 9;
0.0146964, 9;
0.0145985, 9;
0.0159703, 9;
0.016409, 9;
0.0155243, 9;
0.0152145, 9;
0.0147886, 9;
0.0159794, 9;
0.0161575, 9;
0.0159284, 9;
0.0159, 9;
0.0160439, 9;
0.0159326, 9;
0.015106, 9;
0.0148181, 9;
0.0151212, 9;
0.0149221, 9;
