0.169467;
0.151171;
0.11051;
0.120222;
0.113545;
0.116394;
0.106984;
0.105917;
0.10885;
0.11646;
0.126955;
0.153161;
0.103497;
0.111636;
0.107703;
0.107548;
0.109789;
0.106906;
0.107345;
0.106575;
0.109058;
0.108775;
0.108706;
0.109213;
0.105635;
0.107777;
0.109261;
0.104795;
0.106148;
0.10874;
0.108731;
0.104027;
0.109163;
0.116711;
0.107796;
0.11053;
0.106867;
0.10894;
0.107509;
0.107716;
0.107949;
0.108662;
0.109595;
0.107746;
0.108995;
0.107512;
0.110047;
0.107601;
0.108549;
0.107864;
0.106765;
0.110743;
0.107282;
0.110109;
0.108725;
0.112232;
0.104107;
0.110295;
0.109532;
0.110704;
0.106656;
0.109737;
0.107628;
0.108327;
0.109468;
0.107638;
0.107763;
0.11051;
0.105745;
0.10829;
0.107974;
0.108952;
0.109641;
0.105226;
0.110977;
0.108428;
0.105525;
0.106684;
0.108047;
0.107452;
0.108872;
0.107517;
0.110806;
0.109699;
0.10873;
0.109662;
0.110738;
0.106628;
0.110941;
0.109796;
0.107693;
0.108797;
0.108787;
0.109901;
0.107822;
0.108261;
0.108988;
0.106633;
0.106784;
