0.014368, 6;
0.0166853, 6;
0.0145549, 6;
0.0167088, 6;
0.0141243, 6;
0.0159358, 6;
0.0153417, 6;
0.0156207, 6;
0.0152022, 6;
0.0155801, 6;
0.0153594, 6;
0.0157546, 6;
0.0150261, 6;
0.0161806, 6;
0.0155687, 6;
0.0152723, 6;
0.0153807, 6;
0.0150274, 6;
0.0145388, 6;
0.0153063, 6;
0.0148159, 6;
0.0155842, 6;
0.0149096, 6;
0.0159939, 6;
0.0159213, 6;
0.0148646, 6;
0.0153835, 6;
0.0157948, 6;
0.015916, 6;
0.0152649, 6;
0.0156168, 6;
0.0155528, 6;
0.0159261, 6;
0.0157714, 6;
0.0160507, 6;
0.016099, 6;
0.016603, 6;
0.0153692, 6;
0.0146658, 6;
0.0155275, 6;
0.0161253, 6;
0.0165029, 6;
0.0154826, 6;
0.0148738, 6;
0.0174456, 6;
0.0133983, 6;
0.0160705, 6;
0.0156303, 6;
0.0429457, 6;
0.0200348, 6;
0.0142369, 6;
0.0150083, 6;
0.0150878, 6;
0.0174908, 6;
0.0142913, 6;
0.0158233, 6;
0.0154421, 6;
0.0154098, 6;
0.0185809, 6;
0.0118719, 6;
0.0158077, 6;
0.0151641, 6;
0.0152122, 6;
0.0156307, 6;
0.0146627, 6;
0.0153037, 6;
0.0159868, 6;
0.0144175, 6;
0.0145939, 6;
0.0159218, 6;
0.0156432, 6;
0.0158839, 6;
0.0151078, 6;
0.0156555, 6;
0.0160911, 6;
0.0148054, 6;
0.016883, 6;
0.0130917, 6;
0.0166433, 6;
0.014248, 6;
0.0162017, 6;
0.0142444, 6;
0.0158008, 6;
0.0159633, 6;
0.0162873, 6;
0.0145976, 6;
0.0183519, 6;
0.0132581, 6;
0.0152947, 6;
0.0148574, 6;
0.0161088, 6;
0.0152224, 6;
0.0158923, 6;
0.0164329, 6;
0.0164585, 6;
0.0150891, 6;
0.0164404, 6;
0.0137074, 6;
0.0149166, 6;
0.0169854, 6;
0.0148505, 6;
0.0139958, 6;
0.0159782, 6;
0.0151188, 6;
0.016715, 6;
0.0163404, 6;
0.0134456, 6;
0.0171989, 6;
0.0136349, 6;
0.0150877, 6;
0.0159717, 6;
0.0155482, 6;
0.02651, 6;
0.0181996, 6;
0.0160886, 6;
0.0157882, 6;
0.017002, 6;
0.030171, 6;
0.0258036, 6;
0.0205344, 6;
0.0150683, 6;
0.0590839, 6;
0.0165077, 6;
0.0334456, 6;
0.0158798, 6;
0.0141375, 6;
0.0312, 6;
0.0200625, 6;
0.0698377, 6;
0.0440229, 6;
0.0352815, 6;
0.031725, 6;
0.0183111, 6;
0.16287, 6;
0.0362586, 6;
0.0325842, 6;
0.0193722, 6;
0.110215, 6;
0.100611, 6;
0.0233551, 6;
0.0416852, 6;
0.0196486, 6;
0.0165282, 6;
0.0140146, 6;
0.0153388, 6;
0.0153078, 6;
0.0139746, 6;
0.0158746, 6;
0.0157371, 6;
0.0148085, 6;
0.0172796, 6;
0.0138118, 6;
0.0151226, 6;
0.0164408, 6;
0.0153538, 6;
0.0198455, 6;
0.010003, 6;
0.0156316, 6;
0.0153072, 6;
0.0160161, 6;
0.0152351, 6;
0.0152936, 6;
0.0155887, 6;
0.0151051, 6;
0.0159772, 6;
0.0196577, 6;
0.010519, 6;
0.015089, 6;
0.0155387, 6;
0.0165907, 6;
0.0156199, 6;
0.0155833, 6;
0.014977, 6;
0.0160288, 6;
0.0137956, 6;
0.0164031, 6;
0.0164879, 6;
0.0138164, 6;
0.0190696, 6;
0.013021, 6;
0.015176, 6;
0.0261528, 6;
0.0191032, 6;
0.0155567, 6;
0.0150332, 6;
0.0161452, 6;
0.015769, 6;
0.0146036, 6;
0.0173705, 6;
0.0135745, 6;
0.0148885, 6;
0.0180166, 6;
0.0165983, 6;
0.0121756, 6;
0.0150314, 6;
0.0170134, 6;
0.0147662, 6;
0.0153618, 6;
0.0145485, 6;
0.0154979, 6;
0.0155279, 6;
0.0167344, 6;
0.0142355, 6;
0.0158122, 6;
0.016105, 6;
0.0143215, 6;
0.0235528, 6;
0.0068129, 6;
0.0158076, 6;
0.015235, 6;
0.0154544, 6;
0.0163627, 6;
0.0150355, 6;
0.0152661, 6;
0.015908, 6;
0.0149487, 6;
0.0154503, 6;
0.0157063, 6;
0.0152598, 6;
0.0158458, 6;
0.0157488, 6;
0.0157002, 6;
0.0148413, 6;
0.0156838, 6;
0.0193492, 6;
0.0125363, 6;
0.0164423, 6;
0.0153056, 6;
0.0175928, 6;
0.0140856, 6;
0.0143834, 6;
0.0160311, 6;
0.0171143, 6;
0.0193869, 6;
0.0138453, 6;
0.0123783, 6;
0.0151538, 6;
0.0152137, 6;
0.0159777, 6;
0.0155015, 6;
0.0168468, 6;
0.0140991, 6;
0.015564, 6;
0.0153866, 6;
0.015781, 6;
0.0152473, 6;
0.0200087, 6;
0.0150946, 6;
0.0122286, 6;
0.0166233, 6;
0.0150808, 6;
0.0146604, 6;
0.0158759, 6;
0.0151153, 6;
0.0161041, 6;
0.0164146, 6;
0.0144246, 6;
0.015608, 6;
0.0166993, 6;
0.0135183, 6;
0.0270697, 6;
0.0192824, 6;
0.0148953, 6;
0.0153256, 6;
0.0164704, 6;
0.0155006, 6;
0.0150277, 6;
0.0152883, 6;
0.0152012, 6;
0.0177139, 6;
0.0143629, 6;
0.0171041, 6;
0.0138006, 6;
0.0151399, 6;
0.0182481, 6;
0.0116506, 6;
0.0158691, 6;
0.0157473, 6;
0.0144335, 6;
0.0158387, 6;
0.0165477, 6;
0.0163375, 6;
0.0142508, 6;
0.0154331, 6;
0.0168465, 6;
0.014145, 6;
0.0152206, 6;
0.0148102, 6;
0.0150195, 6;
0.0156558, 6;
0.0154547, 6;
0.0162269, 6;
0.0169126, 6;
0.0147241, 6;
0.0143948, 6;
0.0156343, 6;
0.0150098, 6;
0.0160286, 6;
0.0159612, 6;
0.0143774, 6;
0.0150261, 6;
0.0150906, 6;
0.0164864, 6;
0.0166232, 6;
0.0143297, 6;
0.0158187, 6;
0.0146231, 6;
0.0152359, 6;
0.014647, 6;
0.0157364, 6;
0.0151676, 6;
0.0151121, 6;
0.0177097, 6;
0.0125075, 6;
0.0158473, 6;
0.0149987, 6;
0.0183133, 6;
0.0130462, 6;
0.0157644, 6;
0.0157643, 6;
0.0149216, 6;
0.0162726, 6;
0.0143468, 6;
0.015393, 6;
0.0154719, 6;
0.0156925, 6;
0.0170584, 6;
0.0138551, 6;
0.0194858, 6;
0.0114853, 6;
0.0160878, 6;
0.0166903, 6;
0.0142812, 6;
0.0150435, 6;
0.0162438, 6;
0.0145026, 6;
0.0150758, 6;
0.0166057, 6;
0.0152097, 6;
0.0152117, 6;
0.0180937, 6;
0.0268945, 6;
0.0165862, 6;
0.0156739, 6;
0.0164373, 6;
0.0149629, 6;
0.0147086, 6;
0.0153673, 6;
0.0156192, 6;
0.0166184, 6;
0.0158383, 6;
0.0133662, 6;
0.0177346, 6;
0.0159401, 6;
0.0132926, 6;
0.0149558, 6;
0.0160674, 6;
0.0148127, 6;
0.0150591, 6;
0.0160482, 6;
0.0158248, 6;
0.016379, 6;
0.0146087, 6;
0.0158985, 6;
0.0140787, 6;
0.0185011, 6;
0.0125084, 6;
0.0152574, 6;
0.01603, 6;
0.0167297, 6;
0.0142858, 6;
0.0156196, 6;
0.0179322, 6;
0.0134225, 6;
0.0153044, 6;
0.0152519, 6;
0.0161334, 6;
0.0154866, 6;
0.0175641, 6;
0.0142924, 6;
0.0144615, 6;
0.0307597, 6;
0.0149478, 6;
0.0151809, 6;
0.01605, 6;
0.014716, 6;
0.0175401, 6;
0.0133885, 6;
0.0162305, 6;
0.0151306, 6;
0.0159634, 6;
0.0173418, 6;
0.0150958, 6;
0.0145431, 6;
0.0157933, 6;
0.0155202, 6;
0.0149667, 6;
0.015832, 6;
0.0172459, 6;
0.013275, 6;
0.0161547, 6;
0.0155981, 6;
0.0151334, 6;
0.0145167, 6;
0.0155602, 6;
0.0155569, 6;
0.014769, 6;
0.0159198, 6;
0.0159401, 6;
0.0166929, 6;
0.0152005, 6;
0.0149401, 6;
0.0155041, 6;
0.014417, 6;
0.0155679, 6;
0.0149321, 6;
0.0160132, 6;
0.0162493, 6;
0.0143535, 6;
0.0206548, 6;
0.0149672, 6;
0.0102011, 6;
0.016438, 6;
0.0145142, 6;
0.0161769, 6;
0.0144561, 6;
0.0155664, 6;
0.0157855, 6;
0.0176292, 6;
0.013032, 6;
0.0148961, 6;
0.014935, 6;
0.0305211, 6;
0.0265782, 6;
0.0067045, 6;
0.0154012, 6;
0.0158222, 6;
0.0156883, 6;
0.0158832, 6;
0.0157491, 6;
0.0145152, 6;
0.0154065, 6;
0.0173954, 6;
0.0131076, 6;
0.0153146, 6;
0.0160287, 6;
0.0153101, 6;
0.0159641, 6;
0.0146299, 6;
0.0149887, 6;
0.0152204, 6;
0.015949, 6;
0.0148229, 6;
0.0180399, 6;
0.0150574, 6;
0.0156792, 6;
0.0140049, 6;
0.0164161, 6;
0.0137223, 6;
0.0147779, 6;
0.0164655, 6;
0.0145592, 6;
0.0162648, 6;
0.0157157, 6;
0.0154022, 6;
0.0147586, 6;
0.0160393, 6;
0.0148586, 6;
0.0149732, 6;
0.0157605, 6;
0.0160503, 6;
0.0155058, 6;
0.0140677, 6;
0.0157796, 6;
0.0153196, 6;
0.0153587, 6;
0.0167425, 6;
0.0132385, 6;
0.0158777, 6;
0.017405, 6;
0.0148687, 6;
0.0144269, 6;
0.0151207, 6;
0.0153737, 6;
0.0171835, 6;
0.0143496, 6;
0.0152938, 6;
0.0165844, 6;
0.0148579, 6;
0.0213263, 6;
0.0159254, 6;
0.0093608, 6;
0.0160004, 6;
0.0160109, 6;
0.0149098, 6;
0.0160402, 6;
0.0154355, 6;
0.0160783, 6;
0.0148817, 6;
0.0159367, 6;
0.014627, 6;
0.0162654, 6;
0.0157306, 6;
0.0154767, 6;
0.0165412, 6;
0.0166734, 6;
0.0139304, 6;
0.0170961, 6;
0.0146413, 6;
0.0150049, 6;
0.0151952, 6;
0.0188112, 6;
0.0156911, 6;
0.0109807, 6;
0.0147744, 6;
0.0176265, 6;
0.0167666, 6;
0.0128474, 6;
0.0159804, 6;
0.0160623, 6;
0.015752, 6;
0.0155788, 6;
0.0165084, 6;
0.0175576, 6;
0.011317, 6;
0.0154029, 6;
0.0173165, 6;
0.0143922, 6;
0.0159189, 6;
0.0172561, 6;
0.0176455, 6;
0.0139341, 6;
0.0140335, 6;
0.0156065, 6;
0.0147724, 6;
0.0172227, 6;
0.0135845, 6;
0.0156579, 6;
0.018889, 6;
0.0133527, 6;
0.0196832, 6;
0.0104177, 6;
0.0165205, 6;
0.0150658, 6;
0.0150775, 6;
0.0152078, 6;
0.0152254, 6;
0.0145647, 6;
0.0160021, 6;
0.0153604, 6;
0.0157229, 6;
0.0172132, 6;
0.0141574, 6;
0.0201955, 6;
0.012062, 6;
0.0221569, 6;
0.0099496, 6;
0.0178102, 6;
0.0264029, 6;
0.0170285, 6;
0.0244924, 6;
0.0076215, 6;
0.0148997, 6;
0.0150405, 6;
0.0150085, 6;
0.0170504, 6;
0.0151441, 6;
0.0147711, 6;
0.0157447, 6;
0.0150039, 6;
0.0159998, 6;
0.0153824, 6;
0.0156242, 6;
0.015634, 6;
0.0155086, 6;
0.0161668, 6;
0.0143225, 6;
0.0155407, 6;
0.0163065, 6;
0.0164136, 6;
0.0166312, 6;
0.0138762, 6;
0.016476, 6;
0.022674, 6;
0.0068763, 6;
0.0154082, 6;
0.0151181, 6;
0.0143667, 6;
0.0165282, 6;
0.0152217, 6;
0.0151445, 6;
0.0150897, 6;
0.0158933, 6;
0.0150341, 6;
0.015711, 6;
0.0163469, 6;
0.014037, 6;
0.0152921, 6;
0.0160914, 6;
0.015341, 6;
0.0140386, 6;
0.0159739, 6;
0.0149735, 6;
0.0159948, 6;
0.0155343, 6;
0.0155192, 6;
0.015167, 6;
0.0158466, 6;
0.0153393, 6;
0.0155959, 6;
0.0149799, 6;
0.0160101, 6;
0.015963, 6;
0.0160994, 6;
0.0148844, 6;
0.0151689, 6;
0.0159131, 6;
0.0154355, 6;
0.0157496, 6;
0.0157333, 6;
0.0149498, 6;
0.0150808, 6;
0.0152476, 6;
0.0151358, 6;
0.0150045, 6;
0.0159676, 6;
0.015341, 6;
0.015798, 6;
0.0156331, 6;
0.0151123, 6;
0.0159944, 6;
0.0156117, 6;
0.0149669, 6;
0.0151959, 6;
0.0154128, 6;
0.0152464, 6;
0.015647, 6;
0.0158606, 6;
0.0160275, 6;
0.0149635, 6;
0.0151271, 6;
0.0152678, 6;
0.015623, 6;
0.0153825, 6;
0.0151528, 6;
0.015376, 6;
0.0161276, 6;
0.015793, 6;
0.0162177, 6;
0.0158273, 6;
0.0147513, 6;
0.0150277, 6;
0.0159724, 6;
0.01494, 6;
0.0149659, 6;
0.0155723, 6;
0.0149209, 6;
0.0156499, 6;
0.0159545, 6;
0.0160456, 6;
0.0159407, 6;
0.0159894, 6;
0.0147346, 6;
0.0155389, 6;
0.015979, 6;
0.0159896, 6;
0.0151568, 6;
0.0148968, 6;
0.0150154, 6;
0.0149606, 6;
0.0149667, 6;
0.0159134, 6;
0.0151309, 6;
0.0151552, 6;
0.0154846, 6;
0.0152136, 6;
0.0160651, 6;
0.0145531, 6;
0.0152195, 6;
0.0153172, 6;
0.0151646, 6;
0.0161217, 6;
0.0151548, 6;
0.0156445, 6;
0.0153337, 6;
0.0150428, 6;
0.0153156, 6;
0.0148968, 6;
0.0154048, 6;
0.0150936, 6;
0.0168845, 6;
0.015038, 6;
0.0154434, 6;
0.0155376, 6;
0.0149669, 6;
0.0154872, 6;
0.0161289, 6;
0.0149908, 6;
0.0150078, 6;
0.0159661, 6;
0.0150311, 6;
0.0149669, 6;
0.015211, 6;
0.0159812, 6;
0.0150056, 6;
0.0149612, 6;
0.0150023, 6;
0.0159801, 6;
0.0150379, 6;
0.0151689, 6;
0.0153123, 6;
0.0156924, 6;
0.0155427, 6;
0.0154608, 6;
0.0159883, 6;
0.0165436, 6;
0.0145719, 6;
0.0147842, 6;
0.0150811, 6;
0.015885, 6;
0.0154915, 6;
0.01445, 6;
0.0150895, 6;
0.0158509, 6;
0.0160257, 6;
0.0160238, 6;
0.0157356, 6;
0.0162365, 6;
0.0153438, 6;
0.0154312, 6;
0.0154273, 6;
0.0156019, 6;
0.0158363, 6;
0.0159828, 6;
0.015519, 6;
0.0154233, 6;
0.0158768, 6;
0.0155879, 6;
0.0159435, 6;
0.0160047, 6;
0.0159819, 6;
0.0149901, 6;
0.0160182, 6;
0.0161833, 6;
0.014952, 6;
0.0159786, 6;
0.0159105, 6;
0.0150317, 6;
0.0149482, 6;
0.0152599, 6;
0.0153874, 6;
0.0152088, 6;
0.0151378, 6;
0.0160309, 6;
0.0148865, 6;
0.0151081, 6;
0.0158328, 6;
0.0151093, 6;
0.0151792, 6;
0.0154436, 6;
0.0155153, 6;
0.0154295, 6;
0.0158052, 6;
0.0152467, 6;
0.0159646, 6;
0.0157315, 6;
0.0152491, 6;
0.0155531, 6;
0.0153351, 6;
0.0155771, 6;
0.0158084, 6;
0.0151948, 6;
0.0165693, 6;
0.0139516, 6;
0.0149876, 6;
0.0154324, 6;
0.015252, 6;
0.015687, 6;
0.0153204, 6;
0.0155995, 6;
0.0155623, 6;
0.0155121, 6;
0.0151861, 6;
0.015202, 6;
0.0155937, 6;
0.0168223, 6;
0.0135571, 6;
0.0159146, 6;
0.0150752, 6;
0.0149185, 6;
0.0149791, 6;
0.0159889, 6;
0.0149932, 6;
0.0159828, 6;
0.0149833, 6;
0.0146641, 6;
0.0155962, 6;
0.0155505, 6;
0.0152185, 6;
0.016035, 6;
0.0151147, 6;
0.0160326, 6;
0.015408, 6;
0.0158045, 6;
0.0156269, 6;
0.0157148, 6;
0.0154622, 6;
0.0155777, 6;
0.0159362, 6;
0.0155824, 6;
0.0157559, 6;
0.0173143, 6;
0.0165614, 6;
0.0167186, 6;
0.0153874, 6;
0.0120785, 6;
0.0151723, 6;
0.0149833, 6;
0.0159531, 6;
0.0151505, 6;
0.0157743, 6;
0.0154892, 6;
0.0149336, 6;
0.0160073, 6;
0.015354, 6;
0.0154963, 6;
0.0174085, 6;
0.0166445, 6;
0.0128077, 6;
0.0158132, 6;
0.0158148, 6;
0.015091, 6;
0.0165869, 6;
0.014527, 6;
0.0161245, 6;
0.0154086, 6;
0.0154073, 6;
0.0159329, 6;
0.0170942, 6;
0.0158722, 6;
0.016233, 6;
0.0187621, 6;
0.0150908, 6;
0.0089848, 6;
0.0147405, 6;
0.0155452, 6;
0.0146517, 6;
0.0161281, 6;
0.0148363, 6;
0.015154, 6;
0.0160511, 6;
0.0174867, 6;
0.0132719, 6;
0.0165582, 6;
0.0134114, 6;
0.0164636, 6;
0.0159646, 6;
0.0153055, 6;
0.0156937, 6;
0.0152047, 6;
0.0147288, 6;
0.0150573, 6;
0.0154219, 6;
0.0154845, 6;
0.0153167, 6;
0.0162262, 6;
0.0160489, 6;
0.014641, 6;
0.0154981, 6;
0.0153215, 6;
0.0149791, 6;
0.0151027, 6;
0.0160551, 6;
0.0153054, 1;
0.015851, 1;
0.0161761, 1;
0.0161691, 1;
0.0156182, 1;
0.0150049, 1;
0.0161051, 1;
0.0148469, 1;
0.0160612, 1;
0.0159548, 1;
0.0160138, 1;
0.0161807, 1;
0.0147431, 1;
0.016064, 1;
0.0150582, 1;
0.0159323, 1;
0.0149062, 1;
0.0150025, 1;
0.0159703, 1;
0.0149798, 1;
0.0149985, 1;
0.0150063, 1;
0.0149593, 1;
0.0159861, 1;
0.0150026, 1;
0.0149788, 1;
0.0150258, 1;
0.0149738, 1;
0.0159748, 1;
0.0149844, 1;
0.0160019, 1;
0.0149803, 1;
0.0150003, 1;
0.0149868, 1;
0.0152645, 1;
0.0157755, 1;
0.0173902, 1;
0.0178112, 1;
0.0116851, 1;
0.0162996, 1;
0.0147149, 1;
0.015789, 1;
0.0186655, 1;
0.0144642, 1;
0.0160704, 1;
0.0167786, 1;
0.0136702, 1;
0.0120665, 1;
0.0164948, 1;
0.0210362, 1;
0.0084824, 1;
0.0235537, 1;
0.0242453, 1;
0.0146513, 1;
0.0152462, 1;
0.0149843, 1;
0.0149381, 1;
0.015414, 1;
0.0142003, 1;
0.0150275, 1;
0.014955, 1;
0.0168962, 1;
0.0142695, 1;
0.0148916, 1;
0.0154858, 1;
0.0179883, 1;
0.0127878, 1;
0.0221946, 1;
0.0101357, 1;
0.0154034, 1;
0.0158268, 1;
0.0165489, 1;
0.0156806, 1;
0.0150936, 1;
0.0146399, 1;
0.0150555, 1;
0.0160042, 1;
0.0150041, 1;
0.0155454, 1;
0.0162969, 1;
0.0149177, 1;
0.0152424, 1;
0.0150258, 1;
0.0149463, 1;
0.0162798, 1;
0.0227975, 1;
0.0093856, 1;
0.0134292, 1;
0.0149857, 1;
0.0147093, 1;
0.0152894, 1;
0.014932, 1;
0.0159851, 1;
0.0159521, 1;
0.0160056, 1;
0.015984, 1;
0.0150067, 1;
0.0150001, 1;
0.0149142, 1;
0.0149697, 1;
0.0159641, 1;
0.0154865, 1;
0.0159435, 1;
0.0151423, 1;
0.015203, 1;
0.0159376, 1;
0.0159991, 1;
0.015939, 1;
0.0151993, 1;
0.0158048, 1;
0.0153075, 1;
0.0146496, 1;
0.0179938, 1;
0.0129176, 1;
0.015486, 1;
0.0147852, 1;
0.0161346, 1;
0.0175559, 1;
0.0132496, 1;
0.0150465, 1;
0.0149548, 1;
0.0150957, 1;
0.0152325, 1;
0.015248, 1;
0.0151182, 1;
0.0157495, 1;
0.0155191, 1;
0.0169567, 1;
0.0143412, 1;
0.0160189, 1;
0.0149024, 1;
0.0213311, 1;
0.0111381, 1;
0.0143011, 1;
0.0165038, 1;
0.0157998, 1;
0.0155703, 1;
0.0160206, 1;
0.0158822, 1;
0.0154566, 1;
0.0146449, 1;
0.0149026, 1;
0.0154056, 1;
0.015911, 1;
0.014445, 1;
0.0151664, 1;
0.0159852, 1;
0.0146594, 1;
0.0149681, 1;
0.0154683, 1;
0.0145468, 1;
0.0191419, 1;
0.0160541, 1;
0.0121726, 1;
0.0189777, 1;
0.0165843, 1;
0.0120665, 1;
0.0171846, 1;
0.013639, 1;
0.0168387, 1;
0.0144923, 1;
0.0147753, 1;
0.0147636, 1;
0.0160501, 1;
0.0149566, 1;
0.0150731, 1;
0.0163301, 1;
0.0148806, 1;
0.015436, 1;
0.0168202, 1;
0.013453, 1;
0.0153124, 1;
0.0156135, 1;
0.0155751, 1;
0.0143821, 1;
0.0150661, 1;
0.0157928, 1;
0.0155903, 1;
0.0145043, 1;
0.016039, 1;
0.0149338, 1;
0.015007, 1;
0.0152162, 1;
0.0147265, 1;
0.0153232, 1;
0.0163902, 1;
0.0152708, 1;
0.0201865, 1;
0.0107574, 1;
0.0159578, 1;
0.0162451, 1;
0.0160869, 1;
0.0157705, 1;
0.03142, 2;
0.0294576, 2;
0.0298507, 2;
0.0346947, 2;
0.0292807, 2;
0.031076, 2;
0.0298704, 2;
0.0325476, 2;
0.0299503, 2;
0.0317533, 2;
0.0450666, 2;
0.0297085, 2;
0.0298563, 2;
0.0299773, 2;
0.0311245, 2;
0.0318623, 2;
0.0313952, 2;
0.0438222, 2;
0.0305162, 2;
0.0299888, 2;
0.0322567, 2;
0.0292277, 2;
0.0310793, 2;
0.0300526, 2;
0.0308761, 2;
0.0303217, 2;
0.030973, 2;
0.0321072, 2;
0.0313482, 2;
0.0308119, 2;
0.0310232, 2;
0.0310185, 2;
0.0308095, 2;
0.0310607, 2;
0.0302577, 2;
0.0305461, 2;
0.0316199, 2;
0.0311842, 2;
0.0301716, 2;
0.0309647, 2;
0.0322385, 2;
0.0318662, 2;
0.030448, 2;
0.0298451, 2;
0.0309724, 2;
0.0320118, 2;
0.0320526, 2;
0.0318765, 2;
0.030313, 2;
0.0311474, 2;
0.0315399, 2;
0.0314901, 2;
0.0309535, 2;
0.0299344, 2;
0.030572, 2;
0.031156, 2;
0.0301459, 2;
0.0307698, 2;
0.0309591, 2;
0.030983, 2;
0.0316814, 2;
0.0301132, 2;
0.0306025, 2;
0.0313486, 2;
0.0307832, 2;
0.031017, 2;
0.0309106, 2;
0.0300554, 2;
0.0307305, 2;
0.0311437, 2;
0.0307306, 2;
0.0318867, 2;
0.0308806, 2;
0.0320635, 2;
0.0319969, 2;
0.0318735, 2;
0.0299675, 2;
0.0301499, 2;
0.0304925, 2;
0.0320689, 2;
0.0316752, 2;
0.0305803, 2;
0.0314413, 2;
0.0318672, 2;
0.0319749, 2;
0.031908, 2;
0.0320982, 2;
0.0310058, 2;
0.0298904, 2;
0.0297789, 2;
0.0308496, 2;
0.0319218, 2;
0.0320611, 2;
0.029825, 2;
0.0309527, 2;
0.031865, 2;
0.0299076, 2;
0.0310881, 2;
0.0317596, 2;
0.0313715, 2;
0.0305364, 2;
0.0320217, 2;
0.0315976, 2;
0.0301688, 2;
0.0324999, 2;
0.0304442, 2;
0.031725, 2;
0.0319385, 2;
0.0299512, 2;
0.0306161, 2;
0.030362, 2;
0.0318094, 2;
0.031906, 2;
0.0319493, 2;
0.0299112, 2;
0.0311358, 2;
0.0306942, 2;
0.0319433, 2;
0.0312574, 2;
0.0316804, 2;
0.0316839, 2;
0.0309129, 2;
0.0318363, 2;
0.030059, 2;
0.0310278, 2;
0.0308556, 2;
0.0301017, 2;
0.0298586, 2;
0.0309306, 2;
0.0319142, 2;
0.0320903, 2;
0.0309409, 2;
0.0317866, 4;
0.0168932, 9;
0.0139463, 9;
0.0159447, 9;
0.016052, 9;
0.0159985, 9;
0.0158418, 9;
0.0150489, 9;
0.0149429, 9;
0.0153399, 9;
0.015552, 9;
0.0149608, 9;
0.0149598, 9;
0.0148778, 9;
0.0156565, 9;
0.0153666, 9;
0.0154295, 9;
0.0154669, 9;
0.0216558, 9;
0.0102491, 9;
0.015978, 9;
0.0153442, 9;
0.0158982, 9;
0.0158125, 9;
0.0157706, 9;
0.0149857, 9;
0.0146596, 9;
0.015575, 9;
0.015491, 9;
0.0155734, 9;
0.0145207, 9;
0.0153171, 9;
0.0149717, 9;
0.0159812, 9;
0.0154392, 9;
0.0154181, 9;
0.0157155, 9;
0.0162402, 9;
0.0155029, 9;
0.0161891, 9;
0.0158136, 9;
0.01602, 9;
0.0158474, 9;
0.0158306, 9;
0.0160336, 9;
0.0160353, 9;
0.015004, 9;
0.0148429, 9;
0.0160493, 9;
0.0159706, 9;
0.0160448, 9;
0.0161524, 9;
0.0155029, 9;
0.0148814, 9;
0.0149567, 9;
0.0150592, 9;
0.0160196, 9;
0.0150633, 9;
0.0155692, 9;
0.0187215, 9;
0.0124351, 9;
0.0150641, 9;
0.0162708, 9;
0.0159763, 9;
0.016141, 9;
0.0135512, 9;
0.0148432, 9;
0.0149004, 9;
0.0149722, 9;
0.0147696, 9;
0.0160559, 9;
0.015653, 9;
0.0155421, 9;
0.0151949, 9;
0.0152637, 9;
0.0152413, 9;
0.01572, 9;
0.0156131, 9;
0.0148829, 9;
0.0154741, 9;
0.0144532, 9;
0.0161307, 9;
0.0150872, 9;
0.0154706, 9;
0.0153816, 9;
0.015347, 9;
0.0159943, 9;
0.0159895, 9;
0.0159262, 9;
0.016041, 9;
0.0159994, 9;
0.0161816, 9;
0.016119, 9;
0.0146032, 9;
0.0151871, 9;
0.0147892, 9;
0.0158853, 9;
0.0150296, 9;
0.0159118, 9;
0.0154027, 9;
0.0153486, 9;
0.0159869, 9;
0.0150726, 9;
0.0148342, 9;
0.0157759, 9;
0.0159171, 9;
0.0159968, 9;
0.0150977, 9;
0.0161431, 9;
0.0148985, 9;
0.0149126, 9;
0.0150689, 9;
0.0191845, 9;
0.0116988, 9;
0.0149774, 9;
0.016026, 9;
0.0149324, 9;
0.014885, 9;
0.0160191, 9;
0.0159518, 9;
0.0150295, 9;
0.0148996, 9;
0.0149148, 9;
0.0149132, 9;
0.0150554, 9;
0.0148489, 9;
0.0150072, 9;
0.0150271, 9;
0.0149686, 9;
0.0158956, 9;
0.0149536, 9;
0.0149177, 9;
0.0165713, 9;
0.0144479, 9;
0.0154185, 9;
0.0155256, 9;
0.0148902, 9;
0.0159763, 9;
0.0149392, 9;
0.016052, 9;
0.0150253, 9;
0.0160608, 9;
0.0147383, 9;
0.0149855, 9;
0.0152582, 9;
0.0148408, 9;
0.0172007, 9;
0.0136019, 9;
0.0156453, 9;
0.0152779, 9;
0.0158816, 9;
0.0148801, 9;
0.0159747, 9;
0.0158427, 9;
0.0152342, 9;
0.0158076, 9;
0.0160799, 9;
0.0158611, 9;
0.0160201, 9;
0.014982, 9;
0.0148206, 9;
0.0150128, 9;
0.0149886, 9;
0.015992, 9;
0.0160304, 9;
0.0160409, 9;
0.0157649, 9;
0.0155649, 9;
0.0143959, 9;
0.0157817, 9;
0.014082, 9;
0.0149005, 9;
0.0149372, 9;
0.0151123, 9;
0.0160807, 9;
0.0162359, 9;
0.014083, 9;
0.0150045, 9;
0.0146585, 9;
0.0150002, 9;
0.0298817, 9;
0.0471963, 9;
0.0266012, 9;
0.0287481, 9;
0.0107316, 9;
0.0159796, 9;
0.0163432, 9;
0.0144961, 9;
0.0139388, 9;
0.0161739, 9;
0.0158298, 9;
0.0159508, 9;
0.0168091, 9;
0.0152272, 9;
0.0168571, 9;
0.0150407, 9;
0.0175576, 9;
0.0144569, 9;
0.0162896, 9;
0.0136422, 9;
0.0165882, 9;
0.0154081, 9;
0.0162576, 9;
0.0157777, 9;
0.0166575, 9;
0.0153544, 9;
0.0152298, 9;
0.0147308, 9;
0.0167688, 9;
0.0141138, 9;
0.0187361, 9;
0.0133014, 9;
0.0159672, 9;
0.0152794, 9;
0.0147519, 9;
0.0158945, 9;
0.0154989, 9;
0.0155027, 9;
0.0152389, 9;
0.0157161, 9;
0.018751, 9;
0.0132971, 9;
0.0159424, 9;
0.013986, 9;
0.0166246, 9;
0.0154384, 9;
0.0183754, 9;
0.0135078, 9;
0.0142837, 9;
0.0157264, 9;
0.016053, 9;
0.0142824, 9;
0.0155144, 9;
0.0150658, 9;
0.0153936, 9;
0.0145947, 9;
0.0161288, 9;
0.0152685, 9;
0.0147886, 9;
0.0157858, 9;
0.0153767, 9;
0.014667, 9;
0.0166733, 9;
0.0142456, 9;
0.0150059, 9;
0.016077, 9;
0.0156971, 9;
0.0155908, 9;
0.0236463, 9;
0.0059272, 9;
0.0164275, 9;
0.0141252, 9;
0.0167711, 9;
0.014697, 9;
0.0157463, 9;
0.0142346, 9;
0.0158774, 9;
0.0157158, 9;
0.0142114, 9;
0.0160212, 9;
0.016359, 9;
0.0194088, 9;
0.0135939, 9;
0.0126285, 9;
0.0168728, 9;
0.0165103, 9;
0.0178947, 9;
0.0099681, 9;
0.0158764, 9;
0.0155505, 9;
0.0154652, 9;
0.0142677, 9;
0.0174277, 9;
0.0140886, 9;
0.0151418, 9;
0.0150057, 9;
0.0163777, 9;
0.0135775, 9;
0.0196502, 9;
0.0122844, 9;
0.0183631, 9;
0.012377, 9;
0.0145273, 9;
0.0161035, 9;
0.0159875, 9;
0.0136058, 9;
0.0170298, 9;
0.0140866, 9;
0.0155972, 9;
0.015396, 9;
0.0154866, 9;
0.0160445, 9;
0.0159938, 9;
0.0158187, 9;
0.0179764, 9;
0.0129294, 9;
0.0161384, 9;
0.0147899, 9;
0.0182845, 9;
0.0122146, 9;
0.0165178, 9;
0.016763, 9;
0.0140717, 9;
0.0158506, 9;
0.0158453, 9;
0.0145536, 9;
0.0148774, 9;
0.0147873, 9;
0.0164464, 9;
0.0157659, 9;
0.0146593, 9;
0.0140862, 9;
0.0188694, 9;
0.0143542, 9;
0.0148837, 9;
0.0179383, 9;
0.0145671, 9;
0.0165779, 9;
0.0139504, 9;
0.0146194, 9;
0.0171896, 9;
0.0196274, 9;
0.0281012, 9;
0.0138394, 9;
0.0166563, 9;
0.019119, 9;
0.0114772, 9;
0.0158441, 9;
0.0186976, 9;
0.0117354, 9;
0.0155571, 9;
0.0291437, 9;
0.0259638, 9;
0.0199958, 9;
0.0149294, 9;
0.0152691, 9;
0.0147153, 9;
0.0163467, 9;
0.0147257, 9;
0.0164878, 9;
0.0154739, 9;
0.0161074, 9;
0.0148579, 9;
0.0147352, 9;
0.0150037, 9;
0.0149057, 9;
0.0150082, 9;
0.0154524, 9;
0.0144814, 9;
0.0158761, 9;
0.0149696, 9;
0.0180773, 9;
0.0130426, 9;
0.0160778, 9;
0.015853, 9;
0.0166619, 9;
0.0153319, 9;
0.015377, 9;
0.0142455, 9;
0.0151929, 9;
0.0159076, 9;
0.0162673, 9;
0.0159437, 9;
0.0160961, 9;
0.015653, 9;
0.0154363, 9;
0.0154832, 9;
0.0162098, 9;
0.0158402, 9;
0.0184198, 9;
0.0132996, 9;
0.0166344, 9;
0.015215, 9;
0.0162733, 9;
0.0147398, 9;
0.0160916, 9;
0.0161815, 9;
0.0147046, 9;
0.0170716, 9;
0.0142745, 9;
0.0129097, 9;
0.0156596, 9;
0.0151905, 9;
0.0159888, 9;
0.0149899, 9;
0.0159799, 9;
0.0149907, 9;
0.0149059, 9;
0.0150004, 9;
0.0149749, 9;
0.0159176, 9;
0.0154165, 9;
0.0177088, 9;
0.0138006, 9;
0.015476, 9;
0.0207878, 9;
0.0096477, 9;
0.016121, 9;
0.0162655, 9;
0.0155847, 9;
0.0147515, 9;
0.0149412, 9;
0.0152788, 9;
0.0145817, 9;
0.015888, 9;
0.0158626, 9;
0.0152525, 9;
0.0158734, 9;
0.015984, 9;
0.0161674, 9;
0.0159915, 9;
0.0159134, 9;
0.0153584, 9;
0.0152461, 9;
0.0149639, 9;
0.0159607, 9;
0.0155587, 9;
0.0160485, 9;
0.0153278, 9;
0.0149044, 9;
0.0157375, 9;
0.0169439, 9;
0.0172211, 9;
0.0140234, 9;
0.0159759, 9;
0.0160275, 9;
0.015859, 9;
0.0158468, 9;
0.0149261, 9;
0.0151096, 9;
0.0151291, 9;
0.0167866, 9;
0.0150157, 9;
0.0160593, 9;
0.0161347, 9;
0.0158213, 9;
0.0157241, 9;
0.0159772, 9;
0.0160491, 9;
0.0158956, 9;
0.0160015, 9;
0.0156499, 9;
0.0158451, 9;
0.0160175, 9;
0.0174502, 9;
0.0114455, 9;
0.0160436, 9;
0.0160609, 9;
0.0162249, 9;
0.0148437, 9;
0.0161737, 9;
0.014707, 9;
0.0149841, 9;
0.016213, 9;
0.0158728, 9;
0.015386, 9;
0.015457, 9;
0.0168613, 9;
0.013995, 9;
0.0154312, 9;
0.0150012, 9;
0.0157886, 9;
0.0154484, 9;
0.0171759, 9;
0.0139211, 9;
0.01603, 9;
0.0158992, 9;
0.0160218, 9;
0.0158282, 9;
0.0148898, 9;
0.0152763, 9;
0.0147853, 9;
0.0159033, 9;
0.0154667, 9;
0.0156089, 9;
0.0159059, 9;
0.0160722, 9;
0.0158078, 9;
0.014844, 9;
0.0149987, 9;
0.0155506, 9;
0.015558, 9;
0.0161369, 9;
0.0147366, 9;
0.015763, 9;
0.016062, 9;
0.015998, 9;
0.0137544, 9;
0.0153632, 9;
0.0151028, 9;
0.0161723, 9;
0.0152632, 9;
0.0150716, 9;
0.0153058, 9;
0.0155812, 9;
0.0161227, 9;
0.0158136, 9;
0.0162597, 9;
0.0158253, 9;
0.0154042, 9;
0.0163246, 9;
0.0149299, 9;
0.0161322, 9;
0.0148108, 9;
0.0160244, 9;
0.014918, 9;
0.0150489, 9;
0.0150612, 9;
0.0158766, 9;
0.0157805, 9;
0.0156831, 9;
0.015191, 9;
0.0150282, 9;
0.0160141, 9;
0.0159116, 9;
0.0161292, 9;
0.0158097, 9;
0.0150491, 9;
0.0147852, 9;
0.015965, 9;
0.0155121, 9;
0.0159894, 9;
0.0154203, 9;
0.015414, 9;
0.016032, 9;
0.0161102, 9;
0.015738, 9;
0.0160546, 9;
0.0158887, 9;
0.0160704, 9;
0.0159886, 9;
0.0171122, 9;
0.0137775, 9;
0.0153208, 9;
0.0159545, 9;
0.0160174, 9;
0.0159132, 9;
0.0151026, 9;
0.0148477, 9;
0.0150506, 9;
0.0149377, 9;
0.0150051, 9;
0.0153438, 9;
0.0155581, 9;
0.0180924, 9;
0.0138805, 9;
0.0159641, 9;
0.0146616, 9;
0.0152137, 9;
0.0185346, 9;
0.0125031, 9;
0.023251, 9;
0.0076396, 9;
0.016696, 9;
0.0149572, 9;
0.0163825, 9;
0.0156265, 9;
0.0160099, 9;
0.0148581, 9;
0.0150717, 9;
0.0159914, 9;
0.0147841, 9;
0.0151121, 9;
0.0150573, 9;
0.0159227, 9;
0.0149723, 9;
0.0151745, 9;
0.0144553, 9;
0.0154507, 9;
0.0154668, 9;
0.0160406, 9;
0.0159517, 9;
0.0161825, 9;
0.016203, 9;
0.0157713, 9;
0.0147333, 9;
0.0156043, 9;
0.0154427, 9;
0.0159628, 9;
0.0151943, 9;
0.0147936, 9;
0.0159876, 9;
0.0150701, 9;
0.0148669, 9;
0.0151825, 9;
0.0154731, 9;
0.0149975, 9;
0.0160803, 9;
0.0160833, 9;
0.0153389, 9;
0.0158992, 9;
0.0155402, 9;
0.0159924, 9;
0.0159345, 9;
0.0158533, 9;
0.0175526, 9;
0.0127787, 9;
0.0160213, 9;
0.0162616, 9;
0.0145771, 9;
0.0151285, 9;
0.0158905, 9;
0.0150262, 9;
0.0148925, 9;
0.0160319, 9;
0.0160502, 9;
0.016, 9;
0.0160501, 9;
0.0159216, 9;
0.0161094, 9;
0.0159685, 9;
0.0161497, 9;
0.014739, 9;
0.0162727, 9;
0.0147007, 9;
0.0159714, 9;
0.0161631, 9;
0.015072, 9;
0.0150329, 9;
0.0152447, 9;
0.0143156, 9;
0.0161605, 9;
0.0149244, 9;
0.0149835, 9;
0.0159674, 9;
0.0149618, 9;
0.0149764, 9;
0.0160354, 9;
0.0149742, 9;
0.0158471, 9;
0.0151019, 9;
0.0141346, 9;
0.0159857, 9;
0.0149004, 9;
0.0149919, 9;
0.0149971, 9;
0.0149452, 9;
0.0160648, 9;
0.0165719, 9;
0.0153543, 9;
0.0160518, 9;
0.0159209, 9;
0.015985, 9;
0.0161002, 9;
0.0159639, 9;
0.0148626, 9;
0.01529, 9;
0.0147343, 9;
0.0151209, 9;
0.0149566, 9;
0.0158303, 9;
0.017311, 9;
0.0154324, 9;
0.0156331, 9;
0.0169338, 9;
0.0148105, 9;
0.0150005, 9;
0.0163979, 9;
0.0144945, 9;
0.016345, 9;
0.0157097, 9;
0.0178972, 9;
0.0187447, 9;
0.00951, 9;
0.0148493, 9;
0.0169274, 9;
0.019408, 9;
0.011493, 9;
0.0150065, 9;
0.0150115, 9;
0.0162499, 9;
0.0148902, 9;
0.0146937, 9;
0.0160995, 9;
0.0154514, 9;
0.0158532, 9;
0.0159969, 9;
0.0161907, 9;
0.0154566, 9;
0.0156174, 9;
0.0149681, 9;
0.0156715, 9;
0.0142977, 9;
0.0161835, 9;
0.0316114, 9;
0.01669, 9;
0.0137406, 9;
0.0153757, 9;
0.015989, 9;
0.0156652, 9;
0.0165705, 9;
0.0152316, 9;
0.0165965, 9;
0.0134166, 9;
0.0160998, 9;
0.0158456, 9;
0.0159623, 9;
0.0152596, 9;
0.0147061, 9;
0.0151801, 9;
0.01677, 9;
0.0146468, 9;
0.0168465, 9;
0.0142033, 9;
0.0151087, 9;
0.0161094, 9;
0.0157359, 9;
0.0153908, 9;
0.0152272, 9;
0.0159039, 9;
0.0161851, 9;
0.016066, 9;
0.0158436, 9;
0.0161337, 9;
0.013888, 9;
0.0162699, 9;
0.0147314, 9;
0.017317, 9;
0.0133273, 9;
0.0167414, 9;
0.0138839, 9;
0.0179927, 9;
0.0130867, 9;
0.0150643, 9;
0.0159046, 9;
0.0168171, 9;
0.0152274, 9;
0.0156312, 9;
0.0151641, 9;
0.0151632, 9;
0.0159851, 9;
0.0158441, 9;
0.016257, 9;
0.0166531, 9;
0.0164994, 9;
0.0125416, 9;
0.0165335, 9;
0.015284, 9;
0.0168245, 9;
0.014165, 9;
0.0156256, 9;
0.015289, 9;
0.020179, 9;
0.0098357, 9;
0.0159557, 9;
0.0155134, 9;
0.0164417, 9;
0.0157545, 9;
0.0151923, 9;
0.0147764, 9;
0.0160307, 9;
0.0158865, 9;
0.0159792, 9;
0.0159954, 9;
0.0150414, 9;
0.0150262, 9;
0.0148321, 9;
0.0162917, 9;
0.0148557, 9;
0.0147299, 9;
0.0160367, 9;
0.0150708, 9;
0.0158363, 9;
0.0158591, 9;
0.0160129, 9;
0.0158681, 9;
0.0154536, 9;
0.0167196, 9;
0.0150926, 9;
0.0147027, 9;
0.0158784, 9;
0.0159479, 9;
0.0155253, 9;
0.0154973, 9;
0.0156473, 9;
0.0153423, 9;
0.0171096, 9;
0.0147979, 9;
0.0148012, 9;
0.0153232, 9;
0.0159334, 9;
0.0156186, 9;
0.0150834, 9;
0.0148917, 9;
0.014969, 9;
0.0160914, 9;
0.0158759, 9;
0.0165313, 9;
0.0145308, 9;
0.0149796, 9;
0.015754, 9;
0.0151585, 9;
0.0147779, 9;
0.0149684, 9;
0.0156711, 9;
0.0154221, 9;
0.0175107, 9;
0.0143181, 9;
0.0158996, 9;
0.016002, 9;
0.0214766, 9;
0.0113429, 9;
0.0132607, 9;
0.0158578, 9;
0.0161819, 9;
0.0164029, 9;
0.0133854, 9;
0.015484, 9;
0.0176112, 9;
0.0144458, 9;
0.0152868, 9;
0.0158038, 9;
0.0147241, 9;
0.0156018, 9;
0.014404, 9;
0.0172751, 9;
0.0137768, 9;
0.0158312, 9;
0.0156116, 9;
0.0152385, 9;
0.0150416, 9;
0.0149081, 9;
0.0152434, 9;
0.0160607, 9;
0.014784, 9;
0.0155104, 9;
0.0154325, 9;
0.0153679, 9;
0.0153013, 9;
0.0152617, 9;
0.0159011, 9;
0.0149051, 9;
0.0152147, 9;
0.0156991, 9;
0.0146576, 9;
0.0151731, 9;
0.0159561, 9;
0.0160338, 9;
0.0158779, 9;
0.0160408, 9;
0.0158001, 9;
0.0152408, 9;
0.0149404, 9;
0.0148794, 9;
0.0150356, 9;
0.0152166, 9;
0.0155904, 9;
0.0149023, 9;
0.0153609, 9;
0.0156404, 9;
0.0159908, 9;
0.0161451, 9;
0.0156379, 9;
0.0149567, 9;
0.0147851, 9;
0.0151989, 9;
0.0168548, 9;
0.0140337, 9;
0.0150099, 9;
0.0160126, 9;
0.0160687, 9;
0.0151393, 9;
0.015931, 9;
0.0154506, 9;
0.0151713, 9;
0.0159959, 9;
0.0158481, 9;
0.0140376, 9;
0.0159137, 9;
0.0154905, 9;
0.0159179, 9;
0.0154358, 9;
0.0154748, 9;
0.0156032, 9;
0.0149185, 9;
0.0149879, 9;
0.0162002, 9;
0.0148573, 9;
0.0160365, 9;
0.0158467, 9;
0.0159648, 9;
0.0162787, 9;
0.0158402, 9;
0.0147341, 9;
0.0148061, 9;
0.0149679, 9;
0.0151358, 9;
0.0157817, 9;
0.0159681, 9;
0.0161844, 9;
0.0156349, 9;
0.0151028, 9;
0.0185941, 9;
0.0111148, 9;
0.0158562, 9;
0.0150597, 9;
0.0148786, 9;
0.015149, 9;
0.0191393, 9;
0.0186748, 9;
0.0086461, 9;
0.0144116, 9;
0.0150548, 9;
0.0154459, 9;
0.0160793, 9;
0.0159026, 9;
0.0159508, 9;
0.0159598, 9;
0.0159343, 9;
0.0154161, 9;
0.0185273, 9;
0.0133455, 9;
0.0159501, 9;
0.0150393, 9;
0.0146016, 9;
0.0161086, 9;
0.0164244, 9;
0.0144381, 9;
0.015855, 9;
0.0157001, 9;
0.0152239, 9;
0.0148684, 9;
0.0160738, 9;
0.0140812, 9;
0.0160714, 9;
0.0158759, 9;
0.0160368, 9;
0.0157484, 9;
0.016159, 9;
0.0159004, 9;
0.0160052, 9;
0.0148765, 9;
0.0149054, 9;
0.0149803, 9;
0.014899, 9;
0.0160928, 9;
0.0159001, 9;
0.0148869, 9;
0.0146569, 9;
0.0156722, 9;
0.0172583, 9;
0.0144498, 9;
0.0165606, 9;
0.0151105, 9;
0.0154731, 9;
0.0144874, 9;
0.0150321, 9;
0.0159784, 9;
0.016029, 9;
0.0158658, 9;
0.0174084, 9;
0.0146864, 9;
0.0160017, 9;
0.0153831, 9;
0.0151937, 9;
0.0152993, 9;
0.0167891, 9;
0.0147278, 9;
0.017556, 9;
0.0144032, 9;
0.015972, 9;
0.015951, 9;
0.0166398, 9;
0.0152489, 9;
0.0150631, 9;
0.0149634, 9;
0.015356, 9;
0.0154579, 9;
0.0159891, 9;
0.0158953, 9;
0.015728, 9;
0.0150678, 9;
0.0159443, 9;
0.014972, 9;
0.01516, 9;
0.0156596, 9;
0.0152828, 9;
0.0161949, 9;
0.015662, 9;
0.0155072, 9;
0.0154761, 9;
0.0152451, 9;
0.014685, 9;
0.0162152, 9;
0.01601, 9;
0.0148152, 9;
0.0161296, 9;
0.0147997, 9;
0.0208738, 9;
0.0109468, 9;
0.0162173, 9;
0.0158116, 9;
0.0163411, 9;
0.0156247, 9;
0.0157188, 9;
0.0158167, 9;
0.0166819, 9;
0.0153047, 9;
0.0190618, 9;
0.0128908, 9;
0.0155801, 9;
0.0163507, 9;
0.0156375, 9;
0.0172698, 9;
0.0140844, 9;
0.0158573, 9;
0.0159764, 9;
0.0148225, 9;
0.0152397, 9;
0.0158264, 9;
0.0149913, 9;
0.0153273, 9;
0.0150501, 9;
0.0146213, 9;
0.015302, 9;
0.0164278, 9;
0.0135426, 9;
0.016754, 9;
0.0141016, 9;
0.0158157, 9;
0.0153346, 9;
0.0147329, 9;
0.0179789, 9;
0.0134049, 9;
0.016552, 9;
0.013847, 9;
0.0290048, 9;
0.0223376, 9;
0.0117175, 9;
0.0162792, 9;
0.0145565, 9;
0.0180651, 9;
0.0127411, 9;
0.0159033, 9;
0.0155477, 9;
0.0165997, 9;
0.0152006, 9;
0.0155808, 9;
0.0203137, 9;
0.0101436, 9;
0.0164812, 9;
0.0154186, 9;
0.0241622, 9;
0.0077773, 9;
0.0170495, 9;
0.0163452, 9;
0.0135723, 9;
0.0163015, 9;
0.014677, 9;
0.0150497, 9;
0.0177482, 9;
0.0129339, 9;
0.0150759, 9;
0.0158185, 9;
0.0153194, 9;
0.0163966, 9;
0.0202234, 9;
0.0098853, 9;
0.0164973, 9;
0.0144698, 9;
0.0152967, 9;
0.0157288, 9;
0.0150641, 9;
0.0148487, 9;
0.0159894, 9;
0.0148912, 9;
0.0152148, 9;
0.0159704, 9;
0.0202782, 9;
0.0094264, 9;
0.0163232, 9;
0.0156517, 9;
0.0161623, 9;
0.0155445, 9;
0.0151535, 9;
0.0159924, 9;
0.0158139, 9;
0.0150708, 9;
0.0151393, 9;
0.0154466, 9;
0.0143054, 9;
0.0161378, 9;
0.014911, 9;
0.0161659, 9;
0.0147201, 9;
0.0150227, 9;
0.0157295, 9;
0.0161061, 9;
0.0156714, 9;
0.0161667, 9;
0.0167175, 9;
0.0150246, 9;
0.0151439, 9;
0.0143976, 9;
0.0157226, 9;
0.0157137, 9;
0.0193197, 9;
0.011893, 9;
0.0156873, 9;
0.0158389, 9;
0.015513, 9;
0.0154456, 9;
0.0152816, 9;
0.0158784, 9;
0.0161526, 9;
0.0144792, 9;
0.0159352, 9;
0.0149912, 9;
0.0148925, 9;
0.0160058, 9;
0.0152072, 9;
0.0148634, 9;
0.0159133, 9;
0.0149227, 9;
0.0149893, 9;
0.0149017, 9;
0.015041, 9;
0.0162202, 9;
0.0158908, 9;
0.0159034, 9;
0.0191373, 9;
0.0121778, 9;
0.0284493, 9;
0.0188995, 9;
0.0167507, 9;
0.014769, 9;
0.0154587, 9;
0.0158373, 9;
0.0160141, 9;
0.0159462, 9;
0.0156016, 9;
0.0155407, 9;
0.0149348, 9;
0.0158276, 9;
0.0159821, 9;
0.0160163, 9;
0.0155198, 9;
0.0156922, 9;
0.015721, 9;
0.0147834, 9;
0.0148756, 9;
0.0150367, 9;
0.0147408, 9;
0.0160489, 9;
0.0150255, 9;
0.0154739, 9;
0.0154106, 9;
0.0151207, 9;
0.015364, 9;
0.0159359, 9;
0.0145326, 9;
0.0161141, 9;
0.0160163, 9;
0.0150579, 9;
0.0146732, 9;
0.0153771, 9;
0.015605, 9;
0.0200831, 9;
0.0113137, 9;
0.0151352, 9;
0.015115, 9;
0.0174263, 9;
0.014094, 9;
0.0154162, 9;
0.0160368, 9;
0.0169107, 9;
0.014305, 9;
0.01471, 9;
0.0152236, 9;
0.0149549, 9;
0.0149419, 9;
0.0170611, 9;
0.0145733, 9;
0.0150037, 9;
0.0142786, 9;
0.015712, 9;
0.0150872, 9;
0.0159547, 9;
0.0162269, 9;
0.0153149, 9;
0.0176689, 9;
0.0132814, 9;
0.0148567, 9;
0.0160006, 9;
0.0177475, 9;
0.0147127, 9;
0.0148696, 9;
0.0154964, 9;
0.0167684, 9;
0.0142478, 9;
0.0166755, 9;
0.0151329, 9;
0.0150133, 9;
0.0153008, 9;
0.0160067, 9;
0.0146678, 9;
0.0165622, 9;
0.0144759, 9;
0.0163604, 9;
0.0144663, 9;
0.0170055, 9;
0.0149144, 9;
0.0159639, 9;
0.0155444, 9;
0.0156448, 9;
0.014315, 9;
0.0155523, 9;
0.0150766, 9;
0.0153402, 9;
0.0162346, 9;
0.0148307, 9;
0.0156856, 9;
0.0158593, 9;
0.0164234, 9;
0.0155363, 9;
0.0159734, 9;
0.015021, 9;
0.0162517, 9;
0.0146361, 9;
0.0150365, 9;
0.0150211, 9;
0.0154374, 9;
0.0177444, 9;
0.0127047, 9;
0.0148198, 9;
0.0168769, 9;
0.0140474, 9;
0.0161065, 9;
0.0161027, 9;
0.0170982, 9;
0.0145771, 9;
0.0148324, 9;
0.0151263, 9;
0.0154459, 9;
0.0154851, 9;
0.0150713, 9;
0.0148762, 9;
0.0149426, 9;
0.0149947, 9;
0.0165145, 9;
0.0168624, 9;
0.0168668, 9;
0.0127093, 9;
0.0246706, 9;
0.0183443, 9;
0.0192348, 9;
0.0155648, 9;
0.0248723, 9;
0.0248308, 9;
0.013808, 9;
0.0143753, 9;
0.019663, 9;
0.0126575, 9;
0.0164294, 9;
0.0241509, 9;
0.0205952, 9;
0.0151379, 9;
0.0141098, 9;
0.0172123, 9;
0.0142549, 9;
0.0154518, 9;
0.0150654, 9;
0.0160186, 9;
0.0149568, 9;
0.0191911, 9;
0.0144527, 9;
0.0144396, 9;
0.0181762, 9;
0.0166116, 9;
0.0123146, 9;
0.0166442, 9;
0.0140054, 9;
0.0161186, 9;
0.0159653, 9;
0.0157272, 9;
0.0143052, 9;
0.0176696, 9;
0.0141307, 9;
0.016181, 9;
0.0149737, 9;
0.0163143, 9;
0.0142649, 9;
0.0147214, 9;
0.0159058, 9;
0.0159458, 9;
0.0156725, 9;
0.0159025, 9;
0.0156795, 9;
0.0153468, 9;
0.0163538, 9;
0.0164972, 9;
0.0122022, 9;
0.0169054, 9;
0.0152732, 9;
0.0149132, 9;
0.0148421, 9;
0.0153552, 9;
0.016044, 9;
0.0145416, 9;
0.0149314, 9;
0.0150232, 9;
0.0160835, 9;
0.0155075, 9;
0.014618, 9;
0.0213608, 9;
0.0094484, 9;
0.015096, 9;
0.0164139, 9;
0.0150651, 9;
0.0143476, 9;
0.0159605, 9;
0.0140642, 9;
0.0159465, 9;
0.0156412, 9;
0.022667, 9;
0.0109204, 9;
0.0148808, 9;
0.0269952, 9;
0.0301988, 9;
0.0325654, 9;
0.0229743, 9;
0.0106044, 9;
0.0218297, 9;
0.0095267, 9;
0.0151072, 9;
0.0148934, 9;
0.0171868, 9;
0.0149027, 9;
0.0203367, 9;
0.0098843, 9;
0.0173405, 9;
0.0133311, 9;
0.0161235, 9;
0.0147922, 9;
0.0163652, 9;
0.0147285, 9;
0.0153129, 9;
0.0155288, 9;
0.0151824, 9;
0.0149624, 9;
0.0169479, 9;
0.014946, 9;
0.0159514, 9;
0.0162751, 9;
0.0147658, 9;
0.0149852, 9;
0.0148894, 9;
0.0150192, 9;
0.0160613, 9;
0.0148939, 9;
0.0162263, 9;
0.0147399, 9;
0.0150573, 9;
0.0152866, 9;
0.0145577, 9;
0.0150769, 9;
0.0162813, 9;
0.014765, 9;
0.0149395, 9;
0.0160096, 9;
0.0159537, 9;
0.0160097, 9;
0.0161694, 9;
0.0157057, 9;
0.0154772, 9;
0.014666, 9;
0.0151853, 9;
0.0152584, 9;
0.017649, 9;
0.0150338, 9;
0.0117167, 9;
0.0150026, 9;
0.0149869, 9;
0.0149864, 9;
0.014999, 9;
0.0150189, 9;
0.0149656, 9;
0.0156643, 9;
0.0153372, 9;
0.0152392, 9;
0.0158506, 9;
0.0138875, 9;
0.0172825, 9;
0.0137296, 9;
0.0159569, 9;
0.0163887, 9;
0.0171615, 9;
0.0185157, 9;
0.0277101, 9;
0.0227578, 9;
0.008904, 9;
0.0236982, 9;
0.0079467, 9;
0.0245938, 9;
0.0206038, 9;
0.0252886, 9;
0.0110011, 9;
0.0209745, 9;
0.0259719, 9;
0.019439, 9;
0.0317153, 9;
0.0270253, 9;
0.0175078, 9;
0.0097706, 9;
0.0235363, 9;
0.0241465, 9;
0.0122427, 9;
0.0247287, 9;
0.020792, 9;
0.016087, 9;
0.0199106, 9;
0.0134818, 9;
0.021104, 9;
0.0076209, 9;
0.0159535, 9;
0.0149251, 9;
0.0159647, 9;
0.0150483, 9;
0.0158157, 9;
0.0190732, 9;
0.0175458, 9;
0.008637, 9;
0.0159426, 9;
0.0140374, 9;
0.0162773, 9;
0.0147061, 9;
0.0158399, 9;
0.0140807, 9;
0.0162845, 9;
0.0152527, 9;
0.0159905, 9;
0.0144404, 9;
0.015867, 9;
0.0156225, 9;
0.0163805, 9;
0.0155053, 9;
0.0150296, 9;
0.0146522, 9;
0.0174894, 9;
0.0124015, 9;
0.0171592, 9;
0.014813, 9;
0.0149154, 9;
0.0157399, 9;
0.0164328, 9;
0.0148454, 9;
0.0155972, 9;
0.0145878, 9;
0.0148405, 9;
0.0170625, 9;
0.0150175, 9;
0.014961, 9;
0.0198097, 9;
0.010047, 9;
0.01546, 9;
0.0149571, 9;
0.0162591, 9;
0.0144317, 9;
0.0152564, 9;
0.0156497, 9;
0.0156941, 9;
0.0166958, 9;
0.0188422, 9;
0.0105156, 9;
0.0204949, 9;
0.0112753, 9;
0.0145029, 9;
0.0151314, 9;
0.016036, 9;
0.0137759, 9;
0.0158665, 9;
0.0156423, 9;
0.0157554, 9;
0.015057, 9;
0.0148719, 9;
0.0162662, 9;
0.0140553, 9;
0.0159808, 9;
0.0157147, 9;
0.0170032, 9;
0.0137847, 9;
0.0155032, 9;
0.0154804, 9;
0.0160844, 9;
0.0155009, 9;
0.0153737, 9;
0.0157277, 9;
0.0153087, 9;
0.0148604, 9;
0.0159531, 9;
0.0156011, 9;
0.0154776, 9;
0.014492, 9;
0.0153006, 9;
0.0157318, 9;
0.0161993, 9;
0.0159496, 9;
0.0165126, 9;
0.0148169, 9;
0.0155045, 9;
0.0143741, 9;
0.015549, 9;
0.0152067, 9;
0.0167512, 9;
0.014141, 9;
0.0214142, 9;
0.0106474, 9;
0.0162152, 9;
0.0154371, 9;
0.0165828, 9;
0.0147156, 9;
0.0151863, 9;
0.0149144, 9;
0.0153945, 9;
0.0146855, 9;
0.01543, 9;
0.0156224, 9;
0.016574, 9;
0.014441, 9;
0.0161821, 9;
0.0155468, 9;
0.0153757, 9;
0.0147647, 9;
0.0158926, 9;
0.0153024, 9;
0.014563, 9;
0.0150937, 9;
0.014847, 9;
0.0157597, 9;
0.0150459, 9;
0.0167847, 9;
0.0149783, 9;
0.0142189, 9;
0.0159916, 9;
0.0148659, 9;
0.0158455, 9;
0.0152213, 9;
0.0158271, 9;
0.0150329, 9;
0.0148941, 9;
0.0159253, 9;
0.0150278, 9;
0.0148416, 9;
0.015988, 9;
0.0150156, 9;
0.0299849, 9;
0.0170046, 9;
0.0147902, 9;
0.0148106, 9;
0.015035, 9;
0.0150067, 9;
0.0162542, 9;
0.0135723, 9;
0.0176431, 9;
0.0143848, 9;
0.0169644, 9;
0.0166274, 9;
0.034941, 9;
0.0095202, 9;
0.016015, 9;
0.0214996, 9;
0.0090547, 9;
0.0162089, 9;
0.0157204, 9;
0.0158533, 9;
0.014982, 9;
0.0151721, 9;
0.0159307, 9;
0.0160338, 9;
0.0168912, 9;
0.021036, 9;
0.0078648, 9;
0.0192512, 9;
0.0126366, 9;
0.0158774, 9;
0.014981, 9;
0.0174314, 9;
0.0146666, 9;
0.0163965, 9;
0.0155315, 9;
0.0153926, 9;
0.0145894, 9;
0.0168031, 9;
0.0149811, 9;
0.0154237, 9;
0.0146255, 9;
0.0159642, 9;
0.0158491, 9;
0.0166995, 9;
0.0151929, 9;
0.0160698, 9;
0.0155812, 9;
0.0159828, 9;
0.0152348, 9;
0.0163053, 9;
0.0153959, 9;
0.015768, 9;
0.0143035, 9;
0.0149328, 9;
0.016075, 9;
0.0158508, 9;
0.0159657, 9;
0.0157621, 9;
0.0153545, 9;
0.0158017, 9;
0.015603, 9;
0.0154458, 9;
0.0158459, 9;
0.0161737, 9;
0.0149768, 9;
0.015437, 9;
0.0158318, 9;
0.0154161, 9;
0.0159628, 9;
0.0158351, 9;
0.0150334, 9;
0.0160463, 9;
0.0147882, 9;
0.0153698, 9;
0.0157208, 9;
0.0148806, 9;
0.0149299, 9;
0.0149365, 9;
0.0150665, 9;
0.0150003, 9;
0.0172008, 9;
0.0126953, 9;
0.0158655, 9;
0.0159792, 9;
0.0159977, 9;
0.0160042, 9;
0.0152883, 9;
0.0145654, 9;
0.0154692, 9;
0.0155303, 9;
0.0159815, 9;
0.0156631, 9;
0.0158751, 9;
0.0157378, 9;
0.0158478, 9;
0.0140718, 9;
0.0156416, 9;
0.014325, 9;
0.0159579, 9;
0.016267, 9;
0.014662, 9;
0.0155063, 9;
0.0157991, 9;
0.0164974, 9;
0.0154889, 9;
0.0149196, 9;
0.015421, 9;
0.0158389, 9;
0.022601, 9;
0.0072158, 9;
0.0168368, 9;
0.0149899, 9;
0.0160104, 9;
0.0161487, 9;
0.0155014, 9;
0.0153804, 9;
0.0156124, 9;
0.0154807, 9;
0.0155913, 9;
0.014912, 9;
0.0167657, 9;
0.0148815, 9;
0.0150023, 9;
0.0143556, 9;
0.0156444, 9;
0.0158565, 9;
0.015443, 9;
0.0156392, 9;
0.0156438, 9;
0.0151037, 9;
0.0151457, 9;
0.0163779, 9;
0.0156299, 9;
0.0157589, 9;
0.0145887, 9;
0.0166556, 9;
0.014135, 9;
0.0160023, 9;
0.0155096, 9;
0.0153915, 9;
0.0155418, 9;
0.0159249, 9;
0.0148828, 9;
0.0151917, 9;
0.0160275, 9;
0.0158385, 9;
0.0149517, 9;
0.0147498, 9;
0.0153809, 9;
0.0159891, 9;
0.0152823, 9;
0.0148233, 9;
0.0150439, 9;
0.015006, 9;
0.0162588, 9;
0.0150468, 9;
0.0159496, 9;
0.0163856, 9;
0.0157011, 9;
0.0151405, 9;
0.017405, 9;
0.0122729, 9;
0.0149995, 9;
0.0156109, 9;
0.0153431, 9;
0.0159021, 9;
0.0163403, 9;
0.0157737, 9;
0.0155006, 9;
0.0142185, 9;
0.0167209, 9;
0.0153192, 9;
0.0149413, 9;
0.0149945, 9;
0.0154412, 9;
0.0176834, 9;
0.0126852, 9;
0.014916, 9;
0.0172164, 9;
0.0146056, 9;
0.0148738, 9;
0.0151708, 9;
0.0149722, 9;
0.0150714, 9;
0.0149894, 9;
0.0148522, 9;
0.0158905, 9;
0.0150948, 9;
0.0156635, 9;
0.0152384, 9;
0.0160574, 9;
0.0154955, 9;
0.0154609, 9;
0.0157983, 9;
0.0159193, 9;
0.0160065, 9;
0.017026, 9;
0.0143426, 9;
0.01538, 9;
0.0161291, 9;
0.0166876, 9;
0.0161561, 9;
0.0140513, 9;
0.014918, 9;
0.0150018, 9;
0.0149622, 9;
0.0159428, 9;
0.0157867, 9;
0.0159855, 9;
0.0159495, 9;
0.0162551, 9;
0.0157246, 9;
0.0151471, 9;
0.0158996, 9;
0.015698, 9;
0.0181517, 9;
0.0127008, 9;
0.0157425, 9;
0.0158388, 9;
0.017433, 9;
0.0129363, 9;
0.0149531, 9;
0.0165327, 9;
0.0143465, 9;
0.0152011, 9;
0.0156195, 9;
0.0154845, 9;
0.015008, 9;
0.0149518, 9;
0.0172717, 9;
0.0148865, 9;
0.0152392, 9;
0.0156583, 9;
0.0154825, 9;
0.0158771, 9;
0.0160464, 9;
0.0163641, 9;
0.0154823, 9;
0.015034, 9;
0.0149484, 9;
0.0150338, 9;
0.0158249, 9;
0.0159967, 9;
0.0150749, 9;
0.015389, 9;
0.0153937, 9;
0.0152151, 9;
0.0157668, 9;
0.0149608, 9;
0.014956, 9;
0.0149904, 9;
0.0150917, 9;
0.0149543, 9;
0.0148399, 9;
0.0150347, 9;
0.0148447, 9;
0.0147419, 9;
0.0149299, 9;
0.0151978, 9;
0.0159436, 9;
0.0150486, 9;
0.0150612, 9;
0.0158178, 9;
0.0154055, 9;
0.0158971, 9;
0.0164212, 9;
0.0154127, 9;
0.0156156, 9;
0.015546, 9;
0.0153041, 9;
0.0152555, 9;
0.0164165, 9;
0.0153523, 9;
0.0148161, 9;
0.0164636, 9;
0.0158777, 9;
0.0146831, 9;
0.0149354, 9;
0.0150902, 9;
0.0152181, 9;
0.0153944, 9;
0.0157377, 9;
0.015192, 9;
0.0162461, 9;
0.0157764, 9;
0.01623, 9;
0.0161115, 9;
0.015154, 9;
0.0153955, 9;
0.0155602, 9;
0.0154284, 9;
0.0159297, 9;
0.0159787, 9;
0.0159114, 9;
0.0161294, 9;
0.0161967, 9;
0.016357, 9;
0.0148855, 9;
0.0148554, 9;
0.0167547, 9;
0.0191592, 9;
0.011041, 9;
0.0149885, 9;
0.0152435, 9;
0.0161023, 9;
0.0157669, 9;
0.0161155, 9;
0.0160025, 9;
0.0158071, 9;
0.0147377, 9;
0.0156044, 9;
0.0156014, 9;
0.0158671, 9;
0.0150292, 9;
0.0154881, 9;
0.0154385, 9;
0.015008, 9;
0.0153833, 9;
0.0156896, 9;
0.0150282, 9;
0.0167382, 9;
0.0152671, 9;
0.0165522, 9;
0.0137681, 9;
0.0160901, 9;
0.0156307, 9;
0.0162784, 9;
0.0147978, 9;
0.0153375, 9;
0.0158996, 9;
0.0174242, 9;
0.0134727, 9;
0.0163896, 9;
0.0145112, 9;
0.0161463, 9;
0.0158647, 9;
0.0165786, 9;
0.0168107, 9;
0.0130835, 9;
0.0157099, 9;
0.0152221, 9;
0.0150547, 9;
0.0154155, 9;
0.0153923, 9;
0.0155338, 9;
0.0156852, 9;
0.0155215, 9;
0.0144832, 9;
0.0163614, 9;
0.0152707, 9;
0.0153698, 9;
0.0152956, 9;
0.0156457, 9;
0.014992, 9;
0.0222522, 9;
0.0085276, 9;
0.0153513, 9;
0.015616, 9;
0.0167533, 9;
0.0140904, 9;
0.0160017, 9;
0.0166376, 9;
0.0161372, 9;
0.0141429, 9;
0.0149107, 9;
0.0149589, 9;
0.0159276, 9;
0.0147069, 9;
0.0153635, 9;
0.0157393, 9;
0.0164335, 9;
0.013532, 9;
0.0160226, 9;
0.0149131, 9;
0.0150511, 9;
0.0160259, 9;
0.0152104, 9;
0.01466, 9;
0.0155868, 9;
0.0159777, 9;
0.015404, 9;
0.0167695, 9;
0.0149669, 9;
0.0151521, 9;
0.0151099, 9;
0.0156573, 9;
0.016164, 9;
0.0160567, 9;
0.0157962, 9;
0.0150579, 9;
0.0161566, 9;
0.0148111, 9;
0.0214257, 9;
0.0091815, 9;
0.0156707, 9;
0.0154529, 9;
0.0168872, 9;
0.0142479, 9;
0.0155319, 9;
0.015982, 9;
0.0160246, 9;
0.0159021, 9;
0.0159686, 9;
0.0160309, 9;
0.0159932, 9;
0.01596, 9;
0.0161342, 9;
0.0164478, 9;
0.0142413, 9;
0.0148639, 9;
0.0147967, 9;
0.015297, 9;
0.0159339, 9;
0.0147051, 9;
0.0153189, 9;
0.0159433, 9;
0.015783, 9;
0.0161188, 9;
0.0140703, 9;
0.0157431, 9;
0.015074, 9;
0.0148938, 9;
0.0158832, 9;
0.0160217, 9;
0.0160217, 9;
0.016513, 9;
0.0141088, 9;
0.0155934, 9;
0.015504, 9;
0.0160551, 9;
0.0157979, 9;
0.0140871, 9;
0.0158252, 9;
0.0151214, 9;
0.0149129, 9;
0.0159377, 9;
0.0176313, 9;
0.0143041, 9;
0.0157468, 9;
0.0157904, 9;
0.0155097, 9;
0.0160319, 9;
0.0149383, 9;
0.0148943, 9;
0.0159384, 9;
0.016244, 9;
0.0144623, 9;
0.0149734, 9;
0.0149395, 9;
0.0161583, 9;
0.0158909, 9;
0.0159022, 9;
0.0156442, 9;
0.0160908, 9;
0.0150191, 9;
0.0160371, 9;
0.0143905, 9;
0.0158215, 9;
0.0146502, 9;
0.0154114, 9;
0.0154946, 9;
0.0156852, 9;
0.0158096, 9;
0.0157059, 9;
0.0168355, 9;
0.0148826, 9;
0.0148906, 9;
0.0160436, 9;
0.0156687, 9;
0.0153505, 9;
0.0149393, 9;
0.0149819, 9;
0.0159371, 9;
0.0158079, 9;
0.0156281, 9;
0.0155126, 9;
0.015851, 9;
0.0138332, 9;
0.0158171, 9;
0.0154891, 9;
0.0151596, 9;
0.0153712, 9;
0.0166224, 9;
0.0147518, 9;
0.0160007, 9;
0.0159659, 9;
0.01563, 9;
0.0157686, 9;
0.015506, 9;
0.0154113, 9;
0.0162857, 9;
0.0155996, 9;
0.0164472, 9;
0.0156351, 9;
0.0159429, 9;
0.0159104, 9;
0.0162323, 9;
0.016663, 9;
0.0129354, 9;
0.0175998, 9;
0.0157554, 9;
0.0134934, 9;
0.0159171, 9;
0.0164371, 9;
0.0148645, 9;
0.015155, 9;
0.0163349, 9;
0.0150277, 9;
0.0153939, 9;
0.016089, 9;
0.0150312, 9;
0.0149662, 9;
0.0162813, 9;
0.0155478, 9;
0.0159006, 9;
0.0147044, 9;
0.0165207, 9;
0.0145915, 9;
0.0163583, 9;
0.015578, 9;
0.0161469, 9;
0.0153218, 9;
0.0149659, 9;
0.0164037, 9;
0.016087, 9;
0.0145272, 9;
0.0156517, 9;
0.0143031, 9;
0.0163841, 9;
0.0146398, 9;
0.0160914, 9;
0.0144591, 9;
0.0160447, 9;
0.0152179, 9;
0.0148327, 9;
0.0164679, 9;
0.0144146, 9;
0.0163733, 9;
0.0145938, 9;
0.0153912, 9;
0.0154598, 9;
0.0160466, 9;
0.016839, 9;
0.0139972, 9;
0.0148974, 9;
0.015196, 9;
0.0158243, 9;
0.016201, 9;
0.013787, 9;
0.0162997, 9;
0.0147097, 9;
0.0157278, 9;
0.0141675, 9;
0.0150008, 9;
0.0151046, 9;
0.016347, 9;
0.0151659, 9;
0.0153273, 9;
0.0147351, 9;
0.0162323, 9;
0.0157308, 9;
0.0152129, 9;
0.0148581, 9;
0.0157618, 9;
0.016089, 9;
0.0159531, 9;
0.0153147, 9;
0.0145718, 9;
0.0149066, 9;
0.0150322, 9;
0.016712, 9;
0.0157724, 9;
0.0143003, 9;
0.0160937, 9;
0.0158784, 9;
0.0158333, 9;
0.0149907, 9;
0.0151028, 9;
0.0147891, 9;
0.0197645, 9;
0.0125407, 9;
0.0137076, 9;
0.0184695, 9;
0.0208654, 9;
0.0068612, 9;
0.0160352, 9;
0.0148376, 9;
0.0149754, 9;
0.0145648, 9;
0.0172224, 9;
0.0146571, 9;
0.0158869, 9;
0.0144212, 9;
0.0150666, 9;
0.0158354, 9;
0.0153324, 9;
0.0143847, 9;
0.0162385, 9;
0.0158196, 9;
0.015042, 9;
0.0161091, 9;
0.0164305, 9;
0.0149625, 9;
0.0152289, 9;
0.0148563, 9;
0.0151491, 9;
0.0160084, 9;
0.0160506, 9;
0.0147708, 9;
0.0160838, 9;
0.0146227, 9;
0.0155024, 9;
0.0155551, 9;
0.0160543, 9;
0.0157749, 9;
0.0162391, 9;
0.0156891, 9;
0.0153967, 9;
0.015897, 9;
0.0160133, 9;
0.015554, 9;
0.0164285, 9;
0.0151944, 9;
0.0153696, 9;
0.0154448, 9;
0.0154173, 9;
0.0148486, 9;
0.0160669, 9;
0.0156372, 9;
0.0151791, 9;
0.014976, 9;
0.015038, 9;
0.0158386, 9;
0.0169913, 9;
0.0138322, 9;
0.0183029, 9;
0.0130592, 9;
0.0154723, 9;
0.0151788, 9;
0.0176008, 9;
0.0144071, 9;
0.0159302, 9;
0.0156523, 9;
0.0154513, 9;
0.0147213, 9;
0.0150313, 9;
0.0158865, 9;
0.0152348, 9;
0.0147258, 9;
0.0153198, 9;
0.0150345, 9;
0.0145506, 9;
0.0156638, 9;
0.0153786, 9;
0.0169028, 9;
0.0150294, 9;
0.0148579, 9;
0.014943, 9;
0.0149012, 9;
0.0156595, 9;
0.0178226, 9;
0.0141211, 9;
0.0208338, 9;
0.0091928, 9;
0.0164571, 9;
0.0155973, 9;
0.0159269, 9;
0.0138221, 9;
0.0158682, 9;
0.0153272, 9;
0.0164272, 9;
0.015511, 9;
0.015501, 9;
0.0144611, 9;
0.0162181, 9;
0.0158724, 9;
0.0174362, 9;
0.0150942, 9;
0.0161305, 9;
0.01522, 9;
0.015076, 9;
0.0159233, 9;
0.0160163, 9;
0.0155345, 9;
0.015119, 9;
0.014584, 9;
0.0153577, 9;
0.0162223, 9;
0.0157698, 9;
0.0137888, 9;
0.0163426, 9;
0.0157234, 9;
0.0161993, 9;
0.0152388, 9;
0.0155491, 9;
0.015767, 9;
0.0152973, 9;
0.0156027, 9;
0.0160427, 9;
0.0158576, 9;
0.0167194, 9;
0.0152816, 9;
0.0152702, 9;
0.0151497, 9;
0.0154662, 9;
0.0159134, 9;
0.0149282, 9;
0.0169432, 9;
0.0142394, 9;
0.0157488, 9;
0.0164089, 9;
0.0151724, 9;
0.0154992, 9;
0.0149294, 9;
0.0153019, 9;
0.016127, 9;
0.0156208, 9;
0.0155202, 9;
0.0150908, 9;
0.0158798, 9;
0.0149994, 9;
0.0160623, 9;
0.0162632, 9;
0.015519, 9;
0.0159974, 9;
0.0161381, 9;
0.0172984, 9;
0.0133814, 9;
0.0161183, 9;
0.0148918, 9;
0.0149981, 9;
0.0159883, 9;
0.0151863, 9;
0.0155591, 9;
0.0158495, 9;
0.0140361, 9;
0.0155194, 9;
0.0154848, 9;
0.0151338, 9;
0.0157647, 9;
0.014994, 9;
0.0171603, 9;
0.0170062, 9;
0.0128005, 9;
0.0161472, 9;
0.0158455, 9;
0.0157915, 9;
0.0162715, 9;
0.0156705, 9;
0.016408, 9;
0.0158335, 9;
0.0159563, 9;
0.0156594, 9;
0.0158924, 9;
0.0156374, 9;
0.0167135, 9;
0.0136048, 9;
0.0153359, 9;
0.0147228, 9;
0.0152834, 9;
0.0152912, 9;
0.0160862, 9;
0.0149905, 9;
0.0159759, 9;
0.0160722, 9;
0.0158437, 9;
0.0159617, 9;
0.0156726, 9;
0.0169642, 9;
0.0142983, 9;
0.0161985, 9;
0.0170508, 9;
0.0146903, 9;
0.0160344, 9;
0.015868, 9;
0.0154305, 9;
0.0145615, 9;
0.0147771, 9;
0.0159875, 9;
0.0163628, 9;
0.0161072, 9;
0.0161536, 9;
0.0147413, 9;
0.0159527, 9;
0.0158679, 9;
0.0204179, 9;
0.009405, 9;
0.0159368, 9;
0.0146394, 9;
0.0158982, 9;
0.0152583, 9;
0.0157148, 9;
0.0162618, 9;
0.0146705, 9;
0.0167646, 9;
0.0141263, 9;
0.0161454, 9;
0.0157566, 9;
0.0170868, 9;
0.0160346, 9;
0.01281, 9;
0.0161448, 9;
0.0149477, 9;
0.0149263, 9;
0.0168102, 9;
0.0153983, 9;
0.0213239, 9;
0.0101101, 9;
0.0195612, 9;
0.0105927, 9;
0.0202142, 9;
0.0117266, 9;
0.0163899, 9;
0.0156914, 9;
0.0162126, 9;
0.0157289, 9;
0.0183622, 9;
0.0116299, 9;
0.0174015, 9;
0.0140865, 9;
0.0168765, 9;
0.0150692, 9;
0.0158091, 9;
0.0155261, 9;
0.0409319, 9;
0.0449486, 9;
0.0108859, 9;
0.0270204, 9;
0.0412596, 9;
0.0079439, 9;
0.0142571, 9;
0.0265849, 9;
0.0227401, 9;
0.0139691, 9;
0.0174334, 9;
0.0128602, 9;
0.0155804, 9;
0.015305, 9;
0.0149756, 9;
0.0173138, 9;
0.0159974, 9;
0.017288, 9;
0.0156388, 9;
0.0118014, 9;
0.0173154, 9;
0.0137699, 9;
0.0189357, 9;
0.0129575, 9;
0.017286, 9;
0.0146228, 9;
0.0161027, 9;
0.0148978, 9;
0.0155534, 9;
0.0157884, 9;
0.0162429, 9;
0.0140071, 9;
0.0196174, 9;
0.014932, 9;
0.0145256, 9;
0.0140905, 9;
0.0149735, 9;
0.0154989, 9;
0.0149982, 9;
0.0153174, 9;
0.0149725, 9;
0.0145911, 9;
0.0153679, 9;
0.0219985, 9;
0.0103269, 9;
0.0428739, 9;
0.0663155, 9;
0.0151151, 9;
0.0228698, 9;
0.0080309, 9;
0.0151736, 9;
0.0161519, 9;
0.0157003, 9;
0.0152142, 9;
0.0152101, 9;
0.0159065, 9;
0.0149169, 9;
0.0153865, 9;
0.0161222, 9;
0.0158969, 9;
0.0156189, 9;
0.0149735, 9;
0.0149738, 9;
0.0153041, 9;
0.0151317, 9;
0.0150818, 9;
0.0170477, 9;
0.0148267, 9;
0.0147696, 9;
0.0141058, 9;
0.0162673, 9;
0.0154568, 9;
0.0152298, 9;
0.015686, 9;
0.0162052, 9;
0.0150165, 9;
0.0148187, 9;
0.0149737, 9;
0.0149984, 9;
0.0181295, 9;
0.0127832, 9;
0.0239576, 9;
0.0137692, 9;
0.0104298, 9;
0.0155521, 9;
0.0173343, 9;
0.0142335, 9;
0.0147302, 9;
0.016092, 9;
0.0169783, 9;
0.0138044, 9;
0.0167336, 9;
0.0149884, 9;
0.0148061, 9;
0.0152996, 9;
0.0157643, 9;
0.0154816, 9;
0.0168886, 9;
0.0127771, 9;
0.0173214, 9;
0.0136462, 9;
0.0156525, 9;
0.0171623, 9;
0.0134891, 9;
0.0151498, 9;
0.0161335, 9;
0.0148866, 9;
0.0160995, 9;
0.0175639, 9;
0.0160937, 9;
0.0150248, 9;
0.0130411, 9;
0.0195609, 9;
0.0122717, 9;
0.0157788, 9;
0.0163407, 9;
0.0154564, 9;
0.0163996, 9;
0.0154757, 9;
0.0157898, 9;
0.0155696, 9;
0.015891, 9;
0.0181801, 9;
0.0146971, 9;
0.0148713, 9;
0.0162179, 9;
0.0144358, 9;
0.0150237, 9;
0.0159386, 9;
0.0151624, 9;
0.0148318, 9;
0.0153592, 9;
0.0174145, 9;
0.0251194, 9;
0.0195617, 9;
0.0234936, 9;
0.0110159, 9;
0.0282078, 9;
0.0260136, 9;
0.0223974, 9;
0.0104878, 9;
0.0146481, 9;
0.0160837, 9;
0.0167138, 9;
0.0157828, 9;
0.0153179, 9;
0.039886, 9;
0.0215739, 9;
0.0204764, 9;
0.0094012, 9;
0.0148595, 9;
0.0147777, 9;
0.0163784, 9;
0.0149524, 9;
0.014612, 9;
0.0160823, 9;
0.0160674, 9;
0.0138892, 9;
0.0170004, 9;
0.0167343, 9;
0.0126466, 9;
0.0214495, 9;
0.037368, 9;
0.0242406, 9;
0.0135093, 9;
0.0160396, 9;
0.0188492, 9;
0.0107986, 9;
0.0166551, 9;
0.0359127, 9;
0.007904, 9;
0.0195568, 9;
0.0114781, 9;
0.0240381, 9;
0.0065511, 9;
0.0273846, 9;
0.0216162, 9;
0.016385, 9;
0.0133065, 9;
0.0160356, 9;
0.0152217, 9;
0.0153654, 9;
0.0156374, 9;
0.0148278, 9;
0.0151447, 9;
0.0213391, 9;
0.0091563, 9;
0.0146399, 9;
0.0159607, 9;
0.0150179, 9;
0.0165398, 9;
0.0141126, 9;
0.0153946, 9;
0.0158997, 9;
0.0212993, 9;
0.0098979, 9;
0.0163661, 9;
0.0162218, 9;
0.015829, 9;
0.0132441, 9;
0.0172545, 9;
0.0232301, 9;
0.0092893, 9;
0.0223688, 9;
0.0067321, 9;
0.0175882, 9;
0.0204964, 9;
0.0106606, 9;
0.0218528, 9;
0.012417, 9;
0.0183344, 9;
0.0696987, 9;
0.0269134, 9;
0.0397285, 9;
0.0937655, 9;
0.0580435, 9;
0.109676, 9;
0.0390915, 9;
0.060091, 9;
0.0484382, 9;
0.0345185, 9;
0.0584397, 9;
0.0654199, 9;
0.0679738, 9;
0.0518102, 9;
0.0537616, 9;
0.0329405, 9;
0.0178804, 9;
0.0209069, 9;
0.018316, 9;
0.016468, 9;
0.0105163, 9;
0.018003, 9;
0.0113938, 9;
0.0194139, 9;
0.0121438, 9;
0.0208391, 9;
0.0082698, 9;
0.0153262, 9;
0.0152779, 9;
0.0169023, 9;
0.0142321, 9;
0.0152377, 9;
0.0152256, 9;
0.0167631, 9;
0.0212369, 9;
0.0163389, 9;
0.0138821, 9;
0.0111437, 9;
0.0215743, 9;
0.0136884, 9;
0.012317, 9;
0.0128136, 9;
0.0141583, 9;
0.0161452, 9;
0.0148833, 9;
0.0149899, 9;
0.0153188, 9;
0.0153778, 9;
0.0155173, 9;
0.0143792, 9;
0.0150432, 9;
0.0149592, 9;
0.0151374, 9;
0.0148566, 9;
0.0149657, 9;
0.0154045, 9;
0.0147004, 9;
0.0168523, 9;
0.014154, 9;
0.0162172, 9;
0.0156699, 9;
0.0162905, 9;
0.0137144, 9;
0.0160282, 9;
0.0148899, 9;
0.0150179, 9;
0.0160032, 9;
0.0160474, 9;
0.0160051, 9;
0.0159814, 9;
0.0160269, 9;
0.0159845, 9;
0.0159668, 9;
0.0159286, 9;
0.0160127, 9;
0.015013, 9;
0.0149291, 9;
0.0162438, 9;
0.0159419, 9;
0.0165963, 9;
0.0151644, 9;
0.0160456, 9;
0.0160538, 9;
0.0169899, 9;
0.0160933, 9;
0.0137963, 9;
0.018453, 9;
0.0243939, 9;
0.0194949, 9;
0.0161627, 9;
0.0143591, 9;
0.0241199, 9;
0.0099145, 9;
0.011391, 9;
0.015933, 9;
0.0148471, 9;
0.0207506, 9;
0.0113483, 9;
0.0143434, 9;
0.0174995, 9;
0.0203054, 9;
0.0085181, 9;
0.0197343, 9;
0.0164009, 9;
0.0200281, 9;
0.0151439, 9;
0.0207034, 9;
0.0387913, 9;
0.0311025, 9;
0.0470632, 9;
0.0465555, 9;
0.0153573, 9;
0.042202, 9;
0.0399641, 9;
0.0461734, 9;
0.0120389, 9;
0.0315567, 9;
0.076777, 9;
0.0495521, 9;
0.0315725, 9;
0.0261689, 9;
0.0277007, 9;
0.0385059, 9;
0.0327597, 9;
0.0365097, 9;
0.0350175, 9;
0.0207392, 9;
0.0080889, 9;
0.0179433, 9;
0.0113256, 9;
0.0200637, 9;
0.0109303, 9;
0.0211031, 9;
0.0101405, 9;
0.0208291, 9;
0.0112154, 9;
0.0194688, 9;
0.0103208, 9;
0.0155907, 9;
0.014403, 9;
0.0155867, 9;
0.0152418, 9;
0.0155464, 9;
0.0152195, 9;
0.0162231, 9;
0.0157594, 9;
0.0155538, 9;
0.0147729, 9;
0.0156865, 9;
0.0174418, 9;
0.0178165, 9;
0.0121348, 9;
0.0147079, 9;
0.0150484, 9;
0.0149852, 9;
0.0149347, 9;
0.0151589, 9;
0.0166504, 9;
0.0141242, 9;
0.0158748, 9;
0.0140617, 9;
0.0168076, 9;
0.015217, 9;
0.0162844, 9;
0.0137275, 9;
0.0168678, 9;
0.016831, 9;
0.0122128, 9;
0.0164636, 9;
0.0145117, 9;
0.0152325, 9;
0.014781, 9;
0.0163981, 9;
0.0158873, 9;
0.0142599, 9;
0.0160128, 9;
0.0151554, 9;
0.0152597, 9;
0.0160907, 9;
0.0158479, 9;
0.0158483, 9;
0.0156544, 9;
0.0144954, 9;
0.0168226, 9;
0.0152173, 9;
0.0148615, 9;
0.0149832, 9;
0.015058, 9;
0.016103, 9;
0.0148561, 9;
0.0150425, 9;
0.0159173, 9;
0.0150964, 9;
0.0148052, 9;
0.0149862, 9;
0.0157494, 9;
0.0146966, 9;
0.0154883, 9;
0.015946, 9;
0.0149165, 9;
0.01608, 9;
0.015358, 9;
0.0148116, 9;
0.0147127, 9;
0.0156354, 9;
0.0154648, 9;
0.0147956, 9;
0.014975, 9;
0.0161004, 9;
0.0155447, 9;
0.0151269, 9;
0.0154555, 9;
0.015575, 9;
0.0159804, 9;
0.0149592, 9;
0.0149447, 9;
0.0151113, 9;
0.0155317, 9;
0.0161059, 9;
0.015185, 9;
0.0159377, 9;
0.0158807, 9;
0.0150079, 9;
0.0150939, 9;
0.0152121, 9;
0.0159242, 9;
0.0154843, 9;
0.0149425, 9;
0.0156087, 9;
0.0153878, 9;
0.0150095, 9;
0.0162813, 9;
0.0149283, 9;
0.0149723, 9;
0.0159386, 9;
0.0151848, 9;
0.0144328, 9;
0.0159898, 9;
0.0150045, 9;
0.0148765, 9;
0.0150098, 9;
0.0149865, 9;
0.0159431, 9;
0.0149745, 9;
0.0149561, 9;
0.0150722, 9;
0.014959, 9;
0.015009, 9;
0.0153922, 9;
0.0159816, 9;
0.015815, 9;
0.0162055, 9;
0.0153318, 9;
0.0151646, 9;
0.01467, 9;
0.015067, 9;
0.0168018, 9;
0.0141719, 9;
0.0147119, 9;
0.0161484, 9;
0.0149289, 9;
0.0149507, 9;
0.0160637, 9;
0.014886, 9;
0.0150104, 9;
0.0149917, 9;
0.0149468, 9;
0.0160065, 9;
0.0159292, 9;
0.0159094, 9;
0.0161382, 9;
0.0158692, 9;
0.0160215, 9;
0.0148794, 9;
0.0147734, 9;
0.0166777, 9;
0.0149776, 9;
0.0153503, 9;
0.0160149, 9;
0.0159807, 9;
0.0149548, 9;
0.0160857, 9;
0.0148173, 9;
0.014979, 9;
0.0149636, 9;
0.0150033, 9;
0.0155964, 9;
0.0158183, 9;
0.015521, 9;
0.0154638, 9;
0.0154036, 9;
0.0159282, 9;
0.0157463, 9;
0.0156945, 9;
0.0159584, 9;
0.015996, 9;
0.0161391, 9;
0.0152406, 9;
0.0148971, 9;
0.0147171, 9;
0.0151971, 9;
0.0151939, 9;
0.0158993, 9;
0.0155668, 9;
0.0152959, 9;
0.0149996, 9;
0.014889, 9;
0.0156444, 9;
0.0157021, 9;
0.0157461, 9;
0.0159895, 9;
0.0158003, 9;
0.0152565, 9;
0.0159403, 9;
0.0152554, 9;
0.0157598, 9;
0.0147307, 9;
0.0150379, 9;
0.0158162, 9;
0.0150237, 9;
0.0150573, 9;
0.0159077, 9;
0.0148003, 9;
0.0152393, 9;
0.0153338, 9;
0.015362, 9;
0.0144769, 9;
0.0166819, 9;
0.0152114, 9;
0.0153437, 9;
0.0160004, 9;
0.0160332, 9;
0.0159147, 9;
0.015911, 9;
0.015992, 9;
0.0151368, 9;
0.01598, 9;
0.0148473, 9;
0.0170058, 9;
0.0150052, 9;
0.0147913, 9;
0.0158812, 9;
0.0155149, 9;
0.0174823, 9;
0.0128884, 9;
0.0162252, 9;
0.0155523, 9;
0.0160375, 9;
0.0159623, 9;
0.0151915, 9;
0.0150178, 9;
0.0156719, 9;
0.0148815, 9;
0.0153868, 9;
0.0152479, 9;
0.0162176, 9;
0.0152619, 9;
0.0148767, 9;
0.0157679, 9;
0.0167237, 9;
0.0145427, 9;
0.0162046, 9;
0.0156898, 9;
0.0161064, 9;
0.0157201, 9;
0.0161119, 9;
0.0157997, 9;
0.0147322, 9;
0.0157277, 9;
0.0159448, 9;
0.0155894, 9;
0.0165019, 9;
0.0137344, 9;
0.0155819, 9;
0.0151697, 9;
0.0150715, 9;
0.0154914, 9;
0.0146379, 9;
0.0149319, 9;
0.0162674, 9;
0.0151459, 9;
0.016089, 9;
0.0149852, 9;
0.0171773, 9;
0.0145239, 9;
0.0152343, 9;
0.015824, 9;
0.0149211, 9;
0.0148978, 9;
0.0164934, 9;
0.0144712, 9;
0.0159831, 9;
0.0159999, 9;
0.0158889, 9;
0.0160408, 9;
0.0161829, 9;
0.0152988, 9;
0.0209982, 9;
0.010317, 9;
0.0160486, 9;
0.015029, 9;
0.0147825, 9;
0.0159866, 9;
0.0156812, 9;
0.0151788, 9;
0.0165305, 9;
0.0147859, 9;
0.0146427, 9;
0.0159854, 9;
0.0151208, 9;
0.0165946, 9;
0.0163748, 9;
0.0163853, 9;
0.0145498, 9;
0.0162174, 9;
0.0156956, 9;
0.0160607, 9;
0.0150244, 9;
0.0156975, 9;
0.0154074, 9;
0.0158838, 9;
0.0150636, 9;
0.0144088, 9;
0.01564, 9;
0.0208297, 9;
0.0097363, 9;
0.0160103, 9;
0.0156785, 9;
0.0150754, 9;
0.0146739, 9;
0.0149881, 9;
0.0149608, 9;
0.0175264, 9;
0.0137564, 9;
0.0159089, 9;
0.0158109, 9;
0.0180493, 9;
0.0132564, 9;
0.0160319, 9;
0.0155162, 9;
0.0152666, 9;
0.0155539, 9;
0.0149745, 9;
0.0149429, 9;
0.0157476, 9;
0.0164534, 9;
0.0157805, 9;
0.0148109, 9;
0.0152056, 9;
0.0159034, 9;
0.0159035, 9;
0.01469, 9;
0.0164999, 9;
0.0173421, 9;
0.0130431, 9;
0.0148427, 9;
0.0150572, 9;
0.015216, 9;
0.0151188, 9;
0.0158651, 9;
0.015175, 9;
0.0153708, 9;
0.0161262, 9;
0.0154206, 9;
0.0151949, 9;
0.0158733, 9;
0.0137996, 9;
0.0157694, 9;
0.015955, 9;
0.0159889, 9;
0.016006, 9;
0.0157803, 9;
0.0160073, 9;
0.015418, 9;
0.0161231, 9;
0.015319, 9;
0.0172023, 9;
0.0148502, 9;
0.0147825, 9;
0.0150944, 9;
0.0162212, 9;
0.0147281, 9;
0.0149008, 9;
0.0160614, 9;
0.0158591, 9;
0.0162105, 9;
0.0158504, 9;
0.0149482, 9;
0.0147137, 9;
0.0156175, 9;
0.0169331, 9;
0.0136307, 9;
0.020061, 9;
0.0117305, 9;
0.0158796, 9;
0.0155212, 9;
0.015549, 9;
0.0149151, 9;
0.0151769, 9;
0.0159136, 9;
0.0148987, 9;
0.0148216, 9;
0.016087, 9;
0.0150141, 9;
0.0162743, 9;
0.014391, 9;
0.015251, 9;
0.0158416, 9;
0.0150729, 9;
0.014938, 9;
0.0160627, 9;
0.0159532, 9;
0.0151017, 9;
0.0156795, 9;
0.0148524, 9;
0.0150079, 9;
0.0161802, 9;
0.0148916, 9;
0.0153536, 9;
0.0155729, 9;
0.0169384, 9;
0.0146664, 9;
0.0161739, 9;
0.0159323, 9;
0.0159315, 9;
0.0147816, 9;
0.0152187, 9;
0.0161914, 9;
0.0147898, 9;
0.0154864, 9;
0.0160041, 9;
0.0161275, 9;
0.015142, 9;
0.014923, 9;
0.0160186, 9;
0.0159774, 9;
0.0149323, 9;
0.0149423, 9;
0.0148545, 9;
0.0152599, 9;
0.0158547, 9;
0.0149534, 9;
0.0156025, 9;
0.0156799, 9;
0.015654, 9;
0.0155868, 9;
0.0200102, 9;
0.0098037, 9;
0.016851, 9;
0.014071, 9;
0.0149295, 9;
0.0150967, 9;
0.0152124, 9;
0.0159829, 9;
0.0161054, 9;
0.0159631, 9;
0.0160356, 9;
0.0159522, 9;
0.0159, 9;
0.0157905, 9;
0.0165385, 9;
0.0146549, 9;
0.0148608, 9;
0.0158856, 9;
0.0161319, 9;
0.0158226, 9;
0.0159409, 9;
0.0160144, 9;
0.0161007, 9;
0.0161455, 9;
0.0156976, 9;
0.0157231, 9;
0.0153489, 9;
0.0181205, 9;
0.0136033, 9;
0.0150302, 9;
0.0161954, 9;
0.0157924, 9;
0.016035, 9;
0.0148201, 9;
0.0149819, 9;
0.0154417, 9;
0.0154308, 9;
0.0149678, 9;
0.0152263, 9;
0.0158751, 9;
0.0161543, 9;
0.0156853, 9;
0.0151235, 9;
0.0147311, 9;
0.0149385, 9;
0.016113, 9;
0.0150046, 9;
0.0151795, 9;
0.0155426, 9;
0.0152369, 9;
0.0158844, 9;
0.0149472, 9;
0.0153399, 9;
0.0154883, 9;
0.0166322, 9;
0.0152496, 9;
0.014996, 9;
0.0149283, 9;
0.0149748, 9;
0.0149154, 9;
0.0150062, 9;
0.0159704, 9;
0.0154074, 9;
0.0155749, 9;
0.0155776, 9;
0.0154584, 9;
0.0150719, 9;
0.0174705, 9;
0.0135171, 9;
0.0166128, 9;
0.0150152, 9;
0.014744, 9;
0.0150769, 9;
0.0160393, 9;
0.0156562, 9;
0.0151725, 9;
0.0150558, 9;
0.01581, 9;
0.0153302, 9;
0.0168079, 9;
0.014855, 9;
0.0159897, 9;
0.0170208, 9;
0.0139052, 9;
0.0151344, 9;
0.0148224, 9;
0.0149323, 9;
0.0149146, 9;
0.0150962, 9;
0.0148587, 9;
0.0156065, 9;
0.0156766, 9;
0.0153118, 9;
0.0149344, 9;
0.0150908, 9;
0.0158609, 9;
0.015369, 9;
0.0158739, 9;
0.0159806, 9;
0.0160478, 9;
0.0159166, 9;
0.0150835, 9;
0.0162849, 9;
0.0158803, 9;
0.0155627, 9;
0.0161288, 9;
0.0148614, 9;
0.0149484, 9;
0.0165726, 9;
0.0143849, 9;
0.0150321, 9;
0.0148578, 9;
0.0159033, 9;
0.0162462, 9;
0.0158812, 9;
0.0160281, 9;
0.0153942, 9;
0.0154115, 9;
0.0150663, 9;
0.0150278, 9;
0.0158125, 9;
0.0149367, 9;
0.0161845, 9;
0.015725, 9;
0.0159265, 9;
0.0159966, 9;
0.0149669, 9;
0.0159451, 9;
0.0150101, 9;
0.0155897, 9;
0.0150337, 9;
0.0158781, 9;
0.0158822, 9;
0.0154726, 9;
0.0159692, 9;
0.018042, 9;
