0.0275549, 6;
0.0280278, 6;
0.0255311, 6;
0.025533, 6;
0.0255362, 6;
0.0255298, 6;
0.0255413, 6;
0.0265443, 6;
0.0255349, 6;
0.0255401, 6;
0.0255343, 6;
0.0255196, 6;
0.0255407, 6;
0.0255733, 6;
0.0254972, 6;
0.0255388, 6;
0.0255407, 6;
0.0255541, 6;
0.0255298, 6;
0.0255471, 6;
0.0255125, 6;
0.025542, 6;
0.0255388, 6;
0.0255465, 6;
0.0255471, 6;
0.0255356, 6;
0.025542, 6;
0.0255433, 6;
0.0255356, 6;
0.0255375, 6;
0.0255285, 6;
0.0255388, 6;
0.0255394, 6;
0.0255362, 6;
0.0255465, 6;
0.0255433, 6;
0.0255375, 6;
0.0255407, 6;
0.0255426, 6;
0.0260418, 6;
0.0255509, 6;
0.0255349, 6;
0.0255433, 6;
0.0259196, 6;
0.0256405, 6;
0.0255413, 6;
0.0255369, 6;
0.0255465, 6;
0.0255426, 6;
0.0255356, 6;
0.025549, 6;
0.0255311, 6;
0.0255433, 6;
0.0255452, 6;
0.0255388, 6;
0.0255823, 6;
0.0254953, 6;
0.0255881, 6;
0.0254972, 6;
0.0255375, 6;
0.0255388, 6;
0.0255452, 6;
0.0255413, 6;
0.0255394, 6;
0.0255042, 6;
0.025542, 6;
0.0255407, 6;
0.0255529, 6;
0.0255234, 6;
0.0255445, 6;
0.0255394, 6;
0.0255669, 6;
0.0255183, 6;
0.0255356, 6;
0.0255452, 6;
0.0255426, 6;
0.0255375, 6;
0.0255477, 6;
0.0260284, 6;
0.0255541, 6;
0.025533, 6;
0.0255484, 6;
0.0255375, 6;
0.025533, 6;
0.0255433, 6;
0.0255394, 6;
0.0255388, 6;
0.0255714, 6;
0.0265116, 6;
0.0255829, 6;
0.0254972, 6;
0.0255689, 6;
0.0255125, 6;
0.0255394, 6;
0.0255381, 6;
0.0255266, 6;
0.0255471, 6;
0.0255343, 6;
0.0255394, 6;
0.0257532, 6;
0.026838, 6;
0.025542, 6;
0.0255317, 6;
0.0255426, 6;
0.0255465, 6;
0.025526, 6;
0.0255541, 6;
0.0255388, 6;
0.0275472, 6;
0.0293732, 6;
0.0262428, 6;
0.0291875, 6;
0.0366323, 6;
0.025958, 6;
0.0258498, 6;
0.0257302, 6;
0.0264431, 6;
0.0263644, 6;
0.035463, 6;
0.0293552, 6;
0.0304484, 6;
0.0280067, 6;
0.0334757, 6;
0.025533, 6;
0.0267721, 6;
0.0372518, 6;
0.0256284, 6;
0.0255221, 6;
0.025869, 6;
0.0257148, 6;
0.0255407, 6;
0.0255407, 6;
0.025542, 6;
0.0255413, 6;
0.0262057, 6;
0.0258735, 6;
0.0266819, 6;
0.0254012, 6;
0.0255426, 6;
0.0255554, 6;
0.0255221, 6;
0.0255733, 6;
0.0259599, 6;
0.0255791, 6;
0.0260182, 6;
0.0255241, 6;
0.0255394, 6;
0.0255407, 6;
0.0255381, 6;
0.0255394, 6;
0.0255497, 6;
0.025533, 6;
0.0260463, 6;
0.0255541, 6;
0.0255241, 6;
0.0255381, 6;
0.0255401, 6;
0.0255433, 6;
0.0255401, 6;
0.0255362, 6;
0.0255401, 6;
0.025663, 6;
0.0261468, 6;
0.0265212, 6;
0.0258409, 6;
0.0255401, 6;
0.0255394, 6;
0.0255433, 6;
0.0255439, 6;
0.0255369, 6;
0.0255407, 6;
0.0255401, 6;
0.0255413, 6;
0.0260502, 6;
0.0255292, 6;
0.0255362, 6;
0.0255426, 6;
0.0255919, 6;
0.0254946, 6;
0.0255426, 6;
0.0255369, 6;
0.0255957, 6;
0.0254959, 6;
0.0255324, 6;
0.0255407, 6;
0.0255413, 6;
0.0255465, 6;
0.0255311, 6;
0.0255509, 6;
0.0255407, 6;
0.0255273, 6;
0.0255381, 6;
0.0280534, 6;
0.0255516, 6;
0.0255394, 6;
0.0255266, 6;
0.0255407, 6;
0.0255484, 6;
0.0256623, 6;
0.0254178, 6;
0.0255593, 6;
0.0255631, 6;
0.0254914, 6;
0.025542, 6;
0.0255394, 6;
0.0255407, 6;
0.0255401, 6;
0.025542, 6;
0.0255407, 6;
0.0255407, 6;
0.0255401, 6;
0.0255529, 6;
0.0254946, 6;
0.0255234, 6;
0.0255394, 6;
0.0255388, 6;
0.0255413, 6;
0.0255554, 6;
0.0256015, 6;
0.0254697, 6;
0.0255381, 6;
0.0255445, 6;
0.0255439, 6;
0.0255375, 6;
0.0255394, 6;
0.0255445, 6;
0.0255343, 6;
0.0255503, 6;
0.0255337, 6;
0.0255439, 6;
0.0255337, 6;
0.0255471, 6;
0.0255605, 6;
0.0255215, 6;
0.0256463, 6;
0.0254345, 6;
0.025533, 6;
0.0255413, 6;
0.0255426, 6;
0.0255477, 6;
0.0255362, 6;
0.0256156, 6;
0.0254677, 6;
0.0255401, 6;
0.0255388, 6;
0.0255433, 6;
0.0255369, 6;
0.0255413, 6;
0.0255413, 6;
0.0255394, 6;
0.0255433, 6;
0.0255407, 6;
0.0255522, 6;
0.0255311, 6;
0.0255433, 6;
0.0255349, 6;
0.0255394, 6;
0.0255401, 6;
0.0255426, 6;
0.0255394, 6;
0.0255465, 6;
0.0255381, 6;
0.0255388, 6;
0.0255388, 6;
0.0255477, 6;
0.0255337, 6;
0.0255445, 6;
0.0255433, 6;
0.0255471, 6;
0.0255273, 6;
0.0255458, 6;
0.0255554, 6;
0.025517, 6;
0.0255644, 6;
0.0255452, 6;
0.0255145, 6;
0.0255413, 6;
0.0255407, 6;
0.0255439, 6;
0.0255356, 6;
0.0255445, 6;
0.0255445, 6;
0.0255324, 6;
0.0255445, 6;
0.0255369, 6;
0.0255362, 6;
0.0255433, 6;
0.0255445, 6;
0.0255433, 6;
0.0255362, 6;
0.0255471, 6;
0.0255324, 6;
0.0255753, 6;
0.0255074, 6;
0.0255388, 6;
0.0255509, 6;
0.0255337, 6;
0.0255375, 6;
0.0255433, 6;
0.025558, 6;
0.0255349, 1;
0.0315479, 1;
0.0265443, 1;
0.0265295, 1;
0.0260444, 1;
0.0255394, 1;
0.0275414, 1;
0.0260534, 1;
0.025533, 1;
0.0265417, 1;
0.0276797, 1;
0.0269033, 1;
0.0255458, 1;
0.0265379, 1;
0.0260502, 1;
0.0255324, 1;
0.0270409, 1;
0.0260316, 1;
0.0255407, 1;
0.026959, 1;
0.0286301, 1;
0.0262102, 1;
0.0253628, 1;
0.0260777, 1;
0.0310225, 1;
0.0260406, 1;
0.0255413, 1;
0.0265443, 1;
0.0260476, 1;
0.0255426, 1;
0.0270371, 1;
0.0260393, 1;
0.0255445, 1;
0.0260444, 1;
0.0255452, 1;
0.027048, 1;
0.026029, 1;
0.0255471, 1;
0.0274006, 1;
0.0281789, 1;
0.0260476, 1;
0.0255369, 1;
0.0265411, 1;
0.0270448, 1;
0.0260438, 1;
0.0255772, 1;
0.0265027, 1;
0.0265519, 1;
0.0255292, 1;
0.0270422, 1;
0.0260438, 1;
0.0255381, 1;
0.0260943, 1;
0.0259881, 1;
0.0270518, 1;
0.0260386, 1;
0.0255369, 1;
0.0276809, 1;
0.0258972, 1;
0.0255471, 1;
0.0260374, 1;
0.025542, 1;
0.0270454, 1;
0.0260342, 1;
0.0255484, 1;
0.0265417, 1;
0.0260431, 1;
0.0256188, 1;
0.0279645, 1;
0.0260438, 1;
0.0255426, 1;
0.0265622, 1;
0.0270179, 1;
0.0260412, 1;
0.0255394, 1;
0.0265507, 1;
0.0255337, 1;
0.0275581, 1;
0.0260226, 1;
0.0255458, 1;
0.0265398, 1;
0.0270454, 1;
0.0260438, 1;
0.0255369, 1;
0.0265417, 1;
0.0260559, 1;
0.0255433, 1;
0.0280298, 1;
0.0260342, 1;
0.0255452, 1;
0.0266332, 1;
0.0269532, 1;
0.0260399, 1;
0.0255413, 1;
0.0265359, 1;
0.0255458, 1;
0.0270435, 1;
0.0260566, 1;
0.0255253, 1;
0.0265526, 1;
0.0290391, 1;
0.0260572, 1;
0.0255241, 1;
0.0265411, 1;
0.0255465, 1;
0.0275472, 1;
0.026031, 1;
0.0260431, 1;
0.0255394, 1;
0.027046, 1;
0.0260374, 1;
0.0255413, 1;
0.0265443, 1;
0.0255369, 1;
0.0295645, 2;
0.0290499, 2;
0.0290275, 2;
0.0290448, 2;
0.0290493, 2;
0.0295453, 2;
0.0295447, 2;
0.0290455, 2;
0.0290487, 2;
0.0297194, 2;
0.0293706, 2;
0.0290493, 2;
0.0290391, 2;
0.0290519, 2;
0.0290461, 2;
0.0290416, 2;
0.0290519, 2;
0.0290455, 2;
0.0290544, 2;
0.0295658, 2;
0.0295191, 2;
0.0295485, 2;
0.0290429, 2;
0.0290519, 2;
0.0295421, 2;
0.0290659, 2;
0.0290301, 2;
0.0291095, 2;
0.0294756, 2;
0.029048, 2;
0.0290467, 2;
0.0290435, 2;
0.0290512, 2;
0.0290461, 2;
0.0290442, 2;
0.029217, 2;
0.0288727, 2;
0.0290493, 2;
0.0290467, 2;
0.0290442, 2;
0.0290455, 2;
0.0290448, 2;
0.0290589, 2;
0.0290442, 2;
0.0290371, 2;
0.0290493, 2;
0.0290474, 2;
0.0290416, 2;
0.029064, 2;
0.0290288, 2;
0.0290563, 2;
0.029041, 2;
0.0290563, 2;
0.0295261, 2;
0.0290512, 2;
0.0290455, 2;
0.029048, 2;
0.0290474, 2;
0.0290429, 2;
0.0290461, 2;
0.0290608, 2;
0.0289923, 2;
0.0290442, 2;
0.0290448, 2;
0.029048, 2;
0.0290435, 2;
0.0290467, 2;
0.0290461, 2;
0.029048, 2;
0.0295485, 2;
0.0295492, 2;
0.0290384, 2;
0.0290467, 2;
0.0290717, 2;
0.0290211, 2;
0.0290455, 2;
0.029048, 2;
0.0290659, 2;
0.0295396, 2;
0.0295248, 2;
0.0295428, 2;
0.0290512, 2;
0.0295421, 2;
0.0290416, 2;
0.0290455, 2;
0.0290448, 2;
0.0290595, 2;
0.0295351, 2;
0.0290455, 2;
0.0290461, 2;
0.0290455, 2;
0.0290474, 2;
0.0290474, 2;
0.0290397, 2;
0.0290544, 2;
0.0290595, 2;
0.0290307, 2;
0.0295888, 2;
0.0294967, 2;
0.0295511, 2;
0.0290461, 2;
0.0290455, 2;
0.0290461, 2;
0.0295472, 2;
0.0290531, 2;
0.0290397, 2;
0.029057, 2;
0.0290378, 2;
0.029048, 2;
0.0290461, 2;
0.0290467, 2;
0.0295498, 2;
0.0290538, 2;
0.0295344, 2;
0.0290544, 2;
0.0290416, 2;
0.029546, 2;
0.0290429, 2;
0.0290455, 2;
0.0290455, 2;
0.0290819, 2;
0.0290147, 2;
0.0290551, 2;
0.0295434, 2;
0.0290397, 2;
0.0290423, 2;
0.0291037, 2;
0.0295172, 2;
0.0290237, 2;
0.0300471, 2;
0.0295421, 2;
0.0290487, 2;
0.0290403, 2;
0.029048, 2;
0.029048, 2;
0.0290455, 2;
0.0290429, 2;
0.0290455, 2;
0.0290506, 2;
0.0290435, 2;
0.0290455, 2;
0.0290557, 2;
0.0290519, 2;
0.029032, 2;
0.0290461, 2;
0.0290461, 2;
0.0295498, 2;
0.0295434, 2;
0.0295479, 2;
0.0290474, 2;
0.0290448, 2;
0.0295664, 3;
0.0295293, 3;
0.0295485, 3;
0.0295492, 3;
0.0301866, 3;
0.0299057, 3;
0.0295453, 3;
0.0295568, 3;
0.0295351, 3;
0.0295472, 3;
0.0295754, 3;
0.0295236, 3;
0.0295492, 3;
0.0295376, 3;
0.0295504, 3;
0.0295472, 3;
0.0295498, 3;
0.029544, 3;
0.0295402, 3;
0.02956, 3;
0.0295562, 3;
0.0295396, 3;
0.0295677, 3;
0.0290186, 3;
0.0295479, 3;
0.0290557, 3;
0.0295376, 3;
0.0295466, 3;
0.0295472, 3;
0.0290525, 3;
0.0295402, 3;
0.0300471, 3;
0.0295466, 3;
0.0295575, 3;
0.0295357, 3;
0.0295472, 3;
0.0295498, 3;
0.0295607, 3;
0.029032, 3;
0.0295472, 3;
0.0295434, 3;
0.0295466, 3;
0.0295472, 3;
0.0295421, 3;
0.0295511, 3;
0.0295965, 3;
0.029514, 3;
0.0290282, 3;
0.0295479, 3;
0.0295479, 3;
0.0295447, 3;
0.0296016, 3;
0.029498, 3;
0.030042, 3;
0.0295492, 3;
0.0295453, 3;
0.0295485, 3;
0.029544, 3;
0.0295549, 3;
0.0295415, 3;
0.0295613, 3;
0.0295312, 3;
0.0295556, 3;
0.0291447, 3;
0.0299428, 3;
0.0295479, 3;
0.0295428, 3;
0.0295479, 3;
0.0295728, 3;
0.0295223, 3;
0.0295517, 3;
0.0295447, 3;
0.0290429, 3;
0.0295472, 3;
0.0295434, 3;
0.0295492, 3;
0.0295485, 3;
0.0295498, 3;
0.0295485, 3;
0.0295447, 3;
0.0291306, 3;
0.0289642, 3;
0.0295421, 3;
0.0295524, 3;
0.0295434, 3;
0.0306602, 3;
0.0299575, 3;
0.0295287, 3;
0.0295626, 3;
0.0290243, 3;
0.0295421, 3;
0.0290506, 3;
0.029544, 3;
0.0295632, 3;
0.0295332, 3;
0.0295626, 3;
0.0295415, 4;
0.0290531, 4;
0.0295274, 4;
0.0295588, 4;
0.0295498, 4;
0.0297232, 4;
0.0297079, 4;
0.0302673, 4;
0.0294839, 4;
0.0295428, 4;
0.0290506, 4;
0.0295383, 4;
0.0295479, 4;
0.0295485, 4;
0.0290429, 4;
0.029546, 4;
0.0295447, 4;
0.0295421, 4;
0.0295709, 4;
0.0295287, 4;
0.0295556, 4;
0.0295396, 4;
0.029546, 4;
0.0295492, 4;
0.0295485, 4;
0.0295447, 4;
0.0295575, 4;
0.0295453, 4;
0.0295786, 4;
0.0295056, 4;
0.029544, 4;
0.029064, 4;
0.0295306, 4;
0.0295511, 4;
0.0295415, 4;
0.0295709, 4;
0.0300413, 4;
0.0290263, 4;
0.0295466, 4;
0.0295485, 4;
0.0295466, 4;
0.029546, 4;
0.0295479, 4;
0.029048, 4;
0.0295575, 4;
0.0295357, 4;
0.0295466, 4;
0.029546, 4;
0.0290455, 4;
0.02956, 4;
0.030049, 4;
0.0294538, 4;
0.0290448, 4;
0.0295498, 4;
0.029544, 4;
0.0295453, 4;
0.0290448, 4;
0.0295492, 4;
0.029546, 4;
0.0295504, 4;
0.0295479, 4;
0.0295466, 4;
0.029546, 4;
0.0295511, 4;
0.029546, 4;
0.0290416, 4;
0.0295498, 4;
0.0295485, 4;
0.0295517, 4;
0.0290435, 4;
0.0295498, 4;
0.0295524, 4;
0.0295319, 4;
0.0295498, 4;
0.0295492, 4;
0.0295421, 4;
0.0295485, 4;
0.0295428, 4;
0.0295908, 4;
0.0295063, 4;
0.0295568, 4;
0.0295421, 4;
0.0295472, 4;
0.0297207, 4;
0.029368, 4;
0.0295524, 4;
0.0290435, 4;
0.0295428, 4;
0.0295479, 4;
0.029546, 4;
0.0290615, 4;
0.0295306, 4;
0.0295485, 4;
0.0295485, 4;
0.0295472, 4;
0.0295498, 4;
0.0295421, 4;
0.0295568, 4;
0.029537, 4;
0.0295472, 4;
0.0295728, 4;
0.0295197, 4;
0.0300644, 2;
0.0290602, 2;
0.0290179, 2;
0.0295498, 2;
0.0295421, 2;
0.0290467, 2;
0.0295434, 2;
0.0295517, 2;
0.0295882, 2;
0.0295844, 2;
0.0295466, 2;
0.0289674, 2;
0.0295888, 2;
0.0295056, 2;
0.0295428, 2;
0.0295504, 2;
0.029544, 2;
0.02956, 2;
0.0290474, 2;
0.0295421, 2;
0.0295428, 2;
0.0295402, 2;
0.0295492, 2;
0.0295453, 2;
0.0295517, 2;
0.0295479, 2;
0.0290512, 2;
0.0296298, 2;
0.0294583, 2;
0.0295453, 2;
0.0295428, 2;
0.0295479, 2;
0.029546, 2;
0.029553, 2;
0.0295428, 2;
0.0295556, 2;
0.0295376, 2;
0.0290551, 3;
0.0290467, 3;
0.029553, 3;
0.0290352, 3;
0.029553, 3;
0.0295415, 3;
0.0295434, 3;
0.0290512, 3;
0.0290512, 3;
0.0295389, 3;
0.0290435, 3;
0.029546, 3;
0.0290455, 3;
0.029546, 3;
0.0295556, 3;
0.029048, 3;
0.0290371, 3;
0.0295485, 3;
0.0295479, 3;
0.0295466, 3;
0.0290461, 3;
0.0295524, 3;
0.0290346, 3;
0.0295485, 3;
0.0295588, 3;
0.0290339, 3;
0.0290499, 3;
0.0295421, 3;
0.0295543, 3;
0.0290442, 3;
0.0295485, 3;
0.0295428, 3;
0.0295556, 3;
0.0290384, 3;
0.0295549, 3;
0.0290487, 3;
0.0295376, 3;
0.0295447, 3;
0.0295498, 3;
0.0295421, 3;
0.0295549, 3;
0.0295524, 3;
0.0295351, 3;
0.0295479, 3;
0.0295466, 3;
0.0295447, 3;
0.0290487, 3;
0.0295453, 3;
0.0295466, 3;
0.0295485, 3;
0.0295632, 3;
0.0295351, 3;
0.0290403, 3;
0.0290474, 3;
0.0295524, 3;
0.0295556, 3;
0.0295364, 3;
0.0295428, 3;
0.0295645, 3;
0.0290288, 3;
0.0295466, 3;
0.0295466, 3;
0.0295524, 3;
0.0290435, 3;
0.029553, 3;
0.0290391, 3;
0.0290608, 3;
0.0295344, 3;
0.0295728, 3;
0.0295159, 3;
0.0295485, 3;
0.0295447, 3;
0.0295479, 3;
0.0295472, 3;
0.029048, 3;
0.0295504, 3;
0.0290378, 3;
0.0285552, 3;
0.0290378, 3;
0.0295447, 3;
0.0295575, 3;
0.0295383, 3;
0.0285501, 3;
0.0290461, 3;
0.0290442, 3;
0.0295472, 3;
0.0295568, 3;
0.0290307, 3;
0.0285514, 3;
0.0290391, 3;
0.0285507, 3;
0.0295485, 3;
0.0290589, 3;
0.0290339, 3;
0.0295504, 3;
0.0295434, 3;
0.0295575, 3;
0.0290493, 4;
0.029057, 4;
0.0295344, 4;
0.0295524, 4;
0.0290909, 4;
0.0290013, 4;
0.0290435, 4;
0.0295626, 4;
0.0295383, 4;
0.0290359, 4;
0.0295524, 4;
0.0295549, 4;
0.0295479, 4;
0.029041, 4;
0.0295428, 4;
0.0295453, 4;
0.029553, 4;
0.0295408, 4;
0.0290442, 4;
0.0290461, 4;
0.0295466, 4;
0.0295773, 4;
0.0295236, 4;
0.0295428, 4;
0.029544, 4;
0.029553, 4;
0.0295434, 4;
0.0295453, 4;
0.0296458, 4;
0.0294551, 4;
0.0295402, 4;
0.0295549, 4;
0.0295479, 4;
0.0295645, 4;
0.029016, 4;
0.0295421, 4;
0.0295549, 4;
0.0295453, 4;
0.0295652, 4;
0.0295325, 4;
0.0295428, 4;
0.0295466, 4;
0.0295575, 4;
0.0295357, 4;
0.0295466, 4;
0.0295543, 4;
0.0295479, 4;
0.0295447, 4;
0.0295581, 4;
0.0295332, 4;
0.0295504, 4;
0.0295421, 4;
0.0300497, 4;
0.0295453, 4;
0.0295562, 4;
0.0295421, 4;
0.0295428, 4;
0.0295447, 4;
0.0295504, 4;
0.0295498, 4;
0.0295466, 4;
0.029546, 4;
0.0296055, 4;
0.0289968, 4;
0.0295402, 4;
0.0295428, 4;
0.029546, 4;
0.0295504, 4;
0.0295453, 4;
0.0295434, 4;
0.0295664, 4;
0.0295364, 4;
0.0295472, 4;
0.0290352, 4;
0.0295543, 4;
0.0295453, 4;
0.0295453, 4;
0.029546, 4;
0.0295479, 4;
0.0295888, 4;
0.0289815, 4;
0.0295607, 4;
0.0290794, 4;
0.0295031, 4;
0.0295479, 4;
0.029546, 4;
0.029544, 4;
0.029546, 4;
0.0295498, 4;
0.0295472, 4;
0.0290474, 4;
0.0295428, 4;
0.0295479, 4;
0.029562, 4;
0.0295383, 4;
0.0295421, 4;
0.0295479, 4;
0.0296189, 4;
0.0289725, 4;
0.0295517, 4;
0.0295479, 4;
0.0295479, 4;
0.0290397, 4;
0.0290525, 4;
0.0295415, 4;
0.0295485, 4;
0.0290461, 4;
0.0295453, 4;
0.0295511, 4;
0.0295428, 4;
0.029553, 4;
0.0290391, 4;
0.0295568, 4;
0.029544, 4;
0.0295581, 4;
0.0295319, 4;
0.0295479, 4;
0.0295479, 4;
0.0295479, 4;
0.0295434, 4;
0.0295466, 4;
0.0295485, 4;
0.0297028, 4;
0.0293904, 4;
0.0295626, 4;
0.0300465, 4;
0.0295543, 4;
0.0295255, 4;
0.0290474, 4;
0.0290423, 4;
0.0290608, 2;
0.0295434, 2;
0.02956, 2;
0.0295274, 2;
0.029546, 2;
0.0295472, 2;
0.0285437, 2;
0.0295492, 2;
0.0295908, 2;
0.0295069, 2;
0.0295613, 2;
0.0295344, 2;
0.0295376, 2;
0.0297309, 2;
0.0288643, 2;
0.0290435, 2;
0.0295485, 2;
0.0300516, 2;
0.0295421, 2;
0.0295466, 2;
0.0295485, 2;
0.029546, 2;
0.0295472, 2;
0.029546, 2;
0.0295498, 2;
0.0295517, 2;
0.02956, 2;
0.0295421, 2;
0.0290301, 2;
0.029546, 2;
0.0295549, 3;
0.0295453, 3;
0.0290429, 3;
0.0290435, 3;
0.0290525, 3;
0.0290563, 3;
0.0290301, 3;
0.0295434, 3;
0.0290519, 3;
0.0290525, 3;
0.0289475, 3;
0.0290429, 3;
0.0290442, 3;
0.0290499, 3;
0.0290704, 3;
0.0290199, 3;
0.0290442, 3;
0.0290499, 3;
0.0290467, 3;
0.0285456, 3;
0.029041, 3;
0.0290455, 3;
0.0290672, 3;
0.0290295, 3;
0.0290493, 3;
0.0290506, 3;
0.0290403, 3;
0.0285501, 3;
0.0290672, 3;
0.0295319, 3;
0.0290378, 3;
0.0290531, 3;
0.0295357, 3;
0.0290493, 3;
0.0290429, 3;
0.0290493, 3;
0.0290448, 3;
0.0290397, 3;
0.0290467, 3;
0.0290615, 3;
0.0295376, 3;
0.0290455, 3;
0.0295434, 3;
0.0290506, 3;
0.0290538, 3;
0.0290371, 3;
0.0290461, 3;
0.0290538, 3;
0.0290371, 3;
0.0290429, 3;
0.0290474, 3;
0.0290455, 3;
0.0290576, 3;
0.0290371, 3;
0.0290768, 3;
0.0290154, 3;
0.0290474, 3;
0.0290711, 3;
0.029032, 3;
0.0290403, 3;
0.0290551, 3;
0.0290339, 3;
0.029041, 3;
0.0290461, 3;
0.0290442, 3;
0.0290512, 3;
0.0290653, 3;
0.0290295, 3;
0.0290487, 3;
0.0290391, 3;
0.0290467, 3;
0.0290448, 3;
0.0290506, 3;
0.0290499, 3;
0.0290448, 3;
0.0290403, 3;
0.0290519, 3;
0.0290423, 3;
0.029041, 3;
0.0290474, 3;
0.0290487, 3;
0.0290487, 3;
0.0290493, 3;
0.0290423, 3;
0.0290455, 3;
0.0295568, 3;
0.0295364, 3;
0.0290448, 3;
0.0290448, 3;
0.0290691, 3;
0.0290378, 3;
0.0290429, 3;
0.0290346, 3;
0.0290499, 3;
0.0295536, 4;
0.0297015, 4;
0.0288855, 4;
0.029041, 4;
0.0290474, 4;
0.0295524, 4;
0.0295607, 4;
0.0290813, 4;
0.0297412, 4;
0.0294704, 4;
0.0299441, 4;
0.02948, 4;
0.0285424, 4;
0.0296202, 4;
0.0290218, 4;
0.0289975, 4;
0.0295479, 4;
0.0291427, 4;
0.0289463, 4;
0.0290467, 4;
0.0285456, 4;
0.029546, 4;
0.0295472, 4;
0.0295543, 4;
0.0290365, 4;
0.0290506, 4;
0.0295466, 4;
0.0295453, 4;
0.0295492, 4;
0.0295447, 4;
0.0300573, 4;
0.0303844, 4;
0.0292093, 4;
0.0290461, 4;
0.0295421, 4;
0.0290423, 4;
0.0290461, 4;
0.0290435, 4;
0.0295466, 4;
0.0295703, 4;
0.0290384, 4;
0.0290327, 4;
0.0290653, 4;
0.0295242, 4;
0.0290499, 4;
0.0290435, 4;
0.0295447, 4;
0.0285565, 4;
0.029057, 4;
0.0290295, 4;
0.0290448, 4;
0.0295517, 4;
0.0295492, 4;
0.029041, 4;
0.0295728, 4;
0.0295197, 4;
0.0295466, 4;
0.0290448, 4;
0.0295472, 4;
0.0295453, 4;
0.0290474, 4;
0.0307486, 4;
0.0288509, 4;
0.0290423, 4;
0.029546, 4;
0.0285475, 4;
0.0290493, 4;
0.0285514, 4;
0.0290493, 4;
0.0295408, 4;
0.0295479, 4;
0.0295434, 4;
0.0285494, 4;
0.0295664, 4;
0.0290263, 4;
0.0290448, 4;
0.0285629, 4;
0.0290301, 4;
0.0285482, 4;
0.0295447, 4;
0.0290589, 4;
0.0290314, 4;
0.0290474, 4;
0.0290525, 4;
0.0290423, 4;
0.0295434, 4;
0.0290442, 4;
0.0290557, 4;
0.0290378, 4;
0.0285456, 4;
0.029546, 4;
0.0295511, 4;
0.0295562, 4;
0.0290346, 4;
0.0295562, 4;
0.0295703, 4;
0.0290141, 4;
0.0290461, 4;
0.0290461, 4;
0.0290615, 4;
0.0290455, 4;
0.0290282, 4;
0.0290467, 4;
0.0290467, 4;
0.0290455, 4;
0.0290467, 4;
0.0290455, 4;
0.0290461, 4;
0.0290531, 4;
0.0290531, 4;
0.0290365, 4;
0.0290583, 4;
0.0290429, 4;
0.029032, 4;
0.0290455, 4;
0.0290448, 4;
0.0290506, 4;
0.0290442, 4;
0.0290467, 4;
0.0290435, 4;
0.02956, 4;
0.0290333, 4;
0.0290487, 4;
0.0295575, 4;
0.0290448, 4;
0.0290378, 4;
0.0290467, 4;
0.0290461, 4;
0.0290416, 4;
0.0285494, 4;
0.0290499, 4;
0.029041, 4;
0.0290442, 4;
0.0290467, 4;
0.0290448, 4;
0.0290448, 4;
0.0290666, 4;
0.0290301, 4;
0.0290416, 4;
0.0290493, 4;
0.0290467, 4;
0.0290512, 4;
0.0296426, 4;
0.0295709, 4;
0.0289175, 4;
0.0295716, 2;
0.0295191, 2;
0.0285424, 2;
0.0295421, 2;
0.0295511, 2;
0.0295472, 2;
0.0295716, 2;
0.0290256, 2;
0.0290378, 2;
0.0290723, 2;
0.0290851, 2;
0.0289872, 2;
0.0290461, 2;
0.0290487, 2;
0.0290487, 2;
0.0290333, 2;
0.0290608, 2;
0.0290333, 2;
0.0290499, 2;
0.0290583, 2;
0.0290275, 2;
0.0290474, 2;
0.029544, 2;
0.0290525, 2;
0.029048, 2;
0.029041, 2;
0.0290659, 2;
0.0290563, 2;
0.0290141, 2;
0.0290954, 2;
0.0289904, 2;
0.0290531, 2;
0.0290487, 2;
0.0290429, 2;
0.029048, 2;
0.0295453, 2;
0.0285482, 2;
0.0290423, 2;
0.029048, 2;
0.0291101, 3;
0.0294864, 3;
0.0290551, 3;
0.0290359, 3;
0.0296157, 3;
0.0294736, 3;
0.0290455, 3;
0.0290461, 3;
0.0290499, 3;
0.0295434, 3;
0.0290621, 3;
0.0290327, 3;
0.0290576, 3;
0.029032, 3;
0.0290474, 3;
0.029544, 3;
0.0290551, 3;
0.0290429, 3;
0.0290647, 3;
0.0295319, 3;
0.0290992, 3;
0.0294884, 3;
0.0295498, 3;
0.0290474, 3;
0.0295466, 3;
0.0290429, 3;
0.0290512, 3;
0.0290416, 3;
0.0290493, 3;
0.0295434, 3;
0.029048, 3;
0.0290442, 3;
0.0290442, 3;
0.0290467, 3;
0.0290608, 3;
0.0290538, 3;
0.0295268, 3;
0.0290487, 3;
0.0295434, 3;
0.0290442, 3;
0.029048, 3;
0.0291031, 3;
0.0294948, 3;
0.0295415, 3;
0.0295472, 3;
0.0290461, 3;
0.0295504, 3;
0.0290583, 3;
0.0290301, 3;
0.0290487, 3;
0.0290467, 3;
0.0290506, 3;
0.029041, 3;
0.0290589, 3;
0.029537, 3;
0.0290435, 3;
0.0290442, 3;
0.0290461, 3;
0.0290442, 3;
0.0290429, 3;
0.0290519, 3;
0.0290499, 3;
0.029041, 3;
0.0295479, 3;
0.0295466, 3;
0.0290627, 3;
0.0295325, 3;
0.0290487, 3;
0.029544, 3;
0.0290455, 3;
0.0290538, 3;
0.0295408, 3;
0.0290435, 3;
0.0290474, 3;
0.0290487, 3;
0.0290467, 3;
0.029546, 3;
0.0290455, 3;
0.0290627, 3;
0.0295268, 3;
0.0290467, 3;
0.0290467, 3;
0.0290775, 3;
0.0290237, 3;
0.0295338, 3;
0.029576, 4;
0.029544, 4;
0.0290352, 4;
0.0290877, 4;
0.029496, 4;
0.0290435, 4;
0.0290474, 4;
0.0290435, 4;
0.0290544, 4;
0.0295114, 4;
0.02908, 4;
0.0290403, 4;
0.0290448, 4;
0.029057, 4;
0.0295396, 4;
0.0290557, 4;
0.0290397, 4;
0.0290423, 4;
0.0290461, 4;
0.0290467, 4;
0.0290653, 4;
0.0295402, 4;
0.0290301, 4;
0.0290474, 4;
0.0290544, 4;
0.0290371, 4;
0.0290429, 4;
0.0290467, 4;
0.0290512, 4;
0.0290461, 4;
0.0290448, 4;
0.0290455, 4;
0.0296784, 4;
0.0294205, 4;
0.0290391, 4;
0.0290416, 4;
0.0290602, 4;
0.0295364, 4;
0.0290519, 4;
0.0290442, 4;
0.028545, 4;
0.0290448, 4;
0.029048, 4;
0.0290461, 4;
0.0290442, 4;
0.0285949, 4;
0.0295178, 4;
0.0295293, 4;
0.0290455, 4;
0.0290448, 4;
0.0290544, 4;
0.0290371, 4;
0.0290455, 4;
0.0290467, 4;
0.0290499, 4;
0.0290461, 4;
0.0290499, 4;
0.0290423, 4;
0.0290455, 4;
0.0290423, 4;
0.0290499, 4;
0.0295517, 4;
0.0290647, 4;
0.029528, 4;
0.0291018, 4;
0.0289821, 4;
0.0290506, 4;
0.0290423, 4;
0.0290474, 4;
0.0290448, 4;
0.0290455, 4;
0.0291575, 4;
0.0294416, 4;
0.0290384, 4;
0.0295504, 4;
0.0290403, 4;
0.0290506, 4;
0.0290525, 4;
0.0290461, 4;
0.0290455, 4;
0.0290461, 4;
0.029041, 4;
0.0290442, 4;
0.0290525, 4;
0.0290397, 4;
0.0290474, 4;
0.0290429, 4;
0.0295485, 4;
0.0290506, 4;
0.0290423, 4;
0.0290435, 4;
0.0290493, 4;
0.0290442, 4;
0.0290506, 4;
0.0295773, 4;
0.0294032, 4;
0.029041, 4;
0.029048, 4;
0.0295434, 4;
0.0290499, 4;
0.0295453, 4;
0.0290493, 4;
0.0290442, 4;
0.0290474, 4;
0.0290429, 4;
0.0290672, 4;
0.0290352, 4;
0.0290608, 4;
0.0290288, 4;
0.0290467, 4;
0.0290435, 4;
0.0290435, 4;
0.0290487, 4;
0.0290448, 4;
0.0290429, 4;
0.0290525, 4;
0.0290455, 4;
0.0290467, 4;
0.0290416, 4;
0.0290461, 4;
0.0295492, 4;
0.029048, 4;
0.0290448, 4;
0.0290455, 4;
0.0295485, 4;
0.0295428, 4;
0.0295517, 4;
0.0295709, 4;
0.029016, 4;
0.0290474, 4;
0.0290467, 4;
0.0290487, 4;
0.0295498, 4;
0.0290423, 4;
0.0290435, 4;
0.0290467, 4;
0.0290506, 4;
0.0290455, 4;
0.0295479, 4;
0.0293565, 2;
0.0296208, 2;
0.029656, 2;
0.0291338, 2;
0.0289667, 2;
0.0290845, 2;
0.0290026, 2;
0.0290531, 2;
0.0290391, 2;
0.0290487, 2;
0.0298244, 2;
0.0291965, 2;
0.0290455, 2;
0.0290423, 2;
0.0290467, 2;
0.0290461, 2;
0.0290474, 2;
0.029048, 2;
0.0295466, 2;
0.0290429, 2;
0.0290435, 2;
0.0290455, 2;
0.0290493, 2;
0.0290455, 2;
0.0295492, 2;
0.0290487, 2;
0.0290448, 2;
0.0290589, 2;
0.0290295, 2;
0.0290474, 2;
0.0290583, 2;
0.0290448, 2;
0.0290423, 2;
0.0290467, 2;
0.0290391, 2;
0.0290499, 2;
0.0290519, 2;
0.0290365, 2;
0.0290499, 2;
0.0290455, 2;
0.0290416, 2;
0.028961, 2;
0.0290467, 2;
0.0290608, 2;
0.0295453, 2;
0.0290282, 2;
0.0290467, 2;
0.0290474, 2;
0.0291056, 2;
0.0289904, 2;
0.0290423, 2;
0.0290467, 2;
0.0290474, 2;
0.0290442, 2;
0.0295536, 2;
0.0290378, 2;
0.0290467, 2;
0.0290403, 2;
0.0290493, 2;
0.0295556, 2;
0.0290915, 2;
0.0290019, 2;
0.0295556, 2;
0.0290429, 2;
0.0290397, 2;
0.0290378, 2;
0.0290775, 2;
0.0295229, 2;
0.0290371, 2;
0.0295556, 2;
0.0290819, 2;
0.0295037, 2;
0.0290922, 2;
0.0295005, 2;
0.0296586, 2;
0.0294423, 2;
0.0290391, 2;
0.0290448, 2;
0.029057, 2;
0.0291965, 2;
0.0298935, 2;
0.0290448, 2;
0.0290416, 2;
0.0290576, 3;
0.0290359, 3;
0.0290455, 3;
0.0296528, 3;
0.0294448, 3;
0.0295402, 3;
0.0290506, 3;
0.0290448, 3;
0.0295453, 3;
0.0295472, 3;
0.029048, 3;
0.0290647, 3;
0.0295325, 3;
0.0290621, 3;
0.0295248, 3;
0.0295504, 3;
0.0295479, 3;
0.0295453, 3;
0.0295466, 3;
0.0295543, 3;
0.0295402, 3;
0.0295504, 3;
0.0295389, 3;
0.0290519, 3;
0.0295434, 3;
0.0295671, 3;
0.0295248, 3;
0.0295639, 3;
0.0295376, 3;
0.029553, 3;
0.0295332, 3;
0.029546, 3;
0.0295498, 3;
0.029544, 3;
0.0295453, 3;
0.0295498, 3;
0.0300477, 3;
0.0295524, 3;
0.0295447, 3;
0.0295447, 3;
0.0290467, 3;
0.0295479, 3;
0.0295607, 3;
0.0295472, 3;
0.0290314, 3;
0.0295466, 3;
0.0295479, 3;
0.0290474, 3;
0.0295504, 3;
0.0295421, 3;
0.0290467, 3;
0.0290448, 3;
0.0290448, 3;
0.0295485, 3;
0.0295543, 3;
0.0295402, 3;
0.0295453, 3;
0.0295453, 3;
0.0295479, 3;
0.029576, 3;
0.0290192, 3;
0.0295447, 3;
0.0295466, 3;
0.029553, 3;
0.0295421, 3;
0.0295504, 3;
0.0290474, 3;
0.029544, 3;
0.0295479, 3;
0.0290461, 3;
0.0290378, 3;
0.0295498, 3;
0.0290551, 3;
0.0295671, 3;
0.0295402, 3;
0.0295332, 3;
0.0295396, 3;
0.0296304, 3;
0.0294711, 3;
0.0295447, 3;
0.0295492, 3;
0.0290506, 3;
0.0295344, 3;
0.029608, 3;
0.0295005, 3;
0.0295357, 3;
0.0295504, 3;
0.0295479, 3;
0.0295588, 4;
0.0295421, 4;
0.0300669, 4;
0.0295146, 4;
0.0295517, 4;
0.0290474, 4;
0.0295421, 4;
0.0297719, 4;
0.0288227, 4;
0.0300439, 4;
0.0295524, 4;
0.029041, 4;
0.0290474, 4;
0.0290435, 4;
0.029048, 4;
0.0295549, 4;
0.0290448, 4;
0.0290391, 4;
0.0290595, 4;
0.029546, 4;
0.0295472, 4;
0.0290403, 4;
0.0290397, 4;
0.0295536, 4;
0.0295408, 4;
0.0295408, 4;
0.0295869, 4;
0.029016, 4;
0.0290448, 4;
0.0290442, 4;
0.0300445, 4;
0.0295472, 4;
0.0290487, 4;
0.0290435, 4;
0.0290512, 4;
0.0297309, 4;
0.0293629, 4;
0.0296445, 4;
0.0299665, 4;
0.0295242, 4;
0.0290467, 4;
0.0290487, 4;
0.0295453, 4;
0.0290467, 4;
0.0290832, 4;
0.029514, 4;
0.0290416, 4;
0.029544, 4;
0.0295472, 4;
0.0295479, 4;
0.0291056, 4;
0.0289949, 4;
0.029697, 4;
0.0293968, 4;
0.0295351, 4;
0.0295479, 4;
0.0295472, 4;
0.0295472, 4;
0.0292541, 4;
0.0293405, 4;
0.0295492, 4;
0.029738, 4;
0.0298557, 4;
0.0290474, 4;
0.0295434, 4;
0.0295479, 4;
0.0290455, 4;
0.0290506, 4;
0.0295524, 4;
0.0290371, 4;
0.0295485, 4;
0.0295383, 4;
0.0295543, 4;
0.0290455, 4;
0.0295453, 4;
0.0290487, 4;
0.0290448, 4;
0.0290602, 4;
0.0295408, 4;
0.0290666, 4;
0.0290141, 4;
0.02956, 4;
0.0290647, 4;
0.0295133, 4;
0.029544, 4;
0.0295479, 4;
0.0295485, 4;
0.0295626, 4;
0.0295332, 4;
0.029546, 4;
0.0295485, 4;
0.0290493, 4;
0.0290595, 4;
0.0295268, 4;
0.0295485, 4;
0.0295562, 4;
0.0290346, 4;
0.0295984, 4;
0.0299178, 4;
0.029624, 4;
0.0290551, 4;
0.0290371, 4;
0.0290423, 4;
0.0290672, 4;
0.029041, 4;
0.029032, 4;
0.0290455, 4;
0.0290499, 4;
0.0290499, 4;
0.0290384, 4;
0.0295901, 2;
0.0295031, 2;
0.0295632, 2;
0.0295396, 2;
0.0295402, 2;
0.0290487, 2;
0.0295402, 2;
0.0295479, 2;
0.029546, 2;
0.0295479, 2;
0.0295517, 2;
0.0295421, 2;
0.029048, 2;
0.0295479, 2;
0.0290461, 2;
0.0295485, 2;
0.0295428, 2;
0.0295498, 2;
0.0295472, 2;
0.0295773, 2;
0.0289943, 2;
0.0295568, 2;
0.0290397, 2;
0.0295504, 2;
0.0295351, 2;
0.0295325, 2;
0.029546, 2;
0.0290487, 2;
0.0295485, 2;
0.0290448, 2;
0.0290467, 2;
0.0290448, 2;
0.0295466, 2;
0.0290461, 2;
0.0290538, 2;
0.029048, 2;
0.0295415, 2;
0.0295472, 2;
0.0290519, 4;
0.0371136, 9;
0.0259766, 9;
0.0255381, 9;
0.0255445, 9;
0.0255381, 9;
0.0255458, 9;
0.0255401, 9;
0.0255426, 9;
0.0255337, 9;
0.0255439, 9;
0.0255369, 9;
0.0255388, 9;
0.0255458, 9;
0.0255413, 9;
0.0265475, 9;
0.025533, 9;
0.0255842, 9;
0.0254978, 9;
0.0255548, 9;
0.025526, 9;
0.0255388, 9;
0.0255413, 9;
0.0255433, 9;
0.0255413, 9;
0.02559, 9;
0.0259894, 9;
0.0255426, 9;
0.0255356, 9;
0.0255433, 9;
0.0255413, 9;
0.0255586, 9;
0.0255292, 9;
0.0255394, 9;
0.0255266, 9;
0.0255465, 9;
0.0255394, 9;
0.0260386, 9;
0.0255413, 9;
0.0255356, 9;
0.025542, 9;
0.0255426, 9;
0.0255394, 9;
0.0255407, 9;
0.0255439, 9;
0.025533, 9;
0.0255477, 9;
0.0260425, 9;
0.025533, 9;
0.0255497, 9;
0.0255388, 9;
0.0255388, 9;
0.0255433, 9;
0.0255631, 9;
0.0255337, 9;
0.0255183, 9;
0.0268803, 9;
0.0272348, 9;
0.0255106, 9;
0.0255426, 9;
0.0255407, 9;
0.0255375, 9;
0.0255484, 9;
0.0255324, 9;
0.0258748, 9;
0.0257314, 9;
0.0255381, 9;
0.0255285, 9;
0.025542, 9;
0.0255356, 9;
0.0255458, 9;
0.0255273, 9;
0.0255407, 9;
0.0255605, 9;
0.0255228, 9;
0.0255413, 9;
0.0255746, 9;
0.0255132, 9;
0.0255343, 9;
0.0255407, 9;
0.0255381, 9;
0.0255554, 9;
0.0255202, 9;
0.0255465, 9;
0.0255465, 9;
0.0255407, 9;
0.0255433, 9;
0.0255266, 9;
0.0255465, 9;
0.0255401, 9;
0.0255369, 9;
0.025549, 9;
0.0255394, 9;
0.0255381, 9;
0.0255381, 9;
0.025542, 9;
0.0255477, 9;
0.0255753, 9;
0.0254997, 9;
0.0258473, 9;
0.0257295, 9;
0.0255426, 9;
0.0255388, 9;
0.0255516, 9;
0.026054, 9;
0.0260303, 9;
0.0260342, 9;
0.0301066, 9;
0.0259759, 9;
0.0255426, 9;
0.0255388, 9;
0.025526, 9;
0.0255426, 9;
0.0255381, 9;
0.0255452, 9;
0.0255324, 9;
0.025549, 9;
0.0255349, 9;
0.0255407, 9;
0.0255433, 9;
0.0255381, 9;
0.0255401, 9;
0.0255439, 9;
0.0255343, 9;
0.0263004, 9;
0.025791, 9;
0.0255356, 9;
0.0255413, 9;
0.0255388, 9;
0.0255362, 9;
0.0255663, 9;
0.0255132, 9;
0.0255407, 9;
0.0255426, 9;
0.025542, 9;
0.0260598, 9;
0.0255202, 9;
0.0255401, 9;
0.0255452, 9;
0.025565, 9;
0.0255253, 9;
0.0255298, 9;
0.0255343, 9;
0.025542, 9;
0.025542, 9;
0.0255529, 9;
0.0255759, 9;
0.0254953, 9;
0.0260406, 9;
0.0255369, 9;
0.0255465, 9;
0.0255369, 9;
0.0255413, 9;
0.0255503, 9;
0.0258242, 9;
0.0257474, 9;
0.0255445, 9;
0.0255401, 9;
0.0255541, 9;
0.0255247, 9;
0.0255465, 9;
0.0255381, 9;
0.0255394, 9;
0.0255477, 9;
0.025542, 9;
0.0255388, 9;
0.0255349, 9;
0.0255388, 9;
0.0255401, 9;
0.0255433, 9;
0.0255388, 9;
0.0255401, 9;
0.025542, 9;
0.0255477, 9;
0.0255535, 9;
0.026031, 9;
0.0255337, 9;
0.0255362, 9;
0.0255394, 9;
0.0255458, 9;
0.0255797, 9;
0.0255042, 9;
0.0255343, 9;
0.0255765, 9;
0.0255093, 9;
0.0255337, 9;
0.0255388, 9;
0.0255388, 9;
0.0255407, 9;
0.0255433, 9;
0.0255465, 9;
0.0260367, 9;
0.0255772, 9;
