0.100684;
0.102137;
0.100665;
0.100674;
0.100652;
0.100667;
0.100657;
0.100663;
0.100669;
0.100656;
0.10236;
0.101001;
0.100631;
0.10067;
0.100665;
0.100857;
0.101054;
0.100577;
0.10066;
0.100665;
0.100684;
0.10065;
0.100657;
0.100665;
0.100683;
0.100665;
0.101148;
0.100659;
0.100666;
0.100663;
0.100667;
0.100662;
0.100714;
0.100608;
0.100668;
0.100663;
0.100664;
0.10131;
0.10052;
0.100663;
0.100662;
0.100663;
0.100664;
0.100662;
0.100668;
0.100668;
0.100652;
0.100672;
0.100673;
0.100659;
0.100734;
0.100583;
0.100661;
0.100665;
0.10067;
0.100662;
0.100673;
0.100648;
0.100667;
0.100658;
0.100668;
0.100668;
0.100729;
0.100604;
0.100654;
0.100668;
0.100654;
0.100691;
0.100645;
0.100659;
0.100665;
0.100698;
0.100628;
0.100656;
0.100668;
0.100662;
0.100696;
0.100627;
0.100668;
0.100677;
0.100656;
0.100662;
0.100661;
0.100665;
0.100673;
0.10066;
0.100655;
0.100666;
0.100677;
0.10065;
0.100666;
0.100658;
0.10067;
0.100668;
0.100654;
0.100665;
0.100676;
0.100654;
0.100663;
0.10066;
0.100672;
0.100657;
0.100846;
0.100485;
0.100661;
0.100691;
0.100635;
0.100661;
0.100671;
0.102112;
0.101219;
0.100656;
0.100675;
0.100657;
0.101435;
0.100889;
0.100667;
0.101097;
0.100723;
0.100846;
0.100985;
0.101522;
0.101692;
0.100789;
0.100655;
0.100658;
0.100674;
0.100685;
0.100721;
0.100572;
0.100672;
0.100662;
0.100769;
0.100643;
0.100578;
0.100663;
0.100667;
0.100661;
0.101163;
0.100672;
0.100659;
0.100665;
0.100659;
0.100659;
0.100681;
0.100645;
0.100675;
0.100649;
0.100671;
0.100665;
0.10067;
0.100652;
0.10067;
0.100657;
0.10067;
0.100678;
0.100641;
0.100663;
0.100672;
0.100657;
0.100718;
0.100608;
0.100669;
0.100661;
0.100665;
0.100672;
0.100652;
0.100682;
0.100645;
0.100661;
0.100669;
0.100666;
0.100886;
0.10094;
0.100734;
0.100596;
0.100671;
0.100649;
0.100664;
0.100735;
0.10059;
0.100663;
0.100673;
0.100652;
0.100681;
0.100656;
0.100665;
0.100657;
0.100668;
0.100693;
0.100625;
0.100661;
0.100672;
0.10066;
0.101731;
0.100596;
0.100659;
0.100666;
0.100663;
0.100681;
0.100645;
0.100631;
0.100666;
0.100663;
0.100666;
0.100712;
0.100611;
0.100666;
0.100661;
0.10078;
0.10058;
0.100635;
0.100659;
0.100661;
0.10067;
0.100659;
0.101176;
0.100661;
0.100687;
0.100634;
0.100657;
0.100667;
0.100668;
0.100664;
0.100684;
0.102101;
0.112207;
0.103184;
0.100662;
0.100686;
0.100647;
0.10067;
0.100652;
0.100659;
0.100671;
0.100684;
0.100644;
0.100659;
0.100663;
0.100667;
0.100661;
0.100666;
0.100657;
0.100675;
0.10066;
0.100658;
0.100672;
0.101088;
0.10073;
0.100679;
0.100649;
0.100744;
0.100597;
0.10065;
0.100658;
0.100668;
0.100666;
0.100658;
0.100666;
0.100662;
0.100667;
0.100663;
0.10066;
0.100668;
0.100659;
0.100677;
0.10065;
0.100673;
0.100652;
0.100663;
0.100668;
0.100675;
0.100652;
0.100657;
0.100679;
0.10065;
0.100666;
0.100659;
0.100668;
0.10067;
0.100654;
0.10067;
0.100654;
0.101539;
0.100794;
0.100663;
0.100682;
0.100645;
0.100681;
0.100647;
0.100658;
0.100675;
0.100657;
0.100666;
0.100663;
0.100661;
0.100665;
0.100672;
0.100654;
0.100672;
0.100673;
0.100645;
0.100663;
0.100665;
0.100661;
0.10129;
0.100547;
0.100652;
0.100661;
0.100683;
0.100649;
0.100801;
0.100524;
0.100665;
0.100664;
0.100661;
0.100665;
0.100675;
0.100649;
0.101165;
0.100692;
0.100715;
0.10059;
0.100654;
0.100662;
0.100668;
0.100882;
0.100446;
0.100659;
0.100665;
0.100664;
0.101442;
0.103392;
0.100672;
0.100653;
0.100675;
0.100654;
0.101161;
0.100666;
0.100693;
0.100633;
0.100666;
0.100668;
0.100666;
0.101167;
0.100654;
0.100663;
0.100659;
0.100672;
0.100661;
0.100656;
0.100675;
0.100664;
0.100683;
0.100643;
0.100653;
0.100669;
0.100658;
0.100678;
0.100659;
0.100658;
0.100658;
0.100664;
0.100666;
0.100663;
0.100659;
0.100666;
0.100666;
0.100672;
0.100654;
0.100659;
0.100725;
0.10061;
0.101164;
0.100655;
0.100661;
0.100668;
0.100657;
0.100668;
0.100673;
0.101152;
0.100666;
0.100668;
0.100709;
0.101123;
0.100657;
0.10066;
0.102621;
0.101786;
0.100588;
0.100666;
0.10066;
0.100667;
0.100686;
0.100636;
0.101136;
0.100695;
0.100666;
0.100662;
0.100666;
0.10067;
0.100652;
0.100678;
0.101046;
0.100772;
0.100652;
0.10067;
0.100718;
0.100614;
0.100657;
0.100669;
0.100658;
0.100673;
0.100652;
0.100666;
0.10067;
0.100656;
0.100662;
0.100671;
0.100662;
0.100667;
0.100659;
0.100659;
0.100666;
0.100661;
0.100673;
0.10065;
0.10066;
0.100665;
0.100659;
0.100682;
0.100645;
0.100665;
0.100673;
0.100656;
0.100666;
0.100672;
0.100654;
0.100678;
0.100645;
0.100684;
0.100654;
0.100657;
0.100661;
0.100663;
0.100667;
0.100671;
0.100652;
0.100666;
0.10066;
0.100665;
0.100665;
0.100667;
0.100672;
0.101173;
0.100643;
0.100661;
0.100666;
0.100656;
0.100665;
0.100679;
0.100649;
0.100669;
0.100661;
0.100705;
0.100663;
0.102119;
0.100681;
0.100657;
0.100663;
0.100658;
0.100662;
0.100663;
0.100674;
0.100652;
0.100806;
0.100519;
0.100675;
0.100652;
0.100675;
0.100668;
0.100647;
0.100665;
0.100667;
0.101169;
0.100678;
0.10064;
0.10097;
0.100361;
0.100659;
0.100674;
0.100649;
0.100659;
0.100668;
0.100681;
0.100648;
0.100677;
0.100664;
0.10069;
0.100636;
0.100675;
0.101153;
0.100658;
0.100679;
0.100649;
0.10068;
0.100663;
0.100647;
0.100671;
0.100663;
0.100686;
0.100654;
0.100663;
0.100649;
0.100718;
0.100633;
0.100659;
0.100642;
0.100665;
0.10067;
0.100677;
0.10064;
0.100665;
0.100677;
0.100654;
