0.100736;
0.100654;
0.100657;
0.100654;
0.100656;
0.100656;
0.100665;
0.10065;
0.100663;
0.10067;
0.100649;
0.100662;
0.100667;
0.100662;
0.10065;
0.100663;
0.10067;
0.100654;
0.100677;
0.100656;
0.100647;
0.100663;
0.10066;
0.100664;
0.100663;
0.100665;
0.100676;
0.100649;
0.100673;
0.100652;
0.100665;
0.100677;
0.100645;
0.100672;
0.100657;
0.100664;
0.100661;
0.100672;
0.100654;
0.100667;
0.101045;
0.100788;
0.10086;
0.100444;
0.101203;
0.100627;
0.100676;
0.100647;
0.100663;
0.100681;
0.100647;
0.100663;
0.100667;
0.100659;
0.10066;
0.100667;
0.100682;
0.100649;
0.100675;
0.10065;
0.102201;
0.125688;
0.102101;
0.100657;
0.10065;
0.100771;
0.100561;
0.100666;
0.100658;
0.100665;
0.10067;
0.100656;
0.100668;
0.100656;
0.100661;
0.100676;
0.100665;
0.100663;
0.100652;
0.100663;
0.100678;
0.10065;
0.100664;
0.10067;
0.100668;
0.100654;
0.102163;
0.100664;
0.100673;
0.100643;
0.100665;
0.100665;
0.100662;
0.100665;
0.100674;
0.100655;
0.100652;
0.100663;
0.100663;
0.100664;
0.10067;
0.100687;
0.101134;
0.100672;
0.100645;
0.100671;
0.100664;
0.100665;
0.10067;
0.100662;
0.101175;
0.100643;
0.100664;
0.100678;
0.100644;
0.100675;
0.100656;
0.100662;
0.100677;
0.100659;
0.100663;
0.106766;
0.102572;
0.101429;
0.113841;
0.152819;
0.131222;
0.101162;
0.100657;
0.101166;
0.100668;
0.101163;
0.100654;
0.100666;
0.103685;
0.146226;
0.101743;
0.101124;
0.100613;
0.100668;
0.100656;
0.100672;
0.100621;
0.100661;
0.100789;
0.100535;
0.100668;
0.100657;
0.100664;
0.100659;
0.10067;
0.100667;
0.10066;
0.100659;
0.100657;
0.10067;
0.100663;
0.100665;
0.100655;
0.100672;
0.100663;
0.100664;
0.100673;
0.100642;
0.100675;
0.101161;
0.100663;
0.101166;
0.100659;
0.100665;
0.100666;
0.100665;
0.100657;
0.100663;
0.100673;
0.100657;
0.100662;
0.100663;
0.100668;
0.100651;
0.100671;
0.100657;
0.100674;
0.100654;
0.100665;
0.100676;
0.100657;
0.100665;
0.10066;
0.100663;
0.100668;
0.100659;
0.100669;
0.100661;
0.100687;
0.100638;
0.100658;
0.100678;
0.101143;
0.10067;
0.101899;
0.11034;
0.113449;
0.104434;
0.112806;
0.10215;
0.100641;
0.100672;
0.100655;
0.100662;
0.100659;
0.100669;
0.100642;
0.100683;
0.100762;
0.10055;
0.100679;
0.100642;
0.100666;
0.10072;
0.100608;
0.100658;
0.100672;
0.100769;
0.101068;
0.100653;
0.100659;
0.100719;
0.10063;
0.100657;
0.100649;
0.100668;
0.100684;
0.10064;
0.100672;
0.100656;
0.10066;
0.100665;
0.100659;
0.100678;
0.100649;
0.100667;
0.100661;
0.100661;
0.100672;
0.100659;
0.100666;
0.10066;
0.100667;
0.100686;
0.100635;
0.100661;
0.100661;
0.100668;
0.100684;
0.102161;
0.100652;
0.100669;
0.100668;
0.101155;
0.100666;
0.100684;
0.100642;
0.100667;
0.10066;
0.100661;
0.100704;
0.100616;
0.100665;
0.100716;
0.10062;
0.10214;
0.100681;
0.100663;
0.100661;
0.100671;
0.100665;
0.100659;
0.10066;
0.100664;
0.100662;
0.100748;
0.100586;
0.100657;
0.100665;
0.100663;
0.100688;
0.10064;
0.100661;
0.100661;
0.100663;
0.10067;
0.100661;
0.101175;
0.100652;
0.100662;
0.100661;
0.100665;
0.10067;
0.100657;
0.100662;
0.10184;
0.101001;
0.10065;
0.100665;
0.100659;
0.100662;
0.100664;
0.100657;
0.100721;
0.100615;
0.100673;
0.100654;
0.100662;
0.100665;
0.100662;
0.100675;
0.100637;
0.100663;
0.100663;
0.100661;
0.100666;
0.100663;
0.100661;
0.100668;
0.10066;
0.100675;
0.10068;
0.100633;
0.100664;
0.100665;
0.100661;
0.100665;
0.100666;
0.100661;
0.100661;
0.100668;
0.100656;
0.100663;
0.100709;
0.100617;
0.100662;
0.10067;
0.100663;
0.100659;
0.10066;
0.10067;
0.100661;
0.101161;
0.100668;
0.100714;
0.100576;
0.101205;
0.10989;
0.100885;
0.100668;
0.100672;
0.100656;
0.10067;
0.100655;
0.100663;
0.100672;
0.100659;
0.100656;
0.100661;
0.100673;
0.10066;
0.100661;
0.100669;
0.100657;
0.100664;
0.100665;
0.100663;
0.100664;
0.100666;
0.100661;
0.100663;
0.100663;
0.100667;
0.100656;
0.100661;
0.100667;
0.100664;
0.100665;
0.100661;
0.100665;
0.100665;
0.100663;
0.100666;
0.101159;
0.100665;
0.100708;
0.101626;
0.100839;
0.100474;
0.100668;
0.100659;
0.100661;
0.100666;
0.100665;
0.10067;
0.100672;
0.100649;
0.100666;
0.100659;
0.100691;
0.100718;
0.101078;
0.100675;
0.100647;
0.100676;
0.100651;
0.100659;
0.100675;
0.100657;
0.100714;
0.101074;
0.10066;
0.100672;
0.100663;
0.100679;
0.10161;
0.100723;
0.100656;
0.10066;
0.100656;
0.100678;
0.100655;
0.100661;
0.100678;
0.100648;
0.100666;
0.100672;
0.100669;
0.100656;
0.100656;
0.100666;
0.100655;
0.101259;
0.101079;
0.10066;
0.100662;
0.100665;
0.10067;
0.100697;
0.100624;
0.100657;
0.100837;
0.100495;
0.10066;
0.100666;
0.100661;
0.100679;
0.100647;
0.10066;
0.100668;
0.10067;
0.100657;
0.100661;
0.100666;
0.100677;
0.100644;
0.100669;
0.100656;
0.100672;
0.100665;
0.100662;
0.102162;
0.100663;
0.100663;
0.100664;
0.100658;
0.100665;
0.100665;
0.100668;
0.101353;
0.100937;
0.100658;
0.100665;
0.100668;
0.100674;
0.10064;
0.100664;
0.100675;
0.100663;
0.10066;
0.100659;
0.100662;
0.100678;
0.101154;
0.100671;
0.100654;
0.100687;
0.100638;
0.101165;
0.100668;
0.103348;
0.100672;
0.100964;
0.100665;
0.100679;
0.100645;
0.100677;
0.100654;
0.100665;
0.100675;
0.100649;
0.100671;
0.100655;
0.100684;
0.100641;
0.100669;
0.100668;
0.101164;
0.100662;
0.100667;
0.100671;
0.100654;
0.100666;
0.100668;
0.100666;
0.100652;
0.10066;
0.100663;
0.100677;
0.100697;
0.100644;
0.100641;
0.100687;
0.100648;
0.100653;
0.100667;
0.100672;
0.100649;
0.100659;
0.100668;
0.100659;
0.100668;
0.100661;
0.100663;
0.100665;
0.100661;
0.100664;
0.100661;
0.100665;
0.100659;
0.100663;
0.100672;
0.100657;
0.10067;
0.100666;
0.100656;
0.100698;
0.100627;
0.100661;
0.100666;
0.100672;
0.100814;
0.102507;
0.100665;
0.10066;
0.100665;
0.100672;
0.100656;
0.100662;
0.100661;
0.100675;
0.100668;
0.100648;
0.10075;
0.101079;
0.100669;
0.10066;
0.10066;
0.100663;
0.100657;
0.100665;
0.100681;
0.101148;
0.100665;
0.100663;
0.100663;
0.100664;
0.100661;
0.100665;
0.100665;
0.100661;
0.100665;
0.100661;
0.100659;
0.100668;
0.100661;
0.100899;
0.100426;
0.100669;
0.100656;
0.100661;
0.100681;
0.10065;
0.100664;
0.10066;
0.100668;
0.100672;
0.100667;
0.101191;
0.100617;
0.100668;
0.100663;
0.100665;
0.100662;
0.100664;
0.10066;
0.101175;
0.101653;
0.100665;
0.100666;
0.100663;
0.100667;
0.100656;
0.10067;
0.100661;
0.100666;
0.100675;
0.100657;
0.100707;
0.100611;
0.100678;
0.100675;
0.100636;
0.100667;
0.100669;
0.100677;
0.100645;
0.100652;
0.100673;
0.100663;
0.100663;
0.100662;
0.100662;
0.100662;
0.100666;
0.10066;
0.100673;
0.100656;
0.100673;
0.100653;
0.100664;
0.100661;
0.100663;
0.100703;
0.100633;
0.100654;
0.100661;
0.100666;
0.100695;
0.100638;
0.100657;
0.100668;
0.100661;
0.100659;
0.100663;
0.100671;
0.100658;
0.101268;
0.100558;
0.100664;
0.100665;
0.100778;
0.100544;
0.100669;
0.100661;
0.100665;
0.10066;
0.100658;
0.100671;
0.100661;
0.100701;
0.100718;
0.100574;
0.10066;
0.100661;
0.100666;
0.100663;
0.100663;
0.100679;
0.100654;
0.100652;
0.10067;
0.100659;
0.100679;
0.100663;
0.100652;
0.100666;
0.100663;
0.100679;
0.100636;
0.100669;
0.100665;
0.10066;
0.101764;
0.101068;
0.100656;
0.100665;
0.100699;
0.100634;
