1.25555, 1;
0.0350585, 1;
0.0255305, 1;
0.0255516, 1;
0.0255305, 1;
0.0255362, 1;
0.0250402, 1;
0.0250498, 1;
0.0255375, 1;
0.0290538, 1;
0.0260438, 1;
0.0255324, 1;
0.0270454, 1;
0.0261078, 1;
0.0254722, 1;
0.0265379, 1;
0.0255458, 1;
0.0275408, 1;
0.0260406, 1;
0.025542, 1;
0.0264297, 1;
0.0271676, 1;
0.0260406, 1;
0.0255356, 1;
0.0265385, 1;
0.0255394, 1;
0.0275485, 1;
0.0260399, 1;
0.0255452, 1;
0.0265443, 1;
0.0270364, 1;
0.0262607, 1;
0.0258498, 1;
0.0265257, 1;
0.0255279, 1;
0.0270422, 1;
0.0260431, 1;
0.0255388, 1;
0.0265436, 1;
0.0255593, 1;
0.0350559, 1;
0.0260239, 1;
0.0255445, 1;
0.0280822, 1;
0.0265007, 1;
0.0255426, 1;
0.0280464, 1;
0.0265404, 1;
0.0275497, 1;
0.0265731, 1;
0.0275062, 1;
0.0265481, 1;
0.0275382, 1;
0.0265494, 1;
0.025533, 1;
0.0280445, 1;
0.0265468, 1;
0.0255516, 1;
0.0340376, 1;
0.0290474, 1;
0.0265411, 1;
0.0265398, 1;
0.0255708, 1;
0.0285219, 1;
0.027544, 1;
0.0265487, 1;
0.0265411, 1;
0.0255548, 1;
0.0355372, 1;
0.0275421, 1;
0.0265411, 1;
0.0270467, 1;
0.0265411, 1;
0.0255413, 1;
0.02804, 1;
0.0265436, 1;
0.0265551, 1;
0.0255324, 1;
0.0280387, 1;
0.0270608, 1;
0.0265302, 1;
0.0255554, 1;
0.0280317, 1;
0.0265622, 1;
0.0270236, 1;
0.026543, 1;
0.0255497, 1;
0.0275273, 1;
0.0265449, 1;
0.0255529, 1;
0.0280272, 1;
0.0265609, 1;
0.0256213, 1;
0.0284547, 1;
0.0265571, 1;
0.0255164, 1;
0.0330578, 1;
0.0275453, 1;
0.0265449, 1;
0.026534, 1;
0.0255477, 1;
0.0280413, 1;
0.0300561, 1;
0.0265417, 1;
0.026534, 1;
0.0255433, 1;
0.02804, 1;
0.0265449, 1;
0.0270441, 1;
0.0265532, 1;
0.0255343, 1;
0.027535, 1;
0.0265577, 1;
0.0255388, 1;
0.0280432, 1;
0.0275369, 1;
0.0260489, 1;
0.0255471, 1;
0.0281936, 1;
0.0263798, 1;
0.0270422, 1;
0.0266006, 1;
0.0254965, 1;
0.028536, 1;
0.0265391, 1;
0.0255394, 1;
0.027544, 1;
0.0265833, 1;
0.0280099, 1;
0.0265449, 1;
0.0255369, 1;
0.0280509, 1;
0.026534, 1;
0.0275427, 1;
0.0265462, 1;
0.0265475, 1;
0.0260418, 1;
0.0280464, 1;
0.02703, 1;
0.0265455, 1;
0.0255356, 1;
0.028049, 1;
0.0265398, 1;
0.0265577, 1;
0.0255285, 1;
0.0281078, 1;
0.0274985, 1;
0.0265436, 1;
0.026543, 1;
0.0270518, 1;
0.0265417, 1;
0.0255586, 1;
0.0280214, 1;
0.0265347, 1;
0.0255484, 1;
0.0280394, 1;
0.0265423, 1;
0.0270614, 1;
0.0265391, 1;
0.0255253, 1;
0.0290467, 1;
0.0265411, 1;
0.0270576, 1;
0.0265321, 1;
0.0255375, 1;
0.0280458, 1;
0.0265347, 1;
0.0270441, 1;
0.0265564, 1;
0.0260623, 1;
0.028015, 1;
0.0265545, 1;
0.0275376, 1;
0.0265391, 1;
0.0255337, 1;
0.0280816, 1;
0.0265123, 1;
0.0255433, 1;
0.0285424, 1;
0.027048, 1;
0.0275472, 1;
0.0265347, 1;
0.027048, 1;
0.0265366, 1;
0.0255394, 1;
0.0280509, 1;
0.0280413, 1;
0.0280515, 1;
0.531857, 1;
0.0315524, 1;
0.0255426, 1;
0.0305495, 1;
0.0295466, 1;
0.0265404, 1;
0.0265391, 1;
0.0255503, 1;
0.0280362, 1;
0.0275581, 1;
0.0265308, 1;
0.0255369, 1;
0.0280995, 1;
0.0264847, 1;
0.0265449, 1;
0.0255433, 1;
0.0281142, 1;
0.0280169, 1;
0.0280003, 1;
0.0265411, 1;
0.0270454, 1;
0.0265443, 1;
0.025574, 1;
0.028008, 1;
0.0265551, 1;
0.0255292, 1;
0.0280419, 1;
0.0270435, 1;
0.0265455, 1;
0.0265443, 1;
0.0255292, 1;
0.027551, 1;
0.0266089, 1;
0.0254729, 1;
0.0280483, 1;
0.0275408, 1;
0.0265462, 1;
0.0265359, 1;
0.0270422, 1;
0.0265443, 1;
0.0255375, 1;
0.0280778, 1;
0.0265142, 1;
0.0255593, 1;
0.0295293, 1;
0.0276329, 1;
0.0274486, 1;
0.0265436, 1;
0.0255413, 1;
0.0275491, 1;
0.0265411, 1;
0.0270473, 1;
0.0265327, 1;
0.0275472, 1;
0.0265487, 1;
0.0265334, 1;
0.0275529, 1;
0.0265372, 1;
0.0270467, 1;
0.026534, 1;
0.0255682, 1;
0.0280202, 1;
0.0265379, 1;
0.0275555, 1;
0.0265334, 1;
0.0265462, 1;
0.0255369, 1;
0.0275408, 1;
0.0275587, 1;
0.0265475, 1;
0.0265347, 1;
0.0255375, 1;
0.0280419, 1;
0.0265379, 1;
0.0285475, 1;
0.0265379, 1;
0.0275536, 1;
0.0265327, 1;
0.0265519, 1;
0.0255343, 1;
0.0280419, 1;
0.0275504, 1;
0.0265379, 1;
0.0255836, 1;
0.0345087, 1;
0.02655, 1;
0.0255388, 1;
0.0280534, 1;
0.026534, 1;
0.0255369, 1;
0.0280426, 1;
0.0275453, 1;
0.0265404, 1;
0.0255394, 1;
0.0280701, 1;
0.026527, 1;
0.0255477, 1;
0.0280291, 1;
0.0265404, 1;
0.0275446, 1;
0.026575, 1;
0.0265347, 1;
0.0255209, 1;
0.028047, 1;
0.0280381, 1;
0.0265436, 1;
0.0265417, 1;
0.0255401, 1;
0.0275472, 1;
0.0275408, 1;
0.0265449, 1;
0.0265379, 1;
0.0255465, 1;
0.0285437, 1;
0.0265443, 1;
0.0275369, 1;
0.0265411, 1;
0.0255522, 1;
0.0280317, 1;
0.0265449, 1;
0.0255503, 1;
0.0280413, 1;
0.0266179, 1;
0.0274633, 1;
0.0265468, 1;
0.0315512, 1;
0.0265385, 1;
0.0265526, 1;
0.0275421, 1;
0.0265398, 1;
0.0275376, 1;
0.0265468, 1;
0.0265391, 1;
0.0255503, 1;
0.028033, 1;
0.0275497, 1;
0.0265398, 1;
0.0255426, 1;
0.0280464, 1;
0.026582, 1;
0.0264969, 1;
0.0255407, 1;
0.029544, 2;
0.0290506, 2;
0.0290467, 2;
0.029048, 2;
0.0290455, 2;
0.0290986, 2;
0.0295012, 2;
0.029032, 2;
0.0290499, 2;
0.0290512, 2;
0.029048, 2;
0.0290711, 2;
0.0290147, 2;
0.0290461, 2;
0.0290429, 2;
0.0290499, 2;
0.0290493, 2;
0.0290435, 2;
0.0295479, 2;
0.0290487, 2;
0.029057, 2;
0.0290352, 2;
0.0295684, 2;
0.0290211, 2;
0.0290531, 2;
0.0290378, 2;
0.0290467, 2;
0.0290474, 2;
0.0290416, 2;
0.0290487, 2;
0.0290487, 2;
0.0295472, 2;
0.0290595, 2;
0.0290365, 2;
0.0290512, 2;
0.0290378, 2;
0.0290467, 2;
0.0290455, 2;
0.0290589, 2;
0.0295389, 2;
0.0290429, 2;
0.0290442, 2;
0.0290525, 2;
0.0290455, 2;
0.0290403, 2;
0.0290435, 2;
0.0290512, 2;
0.0291952, 2;
0.0293994, 2;
0.029553, 2;
0.0290992, 2;
0.0289891, 2;
0.0290423, 2;
0.0290506, 2;
0.0290384, 2;
0.0290467, 2;
0.0290928, 2;
0.0290096, 2;
0.029041, 2;
0.0290634, 2;
0.0290256, 2;
0.0290455, 2;
0.0290461, 2;
0.0290455, 2;
0.0290583, 2;
0.029048, 2;
0.0295696, 2;
0.0290122, 2;
0.0290448, 2;
0.0290455, 2;
0.0290461, 2;
0.029553, 2;
0.029048, 2;
0.0290403, 2;
0.029048, 2;
0.0290499, 2;
0.0290429, 2;
0.029041, 2;
0.0290512, 2;
0.0290429, 2;
0.0290455, 2;
0.0290455, 2;
0.029048, 2;
0.0290474, 2;
0.0295536, 2;
0.0290391, 2;
0.0290435, 2;
0.0290679, 2;
0.0291818, 2;
0.0293917, 2;
0.0295159, 2;
0.0290672, 2;
0.0295293, 2;
0.0290416, 2;
0.0290435, 2;
0.0290544, 2;
0.0290403, 2;
0.029041, 2;
0.0290519, 2;
0.0290442, 2;
0.0290499, 2;
0.0290448, 2;
0.029544, 2;
0.0290467, 2;
0.0291171, 2;
0.0290768, 3;
0.0289642, 3;
0.0295261, 3;
0.0295658, 3;
0.0295261, 3;
0.0295485, 3;
0.0295466, 3;
0.0295466, 3;
0.0290467, 3;
0.0295447, 3;
0.029553, 3;
0.029562, 3;
0.0295472, 3;
0.0295684, 3;
0.0295082, 3;
0.0295466, 3;
0.0295607, 3;
0.0295312, 3;
0.0295485, 3;
0.029546, 3;
0.0293066, 3;
0.02929, 3;
0.0295447, 3;
0.0295492, 3;
0.0295492, 3;
0.0295434, 3;
0.0295466, 3;
0.0295568, 3;
0.0295415, 3;
0.0295965, 3;
0.0294954, 3;
0.0295498, 3;
0.0295485, 3;
0.0290538, 3;
0.0290327, 3;
0.0295472, 3;
0.0295504, 3;
0.0298538, 3;
0.0297488, 3;
0.0295338, 3;
0.0295447, 3;
0.0295556, 3;
0.029546, 3;
0.0290455, 3;
0.0295498, 3;
0.0295402, 3;
0.0295453, 3;
0.029553, 3;
0.0290429, 3;
0.029546, 3;
0.0295453, 3;
0.029578, 3;
0.0295248, 3;
0.0295447, 3;
0.0295575, 3;
0.0295312, 3;
0.0295556, 3;
0.0295408, 3;
0.0295466, 3;
0.0295492, 3;
0.0290442, 3;
0.0295536, 3;
0.0295684, 3;
0.0295357, 3;
0.0290359, 3;
0.0295376, 3;
0.029048, 3;
0.0295581, 3;
0.0295344, 3;
0.0295466, 3;
0.0295492, 3;
0.0295869, 3;
0.0295076, 3;
0.0295428, 3;
0.029544, 3;
0.0295543, 3;
0.0295447, 3;
0.029546, 3;
0.029569, 3;
0.0296759, 3;
0.0289175, 3;
0.029521, 3;
0.0295485, 3;
0.0295492, 3;
0.0295466, 3;
0.0290461, 3;
0.029546, 3;
0.0290461, 3;
0.0295498, 3;
0.0295677, 3;
0.0295492, 3;
0.0295351, 3;
0.0295351, 3;
0.0300714, 3;
0.0295248, 3;
0.029546, 3;
0.0295504, 3;
0.0295415, 3;
0.0295479, 3;
0.0295453, 3;
0.0295517, 3;
0.0295447, 3;
0.0295447, 3;
0.029553, 3;
0.0297162, 3;
0.0303748, 3;
0.0295524, 3;
0.0295472, 3;
0.0295357, 3;
0.0295504, 3;
0.029601, 3;
0.0294954, 3;
0.0295479, 3;
0.0290455, 3;
0.0295556, 3;
0.029553, 3;
0.0295344, 3;
0.0295434, 3;
0.0296279, 3;
0.0294564, 3;
0.0295453, 3;
0.0296503, 3;
0.0289443, 3;
0.0295453, 3;
0.0295492, 3;
0.0295434, 3;
0.0295498, 3;
0.0295447, 3;
0.0295466, 3;
0.0295485, 3;
0.0296247, 3;
0.0294781, 3;
0.0295479, 3;
0.0295415, 3;
0.0295453, 3;
0.029041, 3;
0.0295511, 3;
0.0295421, 3;
0.0295485, 3;
0.0295607, 3;
0.0295351, 3;
0.0296151, 3;
0.0294884, 3;
0.0295472, 3;
0.029544, 3;
0.0295364, 3;
0.0295786, 3;
0.0295178, 3;
0.0295472, 3;
0.0295415, 3;
0.02956, 3;
0.0295415, 3;
0.0295568, 3;
0.0295319, 3;
0.0290512, 3;
0.0295536, 3;
0.0295524, 3;
0.029537, 3;
0.0295466, 3;
0.0295466, 3;
0.029546, 3;
0.029544, 3;
0.0295434, 3;
0.0290711, 3;
0.0295255, 3;
0.0295511, 3;
0.0295402, 3;
0.0295568, 3;
0.0295447, 3;
0.0295536, 3;
0.0295453, 3;
0.0295901, 4;
0.0295184, 4;
0.0292208, 4;
0.0294218, 4;
0.0289712, 4;
0.029048, 4;
0.029048, 4;
0.0290461, 4;
0.0290435, 4;
0.0290435, 4;
0.0290544, 4;
0.029041, 4;
0.0290429, 4;
0.0290461, 4;
0.0290499, 4;
0.0295588, 4;
0.0290423, 4;
0.0290455, 4;
0.0290448, 4;
0.0290531, 4;
0.0290442, 4;
0.0290403, 4;
0.0290448, 4;
0.029057, 4;
0.0290378, 4;
0.0290448, 4;
0.0290647, 4;
0.0295332, 4;
0.029057, 4;
0.0290327, 4;
0.0290455, 4;
0.0290506, 4;
0.0290429, 4;
0.0290391, 4;
0.0290538, 4;
0.0290461, 4;
0.0290455, 4;
0.0290845, 4;
0.0290077, 4;
0.0290461, 4;
0.0290493, 4;
0.029048, 4;
0.0290435, 4;
0.029041, 4;
0.0290589, 4;
0.0300426, 4;
0.0290416, 4;
0.0290512, 4;
0.0290826, 4;
0.0295063, 4;
0.0295485, 4;
0.0290563, 4;
0.029048, 4;
0.0290314, 4;
0.029048, 4;
0.0290442, 4;
0.0290455, 4;
0.0290877, 4;
0.0290051, 4;
0.0290487, 4;
0.0290442, 4;
0.0290525, 4;
0.0290442, 4;
0.0295402, 4;
0.0290455, 4;
0.0290807, 4;
0.0290167, 4;
0.0290512, 4;
0.0290435, 4;
0.0290448, 4;
0.0290416, 4;
0.029041, 4;
0.0290557, 4;
0.0295408, 4;
0.0290474, 4;
0.0290467, 4;
0.0290455, 4;
0.0290557, 4;
0.0290403, 4;
0.0290704, 4;
0.02953, 4;
0.0290435, 4;
0.0290397, 4;
0.0290512, 4;
0.0295421, 4;
0.0290461, 4;
0.0290461, 4;
0.0295536, 4;
0.0291127, 4;
0.0294756, 4;
0.0290429, 4;
0.0290499, 4;
0.0290435, 4;
0.0291152, 4;
0.0289776, 4;
0.0290467, 4;
0.0290749, 4;
0.0290199, 4;
0.0295428, 4;
0.0295466, 4;
0.0290448, 4;
0.029048, 4;
0.0290461, 4;
0.0290461, 4;
0.0290615, 4;
0.0295549, 4;
0.0295293, 4;
0.0290435, 4;
0.0290448, 4;
0.0290423, 4;
0.0290544, 4;
0.0290442, 4;
0.0290467, 4;
0.0290461, 4;
0.0290647, 4;
0.0295248, 4;
0.0295428, 4;
0.0290506, 4;
0.0290506, 4;
0.0290429, 4;
0.0290487, 4;
0.029073, 4;
0.0290243, 4;
0.0290576, 4;
0.0290307, 4;
0.0290403, 4;
0.0290519, 4;
0.0290416, 4;
0.029048, 4;
0.0290461, 4;
0.0290487, 4;
0.0295428, 4;
0.0295517, 4;
0.0290442, 4;
0.0290672, 4;
0.0290211, 4;
0.0290455, 4;
0.0290499, 4;
0.0290583, 4;
0.029032, 4;
0.0295581, 4;
0.0295357, 4;
0.0290467, 4;
0.0290442, 4;
0.0290461, 4;
0.0290474, 4;
0.0290839, 4;
0.0290083, 4;
0.0290717, 4;
0.0295268, 4;
0.0290858, 4;
0.0289994, 4;
0.0290467, 4;
0.0290467, 4;
0.0290429, 4;
0.0290499, 4;
0.0290487, 4;
0.0290525, 4;
0.0295357, 4;
0.0290461, 4;
0.0290455, 4;
0.0290787, 4;
0.0295223, 2;
0.0290563, 2;
0.0295338, 2;
0.029562, 2;
0.0295293, 2;
0.0290455, 2;
0.0290435, 2;
0.0290525, 2;
0.0290461, 2;
0.0290455, 2;
0.0290429, 2;
0.0290474, 2;
0.0290499, 2;
0.0290455, 2;
0.0290429, 2;
0.029048, 2;
0.0290455, 2;
0.0290435, 2;
0.0295575, 2;
0.0290378, 2;
0.0290435, 2;
0.0290563, 2;
0.0290391, 2;
0.0295447, 2;
0.0290506, 2;
0.0290467, 2;
0.0290493, 2;
0.0290493, 2;
0.0295498, 2;
0.0295472, 2;
0.0295415, 2;
0.0290378, 2;
0.0290455, 2;
0.0295479, 2;
0.0295453, 2;
0.0295472, 2;
0.029048, 2;
0.0290576, 2;
0.0290461, 2;
0.0295376, 2;
0.0295485, 3;
0.0295492, 3;
0.0295415, 3;
0.029546, 3;
0.0295511, 3;
0.0300439, 3;
0.0295485, 3;
0.0295447, 3;
0.0295479, 3;
0.0295428, 3;
0.0295485, 3;
0.0295575, 3;
0.0295408, 3;
0.0295479, 3;
0.029546, 3;
0.0295447, 3;
0.0295466, 3;
0.02956, 3;
0.0295479, 3;
0.0295338, 3;
0.0295524, 3;
0.0290423, 3;
0.0295588, 3;
0.0295517, 3;
0.0295255, 3;
0.0295485, 3;
0.0295664, 3;
0.029528, 3;
0.0290435, 3;
0.0295498, 3;
0.029546, 3;
0.0295671, 3;
0.0295293, 3;
0.0285418, 3;
0.0295716, 3;
0.030026, 3;
0.0295786, 3;
0.029514, 3;
0.0290403, 3;
0.0295498, 3;
0.02956, 3;
0.0295396, 3;
0.0295536, 3;
0.0295421, 3;
0.0285456, 3;
0.0295504, 3;
0.0295434, 3;
0.0295485, 3;
0.0295376, 3;
0.0296036, 3;
0.0300023, 3;
0.0295434, 3;
0.0295466, 3;
0.0295447, 3;
0.0295556, 3;
0.0295364, 3;
0.0290621, 3;
0.0295408, 3;
0.0295402, 3;
0.0295466, 3;
0.0285482, 3;
0.0295453, 3;
0.0295479, 3;
0.0295447, 3;
0.0295498, 3;
0.0295453, 3;
0.0295517, 3;
0.0295389, 3;
0.029553, 3;
0.0295498, 3;
0.029546, 3;
0.029544, 3;
0.0295447, 3;
0.0295524, 4;
0.0290435, 4;
0.0296362, 4;
0.0294634, 4;
0.0295383, 4;
0.0295472, 4;
0.0290455, 4;
0.0295543, 4;
0.0290416, 4;
0.0300458, 4;
0.029048, 4;
0.0295517, 4;
0.0295383, 4;
0.0290583, 4;
0.0290359, 4;
0.0295466, 4;
0.029041, 4;
0.0295536, 4;
0.0295466, 4;
0.0295504, 4;
0.029041, 4;
0.0295511, 4;
0.029544, 4;
0.0290378, 4;
0.0290691, 4;
0.0290263, 4;
0.0290506, 4;
0.0290589, 4;
0.0290397, 4;
0.0295434, 4;
0.0290455, 4;
0.0290557, 4;
0.0295466, 4;
0.0290365, 4;
0.0290467, 4;
0.0285565, 4;
0.0290307, 4;
0.0290442, 4;
0.0300503, 4;
0.0290563, 4;
0.0295428, 4;
0.0295767, 4;
0.0295146, 4;
0.0295479, 4;
0.0295549, 4;
0.0295383, 4;
0.0290442, 4;
0.0290499, 4;
0.0295504, 4;
0.0295108, 4;
0.0295536, 4;
0.0295402, 4;
0.0290877, 4;
0.0295069, 4;
0.0290403, 4;
0.0290512, 4;
0.0285462, 4;
0.0290467, 4;
0.0295466, 4;
0.0290557, 4;
0.0298167, 4;
0.0292765, 4;
0.0290435, 4;
0.0295415, 4;
0.0290487, 4;
0.0295447, 4;
0.0290467, 4;
0.0295466, 4;
0.0295536, 4;
0.0295575, 4;
0.0295364, 4;
0.0290359, 4;
0.0290544, 4;
0.029544, 4;
0.029057, 4;
0.0295351, 4;
0.0290519, 4;
0.0295511, 4;
0.0290435, 4;
0.0295415, 4;
0.0290698, 4;
0.0290224, 4;
0.0290461, 4;
0.0290461, 4;
0.0295453, 4;
0.0290487, 4;
0.0290647, 4;
0.0290333, 4;
0.029544, 4;
0.029057, 4;
0.0290371, 4;
0.0290954, 4;
0.0295005, 4;
0.0295389, 4;
0.0290563, 4;
0.0295402, 4;
0.0295479, 4;
0.0295447, 4;
0.0290474, 4;
0.0295421, 4;
0.0295479, 4;
0.0295466, 4;
0.0290423, 4;
0.0292503, 4;
0.0293712, 4;
0.0290269, 4;
0.0295421, 4;
0.0295485, 4;
0.0290544, 4;
0.0290333, 4;
0.0290499, 4;
0.0295568, 4;
0.0295421, 4;
0.0295466, 4;
0.0290448, 4;
0.0290487, 4;
0.0290448, 4;
0.0295415, 4;
0.0295613, 4;
0.029569, 4;
0.029512, 4;
0.0295594, 4;
0.0295364, 4;
0.0290435, 4;
0.0295485, 4;
0.0290448, 4;
0.0290525, 4;
0.0290506, 4;
0.0295472, 4;
0.0295498, 4;
0.0295421, 4;
0.029546, 4;
0.0295511, 4;
0.0291434, 4;
0.0289469, 4;
0.0290608, 4;
0.0290288, 4;
0.0290455, 4;
0.0291472, 4;
0.0294461, 4;
0.0290416, 4;
0.0290832, 4;
0.0290141, 4;
0.0290467, 4;
0.0290544, 4;
0.0297911, 4;
0.0295882, 4;
0.0297578, 4;
0.0295421, 4;
0.0295549, 4;
0.0295389, 4;
0.0295511, 4;
0.0290423, 4;
0.0290474, 4;
0.0295447, 4;
0.029064, 4;
0.02953, 4;
0.0290474, 4;
0.0290442, 4;
0.0290595, 4;
0.0290391, 4;
0.0290487, 4;
0.0290403, 4;
0.0295581, 4;
0.0295351, 4;
0.029562, 2;
0.0295319, 2;
0.0295511, 2;
0.0290378, 2;
0.0290576, 2;
0.0290384, 2;
0.0290474, 2;
0.0295664, 2;
0.0295415, 2;
0.02953, 2;
0.029048, 2;
0.0295562, 2;
0.0290371, 2;
0.029546, 2;
0.0295479, 2;
0.0290768, 2;
0.0295165, 2;
0.0290448, 2;
0.0290467, 2;
0.0290455, 2;
0.0290461, 2;
0.0290474, 2;
0.0290461, 2;
0.0290544, 2;
0.0317854, 2;
0.0293104, 2;
0.0295773, 2;
0.0290115, 2;
0.0295415, 2;
0.029048, 2;
0.0290442, 2;
0.0290467, 2;
0.0295511, 2;
0.0300509, 2;
0.0295479, 2;
0.0290442, 2;
0.029553, 2;
0.0295524, 2;
0.0290314, 2;
0.0290455, 2;
0.0290544, 2;
0.0295421, 2;
0.0295511, 2;
0.0290416, 2;
0.0290435, 2;
0.0295472, 2;
0.0295498, 2;
0.029544, 2;
0.0295479, 2;
0.0290711, 2;
0.0295293, 2;
0.0295428, 2;
0.0295517, 2;
0.0295396, 2;
0.0290538, 2;
0.0295408, 2;
0.0295447, 2;
0.029544, 2;
0.0290557, 2;
0.0295453, 2;
0.0295479, 2;
0.0295447, 2;
0.0295485, 2;
0.0295428, 2;
0.0300593, 2;
0.0290941, 2;
0.0294948, 2;
0.0295421, 2;
0.0295415, 2;
0.0290506, 2;
0.0295434, 2;
0.029546, 2;
0.0295543, 2;
0.0295428, 2;
0.0290525, 2;
0.0295421, 2;
0.0295479, 2;
0.0290519, 2;
0.0290352, 2;
0.0290519, 2;
0.0290474, 2;
0.0292612, 2;
0.0298263, 2;
0.0290467, 2;
0.0295472, 2;
0.0290519, 2;
0.0290378, 2;
0.029546, 2;
0.0290557, 2;
0.0295402, 2;
0.0295466, 2;
0.029048, 2;
0.0295504, 2;
0.0300554, 2;
0.0295383, 2;
0.0290448, 2;
0.0295472, 2;
0.0290429, 2;
0.0295472, 2;
0.0295453, 2;
0.0295607, 2;
0.029041, 2;
0.0295364, 2;
0.0295492, 2;
0.0290493, 2;
0.029546, 2;
0.0290442, 2;
0.0290519, 2;
0.0290403, 2;
0.0295556, 2;
0.0305098, 2;
0.0290787, 2;
0.0295402, 2;
0.0290487, 2;
0.0290467, 2;
0.029048, 2;
0.0290423, 2;
0.0295492, 2;
0.0295639, 2;
0.0295319, 2;
0.0295479, 2;
0.0295504, 2;
0.0296407, 2;
0.0294634, 2;
0.0295312, 2;
0.0290499, 2;
0.0295594, 2;
0.0295344, 2;
0.0295479, 2;
0.0290365, 2;
0.0290487, 2;
0.0295504, 2;
0.0295472, 2;
0.0290442, 2;
0.0295543, 2;
0.029562, 2;
0.0295172, 2;
0.0295543, 2;
0.0290544, 2;
0.0295831, 2;
0.0289283, 2;
0.0295543, 2;
0.0295332, 2;
0.0295575, 2;
0.0295396, 2;
0.0290442, 2;
0.0290423, 2;
0.0290499, 2;
0.0290691, 2;
0.0295255, 2;
0.0290506, 2;
0.0295568, 2;
0.0295408, 2;
0.0295511, 2;
0.029537, 2;
0.029544, 2;
0.0290538, 2;
0.0295383, 2;
0.0295492, 2;
0.0290557, 2;
0.0299319, 2;
0.0291536, 2;
0.0295447, 2;
0.0290397, 2;
0.0290512, 2;
0.0295504, 2;
0.0295466, 2;
0.0295453, 2;
0.0295613, 2;
0.0292151, 2;
0.0298807, 2;
0.0295332, 2;
0.0295472, 2;
0.0290474, 2;
0.029546, 2;
0.029546, 2;
0.029041, 2;
0.0290615, 2;
0.0295376, 2;
0.0290455, 2;
0.0290474, 2;
0.0290493, 2;
0.0295492, 2;
0.0295415, 2;
0.0295415, 2;
0.02956, 2;
0.0295402, 2;
0.0295863, 2;
0.0295101, 2;
0.0295434, 2;
0.0295498, 2;
0.0295408, 2;
0.0295524, 2;
0.0295492, 2;
0.0290519, 2;
0.0295396, 2;
0.0295453, 2;
0.0295504, 2;
0.0295492, 2;
0.0295421, 2;
0.0295556, 2;
0.0290391, 2;
0.0290544, 2;
0.0290442, 2;
0.0295364, 2;
0.0290499, 2;
0.029048, 2;
0.0295421, 2;
0.0295408, 2;
0.0295562, 2;
0.0295645, 2;
0.0295396, 2;
0.0290531, 2;
0.0295261, 2;
0.0295492, 2;
0.029546, 2;
0.0295479, 2;
0.0295492, 2;
0.0290435, 2;
0.0290531, 2;
0.0290461, 2;
0.0295421, 2;
0.0290448, 2;
0.0295479, 2;
0.0295479, 2;
0.0295479, 2;
0.0290423, 2;
0.0295504, 2;
0.0290506, 2;
0.0295402, 2;
0.0295453, 2;
0.0295728, 2;
0.0295178, 2;
0.0295479, 2;
0.0295485, 2;
0.0290493, 2;
0.0290551, 2;
0.0295485, 2;
0.0295338, 2;
0.0290666, 2;
0.0295389, 2;
0.0295402, 2;
0.0295684, 2;
0.0295216, 2;
0.0295492, 2;
0.029546, 2;
0.0295498, 2;
0.0295389, 2;
0.0295472, 2;
0.0295524, 2;
0.0295453, 2;
0.029553, 2;
0.0295325, 2;
0.0295863, 2;
0.0295511, 2;
0.0295082, 2;
0.0295664, 2;
0.0290301, 2;
0.0295754, 2;
0.029514, 2;
0.0295498, 2;
0.0290455, 2;
0.0295447, 2;
0.0295556, 2;
0.0290365, 2;
0.0290474, 2;
0.0295472, 2;
0.0295466, 2;
0.0295524, 2;
0.0295908, 2;
0.0295357, 2;
0.0295517, 2;
0.0295044, 2;
0.0295434, 2;
0.0295517, 2;
0.0295575, 2;
0.0295389, 2;
0.029544, 2;
0.0295517, 2;
0.0295453, 2;
0.0295543, 2;
0.0290423, 4;
0.029544, 4;
0.0295434, 4;
0.0295492, 4;
0.029937, 4;
0.0291517, 4;
0.0295472, 4;
0.028849, 4;
0.0297469, 4;
0.0295466, 4;
0.0295709, 4;
0.0295184, 4;
0.0295498, 4;
0.0295447, 4;
0.0290461, 4;
0.0295524, 4;
0.0295792, 4;
0.0295184, 4;
0.0295536, 4;
0.0295344, 4;
0.0295472, 4;
0.0295767, 4;
0.0295261, 4;
0.029544, 4;
0.0295408, 4;
0.0295472, 4;
0.0295472, 4;
0.0290461, 4;
0.0295466, 4;
0.029546, 4;
0.0295466, 4;
0.0295575, 4;
0.0298161, 4;
0.0292682, 4;
0.0295543, 4;
0.0290391, 4;
0.0295524, 4;
0.0295517, 4;
0.0295357, 4;
0.029544, 4;
0.0290487, 4;
0.0295524, 4;
0.0295428, 4;
0.0290525, 4;
0.0290455, 4;
0.0295402, 4;
0.0295562, 4;
0.0295536, 4;
0.0295357, 4;
0.0295485, 4;
0.0295479, 4;
0.0295428, 4;
0.0295453, 4;
0.0295492, 4;
0.0300484, 4;
0.0295434, 4;
0.0295479, 4;
0.0295498, 4;
0.0290563, 4;
0.0295312, 4;
0.0295492, 4;
0.0300471, 4;
0.0295472, 4;
0.0295562, 4;
0.0295376, 4;
0.0295671, 4;
0.0296759, 4;
0.0294077, 4;
0.0295344, 4;
0.0295479, 4;
0.0295453, 4;
0.0295485, 4;
0.0295472, 4;
0.029546, 4;
0.0295479, 4;
0.0291095, 4;
0.0295325, 4;
0.0295152, 4;
0.0295332, 4;
0.0295453, 4;
0.029048, 4;
0.0295492, 4;
0.0295485, 4;
0.029624, 4;
0.029466, 4;
0.029546, 4;
0.029546, 4;
0.0295837, 4;
0.0295114, 4;
0.0295479, 4;
0.0295472, 4;
0.029546, 4;
0.0334706, 4;
0.0286263, 4;
0.0295517, 4;
0.0295428, 4;
0.0295492, 4;
0.0295428, 4;
0.0295472, 4;
0.0295447, 4;
0.029553, 4;
0.0295479, 4;
0.029544, 4;
0.0295472, 4;
0.0295818, 4;
0.0295223, 4;
0.0295421, 4;
0.0295396, 4;
0.0290442, 4;
0.0290519, 4;
0.0295127, 4;
0.0295536, 4;
0.0295396, 4;
0.0295517, 4;
0.0290448, 4;
0.029546, 4;
0.0295575, 4;
0.0295396, 4;
0.0295415, 4;
0.0295524, 4;
0.0295428, 4;
0.0296484, 4;
0.0289456, 4;
0.0290448, 4;
0.029546, 4;
0.0300433, 4;
0.0295735, 4;
0.0290301, 4;
0.0295428, 4;
0.0295485, 4;
0.0295447, 4;
0.0295479, 4;
0.029546, 4;
0.0295581, 4;
0.0303364, 4;
0.029761, 4;
0.0295332, 4;
0.0295568, 4;
0.0295344, 4;
0.0295504, 4;
0.0295447, 4;
0.0295575, 4;
0.0295453, 4;
0.0295504, 4;
0.0295364, 4;
0.029048, 4;
0.0295434, 4;
0.0295466, 4;
0.0295658, 4;
0.029528, 4;
0.0295613, 4;
0.0290563, 4;
0.02953, 4;
0.0295421, 4;
0.0295485, 4;
0.0295466, 4;
0.0295434, 4;
0.0295447, 4;
0.0290487, 4;
0.0295479, 4;
0.0295485, 4;
0.0295453, 4;
0.0290563, 4;
0.0295536, 4;
0.029544, 4;
0.0295338, 4;
0.029544, 4;
0.0295498, 4;
0.0295677, 4;
0.0295306, 4;
0.0295453, 4;
0.0295472, 2;
0.0290544, 2;
0.0290333, 2;
0.0295568, 2;
0.0295421, 2;
0.0295447, 2;
0.0295504, 2;
0.0295447, 2;
0.0295472, 2;
0.0295447, 2;
0.0295479, 2;
0.0295447, 2;
0.0295472, 2;
0.029546, 2;
0.029576, 2;
0.0295261, 2;
0.0295453, 2;
0.0290461, 2;
0.0295447, 2;
0.0295447, 2;
0.0295511, 2;
0.029553, 2;
0.0290583, 2;
0.0295543, 2;
0.0290192, 2;
0.0295472, 2;
0.0295408, 2;
0.0295485, 2;
0.0295575, 2;
0.0295402, 2;
0.0295863, 2;
0.0295088, 2;
0.029544, 2;
0.0290442, 2;
0.029544, 2;
0.0290576, 2;
0.0295357, 2;
0.0295498, 2;
0.0295677, 2;
0.0295421, 2;
0.0295408, 2;
0.0295408, 2;
0.029544, 2;
0.0295408, 2;
0.0290512, 2;
0.0295453, 2;
0.0295492, 2;
0.0295466, 2;
0.0295517, 2;
0.0295709, 2;
0.0295261, 2;
0.0295498, 2;
0.0295447, 2;
0.029544, 2;
0.0295453, 2;
0.0295472, 2;
0.0295447, 2;
0.0295472, 2;
0.0290442, 2;
0.0295485, 2;
0.0295799, 2;
0.0295146, 2;
0.0295588, 2;
0.029546, 2;
0.0295402, 2;
0.028543, 2;
0.0295453, 2;
0.0295472, 2;
0.0295588, 2;
0.0285354, 2;
0.0295485, 2;
0.0295453, 2;
0.0295472, 2;
0.029544, 2;
0.0295703, 2;
0.0295236, 2;
0.0295511, 2;
0.0295652, 2;
0.0295319, 2;
0.0290493, 2;
0.0295415, 2;
0.0295632, 2;
0.0295434, 2;
0.0295312, 2;
0.0295594, 2;
0.0295396, 2;
0.0295511, 2;
0.0295389, 2;
0.0295613, 2;
0.0295332, 2;
0.029546, 2;
0.0295485, 2;
0.0290455, 2;
0.0295479, 2;
0.0295472, 2;
0.0295453, 2;
0.0295453, 2;
0.029553, 2;
0.0290448, 2;
0.029544, 2;
0.0295504, 2;
0.0295428, 2;
0.0295466, 2;
0.0295472, 2;
0.0295485, 2;
0.029546, 2;
0.029546, 2;
0.0295517, 2;
0.0300586, 2;
0.0297328, 2;
0.0293616, 2;
0.029544, 2;
0.0295376, 2;
0.0295511, 2;
0.0295447, 2;
0.0295428, 2;
0.0290499, 2;
0.0290493, 2;
0.0295364, 2;
0.0295524, 2;
0.0295453, 2;
0.0295556, 2;
0.0295415, 2;
0.0295453, 2;
0.0295543, 2;
0.029793, 2;
0.0303127, 2;
0.0290282, 2;
0.0295485, 2;
0.0295453, 2;
0.0295453, 2;
0.0290467, 2;
0.029576, 2;
0.0295306, 2;
0.029546, 2;
0.0295332, 2;
0.0295498, 2;
0.0295466, 2;
0.0290877, 3;
0.0295172, 3;
0.029546, 3;
0.0290359, 3;
0.0295549, 3;
0.0290429, 3;
0.0295575, 3;
0.0295312, 3;
0.0295485, 3;
0.0295524, 3;
0.0295447, 3;
0.0295517, 3;
0.0295575, 3;
0.0290269, 3;
0.0295472, 3;
0.0295511, 3;
0.0295434, 3;
0.0295485, 3;
0.0290525, 3;
0.0295402, 3;
0.0290455, 3;
0.0295428, 3;
0.0295671, 3;
0.0295364, 3;
0.0290378, 3;
0.0295472, 3;
0.0295485, 3;
0.0295485, 3;
0.0295549, 3;
0.0285686, 3;
0.0290231, 3;
0.0290461, 3;
0.0295472, 3;
0.0290384, 3;
0.0295479, 3;
0.0295421, 3;
0.0295517, 3;
0.0295485, 3;
0.0295492, 3;
0.0290448, 3;
0.029544, 3;
0.0295466, 3;
0.0295556, 3;
0.0295856, 3;
0.0295095, 3;
0.0295402, 3;
0.0295504, 3;
0.0290384, 3;
0.02956, 3;
0.0290327, 3;
0.0295581, 3;
0.0295511, 3;
0.0295268, 3;
0.0285546, 3;
0.029546, 3;
0.0300733, 3;
0.0295165, 3;
0.029057, 3;
0.0295376, 3;
0.0295517, 3;
0.0290499, 3;
0.0290435, 3;
0.0285379, 3;
0.0290512, 3;
0.0290448, 3;
0.0290467, 3;
0.0290448, 3;
0.029546, 3;
0.0285456, 3;
0.0295479, 3;
0.0295466, 3;
0.02908, 3;
0.0295216, 3;
0.0290384, 3;
0.0290461, 3;
0.0290455, 3;
0.0290442, 3;
0.0295613, 3;
0.0290339, 3;
0.0290403, 3;
0.0295626, 3;
0.0290461, 3;
0.0295703, 3;
0.0295178, 3;
0.0295536, 3;
0.0295396, 3;
0.0295447, 3;
0.0295466, 3;
0.0295466, 3;
0.0295639, 3;
0.029032, 3;
0.0285494, 3;
0.0290429, 3;
0.0295492, 3;
0.0290403, 3;
0.0295549, 3;
0.0295389, 3;
0.0296234, 3;
0.0289712, 3;
0.0295479, 3;
0.0295434, 3;
0.0295517, 3;
0.029544, 3;
0.0285482, 3;
0.0295472, 3;
0.0295466, 3;
0.0295722, 3;
0.0290218, 3;
0.0295536, 4;
0.029041, 4;
0.0295434, 4;
0.0295504, 4;
0.029544, 4;
0.0295466, 4;
0.02956, 4;
0.0290371, 4;
0.0295421, 4;
0.0295543, 4;
0.0295396, 4;
0.0295594, 4;
0.0295511, 4;
0.0290339, 4;
0.0295524, 4;
0.0295408, 4;
0.0290461, 4;
0.0295472, 4;
0.0295466, 4;
0.0295472, 4;
0.0295524, 4;
0.0295466, 4;
0.029544, 4;
0.0296144, 4;
0.028977, 4;
0.029546, 4;
0.029546, 4;
0.0295498, 4;
0.0295856, 4;
0.0290032, 4;
0.0295479, 4;
0.0295543, 4;
0.0295472, 4;
0.0295338, 4;
0.0295511, 4;
0.0295485, 4;
0.0295447, 4;
0.0295479, 4;
0.0290467, 4;
0.0295472, 4;
0.0297546, 4;
0.0298449, 4;
0.0290506, 4;
0.0295415, 4;
0.0295613, 4;
0.0295312, 4;
0.0290525, 4;
0.0295408, 4;
0.0295498, 4;
0.0295703, 4;
0.0295229, 4;
0.0295472, 4;
0.0295453, 4;
0.0295472, 4;
0.029544, 4;
0.0295466, 4;
0.0295479, 4;
0.028632, 4;
0.0289482, 4;
0.0295498, 4;
0.0295351, 4;
0.0295492, 4;
0.0295799, 4;
0.0295108, 4;
0.0295498, 4;
0.0297418, 4;
0.0298577, 4;
0.0295428, 4;
0.0295472, 4;
0.0295645, 4;
0.0295351, 4;
0.0295498, 4;
0.0295383, 4;
0.0290474, 4;
0.0302839, 4;
0.0288099, 4;
0.0295479, 4;
0.0295453, 4;
0.0295453, 4;
0.0290461, 4;
0.0295466, 4;
0.0295428, 4;
0.0295581, 4;
0.0295556, 4;
0.0295332, 4;
0.0295466, 4;
0.0298813, 4;
0.0292151, 4;
0.029546, 4;
0.0295466, 4;
0.0290455, 4;
0.0300785, 4;
0.0290147, 4;
0.0295472, 4;
0.0295466, 4;
0.0295479, 4;
0.0295543, 4;
0.0295434, 4;
0.0295575, 4;
0.0295434, 4;
0.0295594, 4;
0.0290231, 4;
0.0295575, 4;
0.0295466, 4;
0.0295376, 4;
0.029546, 4;
0.0295524, 4;
0.0295415, 4;
0.0295498, 4;
0.0295517, 4;
0.0295562, 4;
0.0295351, 4;
0.0295524, 4;
0.0295408, 4;
0.0295447, 4;
0.0295575, 4;
0.0290403, 4;
0.0295908, 4;
0.0295012, 4;
0.0295421, 4;
0.0295466, 4;
0.0295492, 4;
0.0295428, 4;
0.0295472, 4;
0.0295543, 4;
0.0295453, 4;
0.0295447, 4;
0.0295575, 4;
0.0296381, 4;
0.0289629, 4;
0.0295274, 4;
0.0295479, 4;
0.0295396, 4;
0.0295626, 4;
0.0290461, 4;
0.0290384, 4;
0.029546, 4;
0.029546, 4;
0.0295543, 4;
0.0295575, 4;
0.0295293, 4;
0.0295453, 4;
0.0295549, 4;
0.0295466, 4;
0.0295536, 4;
0.0295364, 4;
0.0295908, 4;
0.0290019, 4;
0.0295453, 4;
0.0295485, 4;
0.0295677, 4;
0.0295376, 4;
0.0290371, 4;
0.0295453, 4;
0.0295466, 4;
0.0295568, 4;
0.0295754, 4;
0.0290167, 4;
0.0295511, 4;
0.0290461, 4;
0.0295472, 4;
0.0290378, 2;
0.0295453, 2;
0.0295472, 2;
0.0295434, 2;
0.0295466, 2;
0.0295485, 2;
0.0295511, 2;
0.029553, 2;
0.0290352, 2;
0.0295504, 2;
0.0295434, 2;
0.0290442, 2;
0.0295056, 2;
0.0295575, 2;
0.0295786, 2;
0.0295223, 2;
0.0290339, 2;
0.0295453, 2;
0.029544, 2;
0.0290531, 2;
0.0295485, 2;
0.0295396, 2;
0.0295588, 2;
0.0295364, 2;
0.0290877, 2;
0.0295165, 2;
0.0298538, 2;
0.0297348, 2;
0.0300477, 2;
0.029544, 2;
0.0295472, 2;
0.0295607, 2;
0.0295402, 2;
0.0290698, 2;
0.029521, 2;
0.0295421, 2;
0.0295415, 2;
0.0295536, 2;
0.0295447, 2;
0.0295472, 2;
0.0295549, 2;
0.0290519, 2;
0.0290423, 2;
0.0295485, 2;
0.0295383, 2;
0.0295498, 2;
0.0295415, 2;
0.0290435, 2;
0.0295524, 2;
0.0290512, 2;
0.0290461, 2;
0.0295434, 2;
0.0295408, 2;
0.0295536, 2;
0.0285507, 2;
0.0295453, 2;
0.0295472, 2;
0.0295376, 2;
0.0295607, 2;
0.0290333, 2;
0.0295421, 2;
0.0295549, 2;
0.0295447, 2;
0.0295447, 2;
0.0285456, 2;
0.0295466, 2;
0.0291415, 2;
0.0294519, 2;
0.0295479, 2;
0.029546, 2;
0.0295479, 2;
0.0295549, 2;
0.0290576, 2;
0.0295255, 2;
0.0295504, 2;
0.0295434, 2;
0.0295466, 2;
0.0300509, 2;
0.0295453, 2;
0.0295549, 2;
0.029537, 2;
0.0295479, 2;
0.0295645, 2;
0.0292855, 2;
0.0293002, 2;
0.0295376, 2;
0.0295492, 2;
0.029544, 2;
0.0295511, 2;
0.0295428, 2;
0.0295492, 2;
0.0290448, 2;
0.0295671, 2;
0.0295274, 2;
0.029546, 2;
0.0295472, 2;
0.0295447, 2;
0.0295504, 2;
0.0295492, 2;
0.0295677, 2;
0.0295293, 2;
0.0295485, 2;
0.0295376, 2;
0.0295472, 2;
0.0295581, 2;
0.0295581, 2;
0.0295306, 2;
0.0295472, 2;
0.0295434, 2;
0.028559, 2;
0.029032, 2;
0.0295485, 2;
0.0290531, 2;
0.029553, 2;
0.0295306, 2;
0.0295466, 2;
0.0295479, 2;
0.0295511, 2;
0.0290435, 2;
0.0295492, 2;
0.0290397, 2;
0.0295504, 2;
0.0295472, 2;
0.0295466, 2;
0.0295524, 2;
0.0295479, 2;
0.0285533, 2;
0.0290352, 2;
0.0295453, 2;
0.0295511, 2;
0.0290512, 2;
0.0295402, 2;
0.0295389, 2;
0.0295498, 2;
0.0295914, 2;
0.0290045, 2;
0.0295453, 2;
0.0295472, 2;
0.029562, 2;
0.029546, 2;
0.0295402, 2;
0.0299204, 2;
0.0296701, 2;
0.0295799, 2;
0.0290096, 2;
0.0295479, 2;
0.0295549, 2;
0.0295428, 2;
0.0295402, 2;
0.0290717, 2;
0.0295261, 2;
0.0295549, 2;
0.0290378, 2;
0.0295492, 2;
0.0290455, 2;
0.0290461, 2;
0.0295498, 2;
0.0290442, 2;
0.0295498, 2;
0.029544, 2;
0.0290736, 2;
0.0295178, 2;
0.0295485, 2;
0.0295549, 2;
0.0295415, 2;
0.0295722, 2;
0.0295172, 2;
0.0295479, 2;
0.0295748, 2;
0.0295357, 2;
0.0295306, 2;
0.0295479, 2;
0.029546, 2;
0.0295485, 2;
0.0295466, 2;
0.0295466, 2;
0.0290474, 2;
0.0295197, 2;
0.0295338, 2;
0.029546, 2;
0.0295485, 2;
0.029544, 2;
0.0290602, 3;
0.029537, 3;
0.0290435, 3;
0.0295748, 3;
0.0290314, 3;
0.0295568, 3;
0.0290243, 3;
0.029048, 3;
0.0295421, 3;
0.0290467, 3;
0.0290525, 3;
0.0290455, 3;
0.0290467, 3;
0.0290499, 3;
0.0295421, 3;
0.0290557, 3;
0.0290685, 3;
0.0290167, 3;
0.0290416, 3;
0.0295472, 3;
0.0290423, 3;
0.0290531, 3;
0.0295396, 3;
0.0285565, 3;
0.0295357, 3;
0.0290499, 3;
0.0290435, 3;
0.0290461, 3;
0.0290455, 3;
0.0290576, 3;
0.0295383, 3;
0.029546, 3;
0.0290519, 3;
0.0290487, 3;
0.0290455, 3;
0.0290365, 3;
0.0295472, 3;
0.0295485, 3;
0.0285514, 3;
0.0290365, 3;
0.0295504, 3;
0.0285475, 3;
0.0290467, 3;
0.0290487, 3;
0.0291037, 3;
0.0294948, 3;
0.0290512, 3;
0.0290384, 3;
0.0290397, 3;
0.0290499, 3;
0.029057, 3;
0.0290346, 3;
0.0290455, 3;
0.0285482, 3;
0.0295421, 3;
0.0290499, 3;
0.0290461, 3;
0.0290519, 3;
0.0290339, 3;
0.0290467, 3;
0.0290467, 3;
0.0291287, 3;
0.0289879, 3;
0.0295223, 3;
0.0285635, 3;
0.0290275, 3;
0.0290448, 3;
0.0295472, 3;
0.0295472, 3;
0.0295504, 3;
0.0295447, 3;
0.0290512, 3;
0.0296042, 3;
0.0294922, 3;
0.0285494, 3;
0.0290359, 3;
0.0290461, 3;
0.0290493, 3;
0.0290493, 3;
0.029041, 3;
0.028545, 3;
0.0290493, 3;
0.0290506, 3;
0.0295389, 3;
0.0290435, 3;
0.0290506, 3;
0.0290448, 3;
0.0295472, 3;
0.0290576, 3;
0.0290519, 3;
0.0295408, 3;
0.0290365, 3;
0.029546, 4;
0.0290615, 4;
0.0295325, 4;
0.0300452, 4;
0.0295479, 4;
0.0295511, 4;
0.0295728, 4;
0.0290218, 4;
0.029546, 4;
0.0295549, 4;
0.0295581, 4;
0.0290237, 4;
0.0295466, 4;
0.0295479, 4;
0.0295594, 4;
0.0290352, 4;
0.0295402, 4;
0.0290506, 4;
0.0295472, 4;
0.0295511, 4;
0.0295421, 4;
0.0295479, 4;
0.0295466, 4;
0.0296055, 4;
0.028984, 4;
0.0295472, 4;
0.0295933, 4;
0.0290019, 4;
0.0290487, 4;
0.0295383, 4;
0.0290487, 4;
0.0295568, 4;
0.0295402, 4;
0.0290429, 4;
0.0295466, 4;
0.0295568, 4;
0.0295421, 4;
0.0295453, 4;
0.0300625, 4;
0.0290346, 4;
0.0295568, 4;
0.0295357, 4;
0.0295453, 4;
0.0295479, 4;
0.0295479, 4;
0.0290461, 4;
0.0295504, 4;
0.0295434, 4;
0.0295562, 4;
0.029041, 4;
0.0295447, 4;
0.028545, 4;
0.0295479, 4;
0.029544, 4;
0.0290506, 4;
0.0295453, 4;
0.0298039, 4;
0.0287856, 4;
0.0290474, 4;
0.029546, 4;
0.0295498, 4;
0.0295447, 4;
0.0290442, 4;
0.0295504, 4;
0.0296349, 4;
0.028968, 4;
0.0290576, 4;
0.0290256, 4;
0.029546, 4;
0.0295517, 4;
0.0295453, 4;
0.0295517, 4;
0.0295408, 4;
0.0295504, 4;
0.0295498, 4;
0.0290448, 4;
0.0295498, 4;
0.0290403, 4;
0.0295485, 4;
0.0295434, 4;
0.0295498, 4;
0.0295389, 4;
0.029562, 4;
0.0290435, 4;
0.0295402, 4;
0.0285501, 4;
0.0295434, 4;
0.029546, 4;
0.0290442, 4;
0.0285526, 4;
0.0290544, 4;
0.0290423, 4;
0.0290455, 4;
0.029544, 4;
0.0295396, 4;
0.029544, 4;
0.0295492, 4;
0.0295466, 4;
0.0295466, 4;
0.0295479, 4;
0.0296496, 4;
0.0294512, 4;
0.0290499, 4;
0.0295408, 4;
0.029544, 4;
0.0285443, 4;
0.0295453, 4;
0.0290499, 4;
0.0295472, 4;
0.0285437, 4;
0.0290487, 4;
0.0295415, 4;
0.0295421, 4;
0.0295549, 4;
0.0295492, 4;
0.029562, 4;
0.0290282, 4;
0.0295543, 4;
0.0290455, 4;
0.0290352, 4;
0.0290525, 4;
0.0295466, 4;
0.029544, 4;
0.0295524, 4;
0.029626, 4;
0.0289661, 4;
0.0290461, 4;
0.0300535, 4;
0.0295364, 4;
0.0290467, 4;
0.0295472, 4;
0.0295607, 4;
0.0290365, 4;
0.0295479, 4;
0.0295504, 4;
0.0290403, 4;
0.0295447, 4;
0.0290499, 4;
0.0295568, 4;
0.0295376, 4;
0.0290538, 4;
0.0295312, 4;
0.0295575, 4;
0.0295485, 4;
0.0295383, 4;
0.0295492, 4;
0.0295626, 4;
0.0295338, 4;
0.0295933, 4;
0.0294967, 4;
0.0295588, 4;
0.029544, 4;
0.0290391, 4;
0.0295453, 4;
0.0290448, 4;
0.0295588, 4;
0.0290359, 4;
0.0295536, 4;
0.0295415, 4;
0.0295524, 4;
0.0290339, 4;
0.0295498, 4;
0.0295498, 4;
0.029057, 4;
0.0295517, 4;
0.0290544, 2;
0.0295274, 2;
0.0290493, 2;
0.0286992, 2;
0.0288925, 2;
0.0295396, 2;
0.029546, 2;
0.0295504, 2;
0.0290435, 2;
0.0295492, 2;
0.0295485, 2;
0.0295575, 2;
0.0290333, 2;
0.0295447, 2;
0.0285462, 2;
0.0296688, 2;
0.0294378, 2;
0.0290314, 2;
0.0295485, 2;
0.0295492, 2;
0.0295703, 2;
0.0290167, 2;
0.0295479, 2;
0.0295632, 2;
0.0290397, 2;
0.0290429, 2;
0.0290416, 2;
0.0295466, 2;
0.0300631, 2;
0.0290288, 2;
0.029553, 2;
0.0295549, 2;
0.0295415, 2;
0.0290391, 2;
0.0295479, 2;
0.0295447, 2;
0.0290512, 2;
0.0290711, 2;
0.0290314, 4;
0.0412257, 9;
0.0258812, 9;
0.0255285, 9;
0.0255388, 9;
0.0255407, 9;
0.0255381, 9;
0.025558, 9;
0.0255253, 9;
0.0255426, 9;
0.0255375, 9;
0.0255445, 9;
0.0255509, 9;
0.0255375, 9;
0.0255343, 9;
0.0255343, 9;
0.0255433, 9;
0.0255657, 9;
0.0255247, 9;
0.0255311, 9;
0.0255375, 9;
0.0255381, 9;
0.025549, 9;
0.0255407, 9;
0.0255362, 9;
0.0255433, 9;
0.0255407, 9;
0.0255573, 9;
0.0255516, 9;
0.025558, 9;
0.0254997, 9;
0.0255381, 9;
0.0255394, 9;
0.0255477, 9;
0.0255388, 9;
0.0255362, 9;
0.0255637, 9;
0.0255145, 9;
0.0255561, 9;
0.0255305, 9;
0.0255388, 9;
0.0257417, 9;
0.025837, 9;
0.0255522, 9;
0.0255305, 9;
0.0255388, 9;
0.0256245, 9;
0.0254581, 9;
0.0255452, 9;
0.0255369, 9;
0.0260386, 9;
0.0306423, 9;
0.030787, 9;
0.0267491, 9;
0.0260079, 9;
0.0256335, 9;
0.0270249, 9;
0.0254729, 9;
0.0255298, 9;
0.0260284, 9;
0.0255484, 9;
0.0255401, 9;
0.0255413, 9;
0.025558, 9;
0.025526, 9;
0.0255426, 9;
0.0255375, 9;
0.0255733, 9;
0.0260124, 9;
0.0255337, 9;
0.025549, 9;
0.0255413, 9;
0.0255388, 9;
0.0256822, 9;
0.0254037, 9;
0.0255285, 9;
0.0255375, 9;
0.0255471, 9;
0.0255388, 9;
0.0255388, 9;
0.025558, 9;
0.0255241, 9;
0.0255394, 9;
0.0255388, 9;
0.0255439, 9;
0.0255381, 9;
0.0257263, 9;
0.0258582, 9;
0.0255381, 9;
0.0255471, 9;
0.0255381, 9;
0.0255516, 9;
0.025533, 9;
0.0255362, 9;
0.0255394, 9;
0.0255439, 9;
0.0255573, 9;
0.0260252, 9;
0.0255324, 9;
0.0255541, 9;
0.0255983, 9;
0.0254901, 9;
0.0255253, 9;
0.0255465, 9;
0.0255401, 9;
0.0255394, 9;
0.0255439, 9;
0.025549, 9;
0.0255407, 9;
0.0255394, 9;
0.0255465, 9;
0.0255356, 9;
0.0258434, 9;
0.0287952, 9;
0.025782, 9;
0.0292746, 9;
0.0255394, 9;
0.0255196, 9;
0.025542, 9;
0.0255497, 9;
0.0255362, 9;
0.0255426, 9;
0.0255292, 9;
0.0255394, 9;
0.0255567, 9;
0.0255388, 9;
0.0255369, 9;
0.025533, 9;
0.0255452, 9;
0.0255413, 9;
0.026054, 9;
0.0255247, 9;
0.0255465, 9;
0.0255381, 9;
0.0255381, 9;
0.0255509, 9;
0.0255279, 9;
0.0255836, 9;
0.0254965, 9;
0.0255401, 9;
0.0255484, 9;
0.0255343, 9;
0.0255477, 9;
0.0255375, 9;
0.0255599, 9;
0.0255202, 9;
0.0255381, 9;
0.0255477, 9;
0.025533, 9;
0.0255516, 9;
0.0255445, 9;
0.0255445, 9;
0.0255202, 9;
0.0255394, 9;
0.0255465, 9;
0.0255452, 9;
0.0257353, 9;
0.0259529, 9;
0.0268355, 9;
0.0266396, 9;
0.026079, 9;
0.026013, 9;
0.026093, 9;
0.0264796, 9;
0.0255887, 9;
0.0254914, 9;
0.0255465, 9;
0.0255305, 9;
0.0255522, 9;
0.0255317, 9;
0.0255381, 9;
0.0255458, 9;
0.0255349, 9;
0.0255465, 9;
0.0260438, 9;
0.0255612, 9;
0.0257225, 9;
0.0258614, 9;
0.0255196, 9;
0.0277712, 9;
0.0258095, 9;
0.0255458, 9;
0.0255356, 9;
0.0255362, 9;
0.0255497, 9;
0.025542, 9;
0.0255407, 9;
0.0255285, 9;
0.0255503, 9;
0.0268508, 9;
0.0257218, 9;
0.0255708, 9;
0.025526, 9;
0.0260374, 9;
0.0255599, 9;
0.0255145, 9;
0.0255369, 9;
0.0255439, 9;
0.0255362, 9;
0.0255413, 9;
0.0255477, 9;
0.0255337, 9;
0.026038, 9;
0.0260559, 9;
0.0255305, 9;
0.0255388, 9;
0.0255407, 9;
0.0255401, 9;
0.0255516, 9;
0.0255305, 9;
0.0255401, 9;
0.0255548, 9;
0.0255426, 9;
0.0255535, 9;
0.0255106, 9;
0.0255426, 9;
0.0255343, 9;
0.0255477, 9;
0.0255381, 9;
0.0255561, 9;
0.0255285, 9;
0.0255535, 9;
0.0255375, 9;
0.0255317, 9;
0.0260418, 9;
0.0255369, 9;
0.0255413, 9;
0.0255407, 9;
0.0255413, 9;
0.0255349, 9;
0.0255477, 9;
0.0255439, 9;
0.0255349, 9;
0.025542, 9;
0.0255477, 9;
0.0255381, 9;
0.0255426, 9;
0.0255317, 9;
0.0255471, 9;
0.0255356, 9;
0.0255465, 9;
0.0255439, 9;
0.0255413, 9;
0.0260399, 9;
0.0255343, 9;
0.025542, 9;
0.0255465, 9;
0.0255458, 9;
0.0255337, 9;
0.0255484, 9;
0.0255273, 9;
0.0255413, 9;
0.0255708, 9;
0.0255106, 9;
0.0255381, 9;
0.0255452, 9;
0.0255439, 9;
0.0255445, 9;
0.0255305, 9;
0.0255388, 9;
0.0255407, 9;
0.0261769, 9;
0.0254057, 9;
0.0255439, 9;
0.0255657, 9;
0.0255183, 9;
0.0255343, 9;
0.0255394, 9;
0.025549, 9;
0.0258082, 9;
0.0257686, 9;
0.0255394, 9;
0.0256105, 9;
0.0254722, 9;
0.0255426, 9;
0.0255388, 9;
0.0255497, 9;
0.0256502, 9;
0.0254242, 9;
0.0255381, 9;
0.0255445, 9;
0.0255727, 9;
0.0255189, 9;
0.0255253, 9;
0.0255445, 9;
0.0255452, 9;
0.0255413, 9;
0.025533, 9;
0.0255452, 9;
0.0255337, 9;
0.025542, 9;
0.0255471, 9;
0.0255484, 9;
0.0255273, 9;
0.0255381, 9;
0.0255381, 9;
0.0255637, 9;
0.0255241, 9;
0.0255356, 9;
0.0255362, 9;
0.0255452, 9;
0.0255689, 9;
0.0255119, 9;
0.0255388, 9;
0.0255426, 9;
0.0257097, 9;
0.0253705, 9;
0.0255413, 9;
0.0255413, 9;
0.0255401, 9;
0.0255439, 9;
0.0255426, 9;
0.0255375, 9;
0.0255381, 9;
0.0255484, 9;
0.0265692, 9;
0.0255247, 9;
0.0292516, 9;
0.0347052, 9;
0.026856, 9;
0.0253577, 9;
0.0255356, 9;
0.0255817, 9;
0.0255497, 9;
0.0295037, 9;
0.0255369, 9;
0.0255388, 9;
0.0255362, 9;
0.0255407, 9;
0.0255509, 9;
0.0255369, 9;
0.0255375, 9;
0.0255394, 9;
0.0255356, 9;
0.0255714, 9;
0.025533, 9;
0.0255241, 9;
0.0255401, 9;
0.0255529, 9;
0.0255369, 9;
0.0255375, 9;
0.0255407, 9;
0.0255375, 9;
0.0255401, 9;
0.0255426, 9;
0.0255362, 9;
0.0255407, 9;
0.0255439, 9;
0.0255407, 9;
0.0255471, 9;
0.025549, 9;
0.0255285, 9;
0.025542, 9;
0.0255401, 9;
0.0255445, 9;
0.0264406, 9;
0.0309252, 9;
0.0384186, 9;
0.0391143, 9;
0.0299703, 9;
0.0401921, 9;
0.0291235, 9;
0.0331557, 9;
0.0276745, 9;
0.0275017, 9;
0.0283555, 9;
0.0282403, 9;
0.0310763, 9;
0.0392192, 9;
0.0364467, 9;
0.047832, 9;
0.0339685, 9;
0.0899563, 9;
0.0266595, 9;
0.0317694, 9;
0.0294224, 9;
0.0277789, 9;
0.0255388, 9;
0.025686, 9;
0.0258972, 9;
0.0255407, 9;
0.0255407, 9;
0.0255343, 9;
0.0255369, 9;
0.0255407, 9;
0.0255394, 9;
0.025542, 9;
0.025542, 9;
0.0255516, 9;
0.0255241, 9;
0.0255465, 9;
0.0256066, 9;
0.0259721, 9;
0.0255407, 9;
0.0255413, 9;
0.0255433, 9;
0.0255433, 9;
0.0257602, 9;
0.0258178, 9;
0.025542, 9;
0.0255388, 9;
0.0255407, 9;
0.0255733, 9;
0.0255119, 9;
0.0255381, 9;
0.0255356, 9;
0.0255522, 9;
0.0255317, 9;
0.0255369, 9;
0.025542, 9;
0.0255535, 9;
0.0255388, 9;
0.0255369, 9;
0.0255509, 9;
0.0255401, 9;
0.0255439, 9;
0.0255234, 9;
0.0255407, 9;
0.0255433, 9;
0.0255439, 9;
0.0255452, 9;
0.0255356, 9;
0.0255401, 9;
0.0255349, 9;
0.0255413, 9;
0.0255618, 9;
0.0255189, 9;
0.0255369, 9;
0.025549, 9;
0.0256348, 9;
0.0254415, 9;
0.0255375, 9;
0.0255497, 9;
0.0255394, 9;
0.0255452, 9;
0.0255317, 9;
0.0255433, 9;
0.0255401, 9;
0.0255388, 9;
0.0255394, 9;
0.0256982, 9;
0.0253833, 9;
0.0255381, 9;
0.0255407, 9;
0.0255401, 9;
0.0255439, 9;
0.0255388, 9;
0.0255509, 9;
0.0255868, 9;
0.0254882, 9;
0.0255471, 9;
0.0255439, 9;
0.0255292, 9;
0.0255541, 9;
0.026047, 9;
0.0255209, 9;
0.025542, 9;
0.0255439, 9;
0.025549, 9;
0.0255452, 9;
0.0255247, 9;
0.0255401, 9;
0.0255445, 9;
0.0255356, 9;
0.0255452, 9;
0.0255369, 9;
0.0255765, 9;
0.0255132, 9;
0.0260431, 9;
0.0255349, 9;
0.0255349, 9;
0.0255413, 9;
0.0255381, 9;
0.0255407, 9;
0.0255445, 9;
0.0255362, 9;
0.025542, 9;
0.0255381, 9;
0.0255471, 9;
0.0255759, 9;
0.02551, 9;
0.0255356, 9;
0.0255484, 9;
0.0255369, 9;
0.0255324, 9;
0.0255465, 9;
0.0255407, 9;
0.0255445, 9;
0.0255324, 9;
0.0256732, 9;
0.0254031, 9;
0.0255522, 9;
0.025533, 9;
0.0255394, 9;
0.0255381, 9;
0.0255465, 9;
0.0255433, 9;
0.0255362, 9;
0.0255458, 9;
0.0265539, 9;
0.0255311, 9;
0.0255337, 9;
0.0255433, 9;
0.0255369, 9;
0.0255509, 9;
0.0260271, 9;
0.0255426, 9;
0.0255471, 9;
0.0255497, 9;
0.0255324, 9;
0.0255305, 9;
0.0255413, 9;
0.0255426, 9;
0.0255407, 9;
0.0255369, 9;
0.0255465, 9;
0.0255465, 9;
0.0255375, 9;
0.0256303, 9;
0.025494, 9;
0.0254972, 9;
0.0255337, 9;
0.0255573, 9;
0.0260278, 9;
0.0255388, 9;
0.0255388, 9;
0.0255413, 9;
0.0255439, 9;
0.0255413, 9;
0.0255407, 9;
0.0255407, 9;
0.0255413, 9;
0.0255369, 9;
0.025542, 9;
0.0255375, 9;
0.0255439, 9;
0.0255497, 9;
0.0255349, 9;
0.0255401, 9;
0.0255561, 9;
0.0260591, 9;
0.0255081, 9;
0.0255362, 9;
0.0255439, 9;
0.0260425, 9;
0.0260438, 9;
0.0255388, 9;
0.025542, 9;
0.0255433, 9;
0.0255375, 9;
0.0260348, 9;
0.0255503, 9;
0.0260425, 9;
0.0255305, 9;
0.0255458, 9;
0.0255349, 9;
0.0257257, 9;
0.0258697, 9;
0.0255439, 9;
0.0255381, 9;
0.0255298, 9;
0.0255375, 9;
0.025542, 9;
0.0255516, 9;
0.0255343, 9;
0.0255317, 9;
0.0255452, 9;
0.0255548, 9;
0.025526, 9;
0.0255381, 9;
0.0255369, 9;
0.0255465, 9;
0.0255362, 9;
0.0255452, 9;
0.025565, 9;
0.0260169, 9;
0.0255554, 9;
0.0255465, 9;
0.0260655, 9;
0.0260066, 9;
0.0255292, 9;
0.0255394, 9;
0.0255401, 9;
0.0255433, 9;
0.0255509, 9;
0.0260374, 9;
0.0321144, 9;
0.0311492, 9;
0.0258658, 9;
0.025574, 9;
0.0255068, 9;
0.025542, 9;
0.0255394, 9;
0.0255413, 9;
0.0255484, 9;
0.0255407, 9;
0.0256335, 9;
0.0259554, 9;
0.0255324, 9;
0.0255369, 9;
0.0255497, 9;
0.025542, 9;
0.0255337, 9;
0.0255567, 9;
0.0255209, 9;
0.0255445, 9;
0.0255541, 9;
0.0255247, 9;
0.0255388, 9;
0.0255401, 9;
0.0255394, 9;
0.0255535, 9;
0.0255618, 9;
0.0255113, 9;
0.0255375, 9;
0.0255458, 9;
0.0255535, 9;
0.0255247, 9;
0.0260399, 9;
0.0255452, 9;
0.0255407, 9;
0.0255394, 9;
0.0255413, 9;
0.0255388, 9;
0.0255433, 9;
0.0255631, 9;
0.0255145, 9;
0.0255375, 9;
0.0255407, 9;
0.0255394, 9;
0.0255439, 9;
0.0255362, 9;
0.0256015, 9;
0.0254825, 9;
0.0255445, 9;
0.0255426, 9;
0.0255439, 9;
0.0257103, 9;
0.025382, 9;
0.025517, 9;
0.0255433, 9;
0.0255433, 9;
0.0255369, 9;
0.0255445, 9;
0.0255369, 9;
0.0255503, 9;
0.0255343, 9;
0.0255452, 9;
0.0255349, 9;
0.0255401, 9;
0.0255439, 9;
0.0255561, 9;
0.0255273, 9;
0.0255458, 9;
0.0255285, 9;
0.0255413, 9;
0.0255433, 9;
0.0255458, 9;
0.0255337, 9;
0.0255349, 9;
0.0255458, 9;
0.0255381, 9;
0.0255388, 9;
0.0255362, 9;
0.0255663, 9;
0.0260348, 9;
0.0255324, 9;
0.0255394, 9;
0.0255407, 9;
0.0255369, 9;
0.0255509, 9;
0.0256918, 9;
0.0254306, 9;
0.0254959, 9;
0.0260495, 9;
0.0255311, 9;
0.0255362, 9;
0.0255401, 9;
0.0255356, 9;
0.0255426, 9;
0.0255471, 9;
0.0255433, 9;
0.0255311, 9;
0.0255484, 9;
0.0255343, 9;
0.0255458, 9;
0.0255324, 9;
0.0255401, 9;
0.0255413, 9;
0.0255817, 9;
0.0255087, 9;
0.0255317, 9;
0.0255663, 9;
0.0255189, 9;
0.0257666, 9;
0.0258089, 9;
0.0255484, 9;
0.0255324, 9;
0.0255413, 9;
0.0255413, 9;
0.0255407, 9;
0.025542, 9;
0.0255554, 9;
0.0255317, 9;
0.0255497, 9;
0.0255311, 9;
0.025542, 9;
0.0255381, 9;
0.0255369, 9;
0.0255458, 9;
0.0255317, 9;
0.0255439, 9;
0.0255407, 9;
0.0255458, 9;
0.0260514, 9;
0.0255247, 9;
0.0255426, 9;
0.0255471, 9;
0.0255292, 9;
0.0255426, 9;
0.025549, 9;
0.0255375, 9;
0.0255452, 9;
0.0255375, 9;
0.0255471, 9;
0.0255305, 9;
0.0255625, 9;
0.0255196, 9;
0.0255426, 9;
0.0255458, 9;
0.0255337, 9;
0.0255433, 9;
0.0255445, 9;
0.0255356, 9;
0.0255721, 9;
0.0255042, 9;
0.0255413, 9;
0.0255401, 9;
0.0255599, 9;
0.0255401, 9;
0.0255285, 9;
0.0255465, 9;
0.0255273, 9;
0.0255497, 9;
0.0255298, 9;
0.025542, 9;
0.0255401, 9;
0.0255413, 9;
0.0255484, 9;
0.0255362, 9;
0.0255362, 9;
0.0255413, 9;
0.0255753, 9;
0.0255401, 9;
0.0255061, 9;
0.025542, 9;
0.0255388, 9;
0.0255465, 9;
0.0255433, 9;
0.0255356, 9;
0.0255388, 9;
0.0255394, 9;
0.0255477, 9;
0.0255413, 9;
0.0255317, 9;
0.0255375, 9;
0.0255452, 9;
0.0255394, 9;
0.0255375, 9;
0.0255394, 9;
0.0255439, 9;
0.025558, 9;
0.0255471, 9;
0.0255311, 9;
0.0255407, 9;
0.0255292, 9;
0.0255388, 9;
0.025542, 9;
0.0255394, 9;
0.025542, 9;
0.0255381, 9;
0.0255541, 9;
0.0255337, 9;
0.0255356, 9;
0.0255388, 9;
0.0255394, 9;
0.0255433, 9;
0.0255413, 9;
0.0255401, 9;
0.0255426, 9;
0.0255388, 9;
0.0257698, 9;
0.0263254, 9;
0.0260335, 9;
0.0255356, 9;
0.0255426, 9;
0.0255401, 9;
0.0255343, 9;
0.025542, 9;
0.025549, 9;
0.0255759, 9;
0.0255036, 9;
0.0255535, 9;
0.0255247, 9;
0.0255509, 9;
0.0255503, 9;
0.0255343, 9;
0.0255439, 9;
0.0255234, 9;
0.0257807, 9;
0.0297079, 9;
0.028111, 9;
0.0255695, 9;
0.0255247, 9;
0.0255433, 9;
0.0255401, 9;
0.0255452, 9;
0.025533, 9;
0.0255477, 9;
0.0255349, 9;
0.0255401, 9;
0.0255439, 9;
0.0255356, 9;
0.0255426, 9;
0.0255375, 9;
0.025565, 9;
0.0255177, 9;
0.025542, 9;
0.0255375, 9;
0.0255433, 9;
0.0255413, 9;
0.0255452, 9;
0.0260431, 9;
0.0255381, 9;
0.0255394, 9;
0.0255394, 9;
0.0255401, 9;
0.0255413, 9;
0.0255413, 9;
0.0255356, 9;
0.0255433, 9;
0.0255721, 9;
0.0255132, 9;
0.0255433, 9;
0.0255343, 9;
0.0255388, 9;
0.0255394, 9;
0.0255413, 9;
0.0255388, 9;
0.0255401, 9;
0.0255452, 9;
0.0255458, 9;
0.0255337, 9;
0.0255413, 9;
0.0255458, 9;
0.0255356, 9;
0.0255439, 9;
0.0255394, 9;
0.0255394, 9;
0.0255465, 9;
0.0255394, 9;
0.0255881, 9;
0.0274928, 9;
0.0265436, 9;
0.0255426, 9;
0.0255349, 9;
0.0255407, 9;
0.0255676, 9;
0.0255125, 9;
0.0255465, 9;
0.0260508, 9;
0.025533, 9;
0.0255433, 9;
0.0255369, 9;
0.0255503, 9;
0.0259836, 9;
0.0255874, 9;
0.0255381, 9;
0.0255426, 9;
0.0255375, 9;
0.0255458, 9;
0.0255439, 9;
0.0255337, 9;
0.0255433, 9;
0.0255413, 9;
0.0255381, 9;
0.0255394, 9;
0.0255439, 9;
0.0256105, 9;
0.0254671, 9;
0.0255618, 9;
0.0255196, 9;
0.025542, 9;
0.0255458, 9;
0.0265353, 9;
0.0256796, 9;
0.025405, 9;
0.0255394, 9;
0.0255388, 9;
0.0255516, 9;
0.0255298, 9;
0.0255388, 9;
0.0255413, 9;
0.0255369, 9;
0.0255445, 9;
0.025542, 9;
0.0255522, 9;
0.0255401, 9;
0.025919, 9;
0.0256674, 9;
0.0255317, 9;
0.0255362, 9;
0.025542, 9;
0.0255401, 9;
0.025542, 9;
0.025549, 9;
0.0255298, 9;
0.0255413, 9;
0.0255663, 9;
0.0255189, 9;
0.0255369, 9;
0.0255445, 9;
0.0255369, 9;
0.0255401, 9;
0.0255497, 9;
0.0255375, 9;
0.0255426, 9;
0.0255343, 9;
0.0255554, 9;
0.0255324, 9;
0.0255343, 9;
0.0255394, 9;
0.0255433, 9;
0.0255439, 9;
0.0255375, 9;
0.0255362, 9;
0.0255445, 9;
0.025574, 9;
0.0255004, 9;
0.025558, 9;
0.0255343, 9;
0.0255369, 9;
0.0255369, 9;
0.0255362, 9;
0.0255439, 9;
0.0255394, 9;
0.0255394, 9;
0.0255471, 9;
0.0255401, 9;
0.026454, 9;
0.0305118, 9;
0.0281962, 9;
0.0260105, 9;
0.0255426, 9;
0.0255298, 9;
0.0255484, 9;
0.0255503, 9;
0.0260348, 9;
0.0257711, 9;
0.0323205, 9;
0.0255369, 9;
0.0255388, 9;
0.0255529, 9;
0.0255298, 9;
0.025549, 9;
0.0255298, 9;
0.0255445, 9;
0.0260521, 9;
0.0255266, 9;
0.0255529, 9;
0.0255349, 9;
0.0255823, 9;
0.0254972, 9;
0.025542, 9;
0.0255535, 9;
0.025606, 9;
0.0254729, 9;
0.0255445, 9;
0.0255202, 9;
0.0255465, 9;
0.0255445, 9;
0.0255497, 9;
0.0255324, 9;
0.0255305, 9;
0.0255381, 9;
0.0255439, 9;
0.0255369, 9;
0.0255465, 9;
0.0255362, 9;
0.0255394, 9;
0.0255458, 9;
0.0255407, 9;
0.0255343, 9;
0.0255471, 9;
0.0255522, 9;
0.0255234, 9;
0.0255554, 9;
0.0255522, 9;
0.0255177, 9;
0.0255362, 9;
0.0255407, 9;
0.0255375, 9;
0.0255452, 9;
0.0255413, 9;
0.025542, 9;
0.0255349, 9;
0.0255458, 9;
0.0255407, 9;
0.0255548, 9;
0.0255279, 9;
0.0255618, 9;
0.0255241, 9;
0.0255369, 9;
0.0255529, 9;
0.0255279, 9;
0.0255381, 9;
0.0255401, 9;
0.0255407, 9;
0.0255413, 9;
0.0255388, 9;
0.0255452, 9;
0.0255369, 9;
0.0255439, 9;
0.0255356, 9;
0.0255516, 9;
0.0260431, 9;
0.0256194, 9;
0.0259625, 9;
0.0255433, 9;
0.0260265, 9;
0.0255401, 9;
0.0255497, 9;
0.0255317, 9;
0.0255394, 9;
0.0255369, 9;
0.0255497, 9;
0.0255433, 9;
0.0255388, 9;
0.0255375, 9;
0.0255445, 9;
0.0255343, 9;
0.0255471, 9;
0.0260354, 9;
0.0255401, 9;
0.0255708, 9;
0.0255093, 9;
0.0260674, 9;
0.0255151, 9;
0.0255381, 9;
0.0255465, 9;
0.0255413, 9;
0.0255362, 9;
0.0255413, 9;
0.025542, 9;
0.025549, 9;
0.025533, 9;
0.0255567, 9;
0.0255215, 9;
0.0255413, 9;
0.0255394, 9;
0.025542, 9;
0.0255394, 9;
0.0255433, 9;
0.025542, 9;
0.0255484, 9;
0.026054, 9;
0.0255164, 9;
0.0255426, 9;
0.0255349, 9;
0.0255426, 9;
0.0255861, 9;
0.0254933, 9;
0.0255452, 9;
0.0255369, 9;
0.0255593, 9;
0.025542, 9;
0.0255381, 9;
0.0255945, 9;
0.0254997, 9;
0.025533, 9;
0.0255311, 9;
0.0255426, 9;
0.0260386, 9;
0.0255586, 9;
0.0255241, 9;
0.0255477, 9;
0.0255445, 9;
0.0255561, 9;
0.0255228, 9;
0.0255516, 9;
0.0255215, 9;
0.0255439, 9;
0.0255458, 9;
0.0260239, 9;
0.0255465, 9;
0.0255458, 9;
0.027535, 9;
0.02655, 9;
0.0255477, 9;
0.0270288, 9;
0.0255407, 9;
0.0255445, 9;
0.0255593, 9;
0.0255765, 9;
0.0254901, 9;
0.0255637, 9;
0.0255196, 9;
0.0256546, 9;
0.0265692, 9;
0.0259113, 9;
0.0255541, 9;
0.0255113, 9;
0.0255458, 9;
0.0255362, 9;
0.025558, 9;
0.0260649, 9;
0.0260194, 9;
0.0255253, 9;
0.0255362, 9;
0.0255445, 9;
0.0255362, 9;
0.0257122, 9;
0.0253641, 9;
0.0255356, 9;
0.0255503, 9;
0.0257954, 9;
0.0262793, 9;
0.0255772, 9;
0.0255074, 9;
0.0255503, 9;
0.0255311, 9;
0.0260348, 9;
0.0255477, 9;
0.0255401, 9;
0.0255746, 9;
0.0254965, 9;
0.0275542, 9;
0.0260713, 9;
0.026095, 9;
0.0254556, 9;
0.0255746, 9;
0.0255189, 9;
0.0255298, 9;
0.0255388, 9;
0.025542, 9;
0.0255477, 9;
0.0266723, 9;
0.0258326, 9;
0.0256175, 9;
0.0255445, 9;
0.0255337, 9;
0.0255381, 9;
0.0255439, 9;
0.025565, 9;
0.0255215, 9;
0.0255497, 9;
0.0255337, 9;
0.0255452, 9;
0.0255305, 9;
0.0255356, 9;
0.0255356, 9;
0.0265667, 9;
0.0255247, 9;
0.0255349, 9;
0.0255567, 9;
0.0259042, 9;
0.0256636, 9;
0.0255881, 9;
0.0259842, 9;
0.0255522, 9;
0.0255535, 9;
0.0277232, 9;
0.0273475, 9;
0.0335474, 9;
0.0255362, 9;
0.0255413, 9;
0.0255401, 9;
0.0255439, 9;
0.0255375, 9;
0.0255522, 9;
0.0255599, 9;
0.0255119, 9;
0.0255503, 9;
0.0255324, 9;
0.0255465, 9;
0.0255381, 9;
0.0255381, 9;
0.0255375, 9;
0.0255433, 9;
0.0255394, 9;
0.0255369, 9;
0.0255554, 9;
0.0255868, 9;
0.0254812, 9;
0.025542, 9;
0.0255426, 9;
0.0255369, 9;
0.025542, 9;
0.0255586, 9;
0.0255279, 9;
0.0256009, 9;
0.0254773, 9;
0.0255381, 9;
0.0255401, 9;
0.0255439, 9;
0.0255388, 9;
0.0260822, 9;
0.0254978, 9;
0.0255407, 9;
0.0255433, 9;
0.0255657, 9;
0.0255369, 9;
0.026022, 9;
0.0255343, 9;
0.0255426, 9;
0.0255407, 9;
0.0254959, 9;
0.0255413, 9;
0.0255522, 9;
0.0255317, 9;
0.0255433, 9;
0.0257007, 9;
0.0253749, 9;
0.0255407, 9;
0.0255401, 9;
0.0255356, 9;
0.0255471, 9;
0.0255407, 9;
0.025542, 9;
0.0255369, 9;
0.0255465, 9;
0.026061, 9;
0.0255337, 9;
0.0255273, 9;
0.0255458, 9;
0.0255317, 9;
0.0255407, 9;
0.0255413, 9;
0.0255401, 9;
0.0255458, 9;
0.0260502, 9;
0.0255285, 9;
0.0255458, 9;
0.0255375, 9;
0.0255426, 9;
0.0255401, 9;
0.0255356, 9;
0.0255439, 9;
0.0255413, 9;
0.0255343, 9;
0.0255439, 9;
0.0255394, 9;
0.0255586, 9;
0.0265244, 9;
0.0255471, 9;
0.0255593, 9;
0.0255151, 9;
0.0255401, 9;
0.0255401, 9;
0.025542, 9;
0.0255445, 9;
0.0255349, 9;
0.0255439, 9;
0.0255401, 9;
0.0255413, 9;
0.0255407, 9;
0.0255522, 9;
0.0255465, 9;
0.0255273, 9;
0.0255573, 9;
0.0255221, 9;
0.0255445, 9;
0.0255452, 9;
0.0255343, 9;
0.0255561, 9;
0.0255241, 9;
0.0255407, 9;
0.0255401, 9;
0.0255375, 9;
0.025542, 9;
0.0255458, 9;
0.0255349, 9;
0.025542, 9;
0.0255394, 9;
0.0255324, 9;
0.0255471, 9;
0.0255433, 9;
0.0255407, 9;
0.0255317, 9;
0.0255465, 9;
0.025542, 9;
0.0255407, 9;
0.0255362, 9;
0.0255413, 9;
0.0255644, 9;
0.0255164, 9;
0.0255388, 9;
0.0255452, 9;
0.0255401, 9;
0.0255503, 9;
0.0260489, 9;
0.0255343, 9;
0.025533, 9;
0.025542, 9;
0.0255375, 9;
0.0255433, 9;
0.0255567, 9;
0.0255209, 9;
0.0255913, 9;
0.0285686, 9;
0.0348223, 9;
0.0308298, 9;
0.0259266, 9;
0.0260354, 9;
0.0262294, 9;
0.0263471, 9;
0.0255471, 9;
0.0255465, 9;
0.0259305, 9;
0.0261609, 9;
0.025581, 9;
0.02599, 9;
0.0255349, 9;
0.0255413, 9;
0.0255426, 9;
0.0255369, 9;
0.0255445, 9;
0.0255369, 9;
0.0255593, 9;
0.0255279, 9;
0.0255388, 9;
0.0255439, 9;
0.0255401, 9;
0.0255381, 9;
0.0255413, 9;
0.0255388, 9;
0.0255516, 9;
0.0255401, 9;
0.0262812, 9;
0.026294, 9;
0.025542, 9;
0.0255362, 9;
0.0255426, 9;
0.0255349, 9;
0.0255413, 9;
0.0255426, 9;
0.0255497, 9;
0.0260873, 9;
0.0345401, 9;
0.0255017, 9;
0.0255682, 9;
0.0255113, 9;
0.0255849, 9;
0.025501, 9;
0.0255337, 9;
0.0255477, 9;
0.0255631, 9;
0.0260188, 9;
0.0261782, 9;
0.0254005, 9;
0.0255407, 9;
0.0255401, 9;
0.0255362, 9;
0.0255439, 9;
0.0255407, 9;
0.0255349, 9;
0.0255471, 9;
0.0255458, 9;
0.0255356, 9;
0.0255503, 9;
0.0255305, 9;
0.0255516, 9;
0.0255516, 9;
0.0260239, 9;
0.0255541, 9;
0.0255573, 9;
0.0255369, 9;
0.0255125, 9;
0.0255401, 9;
0.0255388, 9;
0.0255445, 9;
0.0255413, 9;
0.0255388, 9;
0.0255433, 9;
0.0255433, 9;
0.0255337, 9;
0.0255413, 9;
0.025542, 9;
0.0255394, 9;
0.0255401, 9;
0.0255381, 9;
0.0255669, 9;
0.0341228, 9;
0.0257199, 9;
0.0262806, 9;
0.0260438, 9;
0.0260406, 9;
0.0255503, 9;
0.0255324, 9;
0.0255503, 9;
0.0256028, 9;
0.0254594, 9;
0.0255477, 9;
0.0255362, 9;
0.0255369, 9;
0.0255394, 9;
0.0255407, 9;
0.0255375, 9;
0.025549, 9;
0.025565, 9;
0.026406, 9;
0.0261609, 9;
0.0255311, 9;
0.0256002, 9;
0.0272764, 9;
0.0257615, 9;
0.0256207, 9;
0.0274422, 9;
0.0255509, 9;
0.0255516, 9;
0.0255356, 9;
0.0258518, 9;
0.0273667, 9;
0.0254114, 9;
0.0255324, 9;
0.0255701, 9;
0.0254972, 9;
0.0255375, 9;
0.0256444, 9;
0.0260815, 9;
0.0259087, 9;
0.0255356, 9;
0.0255337, 9;
0.0265705, 9;
0.0282858, 9;
0.0266556, 9;
0.0361919, 9;
0.0260572, 9;
0.0256732, 9;
0.0273776, 9;
0.0255439, 9;
0.0255433, 9;
0.0255477, 9;
0.0255349, 9;
0.0260463, 9;
0.0255279, 9;
0.0255407, 9;
0.0255433, 9;
0.0255356, 9;
0.0265763, 9;
0.0255753, 9;
0.0260105, 9;
0.0255081, 9;
0.0255356, 9;
0.0259228, 9;
0.0256815, 9;
0.0256303, 9;
0.0254876, 9;
0.0254837, 9;
0.0260489, 9;
0.0261961, 9;
0.0258818, 9;
0.0258076, 9;
0.025775, 9;
0.025574, 9;
0.0285053, 9;
0.0255426, 9;
0.0255401, 9;
0.0271996, 9;
0.0253941, 9;
0.0255324, 9;
0.0255394, 9;
0.0255548, 9;
0.027158, 9;
0.0269091, 9;
0.0260764, 9;
0.0264988, 9;
0.025549, 9;
0.0265353, 9;
0.0255349, 9;
0.0255375, 9;
0.0255836, 9;
0.0260457, 9;
0.0254901, 9;
0.0260495, 9;
0.0255337, 9;
0.0255413, 9;
0.0267292, 9;
0.0254511, 9;
0.0254415, 9;
0.0255407, 9;
0.0255477, 9;
0.0265481, 9;
0.0255362, 9;
0.0255413, 9;
0.025558, 9;
0.0255497, 9;
0.0254997, 9;
0.0255733, 9;
0.0255196, 9;
0.0265647, 9;
0.0255228, 9;
0.0255727, 9;
0.0260079, 9;
0.0255426, 9;
0.0260246, 9;
0.025549, 9;
0.0256329, 9;
0.0274537, 9;
0.0255874, 9;
0.0255349, 9;
0.0264982, 9;
0.0255439, 9;
0.0255401, 9;
0.0256079, 9;
0.0254748, 9;
0.0255337, 9;
0.0255477, 9;
0.0255337, 9;
0.0255842, 9;
0.0254959, 9;
0.0255356, 9;
0.0255413, 9;
0.0255458, 9;
0.0255458, 9;
0.0255356, 9;
0.0255541, 9;
0.0255241, 9;
0.0255356, 9;
0.025574, 9;
0.0491025, 9;
0.0281814, 9;
0.0256943, 9;
0.0256898, 9;
0.0255401, 9;
0.0255477, 9;
0.0255407, 9;
0.0255343, 9;
0.0255516, 9;
0.0255413, 9;
0.0255273, 9;
0.0255445, 9;
0.0255362, 9;
0.0255439, 9;
0.0260534, 9;
0.0255593, 9;
0.0255151, 9;
0.0255362, 9;
0.0255804, 9;
0.0254985, 9;
0.025542, 9;
0.0255593, 9;
0.0255311, 9;
0.0255298, 9;
0.0255407, 9;
0.0255439, 9;
0.0255343, 9;
0.02559, 9;
0.025494, 9;
0.0255765, 9;
0.0255068, 9;
0.0260431, 9;
0.0255375, 9;
0.0255484, 9;
0.0255413, 9;
0.0260367, 9;
0.0255644, 9;
0.0255138, 9;
0.0255375, 9;
0.0255445, 9;
0.0255394, 9;
0.0255413, 9;
0.0255413, 9;
0.025549, 9;
0.0255324, 9;
0.026205, 9;
0.0253724, 9;
0.0255439, 9;
0.0255529, 9;
0.0255324, 9;
0.0255554, 9;
0.0255196, 9;
0.0255503, 9;
0.0255305, 9;
0.0255484, 9;
0.0255317, 9;
0.0255407, 9;
0.0255401, 9;
0.025542, 9;
0.0256066, 9;
0.0254889, 9;
0.0255292, 9;
0.0255433, 9;
0.0256028, 9;
0.0254716, 9;
0.0255407, 9;
0.0255413, 9;
0.0255413, 9;
0.0255484, 9;
0.0255394, 9;
0.0255503, 9;
0.0260239, 9;
0.0255605, 9;
0.0255266, 9;
0.0255375, 9;
0.0255375, 9;
0.0255433, 9;
0.0255394, 9;
0.0255471, 9;
0.025558, 9;
0.0255183, 9;
0.0255593, 9;
0.0255189, 9;
0.0255439, 9;
0.0255394, 9;
0.0255529, 9;
0.0255279, 9;
0.0255401, 9;
0.0255458, 9;
0.0255298, 9;
0.0255573, 9;
0.0255311, 9;
0.0255401, 9;
0.0255369, 9;
0.0255452, 9;
0.0255394, 9;
0.0255407, 9;
0.0255535, 9;
0.0264239, 9;
0.0256482, 9;
0.0255369, 9;
0.0255381, 9;
0.0255484, 9;
0.0255356, 9;
0.0255778, 9;
0.0255036, 9;
0.0255669, 9;
0.0255151, 9;
0.0255439, 9;
0.0255401, 9;
0.0255529, 9;
0.0255253, 9;
0.0255394, 9;
0.0255874, 9;
0.0254953, 9;
0.0255401, 9;
0.0255426, 9;
0.0260418, 9;
0.0255989, 9;
0.0254908, 9;
0.0255445, 9;
0.0255452, 9;
0.0255497, 9;
0.0256393, 9;
0.0255612, 9;
0.0255177, 9;
0.0255375, 9;
0.031107, 9;
0.029377, 9;
0.0257321, 9;
0.026966, 9;
0.0255369, 9;
0.025533, 9;
0.0255458, 9;
0.0255407, 9;
0.0255426, 9;
0.0255375, 9;
0.0255529, 9;
0.0255663, 9;
0.0255132, 9;
0.0255253, 9;
0.0255458, 9;
0.0255663, 9;
0.0255138, 9;
0.0255375, 9;
0.025542, 9;
0.0255407, 9;
0.0255452, 9;
0.0255381, 9;
0.0255426, 9;
0.0255394, 9;
0.0255388, 9;
0.0255458, 9;
0.0255413, 9;
0.0255477, 9;
0.0255317, 9;
0.0255388, 9;
0.0255541, 9;
0.0255247, 9;
0.0255394, 9;
0.0255401, 9;
0.0255477, 9;
0.0255349, 9;
0.0255426, 9;
0.0255433, 9;
0.0255369, 9;
0.025549, 9;
0.0255465, 9;
0.0260393, 9;
0.0255388, 9;
0.0255311, 9;
0.025542, 9;
0.0256521, 9;
0.0254306, 9;
0.0255388, 9;
0.0255394, 9;
0.0255586, 9;
0.0256169, 9;
0.0254466, 9;
0.0255394, 9;
0.025542, 9;
0.0255394, 9;
0.0255433, 9;
0.0255375, 9;
0.0255407, 9;
0.0255445, 9;
0.025549, 9;
0.0255439, 9;
0.0255401, 9;
0.0260348, 9;
0.0255394, 9;
0.0255375, 9;
0.0255388, 9;
0.0255413, 9;
0.0260406, 9;
0.0255599, 9;
0.0255221, 9;
0.0255439, 9;
0.0255388, 9;
0.0255497, 9;
0.0255394, 9;
0.0255522, 9;
0.0255279, 9;
0.0255529, 9;
0.0255285, 9;
0.0255586, 9;
0.0255241, 9;
0.025549, 9;
0.0255452, 9;
0.0255349, 9;
0.0255311, 9;
0.025542, 9;
0.025542, 9;
0.0255324, 9;
0.0255497, 9;
0.0255471, 9;
0.025565, 9;
0.0255081, 9;
0.025542, 9;
0.0255554, 9;
0.0255247, 9;
0.0255497, 9;
0.0255279, 9;
0.0255484, 9;
0.0255362, 9;
0.0255394, 9;
0.025574, 9;
0.0255049, 9;
0.0255426, 9;
0.0255426, 9;
0.0255477, 9;
0.0255311, 9;
0.0255407, 9;
0.0255407, 9;
0.0255439, 9;
0.0255471, 9;
0.0255445, 9;
0.0255273, 9;
0.0255445, 9;
0.0255817, 9;
0.0259932, 9;
0.0255439, 9;
0.0255433, 9;
0.0255362, 9;
0.0255452, 9;
0.0255452, 9;
0.0255305, 9;
0.0255381, 9;
0.0255509, 9;
0.0255311, 9;
0.0255426, 9;
0.0256661, 9;
0.0254281, 9;
0.0255401, 9;
0.0255311, 9;
0.0255375, 9;
0.0255682, 9;
0.0255221, 9;
0.0255407, 9;
0.0255605, 9;
0.0255093, 9;
0.0255426, 9;
0.0255369, 9;
0.025542, 9;
0.0255919, 9;
0.0255106, 9;
0.0260252, 9;
0.0255369, 9;
0.0255388, 9;
0.0255465, 9;
0.0255369, 9;
0.0260438, 9;
0.0270409, 9;
0.0260617, 9;
0.0255189, 9;
0.0255471, 9;
0.0255337, 9;
0.025549, 9;
0.0255298, 9;
0.0255452, 9;
0.0255362, 9;
0.025542, 9;
0.0255381, 9;
0.0255439, 9;
0.0255567, 9;
0.0255337, 9;
0.0255484, 9;
0.0255324, 9;
0.0255452, 9;
0.0255324, 9;
0.0255388, 9;
0.0255445, 9;
0.0255433, 9;
0.0255445, 9;
0.0255324, 9;
0.0255477, 9;
0.0255452, 9;
0.0255292, 9;
0.0255381, 9;
0.0255452, 9;
0.0255343, 9;
0.0255433, 9;
0.0255388, 9;
0.0255509, 9;
0.0255439, 9;
0.0255279, 9;
0.026079, 9;
0.0255029, 9;
0.0255407, 9;
0.0255663, 9;
0.0255234, 9;
0.0255394, 9;
0.0255317, 9;
0.0255426, 9;
0.025542, 9;
0.0255394, 9;
0.0255388, 9;
0.0260431, 9;
0.0255471, 9;
0.0255676, 9;
0.0260118, 9;
0.025549, 9;
0.025526, 9;
0.0255452, 9;
0.0255695, 9;
0.0265103, 9;
0.0255471, 9;
0.0255317, 9;
0.0255631, 9;
0.025517, 9;
0.025542, 9;
0.0255439, 9;
0.0255337, 9;
0.0255465, 9;
0.0255426, 9;
0.0256053, 9;
0.0254741, 9;
0.025549, 9;
0.0255401, 9;
0.0255458, 9;
0.0255215, 9;
0.0255433, 9;
0.0255445, 9;
