14.2343,0,1100,28,0
9.91405,0,0,62,0
3.84532,0,0,90,0
3.28234,0,0,123,0
1.7467,0,0,155,0
0.512475,0,0,196,0
0.156847,0,0,231,0
0.15899,0,0,276,0
0.11566,0,0,307,0
0.0975792,0,0,340,0
0.104268,0,0,370,0
0.103632,0,0,402,0
0.109657,0,0,431,0
0.100222,0,0,464,0
0.109903,0,0,493,0
0.102151,0,0,523,0
0.107604,0,0,555,0
0.0964741,0,0,587,0
0.10295,0,0,615,0
0.106115,0,0,653,0
0.0923561,0,0,684,0
0.103094,0,0,711,0
0.0987811,0,0,738,0
0.105212,0,0,772,0
0.0968812,0,0,801,0
0.112132,0,0,831,0
0.108412,0,0,892,0
0.102328,0,0,923,0
0.112563,0,0,955,0
0.104229,0,0,992,0
0.0987181,0,0,1033,0
0.0975183,0,0,1064,0
0.100615,0,0,1096,0
0.0931987,0.0475313,0,1126,3.50893
0.0898753,0.0572773,3.50893,1157,3.67393
0.0851332,0.0480361,7.18286,1188,3.38369
0.0983977,0.0509018,10.5666,1219,3.83931
0.0988456,0.0506093,14.4059,1250,3.84866
0.0944106,0.0533938,18.2545,1279,3.51212
0.0931232,0.055636,21.7666,1310,3.74918
0.108795,0.0571146,25.5158,1337,3.7085
0.0999347,0.0601119,29.2243,1373,4.67966
0.0956808,0.0563186,33.904,1403,3.7152
0.106161,0.0624396,37.6192,1435,4.3962
0.100244,0.0458996,42.0154,1465,3.69582
0.100298,0.0703102,45.7112,1497,4.33449
0.0972795,0.0501412,50.0457,1525,3.4258
0.105292,0.0598061,53.4715,1556,4.19105
0.0975926,0.0520213,57.6625,1586,3.7081
0.112068,0.0614768,61.3706,1617,4.42699
0.102331,0.0520667,65.7976,1649,4.10767
0.110635,0.0569614,69.9053,1680,4.31259
0.105877,0.0539618,74.2179,1709,3.85287
0.111809,0.0644516,78.0708,1741,4.60913
0.111627,0.0573705,82.6799,1773,4.49
0.0996783,0.0574606,87.1699,1803,3.85226
0.114561,0.0611121,91.0221,1834,4.49864
0.0991186,0.0623593,95.5208,1867,4.29984
0.11298,0.0558812,99.8206,1897,4.22763
0.0949303,0.0637611,104.048,1930,4.18476
0.111993,0.0560868,108.233,1960,4.2011
0.101951,0.0591822,112.434,1990,3.94627
0.114638,0.0630876,116.38,2022,4.67782
0.109282,0.0614829,121.058,2061,5.4609
0.112493,0.0562917,126.519,2103,5.90684
0.105751,0.0635397,132.426,2132,3.98811
0.115284,0.0592699,136.414,2162,4.34758
0.112447,0.0649266,140.762,2195,4.78203
0.100707,0.0554495,145.544,2227,4.10981
0.107253,0.0666583,149.653,2259,4.49862
0.108313,0.0555796,154.152,2292,4.49139
0.104237,0.0576096,158.644,2320,3.72517
0.0934416,0.0619307,162.369,2353,4.10543
0.105321,0.0571096,166.474,2382,3.88239
0.0999688,0.051654,170.356,2413,3.89967
0.104749,0.0572294,174.256,2445,4.26763
0.108662,0.0483281,178.524,2475,3.98479
0.099214,0.0588872,182.509,2505,3.85973
0.115573,0.0555604,186.368,2536,4.44396
0.0988295,0.0612514,190.812,2567,4.01311
0.114628,0.052404,194.825,2598,4.36573
0.0959297,0.0592264,199.191,2627,3.64074
0.107212,0.0592896,202.832,2659,4.37942
0.0971034,0.0553992,207.211,2690,3.86889
0.0961161,0.0558865,211.08,2728,4.71425
0.096627,0.0620954,215.794,2771,5.49001
0.107526,0.0623829,221.284,2800,4.02279
0.0947601,0.0561013,225.307,2832,3.92994
0.110557,0.0486269,229.237,2862,4.04611
0.0985644,0.0539785,233.283,2893,3.89216
0.106205,0.0532001,237.175,2923,3.98416
0.105115,0.0569061,241.16,2987,8.54839
0.105079,0.0617927,249.708,3020,4.48718
0.101696, 0.0, 3020,3063,43
0.0990002, 0.0, 3063,3095,32
0.0973708, 0.0, 3095,3125,30
0.101726, 0.0, 3125,3157,32
0.0939096, 0.0, 3157,3190,33
0.105723, 0.0, 3190,3222,32
0.0972686, 0.0, 3222,3251,29
0.108506, 0.0, 3251,3283,32
0.110222, 0.0, 3283,3316,33
0.105713, 0.0, 3316,3361,45
0.103334, 0.0, 3361,3404,43
0.102234, 0.0, 3404,3436,32
0.095658, 0.0, 3436,3468,32
0.0921574, 0.0, 3468,3515,47
0.0878317, 0.0, 3515,3544,29
0.0845291, 0.0, 3544,3578,34
0.0837538, 0.0, 3578,3608,30
0.0967299, 0.0, 3608,3640,32
0.0887677, 0.0, 3640,3672,32
0.10318, 0.0, 3672,3705,33
0.104045, 0.0, 3705,3749,44
0.108817, 0.0, 3749,3780,31
0.105813, 0.0, 3780,3811,31
0.108737, 0.0, 3811,3843,32
0.0999892, 0.0, 3843,3874,31
0.104072, 0.0, 3874,3920,46
0.0966189, 0.0, 3920,3953,33
0.0989458, 0.0, 3953,4000,47
0.103084, 0.0, 4000,4043,43
0.0943944, 0.0, 4043,4073,30
0.106404, 0.0, 4073,4103,30
0.0975067, 0.0, 4103,4134,31
0.111871, 0.0, 4134,4166,32
0.102651, 0.0, 4166,4196,30
0.112219, 0.0, 4196,4228,32
0.115743, 0.0, 4228,4261,33
0.106359, 0.0, 4261,4307,46
0.105184, 0.0, 4307,4336,29
0.110869, 0.0, 4336,4367,31
0.0985303, 0.0, 4367,4398,31
0.104189, 0.0, 4398,4428,30
0.10843, 0.0, 4428,4460,32
0.100979, 0.0, 4460,4492,32
0.109065, 0.0, 4492,4525,33
0.0995862, 0.0, 4525,4553,28
0.119805, 0.0, 4553,4586,33
0.103687, 0.0, 4586,4633,47
0.111502, 0.0, 4633,4678,45
0.111069, 0.0, 4678,4709,31
0.111047, 0.0, 4709,4741,32
0.0977118, 0.0, 4741,4772,31
0.107647, 0.0, 4772,4803,31
0.0963168, 0.0, 4803,4833,30
0.103822, 0.0, 4833,4863,30
0.0923197, 0.0, 4863,4897,34
0.108782, 0.0, 4897,4928,31
0.1012, 0.0, 4928,4958,30
0.104638, 0.0, 4958,4990,32
0.112371, 0.0, 4990,5023,33
0.102464, 0.0, 5023,5071,48
0.104068, 0.0, 5071,5115,44
0.109833, 0.0, 5115,5144,29
0.0934203, 0.0, 5144,5174,30
0.105107, 0.0, 5174,5206,32
0.0917261, 0.0, 5206,5238,32
0.0995072, 0.0, 5238,5266,28
0.0929344, 0.0, 5266,5297,31
0.10586, 0.0, 5297,5328,31
0.100694, 0.0, 5328,5359,31
0.103642, 0.0, 5359,5390,31
0.105825, 0.0, 5390,5421,31
0.106001, 0.0, 5421,5455,34
0.104241, 0.0, 5455,5497,42
0.113317, 0.0, 5497,5529,32
0.100486, 0.0, 5529,5558,29
0.101217, 0.0, 5558,5589,31
0.0945234, 0.0, 5589,5621,32
0.100468, 0.0, 5621,5653,32
0.105861, 0.0, 5653,5685,32
0.0933332, 0.0, 5685,5717,32
0.104784, 0.0, 5717,5747,30
0.104762, 0.0, 5747,5779,32
0.101495, 0.0, 5779,5810,31
0.0996034, 0.0, 5810,5840,30
0.0994457, 0.0, 5840,5874,34
0.0980803, 0.0, 5874,5904,30
0.0838254, 0.0, 5904,5937,33
0.101797, 0.0, 5937,5966,29
0.0826278, 0.0, 5966,5998,32
0.0953244, 0.0, 5998,6030,32
0.0890829, 0.0, 6030,6063,33
0.0961468, 0.0, 6063,6108,45
0.0948718, 0.0, 6108,6138,30
0.103792, 0.0, 6138,6170,32
0.104759, 0.0, 6170,6201,31
0.105117, 0.0, 6201,6232,31
0.110416, 0.0, 6232,6263,31
0.103993, 0.0, 6263,6293,30
0.104018, 0.0, 6293,6324,31
0.0996248, 0.0, 6324,6356,32
0.107466, 0.0, 6356,6386,30
0.0972712, 0.0, 6386,6417,31
0.104735, 0.0, 6417,6448,31
0.0974448, 0.0, 6448,6478,30
0.111906, 0.0, 6478,6509,31
0.0981995, 0.0, 6509,6540,31
0.110973, 0.0, 6540,6573,33
0.107736, 0.0, 6573,6602,29
0.110825, 0.0, 6602,6633,31
0.108973, 0.0, 6633,6664,31
0.103181, 0.0, 6664,6696,32
0.118032, 0.0, 6696,6726,30
0.102295, 0.0, 6726,6757,31
0.109289, 0.0, 6757,6787,30
0.0986604, 0.0, 6787,6819,32
0.114092, 0.0, 6819,6851,32
0.0970577, 0.0, 6851,6883,32
0.104236, 0.0, 6883,6914,31
0.105982, 0.0, 6914,6945,31
0.113026, 0.0, 6945,6975,30
0.110813, 0.0, 6975,7007,32
0.0992247, 0.0, 7007,7039,32
0.116425, 0.0, 7039,7069,30
0.1022, 0.0, 7069,7100,31
0.106039, 0.0, 7100,7131,31
0.104263, 0.0, 7131,7164,33
0.0992724, 0.0, 7164,7194,30
0.0996794, 0.0, 7194,7225,31
0.0951673, 0.0, 7225,7257,32
0.105162, 0.0, 7257,7289,32
0.0931598, 0.0, 7289,7319,30
0.109572, 0.0, 7319,7350,31
0.096661, 0.0, 7350,7380,30
0.113549, 0.0, 7380,7412,32
0.101004, 0.0, 7412,7445,33
0.114085, 0.0, 7445,7473,28
0.102578, 0.0, 7473,7504,31
0.102546, 0.0, 7504,7541,37
0.105954, 0.0, 7541,7586,45
0.0979187, 0.0, 7586,7616,30
0.0987231, 0.0, 7616,7647,31
0.0960001, 0.0, 7647,7680,33
0.104245, 0.0, 7680,7712,32
0.0909806, 0.0, 7712,7744,32
0.108559, 0.0, 7744,7790,46
0.0927448, 0.0, 7790,7820,30
0.11851, 0.0, 7820,7850,30
0.09642, 0.0, 7850,7882,32
0.113505, 0.0, 7882,7913,31
0.102655, 0.0, 7913,7948,35
0.106651, 0.0, 7948,7991,43
0.0975348, 0.0, 7991,8022,31
0.105537, 0.0, 8022,8055,33
0.0921679, 0.0, 8055,8085,30
0.103572, 0.0, 8085,8118,33
0.100014, 0.0, 8118,8148,30
0.092621, 0.0, 8148,8178,30
0.0914504, 0.0, 8178,8209,31
0.0894192, 0.0, 8209,8241,32
0.106457, 0.0, 8241,8272,31
0.0903057, 0.0, 8272,8303,31
0.0982954, 0.0, 8303,8336,33
0.0947357, 0.0, 8336,8366,30
0.0970475, 0.0, 8366,8398,32
0.09913, 0.0, 8398,8428,30
0.0962357, 0.0, 8428,8459,31
0.100313, 0.0, 8459,8488,29
0.0966488, 0.0, 8488,8521,33
0.10113, 0.0, 8521,8568,47
0.110865, 0.0, 8568,8613,45
0.100668, 0.0, 8613,8643,30
0.114039, 0.0, 8643,8674,31
0.101074, 0.0, 8674,8707,33
0.108558, 0.0, 8707,8736,29
0.105187, 0.0, 8736,8768,32
0.102715, 0.0, 8768,8814,46
0.0948744, 0.0, 8814,8846,32
0.100298, 0.0, 8846,8877,31
0.095613, 0.0, 8877,8908,31
0.0972953, 0.0, 8908,8939,31
0.105149, 0.0, 8939,8969,30
0.104947, 0.0, 8969,9001,32
0.111473, 0.0, 9001,9032,31
0.105578, 0.0, 9032,9061,29
0.114232, 0.0, 9061,9092,31
0.109916, 0.0, 9092,9124,32
0.112938, 0.0, 9124,9155,31
0.0997459, 0.0, 9155,9185,30
0.112013, 0.0, 9185,9216,31
0.106615, 0.0, 9216,9251,35
0.0961181, 0.0, 9251,9280,29
0.104304, 0.0, 9280,9312,32
0.0991598, 0.0, 9312,9343,31
0.109835, 0.0, 9343,9376,33
0.103599, 0.0, 9376,9424,48
0.116355, 0.0, 9424,9451,27
0.108062, 0.0, 9451,9481,30
0.104375, 0.0, 9481,9512,31
0.110393, 0.0, 9512,9543,31
0.107243, 0.0, 9543,9577,34
0.099213, 0.0, 9577,9621,44
0.0983832, 0.0, 9621,9652,31
0.0976527, 0.0, 9652,9684,32
0.101651, 0.0, 9684,9715,31
0.0957867, 0.0, 9715,9746,31
0.102037, 0.0, 9746,9791,45
0.102521, 0.0, 9791,9823,32
0.108739, 0.0, 9823,9854,31
0.100261, 0.0, 9854,9884,30
0.106385, 0.0, 9884,9916,32
0.0994226, 0.0, 9916,9947,31
0.102642, 0.0, 9947,9978,31
0.0931783, 0.0, 9978,10009,31
0.0969384, 0.0, 10009,10040,31
0.0959662, 0.0, 10040,10072,32
0.0994754, 0.0, 10072,10118,46
0.091307, 0.0, 10118,10148,30
0.106627, 0.0, 10148,10178,30
0.0948233, 0.0, 10178,10210,32
0.109007, 0.0, 10210,10257,47
0.0931361, 0.0, 10257,10287,30
0.111158, 0.0, 10287,10332,45
0.101969, 0.0, 10332,10362,30
0.103574, 0.0, 10362,10393,31
0.0990011, 0.0, 10393,10425,32
0.0994668, 0.0, 10425,10472,47
0.0944601, 0.0, 10472,10503,31
0.0979003, 0.0, 10503,10532,29
0.0941273, 0.0, 10532,10565,33
0.0974573, 0.0, 10565,10597,32
0.0849428, 0.0, 10597,10630,33
0.101644, 0.0, 10630,10661,31
0.0905703, 0.0, 10661,10691,30
0.0938578, 0.0, 10691,10722,31
0.0958525, 0.0, 10722,10753,31
0.0868169, 0.0, 10753,10784,31
0.098059, 0.0, 10784,10815,31
0.0921708, 0.0, 10815,10848,33
0.0980399, 0.0, 10848,10884,36
0.0923037, 0.0, 10884,10926,42
0.104319, 0.0, 10926,10956,30
0.0969376, 0.0, 10956,10987,31
0.112621, 0.0, 10987,11018,31
0.0985425, 0.0, 11018,11050,32
0.106778, 0.0, 11050,11085,35
0.104863, 0.0, 11085,11127,42
0.102173, 0.0, 11127,11156,29
0.105559, 0.0, 11156,11187,31
0.102859, 0.0, 11187,11219,32
0.0935962, 0.0, 11219,11249,30
0.101993, 0.0, 11249,11280,31
0.0996197, 0.0, 11280,11311,31
0.109497, 0.0, 11311,11344,33
0.113333, 0.0, 11344,11375,31
0.105712, 0.0, 11375,11405,30
0.104685, 0.0, 11405,11434,29
0.111985, 0.0, 11434,11466,32
0.114906, 0.0, 11466,11498,32
0.154194, 0.0, 11498,11532,34
0.249249, 0.0, 11532,11559,27
0.46139, 0.0, 11559,11590,31
1.17947, 0.0, 11590,11622,32
6.30087, 0.0, 11622,11652,30
6.67998, 0.0, 11652,11684,32
13.7834, 0.0, 11684,11715,31
10.7429, 0.0, 11715,11746,31
7.76067, 0.0, 11746,11778,32
15.8686, 0.0, 11778,11808,30
32.862, 0.0, 11808,11839,31
17.8241, 0.0, 11839,11870,31
8.1456, 0.0, 11870,11900,30
20.9975, 0.0, 11900,11931,31
26.5654, 0.0, 11931,11962,31
29.6028, 0.0, 11962,11994,32
23.2572, 0.0, 11994,12025,31
13.5332, 0.0, 12025,12055,30
24.9306, 0.0, 12055,12086,31
24.7314, 0.0, 12086,12117,31
9.76041, 0.0, 12117,12148,31
5.00484, 0.0, 12148,12178,30
7.75062, 0.0, 12178,12211,33
11.6932, 0.0, 12211,12241,30
6.4095, 0.0, 12241,12272,31
3.35735, 0.0, 12272,12304,32
5.96075, 0.0, 12304,12336,32
3.66043, 0.0, 12336,12365,29
3.79182, 0.0, 12365,12397,32
4.24623, 0.0, 12397,12433,36
1.99703, 0.0, 12433,12474,41
0.430945, 0.0, 12474,12507,33
0.312597, 0.0, 12507,12540,33
0.136409, 0.0, 12540,12570,30
0.194129, 0.0, 12570,12602,32
0.194065, 0.0, 12602,12632,30
0.131663, 0.0, 12632,12678,46
0.061706, 0.0, 12678,12710,32
0.0689459, 0.0, 12710,12750,40
0.0700524, 0.0, 12750,12790,40
0.0640494, 0.0, 12790,12824,34
0.0719539, 0.0, 12824,12874,50
0.0743466, 0.0, 12874,12928,54
0.0735001, 0.0, 12928,12973,45
0.0672855, 0.0, 12973,13007,34
0.0521586, 0.0, 13007,13043,36
0.0679544, 0.0, 13043,13090,47
0.0845419, 0.0, 13090,13134,44
0.0653942, 0.0, 13134,13171,37
0.0578486, 0.0, 13171,13216,45
0.0584208, 0.0, 13216,13259,43
0.0474707, 0.0, 13259,13286,27
0.0496802, 0.0, 13286,13322,36
0.047062, 0.0, 13322,13377,55
0.0541721, 0.0, 13377,13431,54
0.0466398, 0.0, 13431,13491,60
0.0465139, 0.0, 13491,13521,30
0.0492623, 0.0, 13521,13552,31
0.0545639, 0.0, 13552,13584,32
0.0464694, 0.0, 13584,13615,31
0.0482506, 0.0, 13615,13646,31
0.0581763, 0.0, 13646,13676,30
0.0429028, 0.0, 13676,13707,31
0.0511676, 0.0, 13707,13737,30
0.05056, 0.0, 13737,13769,32
0.0452103, 0.0, 13769,13799,30
0.0504906, 0.0, 13799,13832,33
0.0463774, 0.0, 13832,13864,32
0.0450013, 0.0, 13864,13895,31
0.0472064, 0.0, 13895,13925,30
0.050597, 0.0, 13925,13956,31
0.0485273, 0.0, 13956,13987,31
0.0469085, 0.0, 13987,14018,31
0.0460104, 0.0, 14018,14049,31
0.0515022, 0.0, 14049,14079,30
0.0541675, 0.0, 14079,14110,31
0.0429184, 0.0, 14110,14141,31
0.0512366, 0.0, 14141,14171,30
0.0534116, 0.0, 14171,14202,31
0.0467596, 0.0, 14202,14235,33
0.0606935, 0.0, 14235,14268,33
0.0537666, 0.0, 14268,14298,30
0.0534131, 0.0, 14298,14331,33
0.0560053, 0.0, 14331,14361,30
0.0474007, 0.0, 14361,14392,31
0.0517105, 0.0, 14392,14424,32
0.0463563, 0.0, 14424,14456,32
0.0474445, 0.0, 14456,14486,30
0.0547438, 0.0, 14486,14517,31
0.0436274, 0.0, 14517,14548,31
0.0480459, 0.0, 14548,14581,33
0.0531543, 0.0, 14581,14611,30
0.0433881, 0.0, 14611,14641,30
0.0491024, 0.0, 14641,14674,33
0.0471001, 0.0, 14674,14704,30
0.0518349, 0.0, 14704,14735,31
0.0454467, 0.0, 14735,14766,31
0.0532501, 0.0, 14766,14797,31
0.0397586, 0.0, 14797,14829,32
0.0533551, 0.0, 14829,14860,31
0.0484678, 0.0, 14860,14891,31
0.0527674, 0.0, 14891,14922,31
0.0460089, 0.0, 14922,14953,31
0.0486734, 0.0, 14953,14985,32
0.0483129, 0.0, 14985,15016,31
0.0541813, 0.0, 15016,15046,30
0.0510222, 0.0, 15046,15077,31
0.0471553, 0.0, 15077,15107,30
0.0542557, 0.0, 15107,15139,32
0.0419895, 0.0, 15139,15169,30
0.0555536, 0.0, 15169,15200,31
0.0469731, 0.0, 15200,15232,32
0.0431555, 0.0, 15232,15263,31
0.0511549, 0.0, 15263,15293,30
0.0468622, 0.0, 15293,15324,31
0.0492209, 0.0, 15324,15355,31
0.0532006, 0.0, 15355,15386,31
0.0536208, 0.0, 15386,15417,31
0.0533131, 0.0, 15417,15448,31
0.0553009, 0.0, 15448,15479,31
0.0463013, 0.0, 15479,15510,31
0.0535268, 0.0, 15510,15543,33
0.0481856, 0.0, 15543,15574,31
0.0470511, 0.0, 15574,15605,31
0.0507211, 0.0, 15605,15636,31
0.0458491, 0.0, 15636,15667,31
0.0515581, 0.0, 15667,15699,32
0.0504503, 0.0, 15699,15731,32
0.051422, 0.0, 15731,15762,31
0.0493063, 0.0, 15762,15793,31
0.0531356, 0.0, 15793,15824,31
0.049344, 0.0, 15824,15854,30
0.0488939, 0.0, 15854,15884,30
0.0475002, 0.0, 15884,15915,31
0.0443415, 0.0, 15915,15946,31
0.0477524, 0.0, 15946,15976,30
0.0514938, 0.0, 15976,16007,31
0.0487687, 0.0, 16007,16038,31
0.0535496, 0.0, 16038,16069,31
0.051708, 0.0, 16069,16099,30
0.0466561, 0.0, 16099,16130,31
0.051401, 0.0, 16130,16161,31
0.0419902, 0.0, 16161,16192,31
0.064685, 0.0, 16192,16225,33
0.0451843, 0.0, 16225,16254,29
0.0468784, 0.0, 16254,16285,31
0.0509115, 0.0, 16285,16317,32
0.0482062, 0.0, 16317,16350,33
0.0489357, 0.0, 16350,16379,29
0.0509793, 0.0, 16379,16411,32
0.0470289, 0.0, 16411,16443,32
0.0455089, 0.0, 16443,16475,32
0.0519905, 0.0, 16475,16506,31
0.0500226, 0.0, 16506,16536,30
0.0485819, 0.0, 16536,16568,32
0.0472662, 0.0, 16568,16599,31
0.0480899, 0.0, 16599,16629,30
0.0600731, 0.0, 16629,16660,31
0.0476285, 0.0, 16660,16692,32
0.0511804, 0.0, 16692,16724,32
0.0509852, 0.0, 16724,16754,30
0.0461835, 0.0, 16754,16786,32
0.0530431, 0.0, 16786,16817,31
0.0553056, 0.0, 16817,16847,30
0.0446084, 0.0, 16847,16878,31
0.0537567, 0.0, 16878,16911,33
0.0524023, 0.0, 16911,16943,32
0.046028, 0.0, 16943,16973,30
0.061901, 0.0, 16973,17004,31
0.0537987, 0.0, 17004,17035,31
0.056392, 0.0, 17035,17069,34
0.0483819, 0.0, 17069,17113,44
0.0520087, 0.0, 17113,17148,35
0.048562, 0.0, 17148,17175,27
0.0454155, 0.0, 17175,17205,30
0.0514069, 0.0, 17205,17238,33
0.0502734, 0.0, 17238,17283,45
0.0435917, 0.0, 17283,17314,31
0.0489172, 0.0, 17314,17345,31
0.0457127, 0.0, 17345,17375,30
0.0522052, 0.0, 17375,17407,32
0.0659415, 0.0, 17407,17438,31
0.0465049, 0.0, 17438,17469,31
0.0504518, 0.0, 17469,17499,30
0.0500646, 0.0, 17499,17532,33
0.0433122, 0.0, 17532,17562,30
0.0496719, 0.0, 17562,17593,31
0.0580184, 0.0, 17593,17623,30
0.0450727, 0.0, 17623,17657,34
0.0505771, 0.0, 17657,17690,33
0.0482559, 0.0, 17690,17718,28
0.0510409, 0.0, 17718,17751,33
0.0528338, 0.0, 17751,17808,57
0.0579664, 0.0, 17808,17845,37
0.0537073, 0.0, 17845,17876,31
0.0489911, 0.0, 17876,17919,43
0.0531421, 0.0, 17919,17977,58
0.0488447, 0.0, 17977,18017,40
0.0521661, 0.0, 18017,18050,33
0.049577, 0.0, 18050,18080,30
0.049408, 0.0, 18080,18112,32
0.0467105, 0.0, 18112,18142,30
0.0435386, 0.0, 18142,18173,31
0.0537082, 0.0, 18173,18204,31
0.0516106, 0.0, 18204,18235,31
0.054104, 0.0, 18235,18266,31
0.051857, 0.0, 18266,18297,31
0.0427842, 0.0, 18297,18333,36
0.0564711, 0.0, 18333,18377,44
0.0506802, 0.0, 18377,18410,33
0.0440984, 0.0, 18410,18440,30
0.0584821, 0.0, 18440,18470,30
0.0444088, 0.0, 18470,18516,46
0.0557171, 0.0, 18516,18546,30
0.0489481, 0.0, 18546,18580,34
0.0468857, 0.0, 18580,18607,27
0.0539788, 0.0, 18607,18640,33
0.0539371, 0.0, 18640,18669,29
0.0474675, 0.0, 18669,18701,32
0.0471676, 0.0, 18701,18732,31
0.046313, 0.0, 18732,18763,31
0.0520391, 0.0, 18763,18794,31
0.0485327, 0.0, 18794,18825,31
0.041117, 0.0, 18825,18857,32
0.0623446, 0.0, 18857,18886,29
0.0440975, 0.0, 18886,18917,31
0.0517994, 0.0, 18917,18948,31
0.0481971, 0.0, 18948,18982,34
0.0450982, 0.0, 18982,19009,27
0.0449434, 0.0, 19009,19044,35
0.0580854, 0.0, 19044,19086,42
0.0421099, 0.0, 19086,19118,32
0.0578213, 0.0, 19118,19151,33
0.0521682, 0.0, 19151,19182,31
0.0462971, 0.0, 19182,19212,30
0.0481045, 0.0, 19212,19248,36
0.0457392, 0.0, 19248,19297,49
0.0492448, 0.0, 19297,19344,47
0.0605893, 0.0, 19344,19384,40
0.0633944, 0.0, 19384,19417,33
0.0510519, 0.0, 19417,19445,28
0.0491903, 0.0, 19445,19476,31
0.0472452, 0.0, 19476,19509,33
0.0484313, 0.0, 19509,19538,29
0.0535953, 0.0, 19538,19570,32
0.0448976, 0.0, 19570,19601,31
0.0519514, 0.0, 19601,19634,33
0.0517632, 0.0, 19634,19678,44
0.0502838, 0.0, 19678,19709,31
0.0586406, 0.0, 19709,19741,32
0.0550693, 0.0, 19741,19771,30
0.0480013, 0.0, 19771,19801,30
0.0584106, 0.0, 19801,19833,32
0.0423779, 0.0, 19833,19864,31
0.0445276, 0.0, 19864,19895,31
0.0507211, 0.0, 19895,19927,32
0.0445138, 0.0, 19927,19959,32
0.0566259, 0.0, 19959,19990,31
0.04657, 0.0, 19990,20020,30
0.0520963, 0.0, 20020,20054,34
0.0517155, 0.0, 20054,20085,31
0.0508732, 0.0, 20085,20117,32
0.0521166, 0.0, 20117,20150,33
0.0505609, 0.0, 20150,20200,50
0.0532365, 0.0, 20200,20250,50
0.054473, 0.0, 20250,20291,41
0.0456091, 0.0, 20291,20321,30
0.0514485, 0.0, 20321,20353,32
0.0435163, 0.0, 20353,20384,31
0.0506954, 0.0, 20384,20416,32
0.0488402, 0.0, 20416,20446,30
0.0513798, 0.0, 20446,20477,31
0.0600835, 0.0, 20477,20507,30
0.043767, 0.0, 20507,20539,32
0.04463, 0.0, 20539,20572,33
0.059737, 0.0, 20572,20603,31
0.0472044, 0.0, 20603,20632,29
0.0501274, 0.0, 20632,20666,34
0.0504453, 0.0, 20666,20696,30
0.0475803, 0.0, 20696,20727,31
0.0507647, 0.0, 20727,20758,31
0.0500918, 0.0, 20758,20790,32
0.0475512, 0.0, 20790,20819,29
0.0578909, 0.0, 20819,20855,36
0.0508214, 0.0, 20855,20895,40
0.0514076, 0.0, 20895,20924,29
0.0564985, 0.0, 20924,20954,30
0.0418679, 0.0, 20954,20987,33
0.0465096, 0.0, 20987,21018,31
0.0459558, 0.0, 21018,21049,31
0.116819, 0.0, 21049,21154,105
11.7781, 0.0, 21154,21258,104
4.46347, 0.0, 21258,21302,44
0.944536, 0.0, 21302,21333,31
0.401265, 0.0, 21333,21363,30
0.429643, 0.0, 21363,21395,32
0.217025, 0.0, 21395,21426,31
0.116183, 0.0, 21426,21457,31
0.0586713, 0.0, 21457,21488,31
0.0642053, 0.0, 21488,21525,37
0.0470598, 0.0, 21525,21552,27
0.0571681, 0.0, 21552,21582,30
0.0611121, 0.0, 21582,21612,30
0.0537924, 0.0, 21612,21644,32
0.0558542, 0.0, 21644,21675,31
0.0488506, 0.0, 21675,21704,29
0.0449634, 0.0, 21704,21738,34
0.0519807, 0.0, 21738,21782,44
0.0426514, 0.0, 21782,21813,31
0.0483435, 0.0, 21813,21845,32
0.049384, 0.0, 21845,21875,30
0.0490267, 0.0, 21875,21906,31
0.0492694, 0.0, 21906,21937,31
0.0504629, 0.0, 21937,21969,32
0.0452396, 0.0, 21969,21999,30
0.0523411, 0.0, 21999,22030,31
0.0494442, 0.0, 22030,22062,32
0.0542358, 0.0, 22062,22107,45
0.047624, 0.0, 22107,22140,33
0.0486444, 0.0, 22140,22184,44
0.0439231, 0.0, 22184,22214,30
0.0472474, 0.0, 22214,22245,31
0.0579607, 0.0, 22245,22278,33
0.0489716, 0.0, 22278,22308,30
0.0450032, 0.0, 22308,22339,31
0.0711479, 0.0, 22339,22376,37
0.0685428, 0.0, 22376,22433,57
0.0851199, 0.0, 22433,22463,30
0.0591823, 0.0, 22463,22494,31
0.0523937, 0.0, 22494,22526,32
0.047102, 0.0, 22526,22556,30
0.053777, 0.0, 22556,22591,35
0.0533592, 0.0, 22591,22618,27
0.0615554, 0.0, 22618,22649,31
0.0484582, 0.0, 22649,22679,30
0.0536643, 0.0, 22679,22709,30
0.042125, 0.0, 22709,22740,31
0.0572813, 0.0, 22740,22775,35
0.0484821, 0.0, 22775,22819,44
0.0493342, 0.0, 22819,22851,32
0.0559684, 0.0, 22851,22881,30
0.0580922, 0.0, 22881,22912,31
0.0415784, 0.0, 22912,22944,32
0.0607175, 0.0, 22944,22977,33
0.0455856, 0.0, 22977,23024,47
0.0529188, 0.0, 23024,23054,30
0.0471899, 0.0, 23054,23084,30
0.0528745, 0.0, 23084,23115,31
0.0484277, 0.0, 23115,23145,30
0.0619637, 0.0, 23145,23177,32
0.0510362, 0.0, 23177,23208,31
0.0543421, 0.0, 23208,23240,32
0.0535381, 0.0, 23240,23273,33
0.0549688, 0.0, 23273,23305,32
0.0420913, 0.0, 23305,23335,30
0.0452953, 0.0, 23335,23365,30
0.0707651, 0.0, 23365,23398,33
0.0531764, 0.0, 23398,23429,31
0.0450081, 0.0, 23429,23459,30
0.0527322, 0.0, 23459,23490,31
0.0494164, 0.0, 23490,23524,34
0.0508553, 0.0, 23524,23552,28
0.0500601, 0.0, 23552,23585,33
0.0474471, 0.0, 23585,23617,32
0.0488172, 0.0, 23617,23661,44
0.0459031, 0.0, 23661,23693,32
0.0507215, 0.0, 23693,23726,33
0.0603942, 0.0, 23726,23756,30
0.0463268, 0.0, 23756,23787,31
0.0554831, 0.0, 23787,23818,31
0.048189, 0.0, 23818,23850,32
0.0436695, 0.0, 23850,23880,30
0.0534081, 0.0, 23880,23911,31
0.0425379, 0.0, 23911,23943,32
0.0500593, 0.0, 23943,23975,32
0.0589616, 0.0, 23975,24006,31
0.0473981, 0.0, 24006,24053,47
0.0528138, 0.0, 24053,24081,28
0.0515916, 0.0, 24081,24112,31
0.0456548, 0.0, 24112,24143,31
0.0588025, 0.0, 24143,24173,30
0.0423063, 0.0, 24173,24206,33
0.0478462, 0.0, 24206,24237,31
0.0518943, 0.0, 24237,24270,33
0.0463811, 0.0, 24270,24313,43
0.0510588, 0.0, 24313,24343,30
0.049566, 0.0, 24343,24375,32
0.0444079, 0.0, 24375,24406,31
0.0567242, 0.0, 24406,24439,33
0.043624, 0.0, 24439,24468,29
0.0544295, 0.0, 24468,24499,31
0.0574733, 0.0, 24499,24529,30
0.0448922, 0.0, 24529,24562,33
0.0589112, 0.0, 24562,24593,31
0.0512952, 0.0, 24593,24624,31
0.0497204, 0.0, 24624,24655,31
0.0497753, 0.0, 24655,24686,31
0.045772, 0.0, 24686,24716,30
0.0398618, 0.0, 24716,24747,31
0.0568895, 0.0, 24747,24779,32
0.0463998, 0.0, 24779,24809,30
0.058472, 0.0, 24809,24840,31
0.0551659, 0.0, 24840,24871,31
0.0455771, 0.0, 24871,24903,32
0.0521504, 0.0, 24903,24935,32
0.0486743, 0.0, 24935,24963,28
0.0489678, 0.0, 24963,24995,32
0.0629327, 0.0, 24995,25027,32
0.0451124, 0.0, 25027,25073,46
0.0518344, 0.0, 25073,25103,30
0.0479829, 0.0, 25103,25134,31
0.0472083, 0.0, 25134,25164,30
0.0580447, 0.0, 25164,25198,34
0.0463761, 0.0, 25198,25230,32
0.0502478, 0.0, 25230,25260,30
0.0499731, 0.0, 25260,25305,45
0.0433339, 0.0, 25305,25335,30
0.053045, 0.0, 25335,25367,32
0.0502269, 0.0, 25367,25400,33
0.0451683, 0.0, 25400,25430,30
0.0603342, 0.0, 25430,25460,30
0.0470446, 0.0, 25460,25491,31
0.053193, 0.0, 25491,25522,31
0.0471259, 0.0, 25522,25554,32
0.0449494, 0.0, 25554,25586,32
0.0579234, 0.0, 25586,25616,30
0.054222, 0.0, 25616,25648,32
0.0519074, 0.0, 25648,25678,30
0.055084, 0.0, 25678,25708,30
0.0525894, 0.0, 25708,25738,30
0.043346, 0.0, 25738,25769,31
0.0529845, 0.0, 25769,25799,30
0.0465675, 0.0, 25799,25832,33
0.0488169, 0.0, 25832,25865,33
0.0582062, 0.0, 25865,25898,33
0.0501654, 0.0, 25898,25955,57
0.0494545, 0.0, 25955,25986,31
0.043089, 0.0, 25986,26017,31
0.0504104, 0.0, 26017,26048,31
0.0548038, 0.0, 26048,26079,31
0.0384681, 0.0, 26079,26111,32
0.0611119, 0.0, 26111,26140,29
0.0511925, 0.0, 26140,26172,32
0.0478895, 0.0, 26172,26201,29
0.0521045, 0.0, 26201,26232,31
0.0512472, 0.0, 26232,26263,31
0.0506288, 0.0, 26263,26295,32
0.0497431, 0.0, 26295,26326,31
0.0506984, 0.0, 26326,26358,32
0.0564241, 0.0, 26358,26388,30
0.0473477, 0.0, 26388,26425,37
0.0495628, 0.0, 26425,26470,45
0.0454608, 0.0, 26470,26513,43
0.0510492, 0.0, 26513,26544,31
0.0542481, 0.0, 26544,26577,33
0.0488033, 0.0, 26577,26607,30
0.0469933, 0.0, 26607,26637,30
0.0559124, 0.0, 26637,26669,32
0.0536028, 0.0, 26669,26700,31
0.0504662, 0.0, 26700,26730,30
0.054967, 0.0, 26730,26760,30
0.0455158, 0.0, 26760,26792,32
0.053718, 0.0, 26792,26823,31
0.0449172, 0.0, 26823,26851,28
0.0500185, 0.0, 26851,26883,32
0.0564172, 0.0, 26883,26915,32
0.044574, 0.0, 26915,26948,33
0.0560031, 0.0, 26948,26979,31
0.0605466, 0.0, 26979,27009,30
0.0487181, 0.0, 27009,27041,32
0.0542358, 0.0, 27041,27074,33
0.0532295, 0.0, 27074,27104,30
0.0490492, 0.0, 27104,27135,31
0.0628809, 0.0, 27135,27165,30
0.0561869, 0.0, 27165,27197,32
0.0504682, 0.0, 27197,27227,30
0.056045, 0.0, 27227,27260,33
0.0501397, 0.0, 27260,27291,31
0.0524587, 0.0, 27291,27322,31
0.0552534, 0.0, 27322,27353,31
0.0509414, 0.0, 27353,27383,30
0.0451988, 0.0, 27383,27414,31
0.0551838, 0.0, 27414,27445,31
0.045202, 0.0, 27445,27477,32
0.0568474, 0.0, 27477,27508,31
0.0515744, 0.0, 27508,27538,30
0.0486942, 0.0, 27538,27572,34
0.0551826, 0.0, 27572,27600,28
0.0424752, 0.0, 27600,27632,32
0.0475251, 0.0, 27632,27664,32
0.054473, 0.0, 27664,27695,31
0.0464013, 0.0, 27695,27729,34
0.051581, 0.0, 27729,27773,44
0.0505059, 0.0, 27773,27804,31
0.0478831, 0.0, 27804,27833,29
0.0565858, 0.0, 27833,27865,32
0.0463676, 0.0, 27865,27896,31
0.0460596, 0.0, 27896,27926,30
0.0486634, 0.0, 27926,27960,34
0.0552425, 0.0, 27960,27989,29
0.0479527, 0.0, 27989,28021,32
0.0471413, 0.0, 28021,28052,31
0.0479709, 0.0, 28052,28081,29
0.0641855, 0.0, 28081,28114,33
0.0514361, 0.0, 28114,28150,36
0.0581476, 0.0, 28150,28208,58
0.0419112, 0.0, 28208,28239,31
0.0527471, 0.0, 28239,28269,30
0.048294, 0.0, 28269,28299,30
0.0444428, 0.0, 28299,28331,32
0.0523729, 0.0, 28331,28361,30
0.0463569, 0.0, 28361,28392,31
0.0484313, 0.0, 28392,28422,30
0.0497214, 0.0, 28422,28453,31
0.0467236, 0.0, 28453,28485,32
0.0456003, 0.0, 28485,28516,31
0.0650423, 0.0, 28516,28547,31
0.0472472, 0.0, 28547,28583,36
0.0571808, 0.0, 28583,28610,27
0.0500289, 0.0, 28610,28640,30
0.0436628, 0.0, 28640,28671,31
0.0514855, 0.0, 28671,28703,32
0.052157, 0.0, 28703,28733,30
0.0438374, 0.0, 28733,28764,31
0.054474, 0.0, 28764,28794,30
0.0494128, 0.0, 28794,28831,37
0.0516804, 0.0, 28831,28871,40
0.0561843, 0.0, 28871,28903,32
0.0466224, 0.0, 28903,28935,32
0.0522598, 0.0, 28935,28966,31
0.0468629, 0.0, 28966,28998,32
0.048967, 0.0, 28998,29030,32
0.0446676, 0.0, 29030,29060,30
0.0489524, 0.0, 29060,29092,32
0.0461351, 0.0, 29092,29123,31
0.0516973, 0.0, 29123,29153,30
0.0451989, 0.0, 29153,29185,32
0.0641056, 0.0, 29185,29216,31
0.0465095, 0.0, 29216,29247,31
0.0443672, 0.0, 29247,29278,31
0.0641363, 0.0, 29278,29309,31
0.0483698, 0.0, 29309,29339,30
0.0491476, 0.0, 29339,29371,32
0.0585632, 0.0, 29371,29414,43
0.0455621, 0.0, 29414,29459,45
0.051399, 0.0, 29459,29497,38
0.0557053, 0.0, 29497,29531,34
0.0509853, 0.0, 29531,29574,43
0.0520884, 0.0, 29574,29604,30
0.0547627, 0.0, 29604,29635,31
0.0518281, 0.0, 29635,29666,31
0.0522019, 0.0, 29666,29697,31
0.0544244, 0.0, 29697,29727,30
0.0520053, 0.0, 29727,29757,30
0.0500772, 0.0, 29757,29788,31
0.054826, 0.0, 29788,29820,32
0.0521318, 0.0, 29820,29850,30
0.0426758, 0.0, 29850,29882,32
0.0590792, 0.0, 29882,29912,30
0.0508359, 0.0, 29912,29944,32
0.0483572, 0.0, 29944,29974,30
0.0520138, 0.0, 29974,30006,32
0.0444424, 0.0, 30006,30039,33
0.0554178, 0.0, 30039,30068,29
0.053712, 0.0, 30068,30101,33
0.04686, 0.0, 30101,30132,31
0.0530629, 0.0, 30132,30163,31
0.05328, 0.0, 30163,30194,31
0.0428065, 0.0, 30194,30225,31
0.0464494, 0.0, 30225,30257,32
0.0458457, 0.0, 30257,30288,31
0.0446423, 0.0, 30288,30320,32
0.0587188, 0.0, 30320,30352,32
0.0418994, 0.0, 30352,30383,31
0.0525225, 0.0, 30383,30428,45
0.0491731, 0.0, 30428,30460,32
0.0550242, 0.0, 30460,30494,34
0.0537447, 0.0, 30494,30539,45
0.0539168, 0.0, 30539,30570,31
0.0525951, 0.0, 30570,30599,29
0.047988, 0.0, 30599,30630,31
0.0469946, 0.0, 30630,30662,32
0.0509267, 0.0, 30662,30693,31
0.0440223, 0.0, 30693,30723,30
0.0523124, 0.0, 30723,30754,31
0.0498987, 0.0, 30754,30784,30
0.0530714, 0.0, 30784,30816,32
0.0502669, 0.0, 30816,30846,30
0.0535876, 0.0, 30846,30879,33
0.0456044, 0.0, 30879,30910,31
0.0555822, 0.0, 30910,30941,31
0.0513424, 0.0, 30941,30970,29
0.0450318, 0.0, 30970,31003,33
0.0554627, 0.0, 31003,31034,31
0.0474606, 0.0, 31034,31064,30
0.0535247, 0.0, 31064,31094,30
0.0516656, 0.0, 31094,31128,34
0.0497213, 0.0, 31128,31158,30
0.0513261, 0.0, 31158,31189,31
0.0491949, 0.0, 31189,31219,30
0.0521385, 0.0, 31219,31250,31
0.0478608, 0.0, 31250,31281,31
0.0508654, 0.0, 31281,31312,31
0.0423355, 0.0, 31312,31344,32
0.061023, 0.0, 31344,31375,31
0.0436637, 0.0, 31375,31406,31
0.0565194, 0.0, 31406,31437,31
0.052065, 0.0, 31437,31470,33
0.0448001, 0.0, 31470,31504,34
0.0556824, 0.0, 31504,31532,28
0.0546007, 0.0, 31532,31565,33
0.0481196, 0.0, 31565,31596,31
0.0612309, 0.0, 31596,31627,31
0.0495848, 0.0, 31627,31657,30
0.047517, 0.0, 31657,31688,31
0.0538357, 0.0, 31688,31719,31
0.056942, 0.0, 31719,31750,31
0.0435172, 0.0, 31750,31781,31
0.0505757, 0.0, 31781,31812,31
0.0540505, 0.0, 31812,31843,31
0.056134, 0.0, 31843,31875,32
0.0506697, 0.0, 31875,31905,30
0.0790249, 0.0, 31905,31935,30
0.0867338, 0.0, 31935,31968,33
0.165048, 0.0, 31968,31999,31
0.194545, 0.0, 31999,32029,30
0.218942, 0.0, 32029,32062,33
0.23132, 0.0, 32062,32092,30
0.138718, 0.0, 32092,32123,31
0.169656, 0.0, 32123,32154,31
5.93218, 0.0, 32154,32185,31
5.20867, 0.0, 32185,32216,31
5.18737, 0.0, 32216,32247,31
5.09179, 0.0, 32247,32278,31
1.27092, 0.0, 32278,32308,30
1.7827, 0.0, 32308,32341,33
1.43056, 0.0, 32341,32371,30
2.83384, 0.0, 32371,32404,33
7.90841, 0.0, 32404,32435,31
7.45729, 0.0, 32435,32465,30
6.82745, 0.0, 32465,32497,32
2.68452, 0.0, 32497,32528,31
3.55168, 0.0, 32528,32560,32
3.21542, 0.0, 32560,32591,31
5.15946, 0.0, 32591,32620,29
9.91407, 0.0, 32620,32652,32
4.17797, 0.0, 32652,32682,30
2.54579, 0.0, 32682,32714,32
2.2185, 0.0, 32714,32745,31
2.68966, 0.0, 32745,32777,32
1.2855, 0.0, 32777,32808,31
2.8561, 0.0, 32808,32840,32
1.75967, 0.0, 32840,32870,30
0.600455, 0.0, 32870,32902,32
0.263079, 0.0, 32902,32933,31
0.444017, 0.0, 32933,32965,32
0.296119, 0.0, 32965,32995,30
0.206157, 0.0, 32995,33028,33
0.123653, 0.0, 33028,33059,31
0.124741, 0.0, 33059,33090,31
0.112613, 0.0, 33090,33121,31
0.129864, 0.0, 33121,33155,34
0.108305, 0.0, 33155,33184,29
0.122569, 0.0, 33184,33214,30
0.111784, 0.0, 33214,33245,31
0.11631, 0.0, 33245,33277,32
0.117408, 0.0, 33277,33307,30
0.106087, 0.0, 33307,33339,32
0.11388, 0.0, 33339,33371,32
0.112564, 0.0, 33371,33400,29
0.122719, 0.0, 33400,33431,31
0.112298, 0.0, 33431,33462,31
0.120416, 0.0, 33462,33492,30
0.117442, 0.0, 33492,33522,30
0.117946, 0.0, 33522,33554,32
0.117514, 0.0, 33554,33585,31
0.116145, 0.0, 33585,33616,31
0.109539, 0.0, 33616,33647,31
0.113614, 0.0, 33647,33677,30
0.113056, 0.0, 33677,33709,32
0.105798, 0.0, 33709,33741,32
0.122394, 0.0, 33741,33771,30
0.112163, 0.0, 33771,33803,32
0.120967, 0.0, 33803,33835,32
0.103909, 0.0, 33835,33866,31
0.125111, 0.0, 33866,33897,31
0.11772, 0.0, 33897,33928,31
0.12145, 0.0, 33928,33959,31
0.110688, 0.0, 33959,33990,31
0.111321, 0.0, 33990,34020,30
0.115625, 0.0, 34020,34052,32
0.108459, 0.0, 34052,34084,32
0.111491, 0.0, 34084,34116,32
0.116556, 0.0, 34116,34146,30
0.108434, 0.0, 34146,34177,31
0.11036, 0.0, 34177,34208,31
0.100151, 0.0, 34208,34240,32
0.11505, 0.0, 34240,34271,31
0.101728, 0.0, 34271,34302,31
0.110719, 0.0, 34302,34334,32
0.0984945, 0.0, 34334,34365,31
0.11107, 0.0, 34365,34395,30
0.103406, 0.0, 34395,34428,33
0.106043, 0.0, 34428,34461,33
0.114753, 0.0, 34461,34492,31
0.114069, 0.0, 34492,34524,32
0.119397, 0.0, 34524,34555,31
0.108249, 0.0, 34555,34585,30
0.123616, 0.0, 34585,34615,30
0.117257, 0.0, 34615,34646,31
0.118837, 0.0, 34646,34676,30
0.118355, 0.0, 34676,34709,33
0.113946, 0.0, 34709,34740,31
0.11804, 0.0, 34740,34771,31
0.109358, 0.0, 34771,34803,32
0.121621, 0.0, 34803,34835,32
0.11071, 0.0, 34835,34866,31
0.130659, 0.0, 34866,34896,30
0.113088, 0.0, 34896,34927,31
0.12756, 0.0, 34927,34959,32
0.113115, 0.0, 34959,34988,29
0.127279, 0.0, 34988,35019,31
0.123032, 0.0, 35019,35051,32
0.123463, 0.0, 35051,35081,30
0.112657, 0.0, 35081,35111,30
0.125087, 0.0, 35111,35144,33
0.115843, 0.0, 35144,35173,29
0.113731, 0.0, 35173,35203,30
0.114924, 0.0, 35203,35235,32
0.115478, 0.0, 35235,35266,31
0.121543, 0.0, 35266,35298,32
0.119311, 0.0, 35298,35329,31
0.123921, 0.0, 35329,35359,30
0.11495, 0.0, 35359,35390,31
0.123099, 0.0, 35390,35421,31
0.117273, 0.0, 35421,35452,31
0.113828, 0.0, 35452,35484,32
0.119397, 0.0, 35484,35514,30
0.107823, 0.0, 35514,35545,31
0.11845, 0.0, 35545,35578,33
0.103668, 0.0, 35578,35608,30
0.118901, 0.0, 35608,35639,31
0.107164, 0.0, 35639,35671,32
0.121638, 0.0, 35671,35702,31
0.116875, 0.0, 35702,35733,31
0.11816, 0.0, 35733,35764,31
0.11874, 0.0, 35764,35796,32
0.121848, 0.0, 35796,35827,31
0.11509, 0.0, 35827,35858,31
0.107804, 0.0, 35858,35890,32
0.111229, 0.0, 35890,35920,30
0.113516, 0.0, 35920,35952,32
0.107944, 0.0, 35952,35983,31
0.111674, 0.0, 35983,36015,32
0.106325, 0.0, 36015,36045,30
0.123787, 0.0, 36045,36076,31
0.107425, 0.0, 36076,36107,31
0.121049, 0.0, 36107,36137,30
0.11549, 0.0, 36137,36169,32
0.118127, 0.0, 36169,36199,30
0.11173, 0.0, 36199,36232,33
0.11734, 0.0, 36232,36261,29
0.104999, 0.0, 36261,36292,31
0.117855, 0.0, 36292,36323,31
0.108585, 0.0, 36323,36354,31
0.122968, 0.0, 36354,36384,30
0.109628, 0.0, 36384,36416,32
0.124625, 0.0, 36416,36447,31
0.114756, 0.0, 36447,36478,31
0.107658, 0.0, 36478,36509,31
0.110222, 0.0, 36509,36540,31
0.0997386, 0.0, 36540,36570,30
0.116456, 0.0, 36570,36602,32
0.102752, 0.0, 36602,36633,31
0.10401, 0.0, 36633,36664,31
0.0970779, 0.0, 36664,36695,31
0.107141, 0.0, 36695,36725,30
0.107845, 0.0, 36725,36756,31
0.1058, 0.0, 36756,36787,31
0.118313, 0.0, 36787,36817,30
0.119672, 0.0, 36817,36849,32
0.126576, 0.0, 36849,36880,31
0.108649, 0.0, 36880,36912,32
0.128488, 0.0, 36912,36942,30
0.112405, 0.0, 36942,36973,31
0.116073, 0.0, 36973,37003,30
0.111533, 0.0, 37003,37035,32
0.116086, 0.0, 37035,37067,32
0.113386, 0.0, 37067,37099,32
0.107308, 0.0, 37099,37128,29
0.114777, 0.0, 37128,37160,32
0.111239, 0.0, 37160,37191,31
0.126144, 0.0, 37191,37222,31
0.113328, 0.0, 37222,37253,31
0.130037, 0.0, 37253,37283,30
0.110721, 0.0, 37283,37315,32
0.129938, 0.0, 37315,37345,30
0.120144, 0.0, 37345,37376,31
0.121473, 0.0, 37376,37407,31
0.116863, 0.0, 37407,37438,31
0.117779, 0.0, 37438,37468,30
0.118128, 0.0, 37468,37499,31
0.123486, 0.0, 37499,37530,31
0.121728, 0.0, 37530,37560,30
0.112161, 0.0, 37560,37591,31
0.127956, 0.0, 37591,37622,31
0.121831, 0.0, 37622,37652,30
0.123554, 0.0, 37652,37683,31
0.116942, 0.0, 37683,37714,31
0.123804, 0.0, 37714,37744,30
0.120001, 0.0, 37744,37775,31
0.115312, 0.0, 37775,37807,32
0.115178, 0.0, 37807,37837,30
0.114821, 0.0, 37837,37869,32
0.117284, 0.0, 37869,37900,31
0.107286, 0.0, 37900,37931,31
0.121821, 0.0, 37931,37962,31
0.115704, 0.0, 37962,37993,31
0.124537, 0.0, 37993,38024,31
0.110393, 0.0, 38024,38055,31
0.122325, 0.0, 38055,38085,30
0.108364, 0.0, 38085,38116,31
0.119951, 0.0, 38116,38147,31
0.104945, 0.0, 38147,38177,30
0.113756, 0.0, 38177,38208,31
0.109444, 0.0, 38208,38240,32
0.113413, 0.0, 38240,38271,31
0.112287, 0.0, 38271,38302,31
0.108729, 0.0, 38302,38332,30
0.113346, 0.0, 38332,38363,31
0.122496, 0.0, 38363,38394,31
0.112441, 0.0, 38394,38425,31
0.113304, 0.0, 38425,38456,31
0.123681, 0.0, 38456,38487,31
0.112379, 0.0, 38487,38519,32
0.113511, 0.0, 38519,38549,30
0.111593, 0.0, 38549,38581,32
0.108414, 0.0, 38581,38612,31
0.118516, 0.0, 38612,38643,31
0.107703, 0.0, 38643,38676,33
0.121842, 0.0, 38676,38705,29
0.104241, 0.0, 38705,38736,31
0.131177, 0.0, 38736,38768,32
0.113193, 0.0, 38768,38798,30
0.123374, 0.0, 38798,38829,31
0.11317, 0.0, 38829,38860,31
0.117183, 0.0, 38860,38890,30
0.106309, 0.0, 38890,38922,32
0.097876, 0.0, 38922,38952,30
0.0935086, 0.0, 38952,38983,31
0.098102, 0.0, 38983,39014,31
0.106948, 0.0, 39014,39047,33
0.100655, 0.0, 39047,39076,29
0.108328, 0.0, 39076,39108,32
0.109329, 0.0, 39108,39140,32
0.119787, 0.0, 39140,39170,30
0.116721, 0.0, 39170,39202,32
0.114468, 0.0, 39202,39233,31
0.123255, 0.0, 39233,39263,30
0.112227, 0.0, 39263,39294,31
0.119799, 0.0, 39294,39325,31
0.107324, 0.0, 39325,39355,30
0.119705, 0.0, 39355,39386,31
0.108557, 0.0, 39386,39418,32
0.123345, 0.0, 39418,39449,31
0.111568, 0.0, 39449,39480,31
0.120709, 0.0, 39480,39511,31
0.121961, 0.0, 39511,39542,31
0.120142, 0.0, 39542,39573,31
0.126718, 0.0, 39573,39605,32
0.116602, 0.0, 39605,39635,30
0.118112, 0.0, 39635,39666,31
0.120299, 0.0, 39666,39697,31
0.122867, 0.0, 39697,39727,30
0.111159, 0.0, 39727,39758,31
0.116314, 0.0, 39758,39788,30
0.112934, 0.0, 39788,39818,30
0.128586, 0.0, 39818,39848,30
0.114145, 0.0, 39848,39879,31
0.126731, 0.0, 39879,39911,32
0.124002, 0.0, 39911,39941,30
0.13019, 0.0, 39941,39973,32
0.111407, 0.0, 39973,40004,31
0.122787, 0.0, 40004,40035,31
0.113, 0.0, 40035,40066,31
0.115654, 0.0, 40066,40098,32
0.120256, 0.0, 40098,40128,30
0.112188, 0.0, 40128,40160,32
0.125175, 0.0, 40160,40190,30
0.113854, 0.0, 40190,40222,32
0.115187, 0.0, 40222,40256,34
0.117132, 0.0, 40256,40301,45
0.126254, 0.0, 40301,40331,30
0.117741, 0.0, 40331,40376,45
0.115543, 0.0, 40376,40407,31
0.106825, 0.0, 40407,40438,31
0.117556, 0.0, 40438,40467,29
0.111118, 0.0, 40467,40499,32
0.118234, 0.0, 40499,40532,33
0.116683, 0.0, 40532,40578,46
0.122847, 0.0, 40578,40608,30
0.114134, 0.0, 40608,40639,31
0.119422, 0.0, 40639,40671,32
0.111728, 0.0, 40671,40702,31
0.116392, 0.0, 40702,40732,30
0.118743, 0.0, 40732,40764,32
0.116149, 0.0, 40764,40795,31
0.112932, 0.0, 40795,40825,30
0.110207, 0.0, 40825,40855,30
0.106856, 0.0, 40855,40885,30
0.117327, 0.0, 40885,40917,32
0.119296, 0.0, 40917,40950,33
0.114838, 0.0, 40950,40997,47
0.118721, 0.0, 40997,41040,43
0.123876, 0.0, 41040,41070,30
0.112031, 0.0, 41070,41100,30
0.118187, 0.0, 41100,41130,30
0.111011, 0.0, 41130,41161,31
0.11193, 0.0, 41161,41191,30
0.100767, 0.0, 41191,41223,32
0.100009, 0.0, 41223,41254,31
0.0912359, 0.0, 41254,41285,31
0.113366, 0.0, 41285,41317,32
0.10594, 0.0, 41317,41351,34
0.107904, 0.0, 41351,41395,44
0.106131, 0.0, 41395,41427,32
0.11122, 0.0, 41427,41458,31
0.116851, 0.0, 41458,41489,31
0.11447, 0.0, 41489,41520,31
0.117716, 0.0, 41520,41553,33
0.115869, 0.0, 41553,41581,28
0.109042, 0.0, 41581,41613,32
0.108678, 0.0, 41613,41645,32
0.118861, 0.0, 41645,41676,31
0.110933, 0.0, 41676,41707,31
0.121912, 0.0, 41707,41741,34
0.116263, 0.0, 41741,41788,47
0.122529, 0.0, 41788,41832,44
0.111398, 0.0, 41832,41862,30
0.127779, 0.0, 41862,41893,31
0.113826, 0.0, 41893,41925,32
0.117806, 0.0, 41925,41973,48
0.114927, 0.0, 41973,42017,44
0.111313, 0.0, 42017,42048,31
0.126748, 0.0, 42048,42080,32
0.118313, 0.0, 42080,42111,31
0.128348, 0.0, 42111,42141,30
0.127444, 0.0, 42141,42173,32
0.121154, 0.0, 42173,42203,30
0.128937, 0.0, 42203,42234,31
0.117897, 0.0, 42234,42265,31
0.126565, 0.0, 42265,42296,31
0.112139, 0.0, 42296,42326,30
0.12235, 0.0, 42326,42357,31
0.113916, 0.0, 42357,42389,32
0.113929, 0.0, 42389,42424,35
0.125932, 0.0, 42424,42453,29
0.105339, 0.0, 42453,42484,31
0.129631, 0.0, 42484,42514,30
0.119449, 0.0, 42514,42545,31
0.12526, 0.0, 42545,42574,29
0.114214, 0.0, 42574,42605,31
0.119184, 0.0, 42605,42635,30
0.115159, 0.0, 42635,42668,33
0.120738, 0.0, 42668,42699,31
0.105191, 0.0, 42699,42731,32
0.11682, 0.0, 42731,42762,31
0.112673, 0.0, 42762,42793,31
0.112428, 0.0, 42793,42823,30
0.117032, 0.0, 42823,42855,32
0.111009, 0.0, 42855,42887,32
0.121624, 0.0, 42887,42918,31
0.115314, 0.0, 42918,42948,30
0.113932, 0.0, 42948,42980,32
0.122462, 0.0, 42980,43015,35
0.114417, 0.0, 43015,43057,42
0.112781, 0.0, 43057,43089,32
0.112333, 0.0, 43089,43120,31
0.113279, 0.0, 43120,43150,30
0.108279, 0.0, 43150,43182,32
0.122516, 0.0, 43182,43216,34
0.113921, 0.0, 43216,43260,44
0.119894, 0.0, 43260,43292,32
0.118281, 0.0, 43292,43324,32
0.117172, 0.0, 43324,43353,29
0.118399, 0.0, 43353,43384,31
0.116369, 0.0, 43384,43424,40
0.115212, 0.0, 43424,43463,39
0.115724, 0.0, 43463,43495,32
0.109062, 0.0, 43495,43525,30
0.110599, 0.0, 43525,43556,31
0.106551, 0.0, 43556,43588,32
0.105196, 0.0, 43588,43617,29
0.105268, 0.0, 43617,43650,33
0.105423, 0.0, 43650,43683,33
0.107581, 0.0, 43683,43728,45
0.107472, 0.0, 43728,43760,32
0.10329, 0.0, 43760,43791,31
0.114032, 0.0, 43791,43821,30
0.103015, 0.0, 43821,43851,30
0.112326, 0.0, 43851,43886,35
0.115394, 0.0, 43886,43931,45
0.129569, 0.0, 43931,43962,31
0.111499, 0.0, 43962,43993,31
0.122342, 0.0, 43993,44026,33
0.118323, 0.0, 44026,44054,28
0.120371, 0.0, 44054,44086,32
0.113308, 0.0, 44086,44115,29
0.124313, 0.0, 44115,44146,31
0.118625, 0.0, 44146,44179,33
0.113838, 0.0, 44179,44211,32
0.119132, 0.0, 44211,44241,30
0.112059, 0.0, 44241,44287,46
0.122255, 0.0, 44287,44334,47
0.124919, 0.0, 44334,44379,45
0.124164, 0.0, 44379,44409,30
0.126066, 0.0, 44409,44440,31
0.120099, 0.0, 44440,44471,31
0.125591, 0.0, 44471,44502,31
0.218554, 0.0, 44502,44533,31
0.410377, 0.0, 44533,44563,30
0.836292, 0.0, 44563,44595,32
0.222116, 0.0, 44595,44626,31
0.323448, 0.0, 44626,44655,29
6.13162, 0.0, 44655,44686,31
11.4503, 0.0, 44686,44717,31
6.36074, 0.0, 44717,44748,31
5.5614, 0.0, 44748,44778,30
2.57144, 0.0, 44778,44810,32
1.82882, 0.0, 44810,44841,31
12.455, 0.0, 44841,44873,32
10.068, 0.0, 44873,44905,32
7.22878, 0.0, 44905,44936,31
5.18371, 0.0, 44936,44966,30
11.6754, 0.0, 44966,44997,31
6.55527, 0.0, 44997,45028,31
6.34555, 0.0, 45028,45059,31
14.9719, 0.0, 45059,45090,31
2.51682, 0.0, 45090,45121,31
5.34275, 0.0, 45121,45152,31
3.91295, 0.0, 45152,45182,30
2.30661, 0.0, 45182,45214,32
0.695871, 0.0, 45214,45253,39
1.02954, 0.0, 45253,45294,41
0.90902, 0.0, 45294,45325,31
0.527353, 0.0, 45325,45357,32
0.365797, 0.0, 45357,45387,30
0.193269, 0.0, 45387,45418,31
0.167228, 0.0, 45418,45450,32
0.187968, 0.0, 45450,45480,30
0.172077, 0.0, 45480,45510,30
0.172229, 0.0, 45510,45541,31
0.177647, 0.0, 45541,45573,32
0.16911, 0.0, 45573,45604,31
0.177806, 0.0, 45604,45636,32
0.170162, 0.0, 45636,45666,30
0.168545, 0.0, 45666,45697,31
0.176518, 0.0, 45697,45728,31
0.174733, 0.0, 45728,45761,33
0.170627, 0.0, 45761,45791,30
0.17867, 0.0, 45791,45821,30
0.169221, 0.0, 45821,45852,31
0.179023, 0.0, 45852,45883,31
0.159726, 0.0, 45883,45915,32
0.168004, 0.0, 45915,45945,30
0.149563, 0.0, 45945,45977,32
0.160475, 0.0, 45977,46007,30
0.159548, 0.0, 46007,46039,32
0.160239, 0.0, 46039,46069,30
0.155535, 0.0, 46069,46101,32
0.15855, 0.0, 46101,46132,31
0.17187, 0.0, 46132,46163,31
0.169808, 0.0, 46163,46195,32
0.17568, 0.0, 46195,46226,31
0.175612, 0.0, 46226,46258,32
0.177188, 0.0, 46258,46290,32
0.172667, 0.0, 46290,46320,30
0.173097, 0.0, 46320,46350,30
0.171181, 0.0, 46350,46381,31
0.177069, 0.0, 46381,46412,31
0.17347, 0.0, 46412,46443,31
0.165896, 0.0, 46443,46474,31
0.172442, 0.0, 46474,46504,30
0.165563, 0.0, 46504,46535,31
0.186597, 0.0, 46535,46567,32
0.168331, 0.0, 46567,46596,29
0.181768, 0.0, 46596,46626,30
0.177171, 0.0, 46626,46658,32
0.186108, 0.0, 46658,46689,31
0.181851, 0.0, 46689,46720,31
0.182333, 0.0, 46720,46752,32
0.185539, 0.0, 46752,46784,32
0.187819, 0.0, 46784,46816,32
0.187855, 0.0, 46816,46847,31
0.175043, 0.0, 46847,46878,31
0.178002, 0.0, 46878,46909,31
0.181846, 0.0, 46909,46941,32
0.184271, 0.0, 46941,46971,30
0.179008, 0.0, 46971,47002,31
0.183878, 0.0, 47002,47035,33
0.189739, 0.0, 47035,47066,31
0.176288, 0.0, 47066,47096,30
0.185307, 0.0, 47096,47127,31
0.171584, 0.0, 47127,47158,31
0.182515, 0.0, 47158,47190,32
0.178441, 0.0, 47190,47221,31
0.177387, 0.0, 47221,47252,31
0.173004, 0.0, 47252,47283,31
0.177823, 0.0, 47283,47314,31
0.183514, 0.0, 47314,47346,32
0.168526, 0.0, 47346,47378,32
0.177405, 0.0, 47378,47409,31
0.17559, 0.0, 47409,47440,31
0.1816, 0.0, 47440,47471,31
0.174444, 0.0, 47471,47501,30
0.171276, 0.0, 47501,47533,32
0.165705, 0.0, 47533,47564,31
0.171574, 0.0, 47564,47594,30
0.173053, 0.0, 47594,47627,33
0.163572, 0.0, 47627,47658,31
0.177454, 0.0, 47658,47688,30
0.172471, 0.0, 47688,47719,31
0.179966, 0.0, 47719,47751,32
0.168618, 0.0, 47751,47781,30
0.174166, 0.0, 47781,47813,32
0.174606, 0.0, 47813,47844,31
0.168911, 0.0, 47844,47874,30
0.164743, 0.0, 47874,47905,31
0.171879, 0.0, 47905,47935,30
0.17482, 0.0, 47935,47966,31
0.16713, 0.0, 47966,47998,32
0.177572, 0.0, 47998,48029,31
0.170764, 0.0, 48029,48061,32
0.178716, 0.0, 48061,48092,31
0.173697, 0.0, 48092,48124,32
0.176591, 0.0, 48124,48154,30
0.177957, 0.0, 48154,48186,32
0.175096, 0.0, 48186,48218,32
0.17472, 0.0, 48218,48248,30
0.160259, 0.0, 48248,48280,32
0.159957, 0.0, 48280,48311,31
0.148265, 0.0, 48311,48341,30
0.160748, 0.0, 48341,48372,31
0.148625, 0.0, 48372,48402,30
0.159206, 0.0, 48402,48433,31
0.160781, 0.0, 48433,48464,31
0.163315, 0.0, 48464,48494,30
0.159621, 0.0, 48494,48525,31
0.169925, 0.0, 48525,48555,30
0.173194, 0.0, 48555,48585,30
0.170092, 0.0, 48585,48615,30
0.170767, 0.0, 48615,48647,32
0.168677, 0.0, 48647,48679,32
0.181085, 0.0, 48679,48710,31
0.168348, 0.0, 48710,48741,31
0.180397, 0.0, 48741,48771,30
0.167149, 0.0, 48771,48802,31
0.183206, 0.0, 48802,48832,30
0.17531, 0.0, 48832,48864,32
0.178393, 0.0, 48864,48895,31
0.174837, 0.0, 48895,48927,32
0.185315, 0.0, 48927,48957,30
0.173636, 0.0, 48957,48988,31
0.183896, 0.0, 48988,49019,31
0.17637, 0.0, 49019,49050,31
0.179265, 0.0, 49050,49081,31
0.182428, 0.0, 49081,49113,32
0.182928, 0.0, 49113,49144,31
0.174106, 0.0, 49144,49176,32
0.178516, 0.0, 49176,49205,29
0.182936, 0.0, 49205,49237,32
0.191818, 0.0, 49237,49269,32
0.173467, 0.0, 49269,49301,32
0.187455, 0.0, 49301,49332,31
0.183125, 0.0, 49332,49364,32
0.194008, 0.0, 49364,49395,31
0.16698, 0.0, 49395,49427,32
0.176267, 0.0, 49427,49458,31
0.185115, 0.0, 49458,49489,31
0.183403, 0.0, 49489,49520,31
0.176427, 0.0, 49520,49552,32
0.172975, 0.0, 49552,49582,30
0.178353, 0.0, 49582,49613,31
0.176895, 0.0, 49613,49643,30
0.175329, 0.0, 49643,49673,30
0.169736, 0.0, 49673,49706,33
0.174382, 0.0, 49706,49736,30
0.175142, 0.0, 49736,49765,29
0.171213, 0.0, 49765,49796,31
0.165837, 0.0, 49796,49827,31
0.171608, 0.0, 49827,49857,30
0.182005, 0.0, 49857,49888,31
0.166769, 0.0, 49888,49919,31
0.174974, 0.0, 49919,49950,31
0.175435, 0.0, 49950,49980,30
0.179874, 0.0, 49980,50011,31
0.175031, 0.0, 50011,50044,33
0.174414, 0.0, 50044,50074,30
0.15849, 0.0, 50074,50104,30
0.181927, 0.0, 50104,50136,32
0.168826, 0.0, 50136,50168,32
0.169266, 0.0, 50168,50199,31
0.16998, 0.0, 50199,50232,33
0.178107, 0.0, 50232,50264,32
0.170232, 0.0, 50264,50295,31
0.176969, 0.0, 50295,50326,31
0.16999, 0.0, 50326,50356,30
0.184241, 0.0, 50356,50388,32
0.174426, 0.0, 50388,50419,31
0.175242, 0.0, 50419,50451,32
0.167101, 0.0, 50451,50481,30
0.178378, 0.0, 50481,50513,32
0.163738, 0.0, 50513,50544,31
0.179152, 0.0, 50544,50574,30
0.168865, 0.0, 50574,50606,32
0.171618, 0.0, 50606,50638,32
0.157769, 0.0, 50638,50668,30
0.160046, 0.0, 50668,50698,30
0.150667, 0.0, 50698,50730,32
0.163602, 0.0, 50730,50761,31
0.158204, 0.0, 50761,50791,30
0.163158, 0.0, 50791,50822,31
0.158653, 0.0, 50822,50853,31
0.174575, 0.0, 50853,50884,31
0.17077, 0.0, 50884,50915,31
0.178405, 0.0, 50915,50946,31
0.171304, 0.0, 50946,50977,31
0.181391, 0.0, 50977,51008,31
0.178511, 0.0, 51008,51038,30
0.178284, 0.0, 51038,51068,30
0.179236, 0.0, 51068,51099,31
0.180752, 0.0, 51099,51131,32
0.172603, 0.0, 51131,51164,33
0.173912, 0.0, 51164,51194,30
0.170876, 0.0, 51194,51226,32
0.181104, 0.0, 51226,51258,32
0.163553, 0.0, 51258,51288,30
0.174443, 0.0, 51288,51320,32
0.165031, 0.0, 51320,51349,29
0.189778, 0.0, 51349,51382,33
0.175275, 0.0, 51382,51413,31
0.184824, 0.0, 51413,51445,32
0.184512, 0.0, 51445,51475,30
0.194559, 0.0, 51475,51505,30
0.188444, 0.0, 51505,51537,32
0.187713, 0.0, 51537,51568,31
0.176408, 0.0, 51568,51598,30
0.184401, 0.0, 51598,51629,31
0.181849, 0.0, 51629,51659,30
0.189071, 0.0, 51659,51690,31
0.182022, 0.0, 51690,51722,32
0.17895, 0.0, 51722,51752,30
0.19241, 0.0, 51752,51783,31
0.183817, 0.0, 51783,51813,30
0.174803, 0.0, 51813,51844,31
0.188474, 0.0, 51844,51875,31
0.175979, 0.0, 51875,51906,31
0.191086, 0.0, 51906,51938,32
0.16724, 0.0, 51938,51969,31
0.183701, 0.0, 51969,52000,31
0.165338, 0.0, 52000,52030,30
0.188803, 0.0, 52030,52061,31
0.161925, 0.0, 52061,52091,30
0.179921, 0.0, 52091,52122,31
0.1693, 0.0, 52122,52154,32
0.187563, 0.0, 52154,52184,30
0.174845, 0.0, 52184,52216,32
0.173226, 0.0, 52216,52246,30
0.175504, 0.0, 52246,52278,32
0.174872, 0.0, 52278,52310,32
0.173654, 0.0, 52310,52341,31
0.166772, 0.0, 52341,52371,30
0.169118, 0.0, 52371,52403,32
0.170098, 0.0, 52403,52433,30
0.170805, 0.0, 52433,52464,31
0.180127, 0.0, 52464,52495,31
0.169632, 0.0, 52495,52527,32
0.17828, 0.0, 52527,52558,31
0.170001, 0.0, 52558,52589,31
0.184553, 0.0, 52589,52620,31
0.167066, 0.0, 52620,52654,34
0.179147, 0.0, 52654,52683,29
0.170388, 0.0, 52683,52715,32
0.178775, 0.0, 52715,52746,31
0.16526, 0.0, 52746,52777,31
0.178748, 0.0, 52777,52807,30
0.18009, 0.0, 52807,52839,32
0.169762, 0.0, 52839,52871,32
0.1706, 0.0, 52871,52902,31
0.178296, 0.0, 52902,52933,31
0.180349, 0.0, 52933,52964,31
0.175837, 0.0, 52964,52995,31
0.157806, 0.0, 52995,53028,33
0.155792, 0.0, 53028,53073,45
0.164942, 0.0, 53073,53103,30
0.158039, 0.0, 53103,53135,32
0.158844, 0.0, 53135,53166,31
0.157183, 0.0, 53166,53198,32
0.166694, 0.0, 53198,53248,50
0.172511, 0.0, 53248,53290,42
0.179004, 0.0, 53290,53337,47
0.182272, 0.0, 53337,53382,45
0.176296, 0.0, 53382,53413,31
0.180871, 0.0, 53413,53443,30
0.169831, 0.0, 53443,53489,46
0.173144, 0.0, 53489,53519,30
0.172487, 0.0, 53519,53550,31
0.173891, 0.0, 53550,53582,32
0.187583, 0.0, 53582,53615,33
0.184479, 0.0, 53615,53658,43
0.18872, 0.0, 53658,53689,31
0.186319, 0.0, 53689,53720,31
0.184507, 0.0, 53720,53753,33
0.18597, 0.0, 53753,53783,30
0.186548, 0.0, 53783,53814,31
0.177338, 0.0, 53814,53844,30
0.176927, 0.0, 53844,53880,36
0.194121, 0.0, 53880,53922,42
0.181453, 0.0, 53922,53954,32
0.183332, 0.0, 53954,53983,29
0.181287, 0.0, 53983,54013,30
0.195678, 0.0, 54013,54045,32
0.184202, 0.0, 54045,54078,33
0.184441, 0.0, 54078,54107,29
0.182564, 0.0, 54107,54139,32
0.184689, 0.0, 54139,54170,31
0.181122, 0.0, 54170,54201,31
0.178633, 0.0, 54201,54232,31
0.175899, 0.0, 54232,54267,35
0.172586, 0.0, 54267,54296,29
0.178381, 0.0, 54296,54329,33
0.174498, 0.0, 54329,54375,46
0.174785, 0.0, 54375,54420,45
0.175321, 0.0, 54420,54450,30
0.169242, 0.0, 54450,54479,29
0.176096, 0.0, 54479,54510,31
0.179946, 0.0, 54510,54544,34
0.173545, 0.0, 54544,54590,46
0.171927, 0.0, 54590,54634,44
0.177405, 0.0, 54634,54667,33
0.173098, 0.0, 54667,54697,30
0.178296, 0.0, 54697,54727,30
0.174059, 0.0, 54727,54759,32
0.180508, 0.0, 54759,54790,31
0.174592, 0.0, 54790,54821,31
0.178468, 0.0, 54821,54852,31
0.176622, 0.0, 54852,54883,31
0.168095, 0.0, 54883,54913,30
0.167627, 0.0, 54913,54944,31
0.174294, 0.0, 54944,54975,31
0.172449, 0.0, 54975,55005,30
0.177103, 0.0, 55005,55036,31
0.18515, 0.0, 55036,55067,31
0.165844, 0.0, 55067,55097,30
0.182931, 0.0, 55097,55129,32
0.168348, 0.0, 55129,55160,31
0.180667, 0.0, 55160,55198,38
0.179328, 0.0, 55198,55237,39
0.174375, 0.0, 55237,55270,33
0.173703, 0.0, 55270,55301,31
0.160518, 0.0, 55301,55332,31
0.161952, 0.0, 55332,55362,30
0.152147, 0.0, 55362,55394,32
0.154932, 0.0, 55394,55425,31
0.158684, 0.0, 55425,55458,33
0.161965, 0.0, 55458,55487,29
0.160676, 0.0, 55487,55519,32
0.17508, 0.0, 55519,55549,30
0.164008, 0.0, 55549,55583,34
0.170756, 0.0, 55583,55626,43
0.18254, 0.0, 55626,55657,31
0.177881, 0.0, 55657,55688,31
0.175012, 0.0, 55688,55722,34
0.172097, 0.0, 55722,55753,31
0.176909, 0.0, 55753,55799,46
0.175078, 0.0, 55799,55830,31
0.17762, 0.0, 55830,55861,31
0.177623, 0.0, 55861,55892,31
0.178858, 0.0, 55892,55923,31
0.174627, 0.0, 55923,55956,33
0.168058, 0.0, 55956,56002,46
0.175104, 0.0, 56002,56031,29
0.171938, 0.0, 56031,56062,31
0.180878, 0.0, 56062,56093,31
0.17009, 0.0, 56093,56139,46
0.188698, 0.0, 56139,56168,29
0.176168, 0.0, 56168,56198,30
0.189897, 0.0, 56198,56229,31
0.181457, 0.0, 56229,56260,31
0.195283, 0.0, 56260,56291,31
0.180768, 0.0, 56291,56322,31
0.185938, 0.0, 56322,56352,30
0.177494, 0.0, 56352,56385,33
0.185071, 0.0, 56385,56430,45
0.176456, 0.0, 56430,56462,32
0.190556, 0.0, 56462,56492,30
0.176759, 0.0, 56492,56526,34
0.186072, 0.0, 56526,56571,45
0.180155, 0.0, 56571,56602,31
0.187573, 0.0, 56602,56634,32
0.181197, 0.0, 56634,56680,46
0.181036, 0.0, 56680,56711,31
0.177862, 0.0, 56711,56740,29
0.172902, 0.0, 56740,56772,32
0.174006, 0.0, 56772,56802,30
0.173525, 0.0, 56802,56833,31
0.173255, 0.0, 56833,56866,33
0.174083, 0.0, 56866,56895,29
0.178112, 0.0, 56895,56926,31
0.1794, 0.0, 56926,56957,31
0.182498, 0.0, 56957,56989,32
0.165144, 0.0, 56989,57020,31
0.185513, 0.0, 57020,57052,32
0.170589, 0.0, 57052,57086,34
0.174473, 0.0, 57086,57117,31
0.167402, 0.0, 57117,57146,29
0.172032, 0.0, 57146,57178,32
0.17228, 0.0, 57178,57208,30
0.177453, 0.0, 57208,57238,30
0.165939, 0.0, 57238,57269,31
0.173837, 0.0, 57269,57302,33
0.178232, 0.0, 57302,57333,31
0.177109, 0.0, 57333,57363,30
0.175313, 0.0, 57363,57396,33
0.179597, 0.0, 57396,57442,46
0.175042, 0.0, 57442,57472,30
0.168793, 0.0, 57472,57503,31
0.183994, 0.0, 57503,57535,32
0.171428, 0.0, 57535,57565,30
0.176221, 0.0, 57565,57597,32
0.169365, 0.0, 57597,57642,45
0.176644, 0.0, 57642,57675,33
0.172364, 0.0, 57675,57706,31
0.17433, 0.0, 57706,57736,30
0.160245, 0.0, 57736,57766,30
0.161322, 0.0, 57766,57798,32
0.153999, 0.0, 57798,57829,31
0.165432, 0.0, 57829,57861,32
0.154986, 0.0, 57861,57892,31
0.153683, 0.0, 57892,57924,32
0.161929, 0.0, 57924,57955,31
0.170167, 0.0, 57955,57987,32
0.165432, 0.0, 57987,58017,30
0.175337, 0.0, 58017,58050,33
0.180056, 0.0, 58050,58080,30
0.181318, 0.0, 58080,58110,30
0.168982, 0.0, 58110,58143,33
0.181761, 0.0, 58143,58173,30
0.169932, 0.0, 58173,58203,30
0.185542, 0.0, 58203,58234,31
0.171287, 0.0, 58234,58264,30
0.170272, 0.0, 58264,58295,31
0.17416, 0.0, 58295,58326,31
0.18383, 0.0, 58326,58358,32
0.174173, 0.0, 58358,58390,32
0.185695, 0.0, 58390,58420,30
0.18416, 0.0, 58420,58466,46
0.187786, 0.0, 58466,58496,30
0.174029, 0.0, 58496,58526,30
0.192858, 0.0, 58526,58558,32
0.173877, 0.0, 58558,58589,31
0.187618, 0.0, 58589,58620,31
0.170719, 0.0, 58620,58652,32
0.186316, 0.0, 58652,58683,31
0.174508, 0.0, 58683,58714,31
0.183175, 0.0, 58714,58744,30
0.178291, 0.0, 58744,58777,33
0.182642, 0.0, 58777,58806,29
0.182879, 0.0, 58806,58839,33
0.182658, 0.0, 58839,58886,47
0.183997, 0.0, 58886,58915,29
0.173294, 0.0, 58915,58947,32
0.178619, 0.0, 58947,58985,38
0.174136, 0.0, 58985,59040,55
0.166438, 0.0, 59040,59071,31
0.174714, 0.0, 59071,59102,31
0.168933, 0.0, 59102,59132,30
0.178893, 0.0, 59132,59164,32
0.174001, 0.0, 59164,59194,30
0.180019, 0.0, 59194,59227,33
0.182486, 0.0, 59227,59258,31
0.178731, 0.0, 59258,59290,32
0.178309, 0.0, 59290,59320,30
0.162878, 0.0, 59320,59351,31
0.172899, 0.0, 59351,59383,32
0.175034, 0.0, 59383,59414,31
0.173021, 0.0, 59414,59445,31
0.170723, 0.0, 59445,59477,32
0.164571, 0.0, 59477,59506,29
0.173883, 0.0, 59506,59536,30
0.167725, 0.0, 59536,59568,32
0.178809, 0.0, 59568,59601,33
0.162816, 0.0, 59601,59632,31
0.178454, 0.0, 59632,59662,30
0.169589, 0.0, 59662,59693,31
0.168795, 0.0, 59693,59727,34
0.174211, 0.0, 59727,59756,29
0.174657, 0.0, 59756,59786,30
0.169781, 0.0, 59786,59818,32
0.171578, 0.0, 59818,59852,34
0.166859, 0.0, 59852,59879,27
0.182217, 0.0, 59879,59909,30
0.180549, 0.0, 59909,59942,33
0.169363, 0.0, 59942,59974,32
0.178147, 0.0, 59974,60003,29
0.171845, 0.0, 60003,60034,31
0.176836, 0.0, 60034,60065,31
0.161983, 0.0, 60065,60097,32
0.152526, 0.0, 60097,60126,29
0.15619, 0.0, 60126,60157,31
0.157926, 0.0, 60157,60187,30
0.158064, 0.0, 60187,60220,33
0.156594, 0.0, 60220,60248,28
0.162682, 0.0, 60248,60280,32
0.163037, 0.0, 60280,60312,32
0.177648, 0.0, 60312,60345,33
0.171084, 0.0, 60345,60390,45
0.188209, 0.0, 60390,60420,30
0.162177, 0.0, 60420,60450,30
0.182511, 0.0, 60450,60482,32
0.165341, 0.0, 60482,60513,31
0.178964, 0.0, 60513,60544,31
0.163442, 0.0, 60544,60573,29
0.180574, 0.0, 60573,60605,32
0.170908, 0.0, 60605,60636,31
0.182021, 0.0, 60636,60666,30
0.16878, 0.0, 60666,60697,31
0.180222, 0.0, 60697,60731,34
0.178102, 0.0, 60731,60759,28
0.174105, 0.0, 60759,60791,32
0.173037, 0.0, 60791,60821,30
0.179387, 0.0, 60821,60854,33
0.176401, 0.0, 60854,60885,31
0.178081, 0.0, 60885,60915,30
0.178797, 0.0, 60915,60949,34
0.190019, 0.0, 60949,60984,35
0.179373, 0.0, 60984,61026,42
0.176126, 0.0, 61026,61072,46
0.186464, 0.0, 61072,61116,44
0.184766, 0.0, 61116,61149,33
0.180676, 0.0, 61149,61194,45
0.191252, 0.0, 61194,61225,31
0.174237, 0.0, 61225,61255,30
0.183698, 0.0, 61255,61286,31
0.176376, 0.0, 61286,61317,31
0.181227, 0.0, 61317,61349,32
0.179511, 0.0, 61349,61377,28
0.183309, 0.0, 61377,61409,32
0.174321, 0.0, 61409,61440,31
0.178286, 0.0, 61440,61471,31
0.170206, 0.0, 61471,61500,29
0.180778, 0.0, 61500,61532,32
0.179432, 0.0, 61532,61562,30
0.169688, 0.0, 61562,61593,31
0.172941, 0.0, 61593,61624,31
0.177126, 0.0, 61624,61658,34
0.164989, 0.0, 61658,61702,44
0.172731, 0.0, 61702,61734,32
0.173041, 0.0, 61734,61765,31
0.166965, 0.0, 61765,61796,31
0.173875, 0.0, 61796,61826,30
0.176692, 0.0, 61826,61857,31
0.176855, 0.0, 61857,61887,30
0.163831, 0.0, 61887,61918,31
0.174317, 0.0, 61918,61948,30
0.171416, 0.0, 61948,61980,32
0.168546, 0.0, 61980,62010,30
0.168096, 0.0, 62010,62041,31
0.161617, 0.0, 62041,62073,32
0.184247, 0.0, 62073,62104,31
0.164057, 0.0, 62104,62135,31
0.177226, 0.0, 62135,62165,30
0.162304, 0.0, 62165,62196,31
0.183863, 0.0, 62196,62229,33
0.168437, 0.0, 62229,62259,30
0.18483, 0.0, 62259,62290,31
0.163276, 0.0, 62290,62322,32
0.178944, 0.0, 62322,62353,31
0.162672, 0.0, 62353,62384,31
0.178471, 0.0, 62384,62414,30
0.169654, 0.0, 62414,62445,31
0.167255, 0.0, 62445,62477,32
0.166529, 0.0, 62477,62506,29
0.156869, 0.0, 62506,62536,30
0.155912, 0.0, 62536,62568,32
0.158206, 0.0, 62568,62599,31
0.16411, 0.0, 62599,62629,30
0.158786, 0.0, 62629,62663,34
0.159776, 0.0, 62663,62692,29
0.168807, 0.0, 62692,62723,31
0.161747, 0.0, 62723,62753,30
0.181542, 0.0, 62753,62786,33
0.162283, 0.0, 62786,62818,32
0.177519, 0.0, 62818,62864,46
0.175667, 0.0, 62864,62896,32
0.17728, 0.0, 62896,62925,29
0.170157, 0.0, 62925,62957,32
0.187655, 0.0, 62957,62988,31
0.16804, 0.0, 62988,63020,32
0.179233, 0.0, 63020,63050,30
0.169447, 0.0, 63050,63079,29
0.187221, 0.0, 63079,63110,31
0.16303, 0.0, 63110,63140,30
0.181355, 0.0, 63140,63171,31
0.180665, 0.0, 63171,63201,30
0.19487, 0.0, 63201,63232,31
0.176412, 0.0, 63232,63264,32
0.183349, 0.0, 63264,63296,32
0.181489, 0.0, 63296,63327,31
0.183633, 0.0, 63327,63362,35
0.179998, 0.0, 63362,63404,42
0.180387, 0.0, 63404,63434,30
0.184697, 0.0, 63434,63466,32
0.1713, 0.0, 63466,63496,30
0.178625, 0.0, 63496,63529,33
0.180859, 0.0, 63529,63558,29
0.175897, 0.0, 63558,63591,33
0.176139, 0.0, 63591,63622,31
0.185453, 0.0, 63622,63653,31
0.177368, 0.0, 63653,63684,31
0.184422, 0.0, 63684,63715,31
0.169772, 0.0, 63715,63746,31
0.178832, 0.0, 63746,63777,31
0.170793, 0.0, 63777,63809,32
0.170644, 0.0, 63809,63839,30
0.17161, 0.0, 63839,63871,32
0.168956, 0.0, 63871,63902,31
0.173473, 0.0, 63902,63933,31
0.177277, 0.0, 63933,63964,31
0.176288, 0.0, 63964,63995,31
0.168165, 0.0, 63995,64027,32
0.179439, 0.0, 64027,64056,29
0.173832, 0.0, 64056,64087,31
0.177534, 0.0, 64087,64118,31
0.172597, 0.0, 64118,64150,32
0.173771, 0.0, 64150,64180,30
0.170864, 0.0, 64180,64210,30
0.165317, 0.0, 64210,64243,33
0.174481, 0.0, 64243,64273,30
0.165547, 0.0, 64273,64303,30
0.176972, 0.0, 64303,64334,31
0.166905, 0.0, 64334,64366,32
0.174572, 0.0, 64366,64416,50
0.170656, 0.0, 64416,64458,42
0.172715, 0.0, 64458,64488,30
0.170433, 0.0, 64488,64518,30
0.185028, 0.0, 64518,64548,30
0.175512, 0.0, 64548,64580,32
0.17209, 0.0, 64580,64612,32
0.168117, 0.0, 64612,64642,30
0.178741, 0.0, 64642,64674,32
0.167416, 0.0, 64674,64704,30
0.187149, 0.0, 64704,64736,32
0.171503, 0.0, 64736,64765,29
0.17848, 0.0, 64765,64796,31
0.163469, 0.0, 64796,64827,31
0.169397, 0.0, 64827,64858,31
0.14862, 0.0, 64858,64889,31
0.15827, 0.0, 64889,64920,31
0.155617, 0.0, 64920,64951,31
0.160809, 0.0, 64951,64981,30
0.16, 0.0, 64981,65014,33
0.154307, 0.0, 65014,65044,30
0.173997, 0.0, 65044,65076,32
0.177209, 0.0, 65076,65106,30
0.174586, 0.0, 65106,65137,31
0.174422, 0.0, 65137,65169,32
0.175304, 0.0, 65169,65205,36
0.181187, 0.0, 65205,65246,41
0.176859, 0.0, 65246,65279,33
0.176183, 0.0, 65279,65310,31
0.174298, 0.0, 65310,65341,31
0.17155, 0.0, 65341,65379,38
0.178018, 0.0, 65379,65407,28
0.172486, 0.0, 65407,65436,29
0.171085, 0.0, 65436,65491,55
0.174498, 0.0, 65491,65531,40
0.18046, 0.0, 65531,65560,29
0.17755, 0.0, 65560,65591,31
0.177222, 0.0, 65591,65623,32
0.186501, 0.0, 65623,65653,30
0.183494, 0.0, 65653,65683,30
0.186735, 0.0, 65683,65718,35
0.180697, 0.0, 65718,65762,44
0.179185, 0.0, 65762,65794,32
0.173851, 0.0, 65794,65827,33
0.186356, 0.0, 65827,65872,45
0.185354, 0.0, 65872,65902,30
0.186035, 0.0, 65902,65933,31
0.181176, 0.0, 65933,65964,31
0.192899, 0.0, 65964,65996,32
0.178789, 0.0, 65996,66028,32
0.178608, 0.0, 66028,66060,32
0.172745, 0.0, 66060,66091,31
0.183352, 0.0, 66091,66123,32
0.177864, 0.0, 66123,66153,30
0.17524, 0.0, 66153,66185,32
0.180682, 0.0, 66185,66215,30
0.163345, 0.0, 66215,66248,33
0.177896, 0.0, 66248,66294,46
0.177562, 0.0, 66294,66338,44
0.172952, 0.0, 66338,66371,33
0.178104, 0.0, 66371,66399,28
0.172331, 0.0, 66399,66433,34
0.173863, 0.0, 66433,66480,47
0.16788, 0.0, 66480,66524,44
0.174924, 0.0, 66524,66556,32
0.165462, 0.0, 66556,66587,31
0.172435, 0.0, 66587,66617,30
0.174012, 0.0, 66617,66648,31
0.180163, 0.0, 66648,66680,32
0.167582, 0.0, 66680,66711,31
0.172891, 0.0, 66711,66743,32
0.171108, 0.0, 66743,66788,45
0.170245, 0.0, 66788,66818,30
0.170133, 0.0, 66818,66849,31
0.170304, 0.0, 66849,66880,31
0.171562, 0.0, 66880,66912,32
0.169276, 0.0, 66912,66944,32
0.179641, 0.0, 66944,66975,31
0.175269, 0.0, 66975,67006,31
0.17861, 0.0, 67006,67040,34
0.178935, 0.0, 67040,67084,44
0.170751, 0.0, 67084,67130,46
0.181405, 0.0, 67130,67161,31
0.15305, 0.0, 67161,67192,31
0.16676, 0.0, 67192,67223,31
0.152555, 0.0, 67223,67253,30
0.158537, 0.0, 67253,67284,31
0.155559, 0.0, 67284,67314,30
0.159333, 0.0, 67314,67345,31
0.150633, 0.0, 67345,67376,31
0.167776, 0.0, 67376,67407,31
0.160503, 0.0, 67407,67437,30
0.171083, 0.0, 67437,67469,32
0.17409, 0.0, 67469,67501,32
0.17302, 0.0, 67501,67548,47
0.175225, 0.0, 67548,67578,30
0.175416, 0.0, 67578,67612,34
0.174154, 0.0, 67612,67657,45
0.163922, 0.0, 67657,67688,31
0.182556, 0.0, 67688,67719,31
0.16735, 0.0, 67719,67750,31
0.183635, 0.0, 67750,67782,32
0.177326, 0.0, 67782,67828,46
0.186714, 0.0, 67828,67857,29
0.186122, 0.0, 67857,67888,31
0.185107, 0.0, 67888,67921,33
0.176592, 0.0, 67921,67952,31
0.191876, 0.0, 67952,67982,30
0.165415, 0.0, 67982,68013,31
0.180752, 0.0, 68013,68043,30
0.172987, 0.0, 68043,68074,31
0.191562, 0.0, 68074,68106,32
0.178562, 0.0, 68106,68137,31
0.180602, 0.0, 68137,68169,32
0.17818, 0.0, 68169,68201,32
0.189945, 0.0, 68201,68232,31
0.18069, 0.0, 68232,68262,30
0.173977, 0.0, 68262,68295,33
0.185635, 0.0, 68295,68325,30
0.186229, 0.0, 68325,68358,33
0.176006, 0.0, 68358,68403,45
0.172786, 0.0, 68403,68433,30
0.172346, 0.0, 68433,68466,33
0.163992, 0.0, 68466,68495,29
0.180418, 0.0, 68495,68526,31
0.169459, 0.0, 68526,68557,31
0.182417, 0.0, 68557,68586,29
0.169707, 0.0, 68586,68618,32
0.175497, 0.0, 68618,68649,31
0.180549, 0.0, 68649,68680,31
0.172382, 0.0, 68680,68710,30
0.169456, 0.0, 68710,68741,31
0.177043, 0.0, 68741,68774,33
0.177127, 0.0, 68774,68804,30
0.167725, 0.0, 68804,68836,32
0.17716, 0.0, 68836,68867,31
0.163048, 0.0, 68867,68897,30
0.176443, 0.0, 68897,68936,39
0.172935, 0.0, 68936,68976,40
0.172704, 0.0, 68976,69010,34
0.172436, 0.0, 69010,69055,45
0.177038, 0.0, 69055,69085,30
0.16793, 0.0, 69085,69116,31
0.170086, 0.0, 69116,69146,30
0.168, 0.0, 69146,69179,33
0.175668, 0.0, 69179,69209,30
0.169371, 0.0, 69209,69241,32
0.170837, 0.0, 69241,69271,30
0.182, 0.0, 69271,69302,31
0.172413, 0.0, 69302,69334,32
0.178506, 0.0, 69334,69366,32
0.174833, 0.0, 69366,69396,30
0.189528, 0.0, 69396,69427,31
0.169938, 0.0, 69427,69459,32
0.171759, 0.0, 69459,69491,32
0.167503, 0.0, 69491,69522,31
0.157093, 0.0, 69522,69555,33
0.1554, 0.0, 69555,69599,44
0.155376, 0.0, 69599,69631,32
0.153577, 0.0, 69631,69661,30
0.151336, 0.0, 69661,69696,35
0.159689, 0.0, 69696,69741,45
0.166151, 0.0, 69741,69773,32
0.167707, 0.0, 69773,69820,47
0.180433, 0.0, 69820,69865,45
0.170027, 0.0, 69865,69898,33
0.170171, 0.0, 69898,69952,54
0.176535, 0.0, 69952,69988,36
0.166897, 0.0, 69988,70020,32
0.183721, 0.0, 70020,70054,34
0.164355, 0.0, 70054,70086,32
0.174601, 0.0, 70086,70116,30
0.178425, 0.0, 70116,70147,31
0.174178, 0.0, 70147,70178,31
0.176084, 0.0, 70178,70214,36
0.167228, 0.0, 70214,70259,45
0.181001, 0.0, 70259,70303,44
0.174292, 0.0, 70303,70332,29
0.175643, 0.0, 70332,70363,31
0.172926, 0.0, 70363,70395,32
0.193319, 0.0, 70395,70430,35
0.180814, 0.0, 70430,70474,44
0.187004, 0.0, 70474,70506,32
0.1762, 0.0, 70506,70535,29
0.180675, 0.0, 70535,70566,31
0.186568, 0.0, 70566,70597,31
0.189223, 0.0, 70597,70629,32
0.175664, 0.0, 70629,70660,31
0.181002, 0.0, 70660,70690,30
0.173766, 0.0, 70690,70723,33
0.192737, 0.0, 70723,70752,29
0.165864, 0.0, 70752,70784,32
0.175359, 0.0, 70784,70815,31
0.176974, 0.0, 70815,70846,31
0.179294, 0.0, 70846,70878,32
0.178994, 0.0, 70878,70909,31
0.165262, 0.0, 70909,70940,31
0.18003, 0.0, 70940,70975,35
0.17063, 0.0, 70975,71023,48
0.169873, 0.0, 71023,71064,41
0.175987, 0.0, 71064,71096,32
0.174042, 0.0, 71096,71129,33
0.154126, 0.0, 71129,71159,30
0.172581, 0.0, 71159,71191,32
0.167217, 0.0, 71191,71225,34
0.171553, 0.0, 71225,71270,45
0.166632, 0.0, 71270,71300,30
0.170085, 0.0, 71300,71333,33
0.174901, 0.0, 71333,71369,36
0.171423, 0.0, 71369,71414,45
0.172696, 0.0, 71414,71446,32
0.167968, 0.0, 71446,71478,32
0.169743, 0.0, 71478,71510,32
0.168593, 0.0, 71510,71556,46
0.160363, 0.0, 71556,71585,29
0.173492, 0.0, 71585,71616,31
0.166226, 0.0, 71616,71650,34
0.178981, 0.0, 71650,71695,45
0.176121, 0.0, 71695,71726,31
0.179868, 0.0, 71726,71756,30
0.167264, 0.0, 71756,71786,30
0.182359, 0.0, 71786,71816,30
0.165815, 0.0, 71816,71847,31
0.172069, 0.0, 71847,71879,32
0.172089, 0.0, 71879,71910,31
0.168731, 0.0, 71910,71940,30
0.153757, 0.0, 71940,71971,31
0.152708, 0.0, 71971,72001,30
0.152965, 0.0, 72001,72032,31
0.152242, 0.0, 72032,72062,30
0.157041, 0.0, 72062,72094,32
0.158366, 0.0, 72094,72125,31
0.167368, 0.0, 72125,72157,32
0.169698, 0.0, 72157,72198,41
0.170521, 0.0, 72198,72234,36
0.169378, 0.0, 72234,72292,58
0.178681, 0.0, 72292,72329,37
0.164193, 0.0, 72329,72365,36
0.171641, 0.0, 72365,72426,61
0.168323, 0.0, 72426,72484,58
0.179125, 0.0, 72484,72537,53
0.180186, 0.0, 72537,72586,49
0.184556, 0.0, 72586,72660,74
0.181217, 0.0, 72660,72726,66
0.177684, 0.0, 72726,72787,61
0.181073, 0.0, 72787,72819,32
0.178684, 0.0, 72819,72868,49
0.181946, 0.0, 72868,72935,67
0.189421, 0.0, 72935,72969,34
0.181353, 0.0, 72969,73001,32
0.180048, 0.0, 73001,73047,46
0.183624, 0.0, 73047,73090,43
0.185544, 0.0, 73090,73124,34
0.175673, 0.0, 73124,73191,67
0.168983, 0.0, 73191,73235,44
0.175074, 0.0, 73235,73267,32
0.170959, 0.0, 73267,73296,29
0.16975, 0.0, 73296,73328,32
0.176587, 0.0, 73328,73374,46
0.173834, 0.0, 73374,73405,31
0.173867, 0.0, 73405,73435,30
0.177531, 0.0, 73435,73465,30
0.174946, 0.0, 73465,73496,31
0.172155, 0.0, 73496,73527,31
0.170746, 0.0, 73527,73560,33
0.175335, 0.0, 73560,73590,30
0.174902, 0.0, 73590,73619,29
0.167553, 0.0, 73619,73651,32
0.164856, 0.0, 73651,73681,30
0.172182, 0.0, 73681,73711,30
0.170604, 0.0, 73711,73744,33
0.17866, 0.0, 73744,73776,32
0.16565, 0.0, 73776,73806,30
0.177857, 0.0, 73806,73837,31
0.174873, 0.0, 73837,73883,46
0.175605, 0.0, 73883,73915,32
0.17233, 0.0, 73915,73960,45
0.167281, 0.0, 73960,73990,30
0.169806, 0.0, 73990,74023,33
0.170823, 0.0, 74023,74053,30
0.178198, 0.0, 74053,74085,32
0.171982, 0.0, 74085,74115,30
0.17131, 0.0, 74115,74146,31
0.181355, 0.0, 74146,74177,31
0.173138, 0.0, 74177,74207,30
0.17435, 0.0, 74207,74238,31
0.170014, 0.0, 74238,74268,30
0.166996, 0.0, 74268,74298,30
0.154759, 0.0, 74298,74328,30
0.158095, 0.0, 74328,74360,32
0.15513, 0.0, 74360,74392,32
0.162928, 0.0, 74392,74423,31
0.150318, 0.0, 74423,74454,31
0.157254, 0.0, 74454,74485,31
0.169931, 0.0, 74485,74517,32
0.1716, 0.0, 74517,74546,29
0.172205, 0.0, 74546,74576,30
0.170001, 0.0, 74576,74607,31
0.180748, 0.0, 74607,74640,33
0.177718, 0.0, 74640,74673,33
0.176115, 0.0, 74673,74703,30
0.175724, 0.0, 74703,74736,33
0.178035, 0.0, 74736,74784,48
0.167434, 0.0, 74784,74814,30
0.174634, 0.0, 74814,74843,29
0.175697, 0.0, 74843,74877,34
0.167883, 0.0, 74877,74923,46
0.167729, 0.0, 74923,74953,30
0.183272, 0.0, 74953,74984,31
0.175923, 0.0, 74984,75015,31
0.181797, 0.0, 75015,75047,32
0.181799, 0.0, 75047,75079,32
0.189217, 0.0, 75079,75110,31
0.183933, 0.0, 75110,75156,46
0.198676, 0.0, 75156,75184,28
0.199049, 0.0, 75184,75216,32
0.191568, 0.0, 75216,75247,31
0.184141, 0.0, 75247,75278,31
0.184422, 0.0, 75278,75324,46
0.188219, 0.0, 75324,75354,30
0.185426, 0.0, 75354,75386,32
0.180625, 0.0, 75386,75416,30
0.179279, 0.0, 75416,75449,33
0.189735, 0.0, 75449,75487,38
0.185796, 0.0, 75487,75517,30
0.181711, 0.0, 75517,75556,39
0.179907, 0.0, 75556,75601,45
0.174986, 0.0, 75601,75632,31
0.181858, 0.0, 75632,75662,30
0.165688, 0.0, 75662,75695,33
0.171236, 0.0, 75695,75725,30
0.170509, 0.0, 75725,75756,31
0.17268, 0.0, 75756,75785,29
0.178061, 0.0, 75785,75816,31
0.165459, 0.0, 75816,75849,33
0.171153, 0.0, 75849,75894,45
0.188858, 0.0, 75894,75923,29
0.169059, 0.0, 75923,75956,33
0.179777, 0.0, 75956,75987,31
0.170614, 0.0, 75987,76018,31
0.172986, 0.0, 76018,76047,29
0.16698, 0.0, 76047,76078,31
0.172922, 0.0, 76078,76109,31
0.169455, 0.0, 76109,76140,31
0.169708, 0.0, 76140,76170,30
0.16788, 0.0, 76170,76201,31
0.168883, 0.0, 76201,76233,32
0.178303, 0.0, 76233,76265,32
0.171045, 0.0, 76265,76295,30
0.176547, 0.0, 76295,76327,32
0.170382, 0.0, 76327,76357,30
0.179906, 0.0, 76357,76387,30
0.179788, 0.0, 76387,76421,34
0.167118, 0.0, 76421,76467,46
0.169676, 0.0, 76467,76498,31
0.163701, 0.0, 76498,76530,32
0.182239, 0.0, 76530,76561,31
0.16501, 0.0, 76561,76591,30
0.175257, 0.0, 76591,76623,32
0.163029, 0.0, 76623,76653,30
0.173987, 0.0, 76653,76686,33
0.158548, 0.0, 76686,76718,32
0.158827, 0.0, 76718,76750,32
0.157049, 0.0, 76750,76783,33
0.160753, 0.0, 76783,76827,44
0.156688, 0.0, 76827,76858,31
0.168461, 0.0, 76858,76889,31
0.154911, 0.0, 76889,76920,31
0.16554, 0.0, 76920,76952,32
0.177533, 0.0, 76952,76984,32
0.182502, 0.0, 76984,77014,30
0.177, 0.0, 77014,77044,30
0.163364, 0.0, 77044,77077,33
0.181908, 0.0, 77077,77109,32
0.180171, 0.0, 77109,77138,29
0.168954, 0.0, 77138,77172,34
0.17792, 0.0, 77172,77201,29
0.170374, 0.0, 77201,77234,33
0.184689, 0.0, 77234,77265,31
0.166589, 0.0, 77265,77295,30
0.180932, 0.0, 77295,77326,31
0.169604, 0.0, 77326,77356,30
0.194488, 0.0, 77356,77388,32
0.175197, 0.0, 77388,77418,30
0.186903, 0.0, 77418,77450,32
0.17951, 0.0, 77450,77480,30
0.188116, 0.0, 77480,77512,32
0.175037, 0.0, 77512,77546,34
0.185486, 0.0, 77546,77591,45
0.176151, 0.0, 77591,77623,32
0.185122, 0.0, 77623,77668,45
0.1831, 0.0, 77668,77699,31
0.176717, 0.0, 77699,77729,30
0.174558, 0.0, 77729,77760,31
0.182713, 0.0, 77760,77790,30
0.185209, 0.0, 77790,77822,32
0.179786, 0.0, 77822,77853,31
0.181931, 0.0, 77853,77884,31
0.169754, 0.0, 77884,77915,31
0.189415, 0.0, 77915,77946,31
0.168116, 0.0, 77946,77976,30
0.182246, 0.0, 77976,78008,32
0.167784, 0.0, 78008,78040,32
0.176667, 0.0, 78040,78085,45
0.162252, 0.0, 78085,78116,31
0.173437, 0.0, 78116,78149,33
0.163435, 0.0, 78149,78178,29
0.183921, 0.0, 78178,78210,32
0.168049, 0.0, 78210,78242,32
0.17829, 0.0, 78242,78271,29
0.161798, 0.0, 78271,78301,30
0.182531, 0.0, 78301,78333,32
0.170543, 0.0, 78333,78365,32
0.173442, 0.0, 78365,78395,30
0.175564, 0.0, 78395,78428,33
0.176119, 0.0, 78428,78459,31
0.166043, 0.0, 78459,78493,34
0.174746, 0.0, 78493,78523,30
0.160288, 0.0, 78523,78554,31
0.173568, 0.0, 78554,78584,30
0.164588, 0.0, 78584,78615,31
0.177067, 0.0, 78615,78646,31
0.165826, 0.0, 78646,78676,30
0.177998, 0.0, 78676,78707,31
0.168826, 0.0, 78707,78739,32
0.185278, 0.0, 78739,78770,31
0.166475, 0.0, 78770,78801,31
0.181188, 0.0, 78801,78831,30
0.179402, 0.0, 78831,78862,31
0.175003, 0.0, 78862,78895,33
0.167275, 0.0, 78895,78926,31
0.173005, 0.0, 78926,78957,31
0.158164, 0.0, 78957,78986,29
0.164418, 0.0, 78986,79017,31
0.151139, 0.0, 79017,79048,31
0.155074, 0.0, 79048,79078,30
0.156436, 0.0, 79078,79108,30
0.160041, 0.0, 79108,79139,31
0.161431, 0.0, 79139,79170,31
0.164243, 0.0, 79170,79201,31
0.175141, 0.0, 79201,79231,30
0.16375, 0.0, 79231,79262,31
0.171879, 0.0, 79262,79294,32
0.170373, 0.0, 79294,79340,46
0.171278, 0.0, 79340,79370,30
0.173887, 0.0, 79370,79403,33
0.171994, 0.0, 79403,79432,29
0.171233, 0.0, 79432,79463,31
0.170411, 0.0, 79463,79496,33
0.175952, 0.0, 79496,79524,28
0.174179, 0.0, 79524,79556,32
0.180475, 0.0, 79556,79587,31
0.167656, 0.0, 79587,79620,33
0.183034, 0.0, 79620,79650,30
0.175265, 0.0, 79650,79679,29
0.174176, 0.0, 79679,79713,34
0.168621, 0.0, 79713,79742,29
0.176843, 0.0, 79742,79773,31
0.1764, 0.0, 79773,79804,31
0.186689, 0.0, 79804,79836,32
0.178317, 0.0, 79836,79867,31
0.181902, 0.0, 79867,79897,30
0.188016, 0.0, 79897,79927,30
0.189876, 0.0, 79927,79959,32
0.186571, 0.0, 79959,79989,30
0.178077, 0.0, 79989,80020,31
0.195926, 0.0, 80020,80051,31
0.179772, 0.0, 80051,80082,31
0.185965, 0.0, 80082,80113,31
0.170912, 0.0, 80113,80143,30
0.183271, 0.0, 80143,80176,33
0.175119, 0.0, 80176,80220,44
0.181919, 0.0, 80220,80254,34
0.183075, 0.0, 80254,80285,31
0.182192, 0.0, 80285,80315,30
0.179174, 0.0, 80315,80345,30
0.175594, 0.0, 80345,80378,33
0.178309, 0.0, 80378,80408,30
0.17136, 0.0, 80408,80440,32
0.178997, 0.0, 80440,80471,31
0.174554, 0.0, 80471,80503,32
0.179179, 0.0, 80503,80531,28
0.163444, 0.0, 80531,80562,31
0.175588, 0.0, 80562,80594,32
0.164701, 0.0, 80594,80625,31
0.177802, 0.0, 80625,80655,30
0.169122, 0.0, 80655,80686,31
0.168256, 0.0, 80686,80719,33
0.178091, 0.0, 80719,80750,31
0.171774, 0.0, 80750,80779,29
0.173771, 0.0, 80779,80811,32
0.16365, 0.0, 80811,80843,32
0.176284, 0.0, 80843,80873,30
0.171928, 0.0, 80873,80904,31
0.176703, 0.0, 80904,80935,31
0.160524, 0.0, 80935,80967,32
0.172442, 0.0, 80967,80997,30
0.165479, 0.0, 80997,81027,30
0.17839, 0.0, 81027,81059,32
0.165547, 0.0, 81059,81093,34
0.17639, 0.0, 81093,81121,28
0.172366, 0.0, 81121,81150,29
0.180943, 0.0, 81150,81183,33
0.172609, 0.0, 81183,81216,33
0.175179, 0.0, 81216,81246,30
0.179871, 0.0, 81246,81276,30
0.16762, 0.0, 81276,81307,31
0.165838, 0.0, 81307,81340,33
0.176044, 0.0, 81340,81370,30
0.154777, 0.0, 81370,81402,32
0.161008, 0.0, 81402,81432,30
0.143108, 0.0, 81432,81464,32
0.160587, 0.0, 81464,81496,32
0.152689, 0.0, 81496,81526,30
0.16955, 0.0, 81526,81558,32
0.153894, 0.0, 81558,81589,31
0.173787, 0.0, 81589,81622,33
0.167168, 0.0, 81622,81669,47
0.175642, 0.0, 81669,81714,45
0.178238, 0.0, 81714,81742,28
0.169054, 0.0, 81742,81772,30
0.174876, 0.0, 81772,81804,32
0.169929, 0.0, 81804,81834,30
0.165727, 0.0, 81834,81865,31
0.174648, 0.0, 81865,81894,29
0.171174, 0.0, 81894,81928,34
0.178742, 0.0, 81928,81959,31
0.171704, 0.0, 81959,81988,29
0.183524, 0.0, 81988,82020,32
0.176444, 0.0, 82020,82051,31
0.187823, 0.0, 82051,82082,31
0.190536, 0.0, 82082,82114,32
0.216278, 0.0, 82114,82144,30
0.201257, 0.0, 82144,82175,31
0.180169, 0.0, 82175,82204,29
0.183722, 0.0, 82204,82235,31
0.168961, 0.0, 82235,82266,31
0.189841, 0.0, 82266,82297,31
0.186479, 0.0, 82297,82329,32
0.184412, 0.0, 82329,82359,30
0.174805, 0.0, 82359,82390,31
0.181627, 0.0, 82390,82425,35
0.188714, 0.0, 82425,82455,30
0.175861, 0.0, 82455,82485,30
0.186768, 0.0, 82485,82517,32
0.177209, 0.0, 82517,82548,31
0.183043, 0.0, 82548,82579,31
0.164114, 0.0, 82579,82612,33
0.181881, 0.0, 82612,82641,29
0.165207, 0.0, 82641,82672,31
0.17552, 0.0, 82672,82702,30
0.171202, 0.0, 82702,82733,31
0.174649, 0.0, 82733,82766,33
0.176013, 0.0, 82766,82797,31
0.172586, 0.0, 82797,82829,32
0.171975, 0.0, 82829,82859,30
0.172966, 0.0, 82859,82892,33
0.172733, 0.0, 82892,82924,32
0.1805, 0.0, 82924,82952,28
0.160965, 0.0, 82952,82983,31
0.165989, 0.0, 82983,83016,33
0.170993, 0.0, 83016,83046,30
0.180478, 0.0, 83046,83077,31
0.162355, 0.0, 83077,83107,30
0.17293, 0.0, 83107,83141,34
0.172756, 0.0, 83141,83176,35
0.174332, 0.0, 83176,83219,43
0.167037, 0.0, 83219,83249,30
0.178466, 0.0, 83249,83279,30
0.160984, 0.0, 83279,83312,33
0.175519, 0.0, 83312,83341,29
0.168444, 0.0, 83341,83373,32
0.170708, 0.0, 83373,83405,32
0.168613, 0.0, 83405,83436,31
0.16787, 0.0, 83436,83467,31
0.173556, 0.0, 83467,83498,31
0.171317, 0.0, 83498,83530,32
0.172367, 0.0, 83530,83561,31
0.175028, 0.0, 83561,83594,33
0.178133, 0.0, 83594,83623,29
0.172639, 0.0, 83623,83655,32
0.166435, 0.0, 83655,83689,34
0.160693, 0.0, 83689,83732,43
0.157544, 0.0, 83732,83763,31
0.1529, 0.0, 83763,83794,31
0.154578, 0.0, 83794,83825,31
0.151173, 0.0, 83825,83855,30
0.159435, 0.0, 83855,83888,33
0.154387, 0.0, 83888,83918,30
0.165394, 0.0, 83918,83965,47
0.167671, 0.0, 83965,83994,29
0.186707, 0.0, 83994,84024,30
0.167628, 0.0, 84024,84057,33
0.183384, 0.0, 84057,84086,29
0.166438, 0.0, 84086,84119,33
0.174328, 0.0, 84119,84151,32
0.170341, 0.0, 84151,84182,31
0.170247, 0.0, 84182,84213,31
0.179936, 0.0, 84213,84245,32
0.170255, 0.0, 84245,84276,31
0.167253, 0.0, 84276,84308,32
0.177501, 0.0, 84308,84337,29
0.173861, 0.0, 84337,84369,32
0.181686, 0.0, 84369,84400,31
0.165219, 0.0, 84400,84431,31
0.186443, 0.0, 84431,84462,31
0.17495, 0.0, 84462,84496,34
0.182035, 0.0, 84496,84539,43
0.184502, 0.0, 84539,84569,30
0.17764, 0.0, 84569,84602,33
0.183753, 0.0, 84602,84647,45
0.177993, 0.0, 84647,84679,32
0.183703, 0.0, 84679,84709,30
0.178588, 0.0, 84709,84739,30
0.189001, 0.0, 84739,84771,32
0.182997, 0.0, 84771,84802,31
0.18356, 0.0, 84802,84831,29
0.188549, 0.0, 84831,84864,33
0.185188, 0.0, 84864,84896,32
0.172879, 0.0, 84896,84928,32
0.179265, 0.0, 84928,84973,45
0.179459, 0.0, 84973,85003,30
0.171233, 0.0, 85003,85033,30
0.182546, 0.0, 85033,85065,32
0.178291, 0.0, 85065,85097,32
0.172879, 0.0, 85097,85141,44
0.175853, 0.0, 85141,85188,47
0.182293, 0.0, 85188,85218,30
0.169567, 0.0, 85218,85253,35
0.178242, 0.0, 85253,85297,44
0.178541, 0.0, 85297,85327,30
0.166808, 0.0, 85327,85358,31
0.166427, 0.0, 85358,85389,31
0.165314, 0.0, 85389,85422,33
0.176998, 0.0, 85422,85452,30
0.165447, 0.0, 85452,85484,32
0.169121, 0.0, 85484,85517,33
0.168334, 0.0, 85517,85561,44
0.18041, 0.0, 85561,85600,39
0.17305, 0.0, 85600,85649,49
0.165363, 0.0, 85649,85688,39
0.172678, 0.0, 85688,85731,43
0.175165, 0.0, 85731,85767,36
0.16214, 0.0, 85767,85808,41
0.178282, 0.0, 85808,85839,31
0.172206, 0.0, 85839,85894,55
0.176091, 0.0, 85894,85925,31
0.176909, 0.0, 85925,85975,50
0.173625, 0.0, 85975,86027,52
0.163397, 0.0, 86027,86056,29
0.17437, 0.0, 86056,86091,35
