1.92362, 1;
0.0286019, 2;
0.0289917, 2;
0.0295402, 2;
0.0290653, 2;
0.0295319, 2;
0.0290461, 2;
0.0290512, 2;
0.0298589, 2;
0.0292298, 2;
0.0290435, 2;
0.0290538, 2;
0.0295402, 2;
0.0290666, 2;
0.0290288, 2;
0.0290448, 2;
0.0290538, 2;
0.0295408, 2;
0.029569, 2;
0.0290218, 2;
0.0290499, 2;
0.0297418, 2;
0.0288554, 2;
0.0290544, 2;
0.0290295, 2;
0.0290461, 2;
0.0290519, 2;
0.0290429, 2;
0.0290442, 2;
0.0290474, 2;
0.0295613, 2;
0.029032, 2;
0.0290512, 2;
0.0290467, 2;
0.0290403, 2;
0.0295479, 2;
0.0290455, 2;
0.0290423, 2;
0.0291146, 2;
0.0290352, 2;
0.0289981, 2;
0.0290474, 2;
0.0290397, 2;
0.0290474, 2;
0.0290442, 2;
0.0290563, 2;
0.0290371, 2;
0.0290474, 2;
0.0295479, 2;
0.0290538, 2;
0.0290371, 2;
0.0290512, 2;
0.0295536, 2;
0.0295434, 2;
0.0290384, 2;
0.0290474, 2;
0.0290871, 2;
0.0290045, 2;
0.0290845, 2;
0.0290045, 2;
0.0290551, 2;
0.0285379, 2;
0.0295485, 2;
0.0290499, 2;
0.0290563, 2;
0.0290307, 2;
0.0290455, 2;
0.0290474, 2;
0.0290493, 2;
0.0290519, 2;
0.0290397, 2;
0.0290538, 2;
0.0290423, 2;
0.0290423, 2;
0.0290423, 2;
0.029048, 2;
0.0290423, 2;
0.029048, 2;
0.0290448, 2;
0.0290448, 2;
0.0290512, 2;
0.029048, 2;
0.0291594, 2;
0.0289379, 2;
0.0290538, 2;
0.0290314, 2;
0.0290429, 2;
0.0290499, 2;
0.0290499, 2;
0.0290455, 2;
0.0290602, 2;
0.0290282, 2;
0.0290461, 2;
0.029041, 2;
0.0290211, 2;
0.0290435, 2;
0.0290467, 2;
0.0290499, 2;
0.0290531, 2;
0.0290416, 2;
0.0290589, 2;
0.0290275, 2;
0.0290467, 2;
0.0290461, 2;
0.0290461, 2;
0.0295453, 2;
0.0290435, 2;
0.0290487, 2;
0.029048, 2;
0.0290442, 2;
0.0290499, 2;
0.0290461, 2;
0.0290544, 2;
0.0291293, 2;
0.0294596, 2;
0.0290461, 2;
0.0290819, 2;
0.0290077, 2;
0.029544, 2;
0.0290461, 2;
0.0290461, 2;
0.0290499, 2;
0.029073, 2;
0.0290173, 2;
0.0295479, 2;
0.0290429, 2;
0.0290493, 2;
0.0290448, 2;
0.0290442, 2;
0.0290602, 2;
0.0290743, 2;
0.0295229, 2;
0.0290359, 2;
0.0290711, 2;
0.0290154, 2;
0.0290442, 2;
0.0295485, 2;
0.029048, 2;
0.0290403, 2;
0.0290768, 2;
0.0290211, 2;
0.0290544, 2;
0.0295562, 2;
0.0290512, 2;
0.0290256, 2;
0.0290461, 2;
0.0290474, 2;
0.0290525, 2;
0.0290429, 2;
0.0290467, 2;
0.0290467, 2;
0.0290403, 2;
0.0290487, 2;
0.0290442, 2;
0.0290461, 2;
0.0290467, 2;
0.0290551, 2;
0.0290506, 2;
0.0290333, 2;
0.0290647, 2;
0.029528, 2;
0.029048, 2;
0.0290538, 2;
0.0290352, 2;
0.0290474, 2;
0.0290435, 2;
0.0290474, 2;
0.029048, 2;
0.0290442, 2;
0.0290429, 2;
0.0290487, 2;
0.0290634, 2;
0.0290519, 2;
0.0290243, 2;
0.0290461, 2;
0.0290487, 2;
0.0295466, 2;
0.0294096, 2;
0.0290467, 2;
0.0290461, 2;
0.0290467, 2;
0.0290493, 2;
0.0290442, 2;
0.0290442, 2;
0.0290915, 2;
0.0289994, 2;
0.0290461, 2;
0.0290474, 2;
0.0293028, 2;
0.0292887, 2;
0.02969, 2;
0.0294077, 2;
0.029048, 2;
0.0295408, 2;
0.0290544, 2;
0.0290423, 2;
0.029048, 2;
0.0290429, 2;
0.029048, 2;
0.0290499, 2;
0.0290435, 2;
0.0290544, 2;
0.0296029, 2;
0.0291255, 2;
0.0293885, 2;
0.0290442, 2;
0.0290365, 2;
0.0290448, 2;
0.0290717, 2;
0.0290211, 2;
0.0295728, 2;
0.0290231, 2;
0.0290448, 2;
0.0290519, 2;
0.0290403, 2;
0.0290448, 2;
0.0290589, 2;
0.0290365, 2;
0.0290512, 2;
0.0290512, 2;
0.0295479, 2;
0.0290256, 2;
0.0290512, 2;
0.0290448, 2;
0.0290442, 2;
0.029048, 2;
0.0290455, 2;
0.0290493, 2;
0.0290512, 2;
0.0295453, 2;
0.0290493, 2;
0.0290467, 2;
0.0290467, 2;
0.028545, 2;
0.0290339, 2;
0.0291773, 2;
0.0294237, 2;
0.0290416, 2;
0.0290506, 2;
0.0290429, 2;
0.0290429, 2;
0.0290461, 2;
0.0290448, 2;
0.0290467, 2;
0.0290474, 2;
0.029048, 2;
0.0290455, 2;
0.0290423, 2;
0.0290557, 2;
0.0295408, 2;
0.0290525, 2;
0.0290378, 2;
0.0290403, 2;
0.0290512, 2;
0.029073, 2;
0.0290224, 2;
0.0290435, 2;
0.0290474, 2;
0.0290455, 2;
0.0290487, 2;
0.0290467, 2;
0.029064, 2;
0.0290845, 2;
0.0294928, 2;
0.0290429, 2;
0.0290429, 2;
0.0290461, 2;
0.0290461, 2;
0.0290461, 2;
0.0290538, 2;
0.0295594, 2;
0.0290314, 2;
0.0290403, 2;
0.0290467, 2;
0.0290467, 2;
0.0290461, 2;
0.0290487, 2;
0.029553, 2;
0.0290359, 2;
0.0290538, 2;
0.0290403, 2;
0.0290467, 2;
0.0290493, 2;
0.0290416, 2;
0.029048, 2;
0.0290461, 2;
0.029048, 2;
0.0290563, 2;
0.029048, 2;
0.0290403, 2;
0.0290512, 2;
0.0290403, 2;
0.0290551, 2;
0.029032, 2;
0.0290762, 2;
0.0290167, 2;
0.0290499, 2;
0.0295376, 2;
0.0290493, 2;
0.0295492, 2;
0.029048, 2;
0.0290442, 2;
0.029048, 2;
0.0290435, 2;
0.0295722, 3;
0.0295338, 3;
0.0295357, 3;
0.0290455, 3;
0.0290525, 3;
0.0295504, 3;
0.029537, 3;
0.0295472, 3;
0.0295466, 3;
0.0290506, 3;
0.0295504, 3;
0.0295472, 3;
0.0290346, 3;
0.029048, 3;
0.0290435, 3;
0.0290487, 3;
0.0290467, 3;
0.02956, 3;
0.0295524, 3;
0.0290307, 3;
0.0290448, 3;
0.029048, 3;
0.029546, 3;
0.0290487, 3;
0.0295396, 3;
0.0295536, 3;
0.0290621, 3;
0.0295434, 3;
0.0295338, 3;
0.0295479, 3;
0.0295453, 3;
0.0295479, 3;
0.0290461, 3;
0.0295466, 3;
0.0295485, 3;
0.0295504, 3;
0.0295421, 3;
0.0290455, 3;
0.0295466, 3;
0.029546, 3;
0.029048, 3;
0.0290589, 3;
0.0295338, 3;
0.0290493, 3;
0.0295575, 3;
0.0295344, 3;
0.0290557, 3;
0.0295447, 3;
0.0295485, 3;
0.0295376, 3;
0.0295447, 3;
0.0295709, 3;
0.0295268, 3;
0.0295511, 3;
0.0290455, 3;
0.0290416, 3;
0.0295536, 3;
0.0295415, 3;
0.0290448, 3;
0.0295485, 3;
0.029569, 3;
0.0295306, 3;
0.0295364, 3;
0.0290544, 3;
0.0295408, 3;
0.0290435, 3;
0.029553, 3;
0.0295447, 3;
0.0290506, 3;
0.0295428, 3;
0.0290461, 3;
0.0290461, 3;
0.0295562, 3;
0.0295332, 3;
0.0290499, 3;
0.0290615, 3;
0.0295396, 3;
0.0295498, 3;
0.0295434, 3;
0.0285398, 3;
0.0290467, 3;
0.029546, 3;
0.0295472, 3;
0.0295472, 3;
0.029546, 3;
0.0290506, 3;
0.0295485, 3;
0.029546, 3;
0.029544, 3;
0.0295447, 3;
0.0295511, 3;
0.0295466, 3;
0.0295485, 3;
0.0295504, 3;
0.0295415, 3;
0.0295536, 3;
0.0295351, 3;
0.0290525, 3;
0.0290429, 3;
0.0295492, 3;
0.0295447, 3;
0.0295479, 3;
0.0290525, 3;
0.0295498, 3;
0.0295575, 3;
0.0295312, 3;
0.0290583, 3;
0.0295351, 3;
0.0295447, 3;
0.0295472, 3;
0.0295511, 3;
0.029048, 3;
0.0300458, 3;
0.0295415, 3;
0.0296356, 3;
0.0294583, 3;
0.0295536, 3;
0.0295428, 3;
0.029546, 3;
0.0295428, 3;
0.0295524, 3;
0.0295562, 3;
0.0295511, 3;
0.0295332, 3;
0.029546, 3;
0.0295498, 3;
0.0295434, 3;
0.0295453, 3;
0.0290487, 3;
0.0300644, 3;
0.0295325, 3;
0.0295632, 3;
0.0290371, 3;
0.029537, 3;
0.0295588, 3;
0.0295511, 3;
0.0295472, 3;
0.0295543, 3;
0.029528, 3;
0.0300573, 3;
0.0295338, 3;
0.0295524, 3;
0.0295415, 3;
0.0295485, 3;
0.0295434, 3;
0.02956, 3;
0.0295408, 3;
0.0295389, 3;
0.0295741, 3;
0.0295268, 3;
0.0290429, 3;
0.029562, 3;
0.0295332, 3;
0.0295562, 3;
0.0295549, 3;
0.0295255, 3;
0.0290487, 3;
0.0295479, 3;
0.0295447, 3;
0.0290461, 3;
0.029048, 3;
0.0295524, 3;
0.029562, 3;
0.0295562, 3;
0.0295357, 3;
0.029626, 3;
0.0294647, 3;
0.029544, 3;
0.0295562, 3;
0.0295408, 3;
0.0290461, 3;
0.0295536, 3;
0.029537, 3;
0.0290461, 3;
0.029544, 3;
0.0295498, 3;
0.0295543, 3;
0.029537, 3;
0.0295434, 3;
0.0295594, 3;
0.029546, 3;
0.0295396, 3;
0.0295607, 3;
0.0295389, 3;
0.0290429, 3;
0.029546, 3;
0.0290519, 3;
0.0290487, 3;
0.0295389, 3;
0.0290448, 3;
0.0295754, 3;
0.02953, 3;
0.0295492, 3;
0.029537, 3;
0.0295504, 3;
0.0295351, 3;
0.0296266, 3;
0.0294704, 3;
0.0290525, 3;
0.029546, 3;
0.0290653, 4;
0.02953, 4;
0.0290423, 4;
0.0290442, 4;
0.0290525, 4;
0.0290403, 4;
0.0296631, 4;
0.0476784, 4;
0.0320676, 4;
0.0293181, 4;
0.0290384, 4;
0.0290499, 4;
0.0290467, 4;
0.0290519, 4;
0.0290359, 4;
0.0290455, 4;
0.0290653, 4;
0.0290403, 4;
0.0290435, 4;
0.0290365, 4;
0.0290813, 2;
0.0295268, 2;
0.029032, 2;
0.029546, 2;
0.0290531, 4;
0.0295504, 4;
0.0295357, 4;
0.0295472, 4;
0.0295479, 4;
0.0290403, 4;
0.0295536, 4;
0.0290461, 4;
0.0290506, 4;
0.0291146, 4;
0.0289872, 4;
0.0295396, 4;
0.029048, 4;
0.029537, 4;
0.0290499, 4;
0.0290487, 4;
0.0295421, 4;
0.0290461, 4;
0.0290442, 4;
0.0290608, 4;
0.0290557, 4;
0.0290211, 4;
0.0290512, 4;
0.0290429, 4;
0.0290467, 4;
0.0290429, 4;
0.0290467, 4;
0.0290474, 4;
0.0295504, 4;
0.0290442, 4;
0.0290461, 4;
0.0290627, 4;
0.0290979, 4;
0.0294736, 4;
0.0290538, 4;
0.0290423, 4;
0.029073, 4;
0.0295236, 4;
0.0295504, 4;
0.0290391, 4;
0.0290474, 4;
0.0290487, 4;
0.0290493, 4;
0.029041, 4;
0.0290595, 4;
0.0290314, 4;
0.0295588, 4;
0.0290301, 4;
0.0290563, 4;
0.0295383, 4;
0.029057, 4;
0.0290359, 4;
0.0295485, 4;
0.0290448, 4;
0.0290487, 4;
0.0290448, 4;
0.0290461, 4;
0.0290595, 4;
0.0297757, 4;
0.0293104, 4;
0.0290416, 4;
0.0295741, 4;
0.0290179, 4;
0.0290538, 4;
0.0290455, 4;
0.0299255, 2;
0.029169, 2;
0.0295504, 2;
0.0290346, 2;
0.0295588, 2;
0.0295485, 2;
0.0290544, 2;
0.0300548, 4;
0.02961, 4;
0.0294608, 4;
0.0290416, 4;
0.0290435, 4;
0.0290467, 4;
0.0290685, 4;
0.029025, 4;
0.0290442, 4;
0.0290461, 4;
0.0290467, 4;
0.0290467, 4;
0.0290487, 4;
0.0290551, 4;
0.0290448, 4;
0.0290512, 4;
0.0295639, 4;
0.0295255, 4;
0.0290621, 4;
0.0290359, 4;
0.0290999, 4;
0.0289859, 4;
0.029048, 4;
0.0290576, 4;
0.030042, 4;
0.0295466, 4;
0.0290403, 4;
0.0290461, 4;
0.029048, 4;
0.0295607, 4;
0.0290327, 4;
0.0290416, 4;
0.0290474, 4;
0.029041, 4;
0.0290538, 4;
0.0290429, 4;
0.029617, 4;
0.0294813, 4;
0.0295511, 4;
0.0295485, 4;
0.0290871, 4;
0.0295012, 4;
0.0295492, 4;
0.0290365, 4;
0.0290487, 4;
0.0290499, 4;
0.0296388, 4;
0.029448, 4;
0.0290487, 4;
0.0290551, 4;
0.0290563, 4;
0.0290282, 4;
0.029048, 4;
0.0290512, 4;
0.0290397, 4;
0.0290467, 4;
0.0290474, 4;
0.0290474, 4;
0.0290448, 4;
0.0290435, 4;
0.0290557, 4;
0.0290397, 4;
0.0290544, 4;
0.0295492, 4;
0.0295428, 4;
0.0290384, 4;
0.0290461, 4;
0.0290519, 4;
0.0295402, 4;
0.0290787, 4;
0.0290173, 4;
0.0290455, 4;
0.0290531, 4;
0.0290474, 4;
0.0290506, 4;
0.0290403, 4;
0.0290352, 4;
0.0290487, 4;
0.0290423, 4;
0.0290493, 4;
0.0295466, 4;
0.0290435, 4;
0.0295485, 4;
0.0290474, 4;
0.0295479, 4;
0.0290525, 4;
0.0290544, 4;
0.0290365, 4;
0.0290455, 4;
0.0290499, 4;
0.029041, 4;
0.0290442, 4;
0.0290435, 4;
0.0290493, 4;
0.029041, 4;
0.0290448, 4;
0.0290499, 4;
0.0295472, 4;
0.0290429, 4;
0.0290595, 4;
0.0292727, 4;
0.0293168, 4;
0.0290384, 4;
0.0290557, 4;
0.0290429, 4;
0.0290455, 4;
0.02956, 4;
0.0295383, 4;
0.0290397, 4;
0.0290512, 4;
0.0295402, 4;
0.0295485, 4;
0.0295472, 4;
0.029041, 4;
0.0290455, 4;
0.0290685, 4;
0.0290288, 4;
0.0295434, 4;
0.0290717, 4;
0.0295216, 4;
0.0290442, 4;
0.0290467, 4;
0.0290698, 4;
0.0295421, 4;
0.029537, 4;
0.0295402, 4;
0.0290531, 4;
0.0295389, 4;
0.0290467, 4;
0.0290461, 4;
0.0290512, 4;
0.0290416, 4;
0.0290499, 4;
0.029048, 4;
0.0290391, 4;
0.0290512, 4;
0.0290403, 4;
0.0290499, 4;
0.0290608, 4;
0.0290275, 4;
0.0295472, 4;
0.0295472, 4;
0.0290589, 4;
0.0290519, 4;
0.0295332, 4;
0.0290512, 4;
0.0290359, 4;
0.0290467, 4;
0.0290512, 4;
0.0302877, 4;
0.0293047, 4;
0.0290525, 4;
0.0290391, 4;
0.0290461, 4;
0.0290487, 4;
0.0290448, 4;
0.0290448, 4;
0.0295536, 4;
0.0290378, 4;
0.029048, 4;
0.0290487, 4;
0.0295562, 4;
0.0290314, 4;
0.0290538, 4;
0.0290391, 4;
0.0292919, 4;
0.0293437, 4;
0.0296036, 4;
0.02945, 4;
0.0290474, 4;
0.0290416, 4;
0.029048, 4;
0.0290467, 4;
0.029553, 4;
0.0290787, 4;
0.0295146, 4;
0.0290551, 4;
0.0290275, 4;
0.0290583, 4;
0.0290365, 4;
0.0290499, 4;
0.0290423, 4;
0.0290487, 4;
0.029064, 4;
0.0295248, 4;
0.0290448, 4;
0.029057, 4;
0.0295466, 4;
0.029537, 4;
0.029576, 4;
0.0290173, 4;
0.0290608, 4;
0.0290346, 4;
0.0295524, 4;
0.0295376, 4;
0.0290429, 4;
0.029048, 4;
0.0290467, 4;
0.029048, 4;
0.0295428, 4;
0.0295594, 4;
0.0290979, 4;
0.0294813, 4;
0.0290506, 4;
0.0290499, 4;
0.0290461, 4;
0.0295498, 4;
0.0290391, 4;
0.0290512, 4;
0.0295556, 4;
0.0290928, 4;
0.0289866, 4;
0.0290442, 4;
0.0295492, 4;
0.0290531, 4;
0.0295396, 4;
0.0295524, 4;
0.0296151, 4;
0.0294743, 4;
0.0290442, 4;
0.0290467, 4;
0.0290442, 4;
0.0295485, 4;
0.0290455, 4;
0.0295492, 4;
0.0299748, 4;
0.029137, 4;
0.0295428, 4;
0.0295402, 4;
0.0290359, 4;
0.0290461, 4;
0.0290538, 4;
0.029041, 4;
0.0290384, 4;
0.0290743, 4;
0.0295306, 4;
0.0290493, 4;
0.0290736, 4;
0.0295146, 4;
0.0290487, 4;
0.0290371, 4;
0.0290512, 4;
0.0290519, 4;
0.0290455, 4;
0.0295562, 4;
0.0290301, 4;
0.0290442, 4;
0.029048, 4;
0.0295562, 2;
0.0295767, 2;
0.0295325, 2;
0.0295594, 2;
0.0295178, 2;
0.0290493, 2;
0.0290359, 2;
0.0290474, 2;
0.0290467, 2;
0.0290448, 2;
0.0290538, 2;
0.0290442, 2;
0.0290416, 2;
0.0295479, 2;
0.0290448, 2;
0.0290595, 2;
0.0290359, 2;
0.0290442, 2;
0.029546, 2;
0.029048, 2;
0.0290979, 2;
0.0290032, 2;
0.0290371, 2;
0.0295421, 2;
0.0290557, 2;
0.0290384, 2;
0.0290519, 2;
0.0290448, 2;
0.0290487, 2;
0.0295536, 2;
0.0295421, 2;
0.0295421, 2;
0.0290531, 2;
0.0290416, 2;
0.0295466, 2;
0.0290474, 2;
0.0290487, 2;
0.0295466, 2;
0.0295767, 2;
0.0295146, 2;
0.029546, 2;
0.0295485, 2;
0.0290487, 2;
0.0295415, 2;
0.0290423, 2;
0.029048, 2;
0.0290525, 2;
0.0290519, 2;
0.0295447, 2;
0.029544, 2;
0.0290384, 2;
0.0290448, 2;
0.0303549, 3;
0.0297463, 3;
0.0295856, 3;
0.0295357, 3;
0.0290256, 3;
0.0295421, 3;
0.029553, 3;
0.0295408, 3;
0.0295696, 3;
0.0295165, 3;
0.0295479, 3;
0.0290467, 3;
0.0295517, 3;
0.029553, 3;
0.0295408, 3;
0.0295421, 3;
0.0295581, 3;
0.0295447, 3;
0.0295389, 3;
0.0295773, 3;
0.0295472, 3;
0.0295172, 3;
0.029544, 3;
0.0295472, 3;
0.0295472, 3;
0.0295536, 3;
0.029544, 3;
0.0295485, 3;
0.0290621, 3;
0.0295351, 3;
0.0295364, 3;
0.0295536, 3;
0.0295472, 3;
0.0295402, 3;
0.0295549, 3;
0.0295453, 3;
0.029624, 3;
0.0294749, 3;
0.0295376, 3;
0.0295517, 3;
0.0295479, 3;
0.0295421, 3;
0.0295466, 3;
0.0295453, 3;
0.0296061, 3;
0.0290775, 3;
0.0289674, 3;
0.029706, 3;
0.0294384, 3;
0.029489, 3;
0.0300445, 3;
0.0295421, 3;
0.0295536, 3;
0.0295684, 3;
0.0290263, 3;
0.0295402, 3;
0.0295498, 3;
0.029553, 3;
0.029553, 3;
0.0295876, 3;
0.0294954, 3;
0.0295543, 3;
0.0295383, 3;
0.029073, 3;
0.0295376, 3;
0.02953, 3;
0.0295447, 3;
0.0295632, 3;
0.029528, 3;
0.0295492, 3;
0.0295863, 3;
0.0290563, 3;
0.029, 3;
0.0295492, 3;
0.0295421, 3;
0.0295588, 3;
0.0295408, 3;
0.0290371, 3;
0.0295485, 3;
0.0295453, 3;
0.029553, 3;
0.0290442, 3;
0.0295453, 3;
0.0295517, 3;
0.0295511, 3;
0.0295357, 3;
0.0295492, 3;
0.0296055, 3;
0.0295082, 3;
0.0290346, 3;
0.0295466, 3;
0.029546, 3;
0.0295543, 3;
0.0295543, 3;
0.0295466, 3;
0.0295376, 3;
0.0295421, 3;
0.0290519, 3;
0.0290743, 3;
0.0295127, 3;
0.0297488, 3;
0.0288701, 3;
0.0295223, 3;
0.0295504, 3;
0.0290506, 4;
0.0295434, 4;
0.0295517, 4;
0.0290455, 4;
0.0290423, 4;
0.0295536, 4;
0.0296848, 4;
0.0294148, 4;
0.0295351, 4;
0.0292432, 4;
0.0298653, 4;
0.0295524, 4;
0.0295236, 4;
0.029553, 4;
0.0295389, 4;
0.029048, 4;
0.0290448, 4;
0.0290506, 4;
0.0295485, 4;
0.0290461, 4;
0.0290403, 4;
0.029048, 4;
0.0290602, 4;
0.0290327, 4;
0.0291031, 4;
0.0294928, 4;
0.0295447, 4;
0.0295594, 4;
0.0290448, 4;
0.029032, 4;
0.0295466, 4;
0.0290474, 4;
0.0295607, 4;
0.0295434, 4;
0.0295466, 4;
0.0295466, 4;
0.0295396, 4;
0.0295645, 4;
0.0290371, 4;
0.029569, 4;
0.0295312, 4;
0.029546, 4;
0.0295421, 4;
0.0295485, 4;
0.0295492, 4;
0.029048, 4;
0.0290416, 4;
0.0290461, 4;
0.02956, 2;
0.0312343, 2;
0.0288445, 2;
0.0290519, 4;
0.0295498, 4;
0.0295376, 4;
0.0295543, 4;
0.0290499, 4;
0.0290794, 4;
0.0295082, 4;
0.0290544, 4;
0.0290602, 4;
0.0295562, 4;
0.0298807, 4;
0.0291805, 4;
0.0295517, 4;
0.0295434, 4;
0.0290653, 2;
0.0295364, 2;
0.029546, 2;
0.0291178, 4;
0.0294903, 4;
0.0295216, 4;
0.029546, 4;
0.0295504, 4;
0.029546, 4;
0.0295434, 4;
0.0290595, 4;
0.0290391, 4;
0.0295504, 4;
0.0295389, 4;
0.0290883, 4;
0.0295044, 4;
0.0290442, 4;
0.0292234, 2;
0.0293738, 2;
0.0300573, 2;
0.0300413, 4;
0.0299268, 4;
0.0289482, 4;
0.0297591, 4;
0.0295524, 4;
0.0290391, 4;
0.0290506, 4;
0.029048, 4;
0.0295504, 4;
0.0295479, 4;
0.0296164, 2;
0.0293181, 2;
0.0291991, 2;
0.0295472, 2;
0.0297578, 4;
0.0293546, 4;
0.0285264, 4;
0.0290429, 4;
0.0295607, 4;
0.0290384, 4;
0.0290429, 4;
0.0295466, 4;
0.0295466, 4;
0.0295447, 4;
0.0295492, 4;
0.0295479, 4;
0.0295632, 4;
0.0295434, 4;
0.0295408, 4;
0.0295415, 4;
0.0295504, 4;
0.0295402, 4;
0.0295492, 4;
0.0295504, 4;
0.0295447, 4;
0.0290551, 4;
0.0290429, 4;
0.0290391, 4;
0.0295479, 2;
0.0295511, 2;
0.029537, 2;
0.0291018, 4;
0.0295056, 4;
0.0295504, 4;
0.0301777, 4;
0.0289021, 4;
0.0295492, 4;
0.0295415, 4;
0.0290487, 4;
0.0290455, 4;
0.029048, 4;
0.0290455, 4;
0.0290525, 4;
0.0290608, 4;
0.0290435, 4;
0.0295325, 4;
0.0295447, 4;
0.0295722, 4;
0.029521, 4;
0.0290461, 4;
0.0296612, 4;
0.0294378, 4;
0.0290698, 4;
0.029025, 4;
0.0295396, 4;
0.0290531, 4;
0.0295415, 4;
0.0290455, 4;
0.0295485, 4;
0.0295504, 4;
0.029697, 4;
0.029393, 4;
0.0290909, 4;
0.0295056, 4;
0.0290467, 4;
0.029546, 4;
0.0295479, 4;
0.0295818, 4;
0.0295095, 4;
0.0295581, 4;
0.029544, 4;
0.0300343, 4;
0.0295498, 4;
0.0290474, 4;
0.0290467, 4;
0.0290563, 4;
0.0295472, 4;
0.02956, 4;
0.0295268, 4;
0.0290448, 4;
0.0290519, 4;
0.0295415, 4;
0.0290499, 4;
0.0295466, 4;
0.0290461, 4;
0.0297072, 4;
0.0294781, 4;
0.0294148, 4;
0.0295485, 4;
0.0295472, 4;
0.029546, 4;
0.0295466, 4;
0.0295511, 4;
0.0295428, 4;
0.0295754, 4;
0.0295178, 4;
0.0295568, 4;
0.0295383, 4;
0.0295466, 4;
0.0290467, 4;
0.0295485, 4;
0.0290544, 4;
0.0290608, 4;
0.0295536, 4;
0.0290263, 4;
0.0290352, 4;
0.0295498, 4;
0.0295504, 4;
0.0295511, 4;
0.0290672, 4;
0.0295152, 4;
0.0295709, 4;
0.0290327, 4;
0.0290416, 4;
0.0300535, 4;
0.029537, 4;
0.0295524, 4;
0.0290423, 4;
0.0295402, 4;
0.0295959, 4;
0.0295159, 4;
0.0295428, 4;
0.0295357, 4;
0.0295472, 4;
0.0295479, 4;
0.0290467, 4;
0.0295492, 4;
0.0295504, 4;
0.0295492, 4;
0.0295389, 4;
0.0295511, 4;
0.0300733, 4;
0.029528, 4;
0.0295389, 4;
0.0295504, 4;
0.0295972, 4;
0.0300932, 4;
0.0294557, 4;
0.0290455, 4;
0.0290371, 4;
0.029546, 4;
0.0295517, 4;
0.0290442, 4;
0.0295498, 4;
0.0295408, 4;
0.0295594, 4;
0.0290563, 4;
0.0295255, 4;
0.0295453, 4;
0.0295511, 4;
0.0295421, 4;
0.0295549, 4;
0.0290435, 4;
0.0295504, 4;
0.0295389, 4;
0.0290512, 4;
0.0296068, 4;
0.029482, 4;
0.0295485, 4;
0.0290499, 4;
0.0295492, 4;
0.0295408, 4;
0.0295556, 4;
0.0295376, 4;
0.0290525, 4;
0.029048, 4;
0.0290423, 4;
0.0295389, 4;
0.0290506, 4;
0.0295472, 4;
0.0295684, 4;
0.0290448, 4;
0.0290397, 4;
0.0295402, 4;
0.0295415, 4;
0.0295728, 4;
0.0295236, 4;
0.0290429, 4;
0.029553, 4;
0.029546, 4;
0.0295421, 4;
0.029562, 4;
0.0295325, 4;
0.0295504, 4;
0.0295594, 4;
0.0295293, 4;
0.0295639, 4;
0.0295588, 4;
0.0295306, 4;
0.0297239, 4;
0.0293693, 4;
0.0295511, 4;
0.0295421, 4;
0.0295562, 4;
0.0295383, 4;
0.0295485, 4;
0.0295568, 4;
0.0290371, 4;
0.0295479, 4;
0.0300477, 4;
0.029544, 4;
0.0295472, 4;
0.0295504, 4;
0.0290531, 4;
0.0295492, 4;
0.0295344, 4;
0.0295492, 4;
0.0295472, 4;
0.0295415, 4;
0.0295517, 4;
0.0290455, 4;
0.0295434, 4;
0.0295504, 4;
0.0295671, 4;
0.0295229, 4;
0.0290615, 4;
0.0285866, 4;
0.0294909, 4;
0.0295632, 4;
0.0290307, 4;
0.0295408, 4;
0.0295748, 4;
0.0290359, 4;
0.0295434, 4;
0.0295434, 4;
0.0295434, 4;
0.0295492, 4;
0.0295524, 4;
0.0290435, 4;
0.0295408, 4;
0.0295517, 4;
0.0290461, 4;
0.0290493, 4;
0.029073, 4;
0.0295172, 4;
0.0295421, 4;
0.0295492, 4;
0.0295485, 4;
0.0295722, 4;
0.0300241, 4;
0.0298225, 4;
0.0292663, 4;
0.0295485, 4;
0.0295479, 4;
0.0295479, 4;
0.0295536, 4;
0.0295453, 4;
0.0297143, 4;
0.0293744, 4;
0.0290551, 4;
0.0295632, 4;
0.029521, 4;
0.029546, 4;
0.0300535, 4;
0.029553, 4;
0.0295364, 4;
0.0296042, 4;
0.0298314, 4;
0.0297053, 4;
0.0295498, 4;
0.029544, 4;
0.0295466, 4;
0.0295498, 4;
0.0295428, 4;
0.0295716, 4;
0.0295229, 4;
0.0295613, 4;
0.0290333, 4;
0.029553, 4;
0.0295421, 4;
0.0290455, 4;
0.0295472, 4;
0.0295543, 4;
0.0295466, 4;
0.0295799, 4;
0.0295031, 4;
0.0295524, 4;
0.0295415, 4;
0.0290467, 4;
0.0295472, 4;
0.029546, 4;
0.0295479, 4;
0.029553, 4;
0.0295396, 4;
0.0295485, 4;
0.0295536, 4;
0.029544, 4;
0.029546, 4;
0.0290448, 4;
0.0295466, 4;
0.0295588, 4;
0.0295434, 4;
0.0295472, 4;
0.0295575, 4;
0.0295338, 4;
0.0295485, 4;
0.0295511, 4;
0.0295415, 4;
0.0295805, 4;
0.0295172, 4;
0.0290474, 4;
0.0295485, 4;
0.0295408, 4;
0.0295485, 4;
0.0290461, 4;
0.02956, 4;
0.0295447, 4;
0.0295364, 4;
0.0295498, 4;
0.0295498, 4;
0.0295396, 4;
0.0295492, 4;
0.029553, 4;
0.029546, 4;
0.029546, 4;
0.0294384, 4;
0.0291555, 4;
0.0290403, 4;
0.02956, 4;
0.0295344, 4;
0.0295472, 4;
0.0295472, 4;
0.029553, 4;
0.0302666, 4;
0.0293322, 4;
0.0295466, 4;
0.0299882, 2;
0.0298052, 2;
0.0293405, 2;
0.029546, 2;
0.0295466, 2;
0.0295504, 2;
0.029562, 2;
0.0290333, 2;
0.029546, 2;
0.0295434, 2;
0.0290423, 2;
0.0295562, 2;
0.0290448, 2;
0.029546, 2;
0.0295466, 2;
0.0290506, 2;
0.0295453, 2;
0.0300381, 2;
0.0295485, 2;
0.029546, 2;
0.029546, 2;
0.0295485, 2;
0.0295498, 2;
0.0295658, 2;
0.0295261, 2;
0.0295556, 2;
0.0295383, 2;
0.029544, 2;
0.0295453, 2;
0.0295492, 2;
0.0295472, 2;
0.029553, 2;
0.0295421, 2;
0.0290423, 2;
0.0295517, 2;
0.0295453, 2;
0.0295447, 2;
0.0295472, 2;
0.0290544, 2;
0.0296247, 2;
0.0297309, 2;
0.0292836, 2;
0.0295447, 2;
0.0295428, 2;
0.0295479, 2;
0.0295453, 2;
0.029544, 2;
0.0295594, 2;
0.0295466, 2;
0.0295997, 2;
0.0296746, 2;
0.0288643, 2;
0.0295428, 2;
0.0295428, 2;
0.0295485, 2;
0.029546, 2;
0.0295568, 2;
0.0295549, 2;
0.0290275, 2;
0.0295805, 2;
0.0295159, 2;
0.0295581, 2;
0.0295389, 2;
0.0300477, 2;
0.0295466, 2;
0.0295562, 2;
0.0295575, 2;
0.0295223, 2;
0.0295466, 2;
0.0295485, 2;
0.0290493, 2;
0.029544, 2;
0.0295466, 2;
0.0296068, 2;
0.0295069, 2;
0.0295428, 2;
0.0295428, 2;
0.0295344, 2;
0.029546, 2;
0.0300497, 2;
0.0295396, 2;
0.0295684, 2;
0.0295594, 2;
0.0295268, 2;
0.0295408, 2;
0.0295453, 2;
0.0295466, 2;
0.0295479, 2;
0.0295447, 2;
0.0290474, 2;
0.029624, 2;
0.0299761, 2;
0.0295389, 2;
0.0295652, 2;
0.0290295, 2;
0.0295453, 2;
0.0295453, 2;
0.0295536, 2;
0.029546, 2;
0.0301316, 2;
0.0289687, 2;
0.0295485, 2;
0.0295396, 2;
0.0295485, 2;
0.0295466, 2;
0.0295728, 2;
0.029514, 2;
0.0295588, 2;
0.029544, 2;
0.0295472, 2;
0.0295364, 2;
0.0295472, 2;
0.0295492, 2;
0.0295588, 2;
0.0295357, 2;
0.0300529, 2;
0.0296285, 2;
0.029464, 2;
0.0295447, 2;
0.0295434, 2;
0.0295511, 2;
0.0295447, 2;
0.0295498, 2;
0.0295453, 2;
0.0295479, 2;
0.0290615, 2;
0.0300484, 2;
0.0295319, 2;
0.0290512, 2;
0.0295383, 2;
0.0295466, 2;
0.0295543, 2;
0.0290461, 2;
0.029553, 2;
0.0290378, 2;
0.0290474, 2;
0.0295396, 2;
0.0295536, 2;
0.0295447, 2;
0.0295453, 2;
0.0295453, 2;
0.0295511, 2;
0.0296176, 2;
0.0294775, 2;
0.0295492, 2;
0.0295421, 2;
0.0295453, 2;
0.0295556, 2;
0.029537, 2;
0.0295492, 2;
0.0290698, 2;
0.029528, 2;
0.0295408, 2;
0.029546, 2;
0.0290474, 2;
0.0295472, 2;
0.0295428, 2;
0.0295543, 2;
0.0295421, 2;
0.0295485, 2;
0.029553, 2;
0.0295447, 2;
0.0295472, 2;
0.0285424, 2;
0.0295536, 2;
0.0295396, 2;
0.0295453, 2;
0.0297866, 2;
0.0288093, 2;
0.0295485, 2;
0.0295466, 2;
0.0295876, 2;
0.0290039, 2;
0.0295517, 2;
0.0295428, 2;
0.029576, 2;
0.0295306, 2;
0.0295389, 2;
0.0295415, 2;
0.0295492, 2;
0.0295428, 2;
0.029048, 2;
0.0295524, 2;
0.0295434, 2;
0.029048, 3;
0.0295498, 3;
0.0295415, 3;
0.0295447, 3;
0.0300497, 3;
0.0295472, 3;
0.0300477, 3;
0.0295549, 3;
0.0295517, 3;
0.0296522, 3;
0.0289661, 3;
0.0290083, 3;
0.0295479, 3;
0.0290493, 3;
0.0295472, 3;
0.0295485, 3;
0.0290512, 3;
0.0296439, 3;
0.0294711, 3;
0.0295204, 3;
0.0290384, 3;
0.0295524, 3;
0.029041, 3;
0.0295453, 3;
0.0295498, 3;
0.0295472, 3;
0.0300548, 3;
0.0295396, 3;
0.0295517, 3;
0.0295402, 3;
0.0290525, 3;
0.029544, 3;
0.0295421, 3;
0.0295479, 3;
0.0300618, 3;
0.0290339, 3;
0.0295479, 3;
0.0295524, 3;
0.0290391, 3;
0.0285456, 3;
0.0296023, 3;
0.0294916, 3;
0.0285578, 3;
0.0290435, 3;
0.02956, 3;
0.0295248, 3;
0.0295632, 3;
0.0295274, 3;
0.0295498, 3;
0.029553, 3;
0.029041, 3;
0.0295498, 3;
0.0295594, 3;
0.02953, 3;
0.0285469, 3;
0.0295466, 3;
0.0295517, 3;
0.0295415, 3;
0.0295504, 3;
0.029546, 3;
0.0290621, 3;
0.0290295, 3;
0.0295453, 3;
0.029553, 3;
0.0295408, 3;
0.0295504, 3;
0.0295428, 3;
0.0295492, 3;
0.0285738, 3;
0.0295946, 3;
0.0289699, 3;
0.0290435, 3;
0.029553, 3;
0.0290416, 3;
0.0295421, 3;
0.0295536, 3;
0.0295415, 3;
0.0285565, 3;
0.0295357, 3;
0.0290666, 3;
0.0290269, 3;
0.0295466, 3;
0.0295594, 3;
0.0285373, 3;
0.0295504, 3;
0.0290576, 3;
0.029569, 3;
0.0290135, 3;
0.0290352, 3;
0.0300669, 3;
0.0290391, 3;
0.0295389, 3;
0.0295485, 3;
0.0295498, 3;
0.0290621, 3;
0.0290352, 3;
0.0295492, 3;
0.0290429, 3;
0.028543, 3;
0.0285405, 3;
0.029048, 4;
0.029553, 4;
0.0345861, 9;
0.0260207, 9;
0.025565, 9;
0.0255042, 9;
0.0260847, 9;
0.0259977, 9;
0.0260482, 9;
0.0307735, 9;
0.0263279, 9;
0.0255125, 9;
0.026221, 9;
0.0258799, 9;
0.0255292, 9;
0.0255369, 9;
0.0255388, 9;
0.0255337, 9;
0.0255445, 9;
0.0255394, 9;
0.0255586, 9;
0.0255298, 9;
0.0255343, 9;
0.0255497, 9;
0.0255375, 9;
0.0255317, 9;
0.0255561, 9;
0.025581, 9;
0.0254972, 9;
0.0255311, 9;
0.025542, 9;
0.0255401, 9;
0.0255381, 9;
0.0255458, 9;
0.0255401, 9;
0.0255394, 9;
0.0255701, 9;
0.0255068, 9;
0.0255439, 9;
0.0255413, 9;
0.0255401, 9;
0.025549, 9;
0.0255343, 9;
0.0255375, 9;
0.0255394, 9;
0.0255401, 9;
0.025549, 9;
0.0255349, 9;
0.0255497, 9;
0.0255285, 9;
0.0255401, 9;
0.0264879, 9;
0.0255945, 9;
0.0255388, 9;
0.0255433, 9;
0.0255541, 9;
0.0255356, 9;
0.0255317, 9;
0.0255452, 9;
0.0255381, 9;
0.0255407, 9;
0.0255439, 9;
0.0255356, 9;
0.0255381, 9;
0.0255471, 9;
0.0255426, 9;
0.0255356, 9;
0.0255375, 9;
0.0255465, 9;
0.0255977, 9;
0.0259842, 9;
0.0255401, 9;
0.0255381, 9;
0.0255477, 9;
0.0255413, 9;
0.0255317, 9;
0.0255445, 9;
0.0255356, 9;
0.0255426, 9;
0.0255369, 9;
0.0255599, 9;
0.0255234, 9;
0.0255535, 9;
0.0255445, 9;
0.0255394, 9;
0.0255426, 9;
0.0255266, 9;
0.0255401, 9;
0.0260431, 9;
0.0255522, 9;
0.0255266, 9;
0.0255349, 9;
0.0255458, 9;
0.0255362, 9;
0.0255529, 9;
0.0255625, 9;
0.0255106, 9;
0.0255381, 9;
0.0255388, 9;
0.025542, 9;
0.0256137, 9;
0.0254671, 9;
0.025549, 9;
0.0283504, 9;
0.0262383, 9;
0.0255356, 9;
0.0255401, 9;
0.0255362, 9;
0.0256047, 9;
0.0254748, 9;
0.025542, 9;
0.0255413, 9;
0.0255509, 9;
0.0255292, 9;
0.0255503, 9;
0.0255394, 9;
0.0255298, 9;
0.0255407, 9;
0.0255401, 9;
0.025542, 9;
0.0255477, 9;
0.0255413, 9;
0.0255356, 9;
0.0255362, 9;
0.0255509, 9;
0.0255305, 9;
0.0255407, 9;
0.0255381, 9;
0.025549, 9;
0.0255445, 9;
0.0255317, 9;
0.0255497, 9;
0.0255567, 9;
0.0256924, 9;
0.0253628, 9;
0.0255452, 9;
0.0255663, 9;
0.0255081, 9;
0.0255445, 9;
0.0255394, 9;
0.0255452, 9;
0.0255618, 9;
0.0255221, 9;
0.0255631, 9;
0.0255074, 9;
0.0255529, 9;
0.0255285, 9;
0.0255452, 9;
0.0255388, 9;
0.0260444, 9;
0.025533, 9;
0.0255445, 9;
0.0255445, 9;
0.0255477, 9;
0.0255324, 9;
0.0255337, 9;
0.025542, 9;
0.0255465, 9;
0.0255381, 9;
0.0255349, 9;
0.0255433, 9;
0.0255381, 9;
0.0255465, 9;
0.0255484, 9;
0.025526, 9;
0.0255407, 9;
0.0255413, 9;
0.0255445, 9;
0.0255855, 9;
0.0255023, 9;
0.0256188, 9;
0.0254639, 9;
0.0255298, 9;
0.0255426, 9;
0.0255413, 9;
0.0255407, 9;
0.0255349, 9;
0.025549, 9;
0.0255497, 9;
0.0255311, 9;
0.025533, 9;
0.0255471, 9;
0.0255413, 9;
0.0255343, 9;
0.0255471, 9;
0.0255381, 9;
0.0255465, 9;
0.0255541, 9;
0.0255221, 9;
0.0255369, 9;
0.0255509, 9;
0.0255305, 9;
0.0255452, 9;
0.0255349, 9;
0.025542, 9;
0.0255407, 9;
0.0255458, 9;
0.025542, 9;
0.0255426, 9;
0.0255305, 9;
0.0255541, 9;
0.0255426, 9;
0.0255349, 9;
0.0255362, 9;
0.0255356, 9;
0.0255452, 9;
0.025542, 9;
0.0255324, 9;
0.0255413, 9;
0.0255401, 9;
0.0255356, 9;
0.0255445, 9;
0.0255413, 9;
0.0255644, 9;
0.0255132, 9;
0.0255452, 9;
0.0255394, 9;
0.0255484, 9;
0.0255266, 9;
0.0255477, 9;
0.0255906, 9;
0.0255561, 9;
0.0259721, 9;
0.0255433, 9;
0.0255388, 9;
0.0255452, 9;
0.0255721, 9;
0.0255209, 9;
0.0255234, 9;
0.0255503, 9;
0.0255381, 9;
0.0255369, 9;
0.0255433, 9;
0.0255573, 9;
0.0255189, 9;
0.0255458, 9;
0.0255458, 9;
0.0256655, 9;
0.0259106, 9;
0.025565, 9;
0.0255151, 9;
0.0255516, 9;
0.0255292, 9;
0.0255381, 9;
0.0255413, 9;
0.0255452, 9;
0.0255797, 9;
0.0255042, 9;
0.0255401, 9;
0.0255407, 9;
0.0258102, 9;
0.0257654, 9;
0.0255375, 9;
0.025542, 9;
0.0255477, 9;
0.0255356, 9;
0.025542, 9;
0.0255356, 9;
0.0255445, 9;
0.0257756, 9;
0.0258044, 9;
0.0255484, 9;
0.025533, 9;
0.0255401, 9;
0.0255445, 9;
0.0255439, 9;
0.0255516, 9;
0.0255298, 9;
0.0255343, 9;
0.0255445, 9;
0.0255343, 9;
0.0255484, 9;
0.0255413, 9;
0.0255266, 9;
0.0255529, 9;
0.0255337, 9;
0.0255554, 9;
0.0255305, 9;
0.0255369, 9;
0.0255497, 9;
0.0255273, 9;
0.025542, 9;
0.0255407, 9;
0.0255445, 9;
0.0255375, 9;
0.0255522, 9;
0.0260444, 9;
0.025542, 9;
0.0255356, 9;
0.0255311, 9;
0.0255401, 9;
0.025542, 9;
0.025542, 9;
0.0255426, 9;
0.0255484, 9;
0.0255279, 9;
0.0260482, 9;
0.0255349, 9;
0.0256047, 9;
0.0254773, 9;
0.0255407, 9;
0.0255401, 9;
0.0255836, 9;
0.0254978, 9;
0.0255497, 9;
0.025558, 9;
0.0255157, 9;
0.0255484, 9;
0.0255388, 9;
0.0255369, 9;
0.025542, 9;
0.0255452, 9;
0.025533, 9;
0.0255369, 9;
0.0255458, 9;
0.0255369, 9;
0.0255529, 9;
0.0255285, 9;
0.0255439, 9;
0.0255362, 9;
0.0255394, 9;
0.0255452, 9;
0.0255407, 9;
0.0255388, 9;
0.0255465, 9;
0.0255573, 9;
0.0255157, 9;
0.025549, 9;
0.0255305, 9;
0.0255471, 9;
0.0255407, 9;
0.0255727, 9;
0.0254997, 9;
0.0255529, 9;
0.0255317, 9;
0.0261564, 9;
0.0259215, 9;
0.0255522, 9;
0.0255356, 9;
0.0255413, 9;
0.0255381, 9;
0.0255401, 9;
0.0255439, 9;
0.0255317, 9;
0.0255452, 9;
0.0256354, 9;
0.0256585, 9;
0.02583, 9;
0.0255516, 9;
0.0255285, 9;
0.0255413, 9;
0.0255413, 9;
0.0255439, 9;
0.0255413, 9;
0.0255337, 9;
0.0255509, 9;
0.0255343, 9;
0.0255426, 9;
0.0255369, 9;
0.0255381, 9;
0.0255484, 9;
0.0255394, 9;
0.0255394, 9;
0.0255445, 9;
0.027023, 9;
0.0255497, 9;
0.0255407, 9;
0.0255426, 9;
0.0255413, 9;
0.0255362, 9;
0.0255433, 9;
0.0255394, 9;
0.0255394, 9;
0.0255433, 9;
0.0255701, 9;
0.0255151, 9;
0.0255458, 9;
0.0255401, 9;
0.0255305, 9;
0.025542, 9;
0.0255452, 9;
0.0255362, 9;
0.0255401, 9;
0.0255452, 9;
0.0255381, 9;
0.0255439, 9;
0.0255324, 9;
0.0255497, 9;
0.025533, 9;
0.0255445, 9;
0.0255484, 9;
0.0255407, 9;
0.0255484, 9;
0.0255343, 9;
0.0255394, 9;
0.0255298, 9;
0.0255407, 9;
0.025542, 9;
0.0255477, 9;
0.0255292, 9;
0.0255452, 9;
0.025542, 9;
0.0255439, 9;
0.025542, 9;
0.0255394, 9;
0.0255522, 9;
0.0255221, 9;
0.0255433, 9;
0.0255401, 9;
0.0255401, 9;
0.0255484, 9;
0.0260393, 9;
0.0255445, 9;
0.0255317, 9;
0.0255433, 9;
0.0255375, 9;
0.0255413, 9;
0.0255369, 9;
0.0255471, 9;
0.0255362, 9;
0.0255394, 9;
0.0255407, 9;
0.0255477, 9;
0.0255644, 9;
0.0255209, 9;
0.0255311, 9;
0.0260393, 9;
0.0255388, 9;
0.0255375, 9;
0.0255452, 9;
0.0255381, 9;
0.0255394, 9;
0.0255625, 9;
0.0255381, 9;
0.0260361, 9;
0.0255298, 9;
0.0255561, 9;
0.0255317, 9;
0.0255356, 9;
0.0255381, 9;
0.0255477, 9;
0.0255375, 9;
0.025933, 9;
0.0283382, 9;
0.0274461, 9;
0.025958, 9;
0.0255343, 9;
0.0255439, 9;
0.0255375, 9;
0.025542, 9;
0.0255381, 9;
0.0255445, 9;
0.0256815, 9;
0.0254012, 9;
0.0255305, 9;
0.0255439, 9;
0.0255445, 9;
0.0255356, 9;
0.0255381, 9;
0.0255465, 9;
0.0255381, 9;
0.0255413, 9;
0.0261609, 9;
0.0254236, 9;
0.0255484, 9;
0.0255484, 9;
0.0255221, 9;
0.0255503, 9;
0.0255298, 9;
0.0255407, 9;
0.0255407, 9;
0.0255407, 9;
0.025542, 9;
0.0255401, 9;
0.0255401, 9;
0.0255439, 9;
0.0255413, 9;
0.0255426, 9;
0.0255337, 9;
0.0255522, 9;
0.0260316, 9;
0.0255445, 9;
0.0255369, 9;
0.0255471, 9;
0.0255343, 9;
0.0255509, 9;
0.0255349, 9;
0.026038, 9;
0.0255394, 9;
0.0254569, 9;
0.0255471, 9;
0.0255535, 9;
0.0255177, 9;
0.0255413, 9;
0.025542, 9;
0.0255823, 9;
0.0255759, 9;
0.0254703, 9;
0.0262044, 9;
0.0253641, 9;
0.0255465, 9;
0.025581, 9;
0.0264995, 9;
0.0260418, 9;
0.0255407, 9;
0.0255439, 9;
0.0255388, 9;
0.0255381, 9;
0.0255426, 9;
0.0255375, 9;
0.0255401, 9;
0.0255548, 9;
0.0260271, 9;
0.0255394, 9;
0.0255484, 9;
0.025542, 9;
0.0255471, 9;
0.0255285, 9;
0.0255388, 9;
0.0255439, 9;
0.0257999, 9;
0.0258089, 9;
0.0255087, 9;
0.0255407, 9;
0.0255413, 9;
0.0255439, 9;
0.0255445, 9;
0.0255689, 9;
0.0260188, 9;
0.0255381, 9;
0.0255305, 9;
0.0255407, 9;
0.0255401, 9;
0.0255433, 9;
0.0255394, 9;
0.025549, 9;
0.0255394, 9;
0.0255324, 9;
0.0255413, 9;
0.0255458, 9;
0.0255413, 9;
0.0255433, 9;
0.0255311, 9;
0.0255394, 9;
0.0255394, 9;
0.0255465, 9;
0.0255413, 9;
0.0255362, 9;
0.0256322, 9;
0.0255497, 9;
0.0259478, 9;
0.0255324, 9;
0.0255407, 9;
0.0255471, 9;
0.0255356, 9;
0.0255535, 9;
0.0255324, 9;
0.0255426, 9;
0.0255317, 9;
0.0255439, 9;
0.0255477, 9;
0.0255324, 9;
0.0255349, 9;
0.0255445, 9;
0.0255452, 9;
0.0255362, 9;
0.0255452, 9;
0.0255413, 9;
0.0255285, 9;
0.0255477, 9;
0.0255388, 9;
0.0255561, 9;
0.0255317, 9;
0.0255343, 9;
0.0255401, 9;
0.0255701, 9;
0.0255145, 9;
0.0255388, 9;
0.0255375, 9;
0.0255439, 9;
0.0255426, 9;
0.0255849, 9;
0.0254965, 9;
0.0255369, 9;
0.0255548, 9;
0.0255317, 9;
0.0255471, 9;
0.0255317, 9;
0.0255413, 9;
0.0255471, 9;
0.0255285, 9;
0.0255445, 9;
0.0255381, 9;
0.025542, 9;
0.0255855, 9;
0.0254914, 9;
0.0255445, 9;
0.0255452, 9;
0.0255394, 9;
0.0255535, 9;
0.025526, 9;
0.0255401, 9;
0.0255369, 9;
0.0255407, 9;
0.0255503, 9;
0.0255311, 9;
0.0255714, 9;
0.0255087, 9;
0.0255426, 9;
0.025542, 9;
0.025542, 9;
0.0255394, 9;
0.025542, 9;
0.026038, 9;
0.025549, 9;
0.0255426, 9;
0.0255305, 9;
0.0255433, 9;
0.0255356, 9;
0.0256373, 9;
0.0254447, 9;
0.0255381, 9;
0.0255605, 9;
0.0255765, 9;
0.0254876, 9;
0.0255413, 9;
0.0255657, 9;
0.0255151, 9;
