0.100812;
0.100515;
0.100668;
0.100657;
0.100681;
0.100653;
0.10066;
0.100663;
0.100662;
0.100667;
0.100661;
0.100661;
0.100672;
0.100656;
0.100665;
0.100659;
0.100702;
0.101138;
0.100654;
0.100691;
0.100643;
0.100652;
0.100662;
0.100664;
0.100694;
0.100632;
0.100672;
0.100659;
0.100665;
0.100672;
0.100672;
0.100649;
0.100665;
0.100661;
0.100659;
0.100698;
0.100634;
0.100663;
0.100664;
0.100661;
0.100661;
0.100679;
0.100647;
0.100673;
0.100675;
0.101142;
0.100673;
0.100666;
0.100667;
0.100643;
0.100684;
0.100693;
0.101123;
0.100669;
0.100649;
0.100661;
0.100669;
0.100662;
0.100664;
0.10069;
0.100633;
0.100672;
0.100657;
0.100663;
0.100666;
0.100657;
0.100666;
0.100664;
0.100666;
0.100661;
0.10066;
0.100675;
0.100657;
0.100661;
0.100832;
0.100497;
0.100671;
0.100656;
0.100661;
0.100666;
0.100661;
0.100665;
0.100661;
0.100695;
0.100629;
0.100663;
0.100679;
0.100647;
0.100666;
0.100677;
0.100647;
0.100679;
0.10065;
0.100663;
0.100672;
0.100654;
0.100666;
0.100721;
0.100598;
0.100672;
0.100662;
0.100661;
0.100657;
0.100673;
0.100669;
0.10066;
0.100663;
0.100665;
0.100663;
0.100678;
0.101653;
0.100677;
0.100656;
0.100647;
0.100675;
0.100656;
0.100672;
0.100652;
0.100665;
0.100665;
0.100655;
0.100693;
0.100636;
0.100672;
0.100653;
0.100673;
0.100659;
0.100669;
0.100661;
0.100661;
0.100663;
0.100665;
0.10066;
0.100667;
0.100661;
0.100699;
0.10063;
0.100672;
0.100656;
0.10066;
0.100681;
0.100645;
0.100665;
0.100666;
0.100659;
0.100657;
0.101172;
0.100682;
0.100642;
0.100661;
0.100664;
0.100663;
0.100666;
0.100668;
0.100657;
0.100663;
0.100665;
0.100663;
0.100661;
0.100665;
0.10066;
0.100668;
0.100659;
0.100662;
0.100664;
0.100671;
0.100661;
0.100664;
0.100666;
0.100665;
0.100664;
0.100664;
0.100654;
0.100684;
0.101146;
0.100663;
0.100667;
0.100689;
0.100652;
0.100643;
0.10067;
0.100655;
0.100665;
0.100681;
0.100649;
0.100659;
0.10066;
0.100663;
0.100691;
0.10064;
0.100665;
0.100663;
0.100656;
0.101044;
0.101287;
0.100666;
0.100666;
0.100662;
0.10066;
0.100659;
0.100666;
0.100661;
0.101164;
0.101017;
0.101315;
0.100704;
0.100615;
0.100665;
0.100682;
0.100655;
0.100664;
0.101162;
0.100655;
0.101042;
0.100785;
0.100664;
0.100665;
0.10066;
0.1008;
0.100585;
0.100604;
0.100663;
0.100665;
0.100679;
0.100665;
0.100642;
0.100668;
0.100663;
0.100669;
0.100727;
0.10059;
0.100665;
0.100659;
0.100688;
0.101143;
0.100662;
0.100664;
0.100714;
0.100777;
0.100498;
0.100664;
0.100663;
0.100675;
0.100666;
0.100649;
0.100663;
0.100666;
0.100667;
0.100671;
0.100657;
0.100665;
0.100679;
0.100638;
0.100671;
0.100657;
0.100659;
0.100694;
0.100643;
0.100655;
0.100669;
0.100659;
0.100695;
0.100637;
0.100657;
0.100666;
0.100672;
0.10065;
0.100665;
0.100663;
0.100661;
0.100668;
0.100655;
0.100669;
0.100661;
0.100665;
0.100664;
0.100668;
0.100662;
0.100657;
0.100666;
0.100676;
0.100648;
0.100672;
0.100657;
0.10067;
0.100687;
0.100635;
0.100659;
0.100675;
0.100653;
0.100756;
0.100576;
0.100656;
0.100671;
0.100657;
0.100901;
0.100428;
0.100659;
0.100666;
0.10066;
0.100691;
0.100634;
0.100666;
0.100675;
0.100652;
0.100676;
0.10065;
0.100662;
0.101054;
0.101779;
0.100672;
0.100663;
0.100649;
0.100668;
0.100658;
0.100666;
0.100657;
0.100665;
0.100667;
0.100705;
0.100622;
0.100664;
0.100663;
0.100663;
0.100657;
0.100682;
0.101153;
0.100661;
0.100667;
0.100661;
0.100659;
0.100661;
0.100663;
0.10067;
0.100721;
0.100625;
0.10064;
0.100664;
0.100664;
0.100668;
0.100994;
0.100831;
0.100659;
0.100663;
0.100663;
0.100673;
0.100654;
0.100661;
0.10066;
0.100677;
0.100659;
0.100657;
0.100672;
0.100653;
0.100663;
0.100665;
0.100664;
0.100668;
0.100656;
0.100667;
0.100659;
0.100665;
0.100668;
0.101168;
0.100668;
0.10065;
0.100668;
0.101163;
0.100663;
0.100664;
0.100661;
0.100686;
0.100648;
0.100652;
0.100664;
0.100666;
0.100658;
0.100668;
0.100677;
0.100648;
0.100663;
0.100664;
0.100666;
0.100661;
0.100659;
0.100676;
0.10065;
0.100692;
0.100636;
0.100666;
0.100656;
0.100666;
0.101065;
0.100761;
0.100663;
0.10067;
0.10066;
0.100687;
0.100639;
0.100656;
0.100672;
0.100659;
0.100679;
0.100647;
0.10067;
0.100658;
0.100659;
0.100665;
0.100666;
0.100661;
0.100676;
0.100654;
0.100661;
0.100665;
0.100659;
0.100673;
0.100707;
0.102621;
0.100654;
0.100662;
0.100661;
0.100674;
0.100657;
0.100659;
0.100664;
0.100673;
0.100705;
0.100624;
0.100651;
0.100665;
0.100661;
0.100729;
0.100657;
0.100599;
0.100654;
0.100662;
0.10067;
0.100654;
0.101183;
0.101151;
0.101156;
0.100943;
0.100894;
0.100655;
0.100798;
0.100533;
0.100683;
0.10064;
0.100664;
0.10068;
0.100656;
0.100701;
0.100633;
0.100655;
0.100663;
0.100667;
0.100657;
0.100672;
0.100661;
0.100661;
0.10066;
0.100662;
0.10067;
0.100681;
0.100607;
0.100654;
0.100662;
0.10067;
0.100659;
0.100715;
0.101109;
0.100661;
0.100668;
0.100669;
0.100694;
0.100629;
0.100666;
0.101418;
0.100908;
0.100663;
0.10066;
0.100678;
0.100654;
0.100676;
0.100658;
0.100655;
0.100662;
0.100668;
0.100666;
0.100711;
0.10161;
0.100663;
0.1007;
0.100629;
0.100666;
0.100654;
0.100668;
0.100671;
0.100654;
0.100666;
0.100663;
0.100668;
0.100658;
0.101051;
0.100771;
0.100689;
0.100647;
0.100658;
0.100665;
0.10066;
0.100741;
0.100585;
0.100664;
0.100665;
0.100705;
0.100626;
0.100659;
0.100663;
0.100664;
0.100678;
0.100646;
0.100666;
0.100662;
0.100671;
0.101173;
0.100658;
0.100665;
0.100723;
0.100597;
0.100668;
0.101971;
0.100862;
0.100684;
0.100662;
0.100664;
0.100636;
0.100662;
0.100665;
0.100657;
0.101176;
0.100661;
0.100665;
0.100674;
0.100645;
0.100686;
0.100654;
0.100646;
0.100664;
0.100666;
0.101108;
0.100725;
0.100666;
0.100654;
0.100663;
0.100695;
0.100638;
0.100656;
0.100663;
0.100662;
0.101175;
0.100654;
0.100666;
0.100659;
0.100662;
0.100684;
0.100642;
0.100666;
0.100661;
0.100675;
0.100651;
0.100671;
0.101163;
0.100657;
0.100667;
0.100661;
0.100661;
0.10066;
0.100673;
0.100657;
0.100665;
0.100661;
0.100678;
0.100647;
0.100659;
0.100668;
0.100663;
0.100666;
0.100657;
0.100666;
0.100662;
0.100663;
0.100684;
0.100628;
0.100662;
0.100664;
0.100695;
0.100631;
0.101164;
0.100665;
0.100713;
0.100609;
0.100661;
0.100668;
0.10067;
0.100661;
0.100661;
0.100658;
0.100662;
0.100666;
0.100664;
0.100686;
0.100645;
0.100653;
0.100672;
0.100818;
0.100505;
0.100663;
0.100661;
0.100663;
0.100673;
0.100652;
0.100676;
0.100657;
0.100658;
0.100662;
0.100668;
0.101175;
0.100647;
0.100666;
0.100659;
0.100675;
0.100654;
0.100661;
0.100663;
0.100664;
0.100679;
0.100654;
0.100656;
0.100664;
0.100664;
0.100671;
0.100684;
0.101147;
0.100646;
0.100669;
0.100679;
0.100649;
0.100663;
0.100665;
0.100663;
0.100679;
0.100661;
0.100668;
0.100645;
0.10067;
0.100667;
0.100664;
0.100669;
0.100659;
0.100678;
0.100647;
0.100654;
0.100666;
0.102601;
0.100731;
0.100666;
0.10066;
0.101164;
0.100666;
0.100658;
0.100668;
0.100658;
0.100659;
0.10067;
0.100659;
0.100666;
0.100662;
0.100663;
0.100665;
0.100659;
0.100665;
0.100661;
0.10067;
0.101013;
0.10131;
0.101165;
0.100665;
0.100676;
0.100648;
0.100666;
0.100657;
0.100669;
0.10066;
0.101166;
0.100666;
0.100661;
0.100663;
0.100669;
0.100656;
0.100664;
0.100677;
0.100647;
0.100671;
0.101163;
0.100657;
0.100709;
0.102624;
0.100663;
0.101178;
0.10065;
0.100663;
0.100662;
0.100616;
0.100691;
0.100643;
0.100665;
0.100669;
0.100649;
0.100677;
0.100658;
0.100657;
0.100666;
0.100656;
0.100689;
0.100649;
0.100653;
0.100662;
0.100663;
0.101496;
0.101838;
0.100663;
0.100673;
0.100652;
0.10075;
0.101628;
0.100618;
0.100659;
0.10067;
0.100663;
0.101162;
0.100665;
0.100661;
0.10067;
0.10067;
0.100643;
0.100672;
0.100864;
0.100464;
0.102196;
0.113656;
0.100664;
0.100664;
0.100663;
0.100661;
0.100666;
0.100668;
0.100671;
0.100649;
0.101164;
0.100673;
0.100657;
0.100663;
0.100659;
0.100663;
0.100665;
0.100672;
0.100659;
0.100659;
0.100661;
0.100671;
0.100953;
0.100449;
0.100627;
0.100618;
0.100659;
0.10067;
0.100664;
0.100656;
0.100667;
0.100665;
0.100665;
0.100655;
0.100673;
0.100661;
0.100673;
0.10066;
0.100652;
0.100667;
0.100659;
0.100672;
0.10072;
0.100604;
0.100658;
0.100664;
0.100665;
0.10073;
0.100597;
0.100681;
0.100669;
0.100642;
0.100707;
0.100615;
0.100657;
0.100668;
0.100765;
0.100563;
0.100663;
0.100665;
0.100661;
0.100662;
0.100686;
0.100653;
0.110385;
0.104962;
0.100656;
0.100714;
0.10061;
0.100677;
0.10115;
0.100663;
0.100658;
0.10067;
0.100673;
0.10065;
0.100669;
0.100665;
0.100657;
0.100673;
0.100652;
0.100665;
0.10066;
0.100669;
0.100725;
0.10112;
0.100644;
0.100663;
0.100705;
0.100761;
0.101022;
0.100673;
0.100652;
0.100668;
0.100662;
0.100664;
0.10068;
0.10065;
0.100658;
0.100669;
0.100652;
0.100666;
0.100668;
0.100663;
0.100673;
0.100645;
0.10067;
0.100667;
0.100657;
0.100669;
0.100656;
0.101478;
0.101353;
0.101182;
0.100644;
0.100665;
0.10087;
0.100958;
0.100659;
0.10067;
0.100662;
0.100664;
0.100659;
0.100668;
0.100928;
0.100398;
0.100668;
0.100666;
0.100657;
0.100664;
0.100665;
0.100658;
0.100661;
0.100663;
0.100668;
0.100656;
0.100668;
0.100663;
0.100659;
0.10118;
0.100651;
0.100661;
0.100664;
0.100666;
0.101176;
0.10065;
0.101166;
0.100657;
0.100679;
0.100653;
0.100657;
0.100676;
0.100652;
0.100669;
0.100657;
0.100663;
0.100664;
0.100666;
0.100673;
0.100652;
0.100661;
0.100665;
0.100745;
0.100588;
0.100654;
0.100663;
0.100668;
0.100668;
0.100657;
0.100661;
0.100669;
0.10116;
0.100665;
0.100666;
0.100659;
0.100664;
0.100673;
0.10072;
0.1006;
0.10068;
0.100642;
0.100668;
0.100666;
0.100658;
0.100661;
0.100663;
0.100681;
