2.74847, 1;
0.0290487, 2;
0.0290403, 2;
0.0290429, 2;
0.0295434, 2;
0.0295472, 2;
0.0290467, 2;
0.0290461, 2;
0.0290506, 2;
0.0290435, 2;
0.0290474, 2;
0.0290416, 2;
0.0290512, 2;
0.0290557, 2;
0.0290435, 2;
0.0295511, 2;
0.0290448, 2;
0.0290711, 2;
0.0295351, 2;
0.0290365, 2;
0.029048, 2;
0.0290384, 2;
0.0290461, 2;
0.0290365, 2;
0.0290979, 2;
0.0290058, 2;
0.0290448, 2;
0.0291114, 2;
0.0294756, 2;
0.0290512, 2;
0.0290442, 2;
0.0295428, 2;
0.0290493, 2;
0.0290435, 2;
0.0290487, 2;
0.0294877, 2;
0.0301687, 2;
0.0294039, 2;
0.0290397, 2;
0.0290455, 2;
0.0290506, 2;
0.0290371, 2;
0.0290557, 2;
0.0290512, 2;
0.0297949, 2;
0.0292957, 2;
0.0290442, 2;
0.0290416, 2;
0.0290487, 2;
0.0290435, 2;
0.0290442, 2;
0.0290506, 2;
0.0290416, 2;
0.0295511, 2;
0.0290416, 2;
0.0290467, 2;
0.0290442, 2;
0.0290506, 2;
0.0290423, 2;
0.0291703, 2;
0.0293437, 2;
0.0290461, 2;
0.0290448, 2;
0.0290435, 2;
0.0290448, 2;
0.029048, 2;
0.0290563, 2;
0.029537, 2;
0.0290544, 2;
0.0290365, 2;
0.0290608, 2;
0.0290346, 2;
0.0290429, 2;
0.0290455, 2;
0.0290487, 2;
0.0290416, 2;
0.0290467, 2;
0.0290512, 2;
0.029048, 2;
0.0290416, 2;
0.029064, 2;
0.0290269, 2;
0.0290493, 2;
0.029089, 2;
0.0290096, 2;
0.0290506, 2;
0.0295383, 2;
0.0290519, 2;
0.0290391, 2;
0.0290461, 2;
0.0290531, 2;
0.0290499, 2;
0.0290346, 2;
0.0295556, 2;
0.0290403, 2;
0.0290506, 2;
0.0290704, 2;
0.029009, 2;
0.0290455, 2;
0.029048, 2;
0.0290506, 2;
0.0290467, 2;
0.0290467, 2;
0.0290467, 2;
0.0290442, 2;
0.0290563, 2;
0.0290359, 2;
0.0290403, 2;
0.0290493, 2;
0.029048, 2;
0.0290461, 2;
0.0290442, 2;
0.0290448, 2;
0.0290544, 2;
0.0290371, 2;
0.0290461, 2;
0.0295536, 2;
0.02908, 2;
0.0290051, 2;
0.029048, 2;
0.029048, 2;
0.029048, 2;
0.0295671, 2;
0.0291844, 2;
0.0293808, 2;
0.0295498, 2;
0.0290455, 2;
0.0290474, 2;
0.0290442, 2;
0.0290512, 2;
0.0290506, 2;
0.0290378, 2;
0.029048, 2;
0.0291075, 2;
0.0289808, 2;
0.0290467, 2;
0.0290448, 2;
0.0290461, 2;
0.0290499, 2;
0.0290474, 2;
0.029041, 2;
0.0290474, 2;
0.0293533, 2;
0.0292548, 2;
0.0290339, 2;
0.0290429, 2;
0.0290551, 2;
0.0295408, 2;
0.0290416, 2;
0.0290455, 2;
0.029057, 2;
0.029032, 2;
0.0290499, 2;
0.0290442, 2;
0.0290602, 2;
0.0290403, 2;
0.0290455, 2;
0.0290416, 2;
0.0290435, 2;
0.0290512, 2;
0.0290493, 2;
0.029041, 2;
0.029544, 2;
0.0295498, 2;
0.0290602, 2;
0.0290397, 2;
0.0290512, 2;
0.029041, 2;
0.0290896, 2;
0.0295095, 2;
0.0290551, 2;
0.0290288, 2;
0.0290487, 2;
0.0290467, 2;
0.029544, 2;
0.0290435, 2;
0.0290474, 2;
0.0290512, 2;
0.0290397, 2;
0.0290519, 2;
0.0290429, 2;
0.029048, 2;
0.0292554, 2;
0.0298321, 2;
0.0290474, 2;
0.0290563, 2;
0.0291811, 2;
0.0294039, 2;
0.0295447, 2;
0.0290506, 2;
0.0293501, 2;
0.0292388, 2;
0.0290455, 2;
0.0290487, 2;
0.0290538, 2;
0.029041, 2;
0.0290506, 2;
0.0290384, 2;
0.0290467, 2;
0.0290448, 2;
0.0300458, 2;
0.0290455, 2;
0.0290474, 2;
0.0290493, 2;
0.0300759, 3;
0.0290416, 3;
0.0296599, 3;
0.0294064, 3;
0.0295447, 3;
0.0295466, 3;
0.0290429, 3;
0.0290883, 3;
0.0295095, 3;
0.0295472, 3;
0.0295434, 3;
0.0295504, 3;
0.0295517, 3;
0.0295376, 3;
0.0295492, 3;
0.0290474, 3;
0.0290506, 3;
0.0290576, 3;
0.0295703, 3;
0.0295178, 3;
0.0295383, 3;
0.0295447, 3;
0.0295466, 3;
0.0295504, 3;
0.0290435, 3;
0.0290467, 3;
0.0290467, 3;
0.0295504, 3;
0.0295415, 3;
0.0295492, 3;
0.0295447, 3;
0.0295472, 3;
0.0295472, 3;
0.0290685, 3;
0.0295248, 3;
0.0290448, 3;
0.0295517, 3;
0.0290461, 3;
0.0295421, 3;
0.0295568, 3;
0.0295332, 3;
0.0295549, 3;
0.0290423, 3;
0.0295479, 3;
0.029601, 3;
0.0295037, 3;
0.0290403, 3;
0.0295389, 3;
0.0295466, 3;
0.0295466, 3;
0.0295479, 3;
0.0290467, 3;
0.0290455, 3;
0.0290493, 3;
0.0295504, 3;
0.0295556, 3;
0.0295312, 3;
0.0295396, 3;
0.0295536, 3;
0.0295472, 3;
0.0290474, 3;
0.0290685, 3;
0.0290346, 3;
0.0295396, 3;
0.0290359, 3;
0.0290512, 3;
0.0295472, 3;
0.029553, 3;
0.0295376, 3;
0.0290615, 3;
0.0295447, 3;
0.0296055, 3;
0.0289783, 3;
0.0295447, 3;
0.0295479, 3;
0.0295511, 3;
0.0295908, 3;
0.0294986, 3;
0.0290461, 3;
0.0295549, 3;
0.0295485, 3;
0.0295344, 3;
0.0295498, 3;
0.0295594, 3;
0.0295351, 3;
0.0295466, 3;
0.0290506, 4;
0.0312062, 4;
0.0294122, 4;
0.0295204, 4;
0.0290448, 4;
0.0295453, 4;
0.0290474, 4;
0.0290461, 4;
0.0290448, 4;
0.0290461, 4;
0.0291415, 4;
0.0299645, 4;
0.0290397, 4;
0.0290423, 4;
0.0290448, 4;
0.0290487, 4;
0.0290467, 4;
0.0290429, 4;
0.0290461, 4;
0.0290467, 4;
0.0295972, 4;
0.0300029, 4;
0.0290442, 4;
0.0290461, 4;
0.0290455, 4;
0.0290429, 4;
0.0290455, 4;
0.0292292, 4;
0.0290378, 4;
0.0299089, 4;
0.0295101, 4;
0.0290813, 4;
0.0290141, 4;
0.0290416, 4;
0.0290461, 4;
0.0290474, 4;
0.0290525, 4;
0.0290666, 4;
0.029537, 4;
0.0295306, 4;
0.0290499, 4;
0.029048, 4;
0.029041, 4;
0.0290429, 4;
0.0290525, 4;
0.0290506, 4;
0.029537, 4;
0.0290467, 4;
0.0290467, 4;
0.0290455, 4;
0.0290455, 4;
0.0290704, 4;
0.0295466, 4;
0.0290263, 4;
0.0293725, 4;
0.0292176, 4;
0.0290563, 4;
0.0290339, 4;
0.0290455, 4;
0.0290512, 4;
0.029041, 4;
0.0290455, 4;
0.0290608, 4;
0.0290429, 4;
0.0296855, 4;
0.0293962, 4;
0.0290467, 4;
0.0290487, 4;
0.0290435, 4;
0.0290487, 4;
0.029544, 4;
0.0295549, 4;
0.029057, 4;
0.0290275, 4;
0.0290467, 4;
0.0290455, 4;
0.0290474, 4;
0.0290429, 4;
0.0290474, 4;
0.0290531, 4;
0.0290455, 4;
0.0295402, 4;
0.0290557, 4;
0.0290352, 4;
0.0290461, 4;
0.0290435, 4;
0.0290493, 4;
0.0290512, 4;
0.0295613, 4;
0.0290941, 4;
0.0289872, 4;
0.029537, 4;
0.0290499, 4;
0.0290493, 4;
0.0290384, 4;
0.0290467, 4;
0.0290455, 4;
0.0292388, 4;
0.0293546, 4;
0.0290442, 4;
0.0290487, 4;
0.0290461, 4;
0.0290416, 4;
0.0285475, 4;
0.0290493, 4;
0.0291293, 4;
0.0299959, 4;
0.0295133, 4;
0.0290493, 4;
0.0290391, 4;
0.0290551, 4;
0.0290435, 4;
0.0295428, 4;
0.0290493, 4;
0.0290448, 4;
0.0290634, 4;
0.0290397, 4;
0.0295402, 4;
0.029041, 4;
0.0290461, 4;
0.0290666, 4;
0.0290282, 4;
0.0290435, 4;
0.0290595, 4;
0.0295325, 4;
0.0290467, 4;
0.0290448, 4;
0.0290512, 4;
0.0290435, 4;
0.0290448, 4;
0.0290512, 4;
0.0290435, 4;
0.0290589, 4;
0.0295376, 4;
0.0290461, 4;
0.0290371, 4;
0.0290499, 4;
0.0290403, 4;
0.0290455, 4;
0.0290467, 4;
0.0290583, 4;
0.0295396, 4;
0.0295492, 4;
0.0295536, 4;
0.0290365, 4;
0.0290467, 4;
0.0290455, 4;
0.0290391, 4;
0.0295556, 4;
0.0290794, 4;
0.0290058, 4;
0.0295511, 4;
0.0290435, 4;
0.0290487, 4;
0.0290442, 4;
0.0290512, 4;
0.0290416, 4;
0.0290576, 4;
0.0295312, 4;
0.0301111, 4;
0.029489, 4;
0.0290461, 4;
0.029544, 4;
0.0290499, 4;
0.0290384, 4;
0.029057, 4;
0.0295383, 4;
0.0290467, 4;
0.0290448, 4;
0.0295524, 4;
0.0290397, 4;
0.0290403, 4;
0.0290512, 4;
0.0290781, 4;
0.0290192, 4;
0.0290435, 4;
0.0290467, 4;
0.0290455, 4;
0.0295421, 4;
0.0290538, 4;
0.0290429, 4;
0.0290448, 4;
0.0290474, 4;
0.0290743, 4;
0.0295197, 4;
0.0291075, 4;
0.0294909, 2;
0.0295383, 2;
0.0290461, 2;
0.0290448, 2;
0.0290557, 2;
0.0290391, 2;
0.0295485, 2;
0.0291107, 2;
0.0289815, 2;
0.029048, 2;
0.0295472, 2;
0.0290391, 2;
0.0290455, 2;
0.0290455, 2;
0.0295767, 2;
0.0295184, 2;
0.0295485, 2;
0.0290455, 2;
0.0290429, 2;
0.0295517, 2;
0.0290378, 2;
0.0290493, 2;
0.0290595, 2;
0.0295344, 2;
0.0290442, 2;
0.0295536, 2;
0.0290391, 2;
0.0290519, 2;
0.0295511, 2;
0.0290346, 2;
0.0290493, 2;
0.0290455, 2;
0.0290448, 2;
0.0290474, 2;
0.0290544, 2;
0.0290461, 2;
0.0290461, 2;
0.0295338, 2;
0.029048, 2;
0.0290474, 2;
0.0295568, 2;
0.0290333, 2;
0.029048, 2;
0.0290467, 2;
0.0290461, 2;
0.0290595, 2;
0.0295344, 2;
0.0290429, 2;
0.0290621, 2;
0.0290365, 3;
0.0295671, 3;
0.0290192, 3;
0.0296317, 3;
0.0294704, 3;
0.0295357, 3;
0.0295664, 3;
0.0295344, 3;
0.0295517, 3;
0.0295376, 3;
0.0295492, 3;
0.0290467, 3;
0.0295933, 3;
0.0295146, 3;
0.029537, 3;
0.0295447, 3;
0.0295594, 3;
0.0295319, 3;
0.0295453, 3;
0.0295511, 3;
0.029546, 3;
0.029544, 3;
0.0295767, 3;
0.0295197, 3;
0.0295504, 3;
0.0295562, 3;
0.0295338, 3;
0.0295639, 3;
0.0295287, 3;
0.0295511, 3;
0.0295415, 3;
0.0295492, 3;
0.0295498, 3;
0.0295472, 3;
0.0290429, 3;
0.029546, 3;
0.0295466, 3;
0.0295485, 3;
0.0290519, 3;
0.0295453, 3;
0.0295594, 3;
0.0294826, 3;
0.0300567, 3;
0.0295402, 3;
0.029544, 3;
0.0295472, 3;
0.0295447, 3;
0.029048, 3;
0.0295472, 3;
0.0295479, 3;
0.029546, 3;
0.0295511, 3;
0.0295453, 3;
0.029544, 3;
0.029546, 3;
0.0295492, 3;
0.0290474, 3;
0.0295504, 3;
0.0290391, 3;
0.0295844, 3;
0.0295101, 3;
0.0295479, 3;
0.0295472, 3;
0.0295421, 3;
0.0295568, 3;
0.0295536, 3;
0.0295428, 3;
0.029544, 3;
0.0295466, 3;
0.029544, 3;
0.0295466, 3;
0.0295517, 3;
0.0295434, 3;
0.0290467, 3;
0.0295492, 3;
0.029546, 3;
0.0290615, 3;
0.0295261, 3;
0.0295613, 3;
0.0295684, 3;
0.0295146, 3;
0.0295453, 3;
0.029057, 3;
0.0295453, 3;
0.0290384, 3;
0.0290448, 3;
0.0295536, 3;
0.0295415, 3;
0.0295447, 3;
0.0295453, 3;
0.0300605, 3;
0.0290467, 3;
0.0295421, 3;
0.0290595, 3;
0.0295261, 3;
0.0308394, 4;
0.0288663, 4;
0.0289776, 4;
0.0290019, 4;
0.0290461, 4;
0.0295511, 4;
0.0290544, 4;
0.0285347, 4;
0.0290455, 4;
0.0290493, 4;
0.0295735, 4;
0.0290167, 4;
0.0290512, 4;
0.0290416, 4;
0.0296746, 4;
0.0294231, 4;
0.0290487, 4;
0.0290371, 4;
0.0290461, 4;
0.0290448, 4;
0.0290467, 4;
0.029048, 4;
0.0290602, 4;
0.029553, 4;
0.0295364, 4;
0.0295428, 4;
0.0290397, 4;
0.0290467, 4;
0.0290467, 4;
0.0290461, 4;
0.0290487, 4;
0.029048, 4;
0.0295485, 4;
0.0295389, 4;
0.0290461, 4;
0.0290467, 4;
0.0290448, 4;
0.029048, 4;
0.0290583, 4;
0.029546, 4;
0.0295562, 4;
0.029528, 4;
0.0290429, 4;
0.0290512, 4;
0.0290416, 4;
0.0290435, 4;
0.0290467, 4;
0.029041, 4;
0.0290602, 4;
0.0290493, 4;
0.0295504, 4;
0.029032, 4;
0.0290467, 4;
0.029041, 4;
0.0290442, 4;
0.0290525, 4;
0.0290442, 4;
0.0295472, 4;
0.0292925, 4;
0.0287997, 4;
0.029048, 4;
0.0290429, 4;
0.0290525, 4;
0.0290467, 4;
0.0290442, 4;
0.0290461, 4;
0.0302711, 4;
0.0298276, 4;
0.02956, 4;
0.0290307, 4;
0.0290397, 4;
0.0290487, 4;
0.0290448, 4;
0.0290461, 4;
0.0290487, 4;
0.0290717, 4;
0.0301527, 4;
0.0294148, 4;
0.0290557, 4;
0.0290416, 4;
0.029041, 4;
0.0290442, 4;
0.0290467, 4;
0.0290512, 4;
0.0295453, 4;
0.0290378, 4;
0.0295524, 4;
0.0290448, 4;
0.0290487, 4;
0.0290467, 4;
0.0290448, 4;
0.0290538, 4;
0.0313163, 4;
0.0292823, 4;
0.0290455, 4;
0.0295383, 4;
0.0290474, 4;
0.0290442, 4;
0.0290512, 4;
0.0290435, 4;
0.0290531, 4;
0.029048, 4;
0.0295479, 4;
0.0295357, 4;
0.0295472, 4;
0.029048, 4;
0.0290487, 4;
0.0290455, 4;
0.0290531, 4;
0.0290352, 4;
0.0290544, 4;
0.0295447, 4;
0.0290448, 4;
0.0295428, 4;
0.0290487, 4;
0.0290435, 4;
0.0290474, 4;
0.0290474, 4;
0.0292477, 4;
0.0293437, 4;
0.029546, 4;
0.0290467, 4;
0.029544, 4;
0.0290474, 4;
0.0290461, 4;
0.0290531, 4;
0.0290871, 4;
0.0295216, 4;
0.0290346, 4;
0.029546, 4;
0.0295415, 4;
0.0295428, 4;
0.0290493, 4;
0.0290442, 4;
0.0290455, 4;
0.0295684, 4;
0.0295255, 4;
0.0290608, 4;
0.0295312, 4;
0.0290448, 4;
0.0295504, 4;
0.0290429, 4;
0.0290525, 4;
0.029546, 4;
0.0290531, 4;
0.0295402, 4;
0.0290512, 4;
0.0295357, 4;
0.0290474, 4;
0.029546, 4;
0.0290455, 4;
0.0290506, 4;
0.0290525, 4;
0.0295664, 4;
0.0290205, 4;
0.0295908, 4;
0.0295005, 4;
0.0290461, 4;
0.0290448, 4;
0.0290499, 4;
0.0290563, 4;
0.0290301, 4;
0.0290506, 4;
0.0290461, 4;
0.0290455, 4;
0.0290461, 4;
0.0290455, 4;
0.0290467, 4;
0.0290557, 4;
0.0295408, 4;
0.0295447, 4;
0.0290525, 4;
0.0295536, 4;
0.0295344, 4;
0.0290467, 4;
0.0290455, 4;
0.0290442, 4;
0.0295754, 4;
0.0295223, 4;
0.0290563, 4;
0.0290448, 4;
0.029041, 4;
0.0290384, 4;
0.0290506, 4;
0.0290544, 4;
0.0290416, 4;
0.029544, 4;
0.0295511, 2;
0.0290384, 2;
0.0290442, 2;
0.0295485, 2;
0.029048, 2;
0.0290416, 2;
0.0290506, 2;
0.0295485, 2;
0.0295472, 2;
0.029553, 2;
0.0290397, 2;
0.0290531, 2;
0.0290327, 2;
0.0290474, 2;
0.0290461, 2;
0.0290512, 2;
0.0290557, 2;
0.0295344, 2;
0.0290461, 2;
0.0295517, 2;
0.0295453, 2;
0.0290455, 2;
0.0295421, 2;
0.0290487, 2;
0.0295485, 2;
0.029064, 2;
0.0295223, 2;
0.0290557, 2;
0.0290391, 2;
0.0290487, 2;
0.0290442, 2;
0.0290461, 2;
0.0290474, 2;
0.0290538, 2;
0.0295421, 2;
0.0295741, 2;
0.0298103, 2;
0.0295389, 2;
0.0290595, 2;
0.0290365, 2;
0.0290416, 2;
0.029546, 2;
0.0290557, 2;
0.0290359, 2;
0.0290557, 2;
0.029041, 2;
0.0290627, 2;
0.0290275, 2;
0.0290455, 2;
0.0290461, 2;
0.0290493, 2;
0.0295479, 2;
0.0290423, 2;
0.0290493, 2;
0.029546, 2;
0.0290448, 2;
0.0290525, 2;
0.0290429, 2;
0.0296983, 2;
0.0293968, 2;
0.0290615, 2;
0.0290263, 2;
0.0292701, 2;
0.0288202, 2;
0.0290461, 2;
0.0290474, 2;
0.0290455, 2;
0.0290455, 2;
0.0290551, 2;
0.0295402, 2;
0.0290493, 2;
0.0295876, 2;
0.0295152, 2;
0.0295338, 2;
0.0290423, 2;
0.0295466, 2;
0.0290595, 2;
0.029041, 2;
0.0295434, 2;
0.029048, 2;
0.0290416, 2;
0.0290787, 2;
0.0290147, 2;
0.0290474, 2;
0.0290493, 2;
0.0290487, 2;
0.0295389, 2;
0.029546, 2;
0.0295575, 2;
0.0295408, 2;
0.0295735, 3;
0.0295255, 3;
0.0290371, 3;
0.0295524, 3;
0.0290442, 3;
0.0295524, 3;
0.0295383, 3;
0.0295607, 3;
0.0300535, 3;
0.0295268, 3;
0.0295453, 3;
0.0295581, 3;
0.0300535, 3;
0.0290275, 3;
0.0295479, 3;
0.0295428, 3;
0.0295549, 3;
0.0295421, 3;
0.0295485, 3;
0.0290455, 3;
0.0295479, 3;
0.0295517, 3;
0.0295402, 3;
0.0295485, 3;
0.0295511, 3;
0.0295613, 3;
0.02953, 3;
0.0295453, 3;
0.0295908, 3;
0.0295095, 3;
0.0295389, 3;
0.0295479, 3;
0.029562, 3;
0.0295549, 3;
0.0295312, 3;
0.0295447, 3;
0.0290397, 3;
0.0295492, 3;
0.0295447, 3;
0.0290563, 3;
0.0295376, 3;
0.0295479, 3;
0.0295447, 3;
0.0295472, 3;
0.029546, 3;
0.029553, 3;
0.0295421, 3;
0.0295466, 3;
0.0295575, 3;
0.0295434, 3;
0.0295421, 3;
0.0295479, 3;
0.0295549, 3;
0.0290359, 3;
0.0296624, 3;
0.0294301, 3;
0.0295479, 3;
0.0290448, 3;
0.0295626, 3;
0.0295447, 3;
0.0295364, 3;
0.0295524, 3;
0.029544, 3;
0.0295453, 3;
0.029544, 3;
0.0295485, 3;
0.0295408, 3;
0.0295575, 3;
0.0295428, 3;
0.029546, 3;
0.0290557, 3;
0.0295428, 3;
0.0295402, 3;
0.0295472, 3;
0.0295479, 3;
0.0295556, 3;
0.0295376, 3;
0.0295453, 3;
0.0295479, 3;
0.0290467, 3;
0.0295498, 3;
0.029153, 4;
0.0290544, 4;
0.0289277, 4;
0.0295453, 4;
0.0290506, 4;
0.029665, 4;
0.0294288, 4;
0.0290525, 4;
0.0295338, 4;
0.0295511, 4;
0.0295415, 4;
0.0290493, 4;
0.0290442, 4;
0.0290467, 4;
0.0295472, 4;
0.0290589, 4;
0.0295543, 4;
0.0295255, 4;
0.0290531, 4;
0.0290391, 4;
0.0290525, 4;
0.0290506, 4;
0.0295376, 4;
0.0290448, 4;
0.029105, 4;
0.02953, 4;
0.0295012, 4;
0.0295479, 4;
0.0290474, 4;
0.0290467, 4;
0.0290551, 4;
0.028543, 4;
0.0295466, 4;
0.0295447, 4;
0.0295396, 4;
0.0290467, 4;
0.0290487, 4;
0.0290487, 4;
0.0290429, 4;
0.0290903, 4;
0.0294973, 4;
0.0295728, 4;
0.029601, 4;
0.0294717, 4;
0.0295472, 4;
0.0290461, 4;
0.0290461, 4;
0.0290935, 4;
0.029496, 4;
0.0290589, 4;
0.0290506, 4;
0.0290275, 4;
0.029057, 4;
0.0290461, 4;
0.0295338, 4;
0.029048, 4;
0.0290474, 4;
0.0290493, 4;
0.0291024, 4;
0.0294999, 4;
0.0300337, 4;
0.0295466, 4;
0.0290461, 4;
0.0290461, 4;
0.0290474, 4;
0.0285469, 4;
0.0290461, 4;
0.0290435, 4;
0.0290493, 4;
0.0290435, 4;
0.0295524, 4;
0.0290378, 4;
0.0295492, 4;
0.0290615, 4;
0.0295376, 4;
0.029546, 4;
0.0295613, 4;
0.0295274, 4;
0.029544, 4;
0.0290512, 4;
0.029048, 4;
0.0295421, 4;
0.0295466, 4;
0.0290551, 4;
0.0290595, 4;
0.0295261, 4;
0.0290621, 4;
0.0295268, 4;
0.0290525, 4;
0.0290442, 4;
0.0290442, 4;
0.0290499, 4;
0.0290544, 4;
0.0295472, 4;
0.0290352, 4;
0.0295428, 4;
0.0290583, 4;
0.0290397, 4;
0.0295453, 4;
0.0285456, 4;
0.0290563, 4;
0.0295389, 4;
0.0295549, 4;
0.0295383, 4;
0.0290461, 4;
0.0290493, 4;
0.0290423, 4;
0.0290442, 4;
0.0290589, 4;
0.0295485, 4;
0.029553, 4;
0.02953, 4;
0.0295479, 4;
0.0290448, 4;
0.029048, 4;
0.0295492, 4;
0.0285398, 4;
0.0290467, 4;
0.0290467, 4;
0.0290538, 4;
0.0295389, 4;
0.0290455, 4;
0.0290448, 4;
0.029048, 4;
0.0295479, 4;
0.0290576, 4;
0.0290307, 4;
0.0290512, 4;
0.0290435, 4;
0.0295453, 4;
0.0290455, 4;
0.0290467, 4;
0.0295472, 4;
0.0290435, 4;
0.0290538, 4;
0.0296388, 4;
0.0289616, 4;
0.0295332, 4;
0.0290455, 4;
0.0290512, 4;
0.0290416, 4;
0.0295492, 4;
0.029546, 4;
0.0290448, 4;
0.0290474, 4;
0.0290455, 4;
0.0295524, 4;
0.0295408, 4;
0.0290461, 4;
0.0295498, 4;
0.0295453, 4;
0.0291703, 4;
0.029432, 4;
0.0295696, 4;
0.0295133, 4;
0.0290493, 4;
0.0290461, 4;
0.0290423, 4;
0.0290499, 4;
0.0290512, 4;
0.0290455, 4;
0.0290551, 4;
0.0295364, 4;
0.0290544, 4;
0.02953, 4;
0.0290499, 4;
0.029546, 4;
0.0295472, 4;
0.0290467, 4;
0.0290512, 4;
0.0290429, 4;
0.0290442, 4;
0.0290493, 4;
0.0290538, 4;
0.0295364, 4;
0.0290487, 4;
0.0290461, 4;
0.0295543, 4;
0.0295447, 4;
0.0296804, 4;
0.0299095, 4;
0.0290448, 4;
0.0290467, 4;
0.0295447, 4;
0.0285482, 4;
0.0290423, 4;
0.0291466, 2;
0.0289834, 2;
0.0300241, 2;
0.0295376, 2;
0.029048, 2;
0.0295421, 2;
0.0290455, 2;
0.0290487, 2;
0.0295421, 2;
0.0290467, 2;
0.029553, 2;
0.0295421, 2;
0.0290455, 2;
0.0290455, 2;
0.0295607, 2;
0.0290327, 2;
0.0290499, 2;
0.0290595, 2;
0.029569, 2;
0.0295338, 2;
0.0294986, 2;
0.0290448, 2;
0.0290493, 2;
0.0290467, 2;
0.0290442, 2;
0.0290423, 2;
0.0290512, 2;
0.0300721, 2;
0.029569, 2;
0.0294973, 2;
0.0290493, 2;
0.0295434, 2;
0.0290551, 2;
0.0295319, 2;
0.0290512, 2;
0.0295453, 2;
0.0295754, 3;
0.0295997, 3;
0.029466, 3;
0.0295472, 3;
0.0295466, 3;
0.0295556, 3;
0.029546, 3;
0.0295383, 3;
0.0290666, 3;
0.0290301, 3;
0.0295511, 3;
0.029537, 3;
0.0295504, 3;
0.0290429, 3;
0.0295466, 3;
0.0295767, 3;
0.0295172, 3;
0.0290531, 3;
0.0295479, 3;
0.0295485, 3;
0.0295383, 3;
0.0295434, 3;
0.0295485, 3;
0.0295479, 3;
0.0295524, 3;
0.0295562, 3;
0.0290295, 3;
0.0295472, 3;
0.0295504, 3;
0.0295466, 3;
0.0290442, 3;
0.0295466, 3;
0.0295479, 3;
0.0295498, 3;
0.029544, 3;
0.0285456, 3;
0.029592, 3;
0.0289994, 3;
0.0295466, 3;
0.0295472, 3;
0.0295492, 3;
0.0295511, 3;
0.0295485, 3;
0.0290384, 3;
0.0295594, 3;
0.0300394, 3;
0.0295511, 3;
0.0290391, 3;
0.0295492, 3;
0.0295421, 3;
0.029553, 3;
0.0295428, 3;
0.0295536, 3;
0.0295428, 3;
0.0295472, 3;
0.0295466, 3;
0.0295479, 3;
0.0295479, 3;
0.0295466, 3;
0.0295549, 3;
0.0290474, 3;
0.0295325, 3;
0.0295568, 3;
0.029537, 3;
0.0290493, 3;
0.0295428, 3;
0.0290474, 3;
0.029546, 3;
0.0295466, 3;
0.0295658, 3;
0.0295344, 3;
0.029546, 3;
0.0295408, 3;
0.0295472, 3;
0.0295466, 3;
0.0290461, 3;
0.0295588, 3;
0.0290333, 3;
0.0295479, 3;
0.0290391, 3;
0.0285546, 3;
0.029544, 3;
0.0295466, 3;
0.0295472, 3;
0.0295799, 4;
0.0299556, 4;
0.0296144, 4;
0.0295376, 4;
0.0295511, 4;
0.0290403, 4;
0.0290448, 4;
0.0290461, 4;
0.029048, 4;
0.0293168, 4;
0.0292759, 4;
0.0290461, 4;
0.029057, 4;
0.0295536, 4;
0.0290301, 4;
0.0295684, 4;
0.029528, 4;
0.0295498, 4;
0.0290403, 4;
0.0295997, 4;
0.0294986, 4;
0.0295428, 4;
0.0295453, 4;
0.0290467, 4;
0.0290455, 4;
0.0295472, 4;
0.0295453, 4;
0.0295562, 4;
0.0295415, 4;
0.0295498, 4;
0.0295466, 4;
0.0290442, 4;
0.0295466, 4;
0.0290429, 4;
0.0295485, 4;
0.0295562, 4;
0.0295434, 4;
0.0290403, 4;
0.0295524, 4;
0.0290455, 4;
0.0295421, 4;
0.0290493, 4;
0.0295485, 4;
0.0295376, 4;
0.0290487, 4;
0.0295485, 4;
0.0290461, 4;
0.0290448, 4;
0.0290455, 4;
0.0290461, 4;
0.0290429, 4;
0.0295696, 4;
0.0291018, 4;
0.0294756, 4;
0.0290448, 4;
0.0295498, 4;
0.0290602, 4;
0.0295357, 4;
0.0290474, 4;
0.0290391, 4;
0.0295492, 4;
0.0290467, 4;
0.0290442, 4;
0.0290595, 4;
0.0295466, 4;
0.0295351, 4;
0.0290448, 4;
0.0290455, 4;
0.0295895, 4;
0.0295063, 4;
0.0295447, 4;
0.0290455, 4;
0.029544, 4;
0.0290474, 4;
0.0290429, 4;
0.0290493, 4;
0.0290455, 4;
0.0290461, 4;
0.0290487, 4;
0.0290448, 4;
0.0295799, 4;
0.029016, 4;
0.0295511, 4;
0.0295396, 4;
0.0290474, 4;
0.0295511, 4;
0.0295485, 4;
0.0295396, 4;
0.0290487, 4;
0.0295549, 4;
0.0290416, 4;
0.0295421, 4;
0.029048, 4;
0.0290416, 4;
0.0290461, 4;
0.0295485, 4;
0.0295511, 4;
0.0300471, 4;
0.0295517, 4;
0.029546, 4;
0.0290557, 4;
0.0295421, 4;
0.029546, 4;
0.0290467, 4;
0.0295485, 4;
0.0295402, 4;
0.0295549, 4;
0.0290442, 4;
0.0295421, 4;
0.0295472, 4;
0.0295447, 4;
0.0290474, 4;
0.029048, 4;
0.0290455, 4;
0.029057, 4;
0.0295415, 4;
0.0295498, 4;
0.0295376, 4;
0.0295453, 4;
0.0290551, 4;
0.0290371, 4;
0.0295472, 4;
0.0295498, 4;
0.0295536, 4;
0.0290352, 4;
0.0295511, 4;
0.0290435, 4;
0.0295504, 4;
0.0295447, 4;
0.0295524, 4;
0.0295434, 4;
0.029546, 4;
0.0290493, 4;
0.0295447, 4;
0.029544, 4;
0.0295472, 4;
0.0295511, 4;
0.0297079, 4;
0.0288823, 4;
0.0290448, 4;
0.0295556, 4;
0.0290423, 4;
0.029048, 4;
0.0295396, 4;
0.0290499, 4;
0.0295472, 4;
0.0290461, 4;
0.0295466, 4;
0.0290506, 4;
0.0295415, 4;
0.0295466, 4;
0.0295498, 4;
0.0290429, 4;
0.0295869, 4;
0.0290103, 4;
0.0295421, 4;
0.0295479, 4;
0.0295588, 4;
0.0295357, 4;
0.0295466, 4;
0.0295472, 4;
0.0295447, 4;
0.0290512, 4;
0.029553, 4;
0.0295428, 4;
0.0290448, 2;
0.0296055, 2;
0.0289943, 2;
0.0295357, 2;
0.0295447, 2;
0.0295511, 2;
0.0290455, 2;
0.0295447, 2;
0.0295498, 2;
0.0295472, 2;
0.0290435, 2;
0.0290487, 2;
0.0290397, 2;
0.0290499, 2;
0.0295472, 2;
0.0300119, 2;
0.0290832, 2;
0.029544, 2;
0.0295524, 2;
0.0295408, 2;
0.0290672, 2;
0.029528, 2;
0.0295536, 2;
0.0295389, 2;
0.0290461, 2;
0.0290499, 2;
0.029544, 2;
0.0290531, 2;
0.0295536, 2;
0.02953, 2;
0.0295543, 2;
0.0295504, 2;
0.029553, 2;
0.0290845, 2;
0.0294954, 2;
0.0295466, 2;
0.0295504, 2;
0.0295498, 2;
0.0295389, 2;
0.0295498, 2;
0.0290448, 2;
0.0290455, 2;
0.0295472, 2;
0.0295472, 2;
0.0296253, 2;
0.0289687, 2;
0.0295453, 2;
0.0295485, 2;
0.0295453, 2;
0.02964, 2;
0.0294564, 2;
0.0295402, 2;
0.0290563, 2;
0.0290487, 2;
0.0295466, 2;
0.0295389, 2;
0.0290499, 2;
0.0290416, 2;
0.0295485, 2;
0.029544, 2;
0.0295504, 2;
0.0290455, 2;
0.0295447, 2;
0.0295453, 2;
0.0295466, 2;
0.0295562, 2;
0.0295594, 2;
0.029544, 4;
0.0345573, 9;
0.0256373, 9;
0.0259305, 9;
0.0255362, 9;
0.0255413, 9;
0.0255452, 9;
0.0255349, 9;
0.0255618, 9;
0.0255151, 9;
0.0255388, 9;
0.0255407, 9;
0.0255433, 9;
0.0255593, 9;
0.0255337, 9;
0.0255388, 9;
0.0255381, 9;
0.0255349, 9;
0.0255401, 9;
0.0255458, 9;
0.0255311, 9;
0.0255567, 9;
0.0255279, 9;
0.0255484, 9;
0.0255375, 9;
0.0255349, 9;
0.0255407, 9;
0.0255407, 9;
0.025549, 9;
0.0255356, 9;
0.0256258, 9;
0.029016, 9;
0.0348908, 9;
0.0289168, 9;
0.028664, 9;
0.0256597, 9;
0.0261161, 9;
0.0255337, 9;
0.025965, 9;
0.0255433, 9;
0.0255407, 9;
0.0255381, 9;
0.0255497, 9;
0.0255561, 9;
0.0255196, 9;
0.025542, 9;
0.0255401, 9;
0.0255426, 9;
0.0255529, 9;
0.0255305, 9;
0.025549, 9;
0.0255279, 9;
0.0255381, 9;
0.0255407, 9;
0.0255439, 9;
0.0255375, 9;
0.0255401, 9;
0.0255503, 9;
0.0255285, 9;
0.0255407, 9;
0.025549, 9;
0.025533, 9;
0.0255407, 9;
0.0255465, 9;
0.0255349, 9;
0.0255497, 9;
0.0260374, 9;
0.0256892, 9;
0.0259023, 9;
0.0265283, 9;
0.025542, 9;
0.025542, 9;
0.0255356, 9;
0.0255439, 9;
0.0255663, 9;
0.0282333, 9;
0.0268265, 9;
0.0291395, 9;
0.0272572, 9;
0.025727, 9;
0.0255618, 9;
0.0255234, 9;
0.0255305, 9;
0.0255503, 9;
0.0255362, 9;
0.0255343, 9;
0.0255426, 9;
0.0255426, 9;
0.0255375, 9;
0.0255439, 9;
0.0255362, 9;
0.025542, 9;
0.0255381, 9;
0.0255413, 9;
0.025558, 9;
0.0257846, 9;
0.0257788, 9;
0.0255401, 9;
0.0255401, 9;
0.0255445, 9;
0.0259836, 9;
0.0255989, 9;
0.0255381, 9;
0.0255388, 9;
0.0256098, 9;
0.0254786, 9;
0.0255324, 9;
0.0255362, 9;
0.0255452, 9;
0.0255381, 9;
0.0255586, 9;
0.0255311, 9;
0.0255471, 9;
0.0255285, 9;
0.0255426, 9;
0.0255452, 9;
0.0255458, 9;
0.0255401, 9;
0.0255292, 9;
0.0255407, 9;
0.0255433, 9;
0.0255343, 9;
0.0255433, 9;
0.0259164, 9;
0.0271862, 9;
0.0273456, 9;
0.0331672, 9;
0.0266883, 9;
0.0254562, 9;
0.0255509, 9;
0.0255317, 9;
0.0255381, 9;
0.0255369, 9;
0.0255535, 9;
0.025679, 9;
0.0254217, 9;
0.0255189, 9;
0.0255317, 9;
0.0255433, 9;
0.0255394, 9;
0.0255445, 9;
0.0255426, 9;
0.0255343, 9;
0.0255497, 9;
0.0260566, 9;
0.0255273, 9;
0.0255317, 9;
0.0255394, 9;
0.0255458, 9;
0.0255426, 9;
0.0255337, 9;
0.0255401, 9;
0.0255433, 9;
0.0255388, 9;
0.0255509, 9;
0.0255669, 9;
0.0260207, 9;
0.0266422, 9;
0.0264329, 9;
0.025533, 9;
0.0255394, 9;
0.0255426, 9;
0.0255509, 9;
0.0255548, 9;
0.0255189, 9;
0.0255381, 9;
0.0255394, 9;
0.0255407, 9;
0.0255394, 9;
0.025542, 9;
0.0255458, 9;
0.0255324, 9;
0.0255484, 9;
0.0255471, 9;
0.0255337, 9;
0.025549, 9;
0.0255292, 9;
0.0255484, 9;
0.0255279, 9;
0.0255407, 9;
0.0255401, 9;
0.0255394, 9;
0.0255676, 9;
0.0255209, 9;
0.0255426, 9;
0.0255324, 9;
0.0255401, 9;
0.0255529, 9;
0.0255292, 9;
0.0255401, 9;
0.0255401, 9;
0.025542, 9;
0.0255458, 9;
0.0257263, 9;
0.0253513, 9;
0.0255484, 9;
0.0255311, 9;
0.0255567, 9;
0.0255292, 9;
0.0255285, 9;
0.0255413, 9;
0.025549, 9;
0.0255362, 9;
0.025542, 9;
0.0255778, 9;
0.0255145, 9;
0.0255324, 9;
0.0255509, 9;
0.0255273, 9;
0.0255394, 9;
0.0255477, 9;
0.0255593, 9;
0.0260367, 9;
0.0255228, 9;
0.0255381, 9;
0.0255362, 9;
0.0255471, 9;
0.0255369, 9;
0.0255407, 9;
0.0255445, 9;
0.0255426, 9;
0.0255497, 9;
0.0255311, 9;
0.0255375, 9;
0.0255484, 9;
0.0255375, 9;
0.0255356, 9;
0.0255401, 9;
0.0255452, 9;
0.0255388, 9;
0.0255369, 9;
0.0255426, 9;
0.0255375, 9;
0.0255465, 9;
0.025533, 9;
0.0255535, 9;
0.0255337, 9;
0.0255484, 9;
0.0255292, 9;
0.0255413, 9;
0.0255401, 9;
0.0255426, 9;
0.0256514, 9;
0.0254293, 9;
0.025542, 9;
0.0255381, 9;
0.0255394, 9;
0.0255445, 9;
0.0255471, 9;
0.0255305, 9;
0.0255401, 9;
0.0255465, 9;
0.0255401, 9;
0.0255401, 9;
0.0255375, 9;
0.0255497, 9;
0.0255324, 9;
0.0255484, 9;
0.0255285, 9;
0.0255433, 9;
0.0255573, 9;
0.0255356, 9;
0.0255241, 9;
0.025542, 9;
0.0255471, 9;
0.0255362, 9;
0.0255548, 9;
0.0255241, 9;
0.025542, 9;
0.0255484, 9;
0.0255535, 9;
0.0255215, 9;
0.0255375, 9;
0.0255413, 9;
0.0255394, 9;
0.0255426, 9;
0.0255439, 9;
0.0255349, 9;
0.0255458, 9;
0.0255484, 9;
0.0255317, 9;
0.0255381, 9;
0.0255426, 9;
0.025542, 9;
0.0255977, 9;
0.0254799, 9;
0.0255426, 9;
0.0255349, 9;
0.025542, 9;
0.0255445, 9;
0.0255394, 9;
0.0256553, 9;
0.0259222, 9;
0.0256354, 9;
0.0254466, 9;
0.0255484, 9;
0.0255317, 9;
0.0255554, 9;
0.0255253, 9;
0.0255407, 9;
0.0255426, 9;
0.0255452, 9;
0.0255375, 9;
0.0260386, 9;
0.0255503, 9;
0.0265353, 9;
0.0255375, 9;
0.025542, 9;
0.0255413, 9;
0.0255509, 9;
0.0255893, 9;
0.0254786, 9;
0.0255957, 9;
0.0255029, 9;
0.0289725, 9;
0.0531628, 9;
0.0255177, 9;
0.0267279, 9;
0.0253769, 9;
0.0255151, 9;
0.0255388, 9;
0.0255362, 9;
0.025549, 9;
0.0255362, 9;
0.0255394, 9;
0.0255356, 9;
0.0255567, 9;
0.0255337, 9;
0.0256796, 9;
