0.100669;
0.100942;
0.103387;
0.100665;
0.100731;
0.100592;
0.101178;
0.10065;
0.100668;
0.100657;
0.100672;
0.100666;
0.100661;
0.100655;
0.100669;
0.100667;
0.100662;
0.100676;
0.100647;
0.100661;
0.100663;
0.100674;
0.100654;
0.100669;
0.100661;
0.100662;
0.100666;
0.100671;
0.100654;
0.10066;
0.100665;
0.100667;
0.100694;
0.100647;
0.100648;
0.100666;
0.100664;
0.100694;
0.100636;
0.100655;
0.100688;
0.100642;
0.100672;
0.100657;
0.100659;
0.100664;
0.100677;
0.100649;
0.100663;
0.112173;
0.104675;
0.101179;
0.100649;
0.100666;
