0.113517;
0.115247;
0.13337;
0.123086;
0.113157;
0.109216;
0.125952;
0.109312;
0.123429;
0.141196;
0.230156;
0.213345;
0.144349;
0.132821;
0.113723;
0.14106;
0.276391;
0.138425;
0.165227;
0.235641;
0.207294;
0.196854;
0.205611;
0.120278;
0.109656;
0.125259;
0.114542;
0.122253;
0.110013;
0.106385;
0.109566;
0.110738;
0.167489;
0.145488;
0.23727;
0.314395;
0.127727;
0.106495;
0.109047;
0.108117;
0.129467;
0.107759;
0.110311;
0.107272;
0.113333;
0.102582;
0.105311;
0.109411;
0.107936;
0.108499;
0.107404;
0.107881;
0.108394;
0.110044;
0.108787;
0.109603;
0.110012;
0.108281;
0.107621;
0.109857;
0.107643;
0.112346;
0.105336;
0.108029;
0.110989;
0.107372;
0.10699;
0.106778;
0.107557;
0.110202;
0.107083;
0.107373;
0.107903;
0.109449;
0.11023;
0.109548;
0.154239;
0.108057;
0.106322;
0.110415;
0.106277;
0.108417;
0.109641;
0.107525;
0.108227;
0.109793;
0.133581;
0.111774;
0.134242;
0.162596;
0.292721;
0.207217;
0.108292;
0.12238;
0.112016;
0.104406;
0.107984;
0.106771;
0.111428;
0.104548;
0.116282;
0.116716;
0.107726;
0.110253;
0.109082;
0.108404;
0.109849;
0.107995;
0.107262;
0.109232;
0.107658;
0.10855;
0.106988;
0.108997;
0.107854;
0.106387;
0.10812;
0.108024;
0.108664;
0.108691;
0.108122;
0.109323;
0.106217;
0.108276;
0.109612;
0.108231;
0.122792;
0.110029;
0.108463;
0.107569;
0.107593;
0.108079;
0.107629;
0.109;
0.110437;
0.105517;
0.108672;
0.108051;
0.107818;
0.106245;
0.110244;
0.107679;
0.109446;
0.11114;
0.110436;
0.105084;
0.109449;
0.10873;
0.111422;
0.120816;
0.11613;
0.11913;
0.106893;
0.108395;
0.118114;
0.115469;
0.106278;
0.108192;
0.109726;
0.108746;
0.107088;
0.107799;
0.108387;
0.107998;
0.108088;
0.109799;
0.107402;
0.106972;
0.107388;
0.106787;
0.109512;
0.111847;
0.101617;
0.108803;
0.107837;
0.109753;
0.110271;
0.110083;
0.106813;
0.107567;
0.109339;
0.107637;
0.108612;
0.107012;
0.106927;
0.108203;
0.109489;
0.109563;
0.107337;
0.109548;
0.108913;
0.108132;
0.106939;
0.108471;
0.106923;
0.107839;
0.11168;
0.109838;
0.122039;
0.106105;
0.108151;
0.10732;
0.108756;
0.107328;
0.106379;
0.107881;
0.108143;
0.108061;
0.106529;
0.109034;
0.107535;
0.10936;
0.10787;
0.121431;
0.110638;
0.109025;
0.10647;
0.107343;
0.109122;
0.106977;
0.106898;
0.106939;
0.108813;
0.108994;
0.10976;
0.107385;
0.106243;
0.106697;
0.106882;
0.108988;
0.105094;
0.109305;
0.108305;
0.107855;
0.107622;
0.110776;
0.107723;
0.109916;
0.109502;
0.106458;
0.108077;
0.107776;
0.108701;
0.106755;
0.110683;
0.108978;
0.109548;
0.109676;
0.111114;
0.106366;
0.108779;
0.108633;
0.109957;
0.109659;
0.108589;
0.108682;
0.109181;
0.109271;
0.110637;
0.106971;
0.107732;
