0.102405;
0.101421;
0.100665;
0.100663;
0.100664;
0.100871;
0.100458;
0.100659;
0.100667;
0.10066;
0.100677;
0.100649;
0.100676;
0.100679;
0.100663;
0.100661;
0.10065;
0.100665;
0.100667;
0.100659;
0.100669;
0.100664;
0.100657;
0.100661;
0.100668;
0.101674;
0.100651;
0.100671;
0.100654;
0.100672;
0.100745;
0.100583;
0.100661;
0.100668;
0.100657;
0.100663;
0.100663;
0.10066;
0.100664;
0.100663;
0.100667;
0.100662;
0.100665;
0.100659;
0.100664;
0.102038;
0.103799;
0.100665;
0.100675;
0.100647;
0.104921;
0.108928;
0.10067;
0.100657;
0.100662;
0.101164;
0.100664;
0.100663;
0.100663;
0.100666;
0.100668;
0.100663;
0.100663;
0.100663;
0.100656;
0.100673;
0.101179;
0.100643;
0.100661;
0.100664;
0.100667;
0.100661;
0.100664;
0.100662;
0.100663;
0.100666;
0.10072;
0.100603;
0.100668;
0.100659;
0.100665;
0.100728;
0.103107;
0.100668;
0.100652;
0.100681;
0.100649;
0.100685;
0.10064;
0.100664;
0.101339;
0.100487;
0.100679;
0.100654;
0.100675;
0.100659;
0.100654;
0.101174;
0.100658;
0.100676;
0.100648;
0.100685;
0.100656;
0.101168;
0.100646;
0.100663;
0.100665;
0.100677;
0.100665;
0.100648;
0.100669;
0.100668;
0.101019;
0.100299;
0.100666;
0.100668;
0.100658;
0.100668;
0.100686;
0.100633;
0.100677;
0.10066;
0.101166;
0.100647;
0.100705;
0.100629;
0.100665;
0.100664;
0.100667;
0.100688;
0.100628;
0.100666;
0.100684;
0.100641;
0.100719;
0.100608;
0.100663;
0.100666;
0.100678;
0.100691;
0.100618;
0.10067;
0.100739;
0.1006;
0.101157;
0.100683;
0.100633;
0.100677;
0.100661;
0.100662;
0.100658;
0.100666;
0.100659;
0.100661;
0.100673;
0.100655;
0.100667;
0.100665;
0.100653;
0.10067;
0.100662;
0.100663;
0.100661;
0.100666;
0.100675;
0.100652;
0.100662;
0.100669;
0.100656;
0.100669;
0.100659;
0.100677;
0.100652;
0.101163;
0.100681;
0.100645;
0.100663;
0.100664;
0.100662;
0.100806;
0.101018;
0.100668;
0.100665;
0.100661;
0.106171;
0.109689;
0.100653;
0.10067;
0.10066;
0.100669;
0.100656;
0.10066;
0.100666;
0.100688;
0.101065;
0.101233;
0.100666;
0.100659;
0.100667;
0.10119;
0.100634;
0.100668;
0.101159;
0.100663;
0.100663;
0.100675;
0.100661;
0.100652;
0.100667;
0.100663;
0.100662;
0.100659;
0.10067;
0.100675;
0.100654;
0.100662;
0.100666;
0.100663;
0.100662;
0.100732;
0.100599;
0.100897;
0.100421;
0.10067;
0.100664;
0.100666;
0.100656;
0.100663;
0.100667;
0.101634;
0.100691;
0.100672;
0.100657;
0.101177;
0.100659;
0.100661;
0.100751;
0.100579;
0.100661;
0.100683;
0.100666;
0.100672;
0.101157;
0.100658;
0.100665;
0.100663;
0.10067;
0.100664;
0.100657;
0.100656;
0.100669;
0.101165;
0.100661;
0.100665;
0.100663;
0.100665;
0.100673;
0.100655;
0.100659;
0.100662;
0.100668;
0.10068;
0.100643;
0.100629;
0.100666;
0.100672;
0.100661;
0.100666;
0.100661;
0.100659;
0.100663;
0.100665;
0.100659;
0.100675;
0.100649;
0.100677;
0.100667;
0.100657;
0.100661;
0.100661;
0.100666;
0.100672;
0.100652;
0.100656;
0.100667;
0.100666;
0.100882;
0.100957;
0.100669;
0.100644;
0.100665;
0.100713;
0.100615;
0.10067;
0.10066;
0.100659;
0.101175;
0.10065;
0.100697;
0.100643;
0.10068;
0.100641;
0.100657;
0.100666;
0.100662;
0.100666;
0.10067;
0.100665;
0.100664;
0.100668;
0.100661;
0.10066;
0.100679;
0.100646;
0.100668;
0.100677;
0.101154;
0.100681;
0.100645;
0.100663;
0.10068;
0.100647;
0.100672;
0.100659;
0.10066;
0.100675;
0.100659;
0.100663;
0.100729;
0.100604;
0.100658;
0.100668;
0.100659;
0.101321;
0.100503;
0.100669;
0.100662;
0.100673;
0.10066;
0.100654;
0.10067;
0.100662;
0.100667;
0.100659;
0.100663;
0.100664;
0.100677;
0.100648;
0.100679;
0.10065;
0.100677;
0.10116;
0.100653;
0.10067;
0.100677;
0.100654;
0.100654;
0.100668;
0.100667;
0.100666;
0.10065;
0.100661;
0.100677;
0.100681;
0.100643;
0.100652;
0.100673;
0.100657;
0.100673;
0.100654;
0.100662;
0.100673;
0.10066;
0.100665;
0.100659;
0.100663;
0.100664;
0.100665;
0.100666;
0.10066;
0.101168;
0.100695;
0.100624;
0.100681;
0.100649;
0.100675;
0.100654;
0.100657;
0.100666;
0.100676;
0.10065;
0.100673;
0.100659;
0.100663;
0.100666;
0.100658;
0.100663;
0.100663;
0.100695;
0.100632;
0.100675;
0.100661;
0.100654;
0.100898;
0.100428;
0.100673;
0.100651;
0.100677;
0.100663;
0.100654;
0.100665;
0.100658;
0.100667;
0.100669;
0.100663;
0.100659;
0.101174;
0.100654;
0.100694;
0.100633;
0.100674;
0.100681;
0.10064;
0.100667;
0.100657;
0.100923;
0.101906;
0.100663;
0.100663;
0.100663;
0.100761;
0.101564;
0.100677;
0.100652;
0.100676;
0.100669;
0.100646;
0.100668;
0.100662;
0.100666;
0.100753;
0.100568;
0.100665;
0.10066;
0.100664;
0.100675;
0.100651;
0.100689;
0.100638;
0.100681;
0.100645;
