1.10731, 1;
0.0350636, 1;
0.0255541, 1;
0.0255196, 1;
0.0255388, 1;
0.0255401, 1;
0.0255375, 1;
0.0255938, 1;
0.0289943, 1;
0.0260425, 1;
0.0255945, 1;
0.0269897, 1;
0.0260425, 1;
0.0255388, 1;
0.0260393, 1;
0.0255445, 1;
0.0275856, 1;
0.0260009, 1;
0.0255433, 1;
0.0260342, 1;
0.0270537, 1;
0.0260335, 1;
0.0255439, 1;
0.0260335, 1;
0.0255401, 1;
0.0275689, 1;
0.0266665, 1;
0.0263951, 1;
0.0255413, 1;
0.0275568, 1;
0.0260271, 1;
0.0255477, 1;
0.0260335, 1;
0.0255413, 1;
0.0270473, 1;
0.0260559, 1;
0.0255497, 1;
0.0274256, 1;
0.0261398, 1;
0.025549, 1;
0.0275305, 1;
0.0260412, 1;
0.0255388, 1;
0.0310462, 1;
0.0265487, 1;
0.0270518, 1;
0.0265334, 1;
0.0265532, 1;
0.0255375, 1;
0.0280605, 1;
0.0275203, 1;
0.0265411, 1;
0.0270454, 1;
0.0265603, 1;
0.0265225, 1;
0.0255445, 1;
0.0280368, 1;
0.0265468, 1;
0.025542, 1;
0.0280419, 1;
0.0275421, 1;
0.0265507, 1;
0.0260386, 1;
0.0280566, 1;
0.0265295, 1;
0.0275376, 1;
0.0265468, 1;
0.0255407, 1;
0.0280406, 1;
0.0265455, 1;
0.0255388, 1;
0.0280426, 1;
0.0265449, 1;
0.0270582, 1;
0.0265251, 1;
0.0255503, 1;
0.0280547, 1;
0.026534, 1;
0.0255356, 1;
0.0280394, 1;
0.0270416, 1;
0.0271145, 1;
0.0265692, 1;
0.0269468, 1;
0.0265411, 1;
0.0270409, 1;
0.0260412, 1;
0.0255439, 1;
0.0275523, 1;
0.0265366, 1;
0.0255349, 1;
0.028056, 1;
0.027535, 1;
0.0275433, 1;
0.0265596, 1;
0.0325317, 1;
0.0265462, 1;
0.0265411, 1;
0.0270428, 1;
0.0265411, 1;
0.0255458, 1;
0.0276643, 1;
0.0269161, 1;
0.0270409, 1;
0.0265667, 1;
0.0255311, 1;
0.0295389, 1;
0.0265647, 1;
0.0275248, 1;
0.0265385, 1;
0.0270422, 1;
0.0270422, 1;
0.0265449, 1;
0.0275465, 1;
0.0265385, 1;
0.0270416, 1;
0.0265404, 1;
0.0255452, 1;
0.0280483, 1;
0.027062, 1;
0.0275382, 1;
0.0265238, 1;
0.0255401, 1;
0.0275478, 1;
0.0265359, 1;
0.0255401, 1;
0.0280477, 1;
0.0265334, 1;
0.0255484, 1;
0.0280483, 1;
0.0275376, 1;
0.0265443, 1;
0.0255394, 1;
0.0281322, 1;
0.0264681, 1;
0.0255279, 1;
0.0280464, 1;
0.0265379, 1;
0.0278595, 1;
0.0272316, 1;
0.0275389, 1;
0.0265993, 1;
0.0264867, 1;
0.027544, 1;
0.0265398, 1;
0.027055, 1;
0.0265385, 1;
0.0255413, 1;
0.0280413, 1;
0.0265411, 1;
0.0315524, 1;
0.0270422, 1;
0.0265385, 1;
0.0270448, 1;
0.0265404, 1;
0.0255439, 1;
0.0280554, 1;
0.0265283, 1;
0.0280426, 1;
0.0265366, 1;
0.0255439, 1;
0.0280522, 1;
0.0265468, 1;
0.0280413, 1;
0.0265385, 1;
0.0255426, 1;
0.0280413, 1;
0.0270428, 1;
0.0270582, 1;
0.0265238, 1;
0.0270454, 1;
0.0265417, 1;
0.0255439, 1;
0.0285411, 1;
0.0265436, 1;
0.0275459, 1;
0.0265411, 1;
0.0255381, 1;
0.028049, 1;
0.0265411, 1;
0.0255503, 1;
0.0290359, 1;
0.0265423, 1;
0.0275478, 1;
0.0265417, 1;
0.0275414, 1;
0.0265417, 1;
0.0265417, 1;
0.527865, 1;
0.0310609, 1;
0.0260015, 1;
0.030049, 1;
0.0275453, 1;
0.0265385, 1;
0.0265423, 1;
0.0255407, 1;
0.0280432, 1;
0.0275446, 1;
0.0265423, 1;
0.0265417, 1;
0.0255433, 1;
0.0280432, 1;
0.0275504, 1;
0.0277008, 1;
0.028385, 1;
0.0285488, 1;
0.0265391, 1;
0.0275446, 1;
0.026543, 1;
0.0255356, 1;
0.0360774, 1;
0.0265231, 1;
0.0255573, 1;
0.028033, 1;
0.0270377, 1;
0.0265468, 1;
0.0265475, 1;
0.0255324, 1;
0.0275433, 1;
0.0275465, 1;
0.0265756, 1;
0.037529, 1;
0.0275408, 1;
0.0265455, 1;
0.0255369, 1;
0.0275472, 1;
0.0265443, 1;
0.0255401, 1;
0.0280426, 1;
0.0275446, 1;
0.02663, 1;
0.0264643, 1;
0.0260393, 1;
0.0280381, 1;
0.0275433, 1;
0.0265532, 1;
0.0265308, 1;
0.0255445, 1;
0.0280458, 1;
0.0275504, 1;
0.0265327, 1;
0.025542, 1;
0.0280554, 1;
0.026527, 1;
0.0255465, 1;
0.0275389, 1;
0.0265391, 1;
0.0260438, 1;
0.0292919, 1;
0.0288003, 1;
0.0266851, 1;
0.0263951, 1;
0.0270454, 1;
0.0265436, 1;
0.0255401, 1;
0.0280451, 1;
0.0265417, 1;
0.0255477, 1;
0.0280515, 1;
0.0280362, 1;
0.0265404, 1;
0.0265436, 1;
0.0255433, 1;
0.0280413, 1;
0.0275421, 1;
0.0265462, 1;
0.0255337, 1;
0.0280522, 1;
0.0265379, 1;
0.0255663, 1;
0.0280182, 1;
0.0265411, 1;
0.0275465, 1;
0.0265436, 1;
0.0275395, 1;
0.0265455, 1;
0.0265494, 1;
0.028056, 1;
0.0275222, 1;
0.0275472, 1;
0.0265436, 1;
0.0255388, 1;
0.0275389, 1;
0.0265468, 1;
0.0270377, 1;
0.0265468, 1;
0.0265859, 1;
0.0255727, 1;
0.028488, 1;
0.0275203, 1;
0.0265455, 1;
0.0265411, 1;
0.0255445, 1;
0.0281021, 1;
0.0274832, 1;
0.0265513, 1;
0.0265327, 1;
0.0275459, 1;
0.0265417, 1;
0.0280438, 1;
0.0265455, 1;
0.0255407, 1;
0.0280432, 1;
0.0265417, 1;
0.0400673, 1;
0.027055, 1;
0.027528, 1;
0.0265443, 1;
0.0265487, 1;
0.0270313, 1;
0.0265481, 1;
0.0255388, 1;
0.0280694, 1;
0.0265263, 1;
0.0255401, 1;
0.0280413, 1;
0.0276393, 1;
0.0264451, 1;
0.025542, 1;
0.0280496, 1;
0.0265295, 1;
0.0255458, 1;
0.0436527, 1;
0.0279574, 1;
0.0265468, 1;
0.0255413, 1;
0.0280413, 1;
0.0265455, 1;
0.0290461, 2;
0.0295415, 2;
0.0290512, 2;
0.029041, 2;
0.0290909, 2;
0.0294928, 2;
0.0290506, 2;
0.0290423, 2;
0.029048, 2;
0.0290435, 2;
0.0290487, 2;
0.0290768, 2;
0.0295197, 2;
0.0290711, 2;
0.0290275, 2;
0.0290346, 2;
0.0290455, 2;
0.0290493, 2;
0.0295428, 2;
0.0290506, 2;
0.0296087, 2;
0.0289783, 2;
0.029048, 2;
0.0290461, 2;
0.0290493, 2;
0.0290429, 2;
0.0290467, 2;
0.0290455, 2;
0.0290499, 2;
0.0293853, 2;
0.0292119, 2;
0.0290403, 2;
0.0290455, 2;
0.0290435, 2;
0.0290493, 2;
0.0290525, 2;
0.0295492, 2;
0.0290442, 2;
0.0295504, 2;
0.0290365, 2;
0.029057, 2;
0.0290538, 2;
0.02953, 2;
0.0290461, 2;
0.0290717, 2;
0.0290263, 2;
0.0290653, 2;
0.0295344, 2;
0.0290339, 2;
0.0290557, 2;
0.0290435, 2;
0.0290416, 2;
0.0290493, 2;
0.0290423, 2;
0.0290551, 2;
0.029537, 2;
0.0290525, 2;
0.0295492, 2;
0.0290493, 2;
0.029041, 2;
0.0290384, 2;
0.0290487, 2;
0.0290506, 2;
0.0290448, 2;
0.0295453, 2;
0.0295466, 2;
0.0290506, 2;
0.0295492, 2;
0.0290499, 2;
0.0290384, 2;
0.0290423, 2;
0.0290493, 2;
0.0295479, 2;
0.0290416, 2;
0.029546, 2;
0.029048, 2;
0.0290467, 2;
0.0290448, 2;
0.0290467, 2;
0.0290525, 2;
0.0290659, 2;
0.0290218, 2;
0.0290467, 2;
0.0295581, 2;
0.0295332, 2;
0.0290992, 2;
0.0289936, 2;
0.0290467, 2;
0.0290487, 2;
0.0290429, 2;
0.0290435, 2;
0.0290461, 2;
0.0291338, 2;
0.0294666, 2;
0.0290442, 2;
0.029041, 2;
0.0290551, 2;
0.0295428, 2;
0.0290429, 2;
0.0290474, 2;
0.029048, 2;
0.0290442, 2;
0.0290448, 2;
0.0290506, 2;
0.0290416, 2;
0.0290531, 2;
0.0290423, 2;
0.0290435, 2;
0.0290455, 2;
0.0290512, 2;
0.0295735, 2;
0.029016, 2;
0.0290442, 2;
0.0290461, 2;
0.0290467, 2;
0.029041, 2;
0.0290551, 2;
0.0290519, 2;
0.0290973, 2;
0.0294954, 2;
0.0290359, 2;
0.029546, 2;
0.0290493, 2;
0.0295645, 2;
0.0290333, 2;
0.0290397, 2;
0.0290461, 2;
0.0290455, 2;
0.0295498, 2;
0.0290474, 2;
0.0290448, 2;
0.0290455, 2;
0.0290621, 2;
0.0290269, 2;
0.0290563, 2;
0.0290378, 2;
0.0290474, 2;
0.029544, 2;
0.0290487, 2;
0.0290493, 2;
0.0290442, 2;
0.029048, 2;
0.0290448, 2;
0.0290531, 2;
0.0290423, 2;
0.029057, 2;
0.0295344, 2;
0.0290442, 2;
0.0290467, 2;
0.02908, 2;
0.0290109, 2;
0.0290506, 2;
0.0290391, 2;
0.0290589, 2;
0.0290359, 2;
0.0295472, 2;
0.0290461, 2;
0.0290544, 2;
0.0290429, 2;
0.0290448, 2;
0.0295415, 2;
0.0290576, 2;
0.0290474, 2;
0.0290371, 2;
0.0295498, 2;
0.0290544, 2;
0.0295402, 2;
0.0290391, 2;
0.029048, 2;
0.0290493, 2;
0.0290506, 2;
0.0290538, 2;
0.0290384, 2;
0.0295408, 2;
0.0290493, 2;
0.0290538, 2;
0.0295364, 2;
0.0290455, 2;
0.0290538, 2;
0.0290416, 2;
0.0295472, 2;
0.029048, 2;
0.029546, 2;
0.0290487, 2;
0.0295421, 2;
0.0290474, 2;
0.0290512, 2;
0.0291658, 2;
0.0293789, 2;
0.0290461, 2;
0.0290487, 2;
0.0300369, 2;
0.0290666, 2;
0.02953, 2;
0.0290455, 2;
0.0290448, 2;
0.0290538, 2;
0.0295421, 2;
0.0290461, 2;
0.0290474, 2;
0.0295588, 2;
0.0295364, 2;
0.0295472, 2;
0.0290423, 2;
0.0290487, 2;
0.0290435, 2;
0.0290448, 2;
0.0295479, 2;
0.029057, 3;
0.0295466, 3;
0.0295383, 3;
0.0295594, 3;
0.0295306, 3;
0.0295536, 3;
0.029544, 3;
0.0290455, 3;
0.0295453, 3;
0.0297661, 3;
0.029834, 3;
0.0295396, 3;
0.0295479, 3;
0.0290442, 3;
0.0295684, 3;
0.0295332, 3;
0.029553, 3;
0.0295421, 3;
0.0295498, 3;
0.0295402, 3;
0.0295504, 3;
0.0295421, 3;
0.0295485, 3;
0.0295453, 3;
0.0295479, 3;
0.0295498, 3;
0.0295664, 3;
0.0290263, 3;
0.0295453, 3;
0.0300477, 3;
0.0295472, 3;
0.0295472, 3;
0.0295568, 3;
0.0295408, 3;
0.0295396, 3;
0.0296055, 3;
0.0289911, 3;
0.0295421, 3;
0.0295479, 3;
0.0295472, 3;
0.0295556, 3;
0.0290448, 3;
0.0295408, 3;
0.0295479, 3;
0.0295479, 3;
0.0295492, 3;
0.029544, 3;
0.0295453, 3;
0.0295434, 3;
0.0295504, 3;
0.0295562, 3;
0.0295402, 3;
0.0295607, 3;
0.0295306, 3;
0.0295492, 3;
0.0295434, 3;
0.0295492, 3;
0.0295543, 3;
0.0295389, 3;
0.0295498, 3;
0.029544, 3;
0.0295434, 3;
0.0295479, 3;
0.0295472, 3;
0.0295504, 3;
0.0295415, 3;
0.028559, 3;
0.0295613, 3;
0.0295204, 3;
0.02956, 3;
0.0295364, 3;
0.0295524, 3;
0.0295415, 3;
0.0295492, 3;
0.0295447, 3;
0.0295408, 3;
0.0295562, 3;
0.0290397, 3;
0.029546, 3;
0.0295517, 3;
0.0295428, 3;
0.0295556, 3;
0.0295447, 3;
0.0295434, 3;
0.0290455, 3;
0.0295492, 3;
0.0295524, 3;
0.0295376, 3;
0.0290474, 3;
0.0295479, 3;
0.0290487, 3;
0.0295434, 3;
0.0295575, 3;
0.02961, 3;
0.0294762, 3;
0.029544, 3;
0.0295472, 3;
0.0295466, 3;
0.0295511, 3;
0.0295415, 3;
0.0295517, 3;
0.0295428, 3;
0.0295562, 3;
0.0295632, 3;
0.029025, 3;
0.0295485, 3;
0.0295402, 3;
0.0295498, 3;
0.029546, 3;
0.0295709, 3;
0.0290307, 3;
0.029553, 3;
0.0290314, 3;
0.0295466, 3;
0.0295466, 3;
0.0295498, 3;
0.0295453, 3;
0.029546, 3;
0.0295703, 3;
0.0295447, 3;
0.0290423, 3;
0.0290307, 3;
0.0295466, 3;
0.0295434, 3;
0.0295492, 3;
0.0295453, 3;
0.0295511, 3;
0.0295485, 3;
0.0295543, 4;
0.029537, 4;
0.0290442, 4;
0.0295492, 4;
0.0290461, 4;
0.0295517, 4;
0.0295959, 4;
0.0405684, 4;
0.0306788, 4;
0.0293578, 4;
0.0290551, 4;
0.0290359, 4;
0.0295485, 4;
0.0295447, 4;
0.0295504, 4;
0.0290435, 4;
0.0295524, 4;
0.0290499, 4;
0.0295504, 4;
0.0290429, 4;
0.0295396, 4;
0.0295485, 4;
0.0295447, 4;
0.0295479, 4;
0.0290461, 4;
0.029553, 4;
0.0289904, 4;
0.0290435, 4;
0.0290499, 4;
0.0290397, 4;
0.0295536, 4;
0.0295472, 4;
0.0295415, 4;
0.0290563, 4;
0.0295415, 4;
0.0295556, 4;
0.0295351, 4;
0.0295543, 4;
0.0290403, 4;
0.0295453, 4;
0.0295543, 4;
0.0295428, 4;
0.0290499, 4;
0.0290512, 4;
0.0290493, 4;
0.0290435, 4;
0.0290429, 4;
0.0295434, 4;
0.0290435, 4;
0.0295466, 4;
0.0295466, 4;
0.0290499, 4;
0.0296464, 4;
0.0289431, 4;
0.0290416, 4;
0.0290538, 4;
0.0295389, 4;
0.0295543, 4;
0.0295466, 4;
0.0295472, 4;
0.0295556, 4;
0.0298429, 4;
0.0287645, 4;
0.0290263, 4;
0.0290384, 4;
0.0290487, 4;
0.0290474, 4;
0.0290416, 4;
0.0295517, 4;
0.029048, 4;
0.0295415, 4;
0.029057, 4;
0.0290487, 4;
0.0290371, 4;
0.0290448, 4;
0.0295479, 4;
0.0295485, 4;
0.0295594, 4;
0.0295396, 4;
0.0295415, 4;
0.0290519, 4;
0.0290378, 4;
0.029048, 4;
0.0290461, 4;
0.0295453, 4;
0.0295466, 4;
0.0295664, 4;
0.0295255, 4;
0.0295517, 4;
0.0290538, 2;
0.0290378, 2;
0.0290499, 2;
0.0295396, 2;
0.0295453, 2;
0.0295639, 2;
0.0295293, 2;
0.029048, 2;
0.0295543, 2;
0.0290339, 2;
0.0290589, 2;
0.0290333, 2;
0.0295677, 2;
0.0295312, 2;
0.0296733, 2;
0.0299165, 2;
0.0290512, 2;
0.029544, 2;
0.0290487, 2;
0.0290448, 2;
0.0290493, 2;
0.0290403, 2;
0.02956, 2;
0.0295351, 2;
0.0295447, 2;
0.0290455, 2;
0.0296016, 2;
0.0294941, 2;
0.0290474, 2;
0.0290455, 2;
0.0290461, 2;
0.029546, 2;
0.0295504, 2;
0.0295402, 2;
0.0290506, 2;
0.0295549, 2;
0.0290487, 2;
0.0295325, 2;
0.029048, 2;
0.0290659, 2;
0.029537, 2;
0.0290391, 2;
0.0290467, 2;
0.0290672, 2;
0.0295248, 2;
0.0290487, 2;
0.0290883, 2;
0.0295095, 2;
0.0295447, 2;
0.0290448, 2;
0.029041, 2;
0.0290448, 2;
0.0301258, 2;
0.0299812, 2;
0.0295376, 2;
0.0290467, 2;
0.0290455, 2;
0.0291972, 2;
0.0298941, 2;
0.029048, 2;
0.0295453, 2;
0.0295632, 2;
0.0290435, 2;
0.0290435, 2;
0.0295453, 2;
0.0290615, 2;
0.0290282, 2;
0.029048, 2;
0.0295434, 2;
0.029546, 2;
0.029048, 2;
0.0290487, 2;
0.0290768, 2;
0.0295287, 2;
0.0290397, 2;
0.0295351, 2;
0.0295492, 2;
0.0295485, 2;
0.0296004, 2;
0.028993, 2;
0.0290474, 2;
0.0295543, 2;
0.0295556, 2;
0.029528, 2;
0.0290467, 2;
0.0290442, 2;
0.0295492, 2;
0.0290519, 2;
0.0293828, 2;
0.0292036, 2;
0.0290589, 2;
0.0295389, 2;
0.0295402, 2;
0.0290506, 2;
0.0295434, 2;
0.0295556, 2;
0.0290346, 2;
0.0290487, 2;
0.0290448, 2;
0.0295626, 2;
0.029537, 2;
0.0290435, 2;
0.0295485, 2;
0.0295453, 2;
0.0291114, 2;
0.0289731, 2;
0.0290531, 2;
0.0290442, 2;
0.0290538, 2;
0.0290429, 2;
0.0290423, 2;
0.0290506, 2;
0.029544, 2;
0.0291082, 2;
0.0294967, 2;
0.0295351, 2;
0.0297162, 2;
0.0293783, 2;
0.0290461, 2;
0.0295421, 2;
0.0295492, 2;
0.0290442, 2;
0.029073, 2;
0.029016, 2;
0.0290627, 2;
0.0290378, 2;
0.0290416, 2;
0.029048, 2;
0.0295453, 2;
0.0295472, 2;
0.0295863, 2;
0.0290538, 2;
0.0294999, 2;
0.0295504, 2;
0.029041, 2;
0.0290429, 2;
0.0295728, 2;
0.0295268, 2;
0.0295511, 2;
0.0290506, 2;
0.029537, 2;
0.029057, 2;
0.0290371, 2;
0.0290448, 2;
0.0290538, 2;
0.0295376, 2;
0.0295485, 2;
0.0290455, 2;
0.0290474, 2;
0.0295447, 2;
0.029553, 2;
0.0290435, 2;
0.0295466, 2;
0.0295434, 2;
0.0295504, 2;
0.0290435, 2;
0.0290512, 2;
0.0290384, 2;
0.029048, 2;
0.0295728, 2;
0.0295146, 2;
0.0290551, 2;
0.0295421, 2;
0.0295485, 2;
0.0290467, 2;
0.0290461, 2;
0.0295498, 2;
0.0296484, 2;
0.0294666, 2;
0.0295216, 2;
0.0295447, 2;
0.0295492, 2;
0.0290455, 2;
0.0290448, 2;
0.0290455, 2;
0.0290448, 2;
0.0300817, 2;
0.0295204, 2;
0.0300458, 2;
0.0295428, 2;
0.0290461, 2;
0.0290506, 2;
0.0290499, 2;
0.0295428, 2;
0.0295498, 2;
0.029041, 2;
0.0290448, 2;
0.0295428, 2;
0.0295485, 2;
0.029048, 2;
0.0290493, 2;
0.0290557, 2;
0.0295415, 2;
0.0290544, 2;
0.0295466, 2;
0.0295325, 2;
0.0295556, 2;
0.0290429, 2;
0.0290423, 2;
0.0290448, 2;
0.0295492, 2;
0.0295485, 2;
0.0290743, 2;
0.0290147, 2;
0.0295466, 2;
0.0295453, 2;
0.0295524, 2;
0.029041, 2;
0.029546, 2;
0.0290519, 2;
0.0296004, 2;
0.0289962, 2;
0.0290339, 2;
0.0290506, 2;
0.0295453, 2;
0.0290429, 2;
0.0290493, 2;
0.0295492, 2;
0.0295933, 2;
0.0295095, 2;
0.029528, 2;
0.0295472, 2;
0.0295498, 2;
0.029041, 2;
0.029048, 2;
0.0290493, 2;
0.0290429, 2;
0.0290563, 2;
0.0295408, 2;
0.0290397, 2;
0.0295466, 2;
0.0295504, 2;
0.0290493, 2;
0.0290391, 2;
0.0295485, 2;
0.0290615, 2;
0.0295421, 2;
0.029546, 2;
0.0295376, 2;
0.0295408, 2;
0.0290551, 2;
0.0290442, 2;
0.0290455, 2;
0.0290442, 2;
0.0290474, 2;
0.0290711, 2;
0.0295287, 2;
0.0295415, 2;
0.0295498, 2;
0.0290416, 2;
0.0290487, 2;
0.0295408, 2;
0.0291242, 2;
0.0294954, 2;
0.0295261, 2;
0.0295447, 2;
0.0290474, 2;
0.0290455, 2;
0.0290435, 2;
0.0290525, 2;
0.0295434, 2;
0.0295581, 2;
0.029866, 2;
0.0287191, 2;
0.0295428, 2;
0.0295453, 2;
0.0290461, 2;
0.0290538, 2;
0.0295376, 2;
0.0295415, 2;
0.0290858, 2;
0.0295197, 2;
0.029544, 2;
0.0295524, 2;
0.0290403, 2;
0.0290467, 2;
0.0290423, 2;
0.0290474, 2;
0.0290455, 2;
0.0290595, 2;
0.0295306, 2;
0.0290544, 2;
0.0285373, 2;
0.0295466, 2;
0.0290493, 2;
0.0290442, 2;
0.0295504, 2;
0.029048, 2;
0.0295492, 2;
0.0295408, 2;
0.0295568, 2;
0.0295332, 2;
0.0290474, 2;
0.0290512, 2;
0.0290429, 2;
0.0290493, 2;
0.029041, 2;
0.0295492, 2;
0.0295524, 2;
0.0285795, 2;
0.0295101, 2;
0.0290864, 2;
0.0295063, 2;
0.0295421, 2;
0.0290499, 2;
0.0295517, 2;
0.0295389, 2;
0.0295472, 2;
0.0290442, 2;
0.0290467, 2;
0.0290493, 2;
0.0290448, 2;
0.0290499, 2;
0.0290416, 2;
0.0290467, 2;
0.0295549, 2;
0.0290538, 2;
0.0295287, 2;
0.0290519, 2;
0.0295396, 2;
0.029546, 2;
0.0295524, 2;
0.0290666, 2;
0.0295274, 2;
0.0295607, 2;
0.0290397, 2;
0.029537, 2;
0.0290455, 2;
0.0290474, 2;
0.0290442, 2;
0.0295677, 2;
0.0295261, 2;
0.0295498, 2;
0.0285392, 2;
0.0290679, 2;
0.0295287, 2;
0.0295479, 2;
0.028545, 2;
0.0295479, 2;
0.0295434, 2;
0.0295447, 2;
0.0295536, 2;
0.0295453, 2;
0.029048, 2;
0.0290429, 2;
0.0290467, 2;
0.0290442, 2;
0.0290768, 2;
0.0295229, 2;
0.0295466, 2;
0.0295568, 2;
0.0295568, 2;
0.02953, 2;
0.0295421, 2;
0.0285475, 2;
0.0290442, 2;
0.0290589, 2;
0.029544, 2;
0.0290371, 2;
0.0290461, 2;
0.0290506, 2;
0.0290711, 2;
0.029016, 2;
0.0290455, 2;
0.0290595, 2;
0.0295338, 2;
0.0290435, 2;
0.0294794, 2;
0.0291159, 2;
0.029064, 2;
0.02953, 2;
0.0295421, 2;
0.0290538, 2;
0.029546, 2;
0.0295428, 2;
0.0295466, 2;
0.0290589, 2;
0.0290461, 2;
0.0295319, 2;
0.0290493, 2;
0.0290474, 2;
0.0290589, 2;
0.0290371, 2;
0.0295888, 2;
0.0289975, 2;
0.0295485, 2;
0.0290461, 2;
0.029546, 2;
0.0290487, 2;
0.0290531, 2;
0.029537, 2;
0.0295466, 2;
0.0295472, 2;
0.0290717, 2;
0.0288989, 2;
0.0290493, 2;
0.0290442, 2;
0.0290461, 2;
0.0290461, 2;
0.0290551, 2;
0.0290359, 2;
0.0295498, 2;
0.0290583, 2;
0.0295396, 2;
0.0295524, 2;
0.0290327, 2;
0.029546, 2;
0.0295594, 2;
0.0295376, 2;
0.0295479, 2;
0.0295498, 2;
0.0290365, 2;
0.0290493, 2;
0.0290474, 2;
0.0290448, 2;
0.0290519, 2;
0.0290455, 2;
0.0290461, 2;
0.029544, 2;
0.0295524, 2;
0.0295389, 2;
0.0295485, 2;
0.0295492, 2;
0.0295396, 2;
0.0295581, 2;
0.0295415, 2;
0.0295991, 2;
0.0289955, 2;
0.0290435, 2;
0.0290506, 2;
0.02956, 2;
0.0295312, 2;
0.0296464, 2;
0.0294512, 2;
0.0290416, 2;
0.0290416, 2;
0.0290512, 2;
0.0295498, 2;
0.0295428, 2;
0.0295479, 2;
0.0295568, 2;
0.0295402, 2;
0.029544, 2;
0.0290467, 2;
0.0295466, 2;
0.0290448, 2;
0.0290691, 2;
0.0295306, 2;
0.0290416, 2;
0.0290461, 2;
0.0295485, 2;
0.0295421, 2;
0.0290455, 2;
0.0290461, 2;
0.0295562, 2;
0.029544, 2;
0.0295549, 2;
0.029537, 2;
0.0290544, 2;
0.0295332, 2;
0.0295524, 2;
0.0295453, 2;
0.0290647, 2;
0.0290231, 2;
0.0290467, 2;
0.0295485, 2;
0.0295543, 2;
0.0290391, 2;
0.0290474, 2;
0.0290531, 2;
0.029585, 2;
0.0295069, 2;
0.0295517, 2;
0.0290576, 2;
0.0290218, 2;
0.0290506, 2;
0.029553, 2;
0.0290365, 2;
0.0290487, 2;
0.0290461, 2;
0.0290442, 2;
0.0295504, 2;
0.0295524, 2;
0.0300465, 2;
0.0295447, 2;
0.0295453, 2;
0.0290557, 2;
0.0295344, 2;
0.0295485, 2;
0.029546, 2;
0.0290493, 2;
0.029544, 2;
0.0296004, 2;
0.0295095, 2;
0.02953, 2;
0.0295466, 2;
0.0295511, 2;
0.0290423, 2;
0.0290819, 2;
0.029512, 2;
0.0290487, 2;
0.0295492, 2;
0.0295421, 2;
0.0290448, 2;
0.0290461, 2;
0.0290423, 2;
0.0290448, 2;
0.0290666, 2;
0.0290429, 2;
0.0295434, 2;
0.0300913, 2;
0.0294954, 2;
0.0295466, 2;
0.0295472, 2;
0.0295472, 2;
0.0290499, 2;
0.029546, 2;
0.0296253, 2;
0.0289693, 2;
0.0295408, 2;
0.0290493, 2;
0.0295453, 2;
0.0295453, 2;
0.0295754, 2;
0.0290243, 2;
0.0295415, 2;
0.0295498, 2;
0.0296042, 2;
0.0289802, 2;
0.0290499, 2;
0.0290474, 2;
0.0295492, 2;
0.0290474, 2;
0.0295933, 2;
0.0295037, 2;
0.0300561, 2;
0.0295344, 2;
0.0290455, 2;
0.0295479, 2;
0.0295447, 2;
0.0295472, 2;
0.0290455, 2;
0.0295472, 2;
0.0295556, 2;
0.0295453, 2;
0.0290397, 2;
0.0295485, 2;
0.0295466, 2;
0.0295453, 2;
0.0290506, 2;
0.0295402, 2;
0.029553, 2;
0.0295479, 2;
0.0290397, 2;
0.0290455, 2;
0.0290442, 2;
0.0290595, 2;
0.0295357, 2;
0.0290461, 2;
0.0290499, 2;
0.029553, 2;
0.0298404, 2;
0.028744, 2;
0.0295479, 2;
0.0295504, 2;
0.029553, 2;
0.0290365, 2;
0.0295466, 2;
0.0295652, 2;
0.0295287, 2;
0.0295485, 2;
0.0290448, 2;
0.0295492, 2;
0.0295498, 2;
0.0295402, 2;
0.029048, 2;
0.029048, 2;
0.0295895, 2;
0.0290039, 2;
0.0290557, 2;
0.0290333, 2;
0.0290461, 2;
0.0290461, 2;
0.0290435, 2;
0.0295479, 2;
0.0295479, 2;
0.0302186, 2;
0.0288778, 2;
0.029064, 2;
0.029528, 2;
0.0295428, 2;
0.0295504, 2;
0.0290474, 2;
0.0295453, 2;
0.0295447, 2;
0.0295549, 2;
0.0295421, 2;
0.0295447, 2;
0.0290493, 2;
0.0290448, 2;
0.029041, 2;
0.0295492, 2;
0.0295511, 2;
0.029576, 2;
0.0290224, 2;
0.0290352, 2;
0.0295511, 2;
0.0295428, 2;
0.0295485, 2;
0.0295447, 2;
0.0295447, 2;
0.0290551, 2;
0.029048, 2;
0.0295485, 2;
0.029546, 2;
0.0295376, 2;
0.029048, 2;
0.0295453, 2;
0.0290499, 2;
0.0295428, 2;
0.0295594, 2;
0.029032, 2;
0.0290474, 2;
0.0295479, 2;
0.029546, 2;
0.0290474, 2;
0.0290519, 2;
0.0295415, 2;
0.0295504, 2;
0.0295415, 2;
0.0290531, 2;
0.0290391, 2;
0.0290493, 2;
0.0290455, 2;
0.0295428, 2;
0.0295498, 2;
0.0295428, 2;
0.0295568, 2;
0.0290435, 2;
0.0290493, 2;
0.0299453, 2;
0.0296535, 2;
0.0290397, 2;
0.0290429, 2;
0.0295472, 2;
0.0295524, 2;
0.0290423, 2;
0.0290467, 2;
0.0295466, 2;
0.0295504, 2;
0.0295524, 2;
0.029537, 2;
0.029546, 2;
0.0295479, 2;
0.0290499, 2;
0.0295556, 2;
0.0290448, 2;
0.029576, 2;
0.0289994, 2;
0.0295524, 2;
0.0290467, 2;
0.0290442, 2;
0.0295524, 2;
0.029546, 2;
0.0290461, 2;
0.0295613, 2;
0.0295632, 2;
0.02908, 2;
0.0294756, 2;
0.0295511, 2;
0.0295434, 2;
0.0290467, 2;
0.0295556, 2;
0.0290365, 2;
0.0295543, 2;
0.0290397, 2;
0.0295479, 2;
0.0290499, 2;
0.0295434, 2;
0.0295722, 2;
0.0300273, 2;
0.0290435, 2;
0.0295613, 2;
0.0290275, 2;
0.0290519, 2;
0.0295421, 2;
0.029048, 3;
0.0290531, 3;
0.0295389, 3;
0.0295588, 3;
0.0295364, 3;
0.029553, 3;
0.0295536, 3;
0.0290442, 3;
0.0290346, 3;
0.0295485, 3;
0.0300497, 3;
0.0290467, 3;
0.0290416, 3;
0.0295479, 3;
0.0295498, 3;
0.0295415, 3;
0.0295524, 3;
0.0295402, 3;
0.0295485, 3;
0.0295485, 3;
0.029048, 3;
0.0295492, 3;
0.0295447, 3;
0.0295492, 3;
0.0290397, 3;
0.0285475, 3;
0.0295466, 3;
0.029544, 3;
0.0290487, 3;
0.0290474, 3;
0.0295472, 3;
0.0295447, 3;
0.0295556, 3;
0.0290467, 3;
0.0290365, 3;
0.0295536, 3;
0.029546, 3;
0.0290467, 3;
0.0295421, 3;
0.0295485, 3;
0.029544, 3;
0.0290506, 3;
0.0290397, 3;
0.029546, 3;
0.0295472, 3;
0.0290903, 3;
0.0290051, 3;
0.0295472, 3;
0.0295485, 3;
0.0296797, 3;
0.0289066, 3;
0.0295447, 3;
0.0295492, 3;
0.0295472, 3;
0.029553, 3;
0.0295421, 3;
0.0295472, 3;
0.0295447, 3;
0.0295575, 3;
0.0296324, 3;
0.0294512, 3;
0.0295498, 3;
0.0290435, 3;
0.0290499, 3;
0.0295447, 3;
0.0295434, 3;
0.0295466, 3;
0.0295485, 3;
0.0295453, 3;
0.0295575, 3;
0.0295396, 3;
0.0295504, 3;
0.0295408, 3;
0.0295485, 3;
0.0295498, 3;
0.0290487, 3;
0.0297629, 3;
0.0293239, 3;
0.0295479, 3;
0.0290467, 3;
0.029546, 3;
0.0295504, 3;
0.0295396, 3;
0.0295511, 3;
0.0295536, 3;
0.0295549, 3;
0.0295312, 3;
0.0295479, 3;
0.0290487, 3;
0.0295421, 3;
0.029546, 3;
0.0295472, 3;
0.028552, 3;
0.0290435, 3;
0.0295447, 3;
0.029546, 3;
0.0285437, 3;
0.0295498, 3;
0.029553, 3;
0.0295389, 3;
0.0285456, 3;
0.0296119, 3;
0.0289872, 3;
0.0294487, 3;
0.0295543, 3;
0.0292119, 3;
0.0298717, 3;
0.0295479, 3;
0.0295472, 3;
0.0295517, 3;
0.0295466, 4;
0.0290717, 4;
0.0290333, 4;
0.029546, 4;
0.0293514, 4;
0.0297328, 4;
0.029544, 4;
0.0295517, 4;
0.0290474, 4;
0.0296029, 4;
0.0303646, 4;
0.0371539, 4;
0.028584, 4;
0.0295383, 4;
0.0295492, 4;
0.0295504, 4;
0.0295396, 4;
0.0295543, 4;
0.0295421, 4;
0.0299562, 4;
0.0296381, 4;
0.0290909, 4;
0.0295024, 4;
0.0295466, 4;
0.0295479, 4;
0.0290474, 4;
0.0295485, 4;
0.0295421, 4;
0.0295568, 4;
0.0290474, 4;
0.0295376, 4;
0.029544, 4;
0.0295511, 4;
0.0295447, 4;
0.0295466, 4;
0.029546, 4;
0.0295492, 4;
0.0290493, 4;
0.0290627, 4;
0.0295236, 4;
0.0295549, 4;
0.0290416, 4;
0.0290512, 4;
0.0295428, 4;
0.0295447, 4;
0.0295524, 4;
0.0300477, 4;
0.0295383, 4;
0.0295581, 4;
0.0295376, 4;
0.0296112, 4;
0.0294826, 4;
0.0295453, 4;
0.0295543, 4;
0.0295549, 4;
0.0303466, 4;
0.0292362, 4;
0.0295453, 4;
0.0290467, 4;
0.0290487, 4;
0.0300452, 4;
0.0295639, 4;
0.0298545, 4;
0.0297239, 4;
0.0295472, 4;
0.0295498, 4;
0.0295466, 4;
0.0295498, 4;
0.0295415, 4;
0.0295511, 4;
0.0295428, 4;
0.0295543, 4;
0.029048, 4;
0.0295389, 4;
0.0295434, 4;
0.0295607, 4;
0.0290474, 4;
0.0295357, 4;
0.0295504, 4;
0.0295351, 4;
0.0295556, 4;
0.0295504, 4;
0.0295556, 4;
0.0295447, 4;
0.0295466, 4;
0.0295658, 4;
0.0295274, 4;
0.0295447, 4;
0.0295479, 4;
0.0296304, 4;
0.0299665, 4;
0.0295428, 4;
0.0302487, 2;
0.0288522, 2;
0.0290416, 2;
0.0295447, 2;
0.0296093, 2;
0.029489, 2;
0.0295472, 2;
0.0295428, 2;
0.0295498, 2;
0.0295517, 2;
0.0295396, 2;
0.0295472, 2;
0.0290455, 2;
0.0295536, 2;
0.0290435, 2;
0.0295408, 2;
0.0290474, 2;
0.0295492, 2;
0.0290442, 2;
0.029546, 2;
0.02956, 2;
0.0290397, 2;
0.0295402, 2;
0.0295466, 2;
0.0295492, 2;
0.0295504, 2;
0.0295428, 2;
0.0295479, 2;
0.0295453, 2;
0.0295485, 2;
0.0295466, 2;
0.0300612, 2;
0.0295351, 2;
0.030049, 2;
0.0295504, 2;
0.0290487, 2;
0.0295364, 2;
0.0295498, 2;
0.0290487, 2;
0.0300433, 2;
0.0295447, 2;
0.0295511, 2;
0.0295498, 2;
0.0295927, 2;
0.0289962, 2;
0.0296106, 2;
0.0294903, 2;
0.0295415, 2;
0.029553, 2;
0.0295376, 2;
0.0295485, 2;
0.0295485, 2;
0.0290455, 2;
0.0295485, 2;
0.029546, 2;
0.0290512, 2;
0.0295389, 2;
0.0300484, 2;
0.0295453, 2;
0.0295492, 2;
0.0295434, 2;
0.0295498, 2;
0.0295581, 2;
0.0295376, 2;
0.0297136, 2;
0.0288861, 2;
0.029537, 2;
0.0290474, 2;
0.029546, 2;
0.0290461, 2;
0.0295466, 2;
0.0295453, 2;
0.0295556, 2;
0.0295415, 2;
0.0295453, 2;
0.0295562, 2;
0.0295511, 2;
0.0295364, 2;
0.0300445, 2;
0.029546, 2;
0.0290538, 2;
0.0295415, 2;
0.0290525, 2;
0.0290423, 2;
0.029544, 2;
0.0295492, 2;
0.0290467, 2;
0.029544, 2;
0.0295485, 2;
0.0295511, 2;
0.0290455, 2;
0.0295389, 2;
0.0295562, 2;
0.0295479, 2;
0.0290397, 2;
0.0290455, 3;
0.0295492, 3;
0.0295453, 3;
0.029553, 3;
0.0295524, 3;
0.0295837, 3;
0.0295069, 3;
0.0290506, 3;
0.0295428, 3;
0.0290384, 3;
0.0295434, 3;
0.029562, 3;
0.0295364, 3;
0.029544, 3;
0.0295504, 3;
0.029544, 3;
0.0295485, 3;
0.0295472, 3;
0.029546, 3;
0.0295479, 3;
0.0290461, 3;
0.0295447, 3;
0.0295517, 3;
0.0295402, 3;
0.0290487, 3;
0.0295511, 3;
0.0295447, 3;
0.0290461, 3;
0.029546, 3;
0.0295453, 3;
0.0295485, 3;
0.0295479, 3;
0.0295504, 3;
0.029544, 3;
0.0295428, 3;
0.0295428, 3;
0.0295568, 3;
0.0290448, 3;
0.0300529, 3;
0.0290359, 3;
0.0295485, 3;
0.0290487, 3;
0.0295447, 3;
0.0295492, 3;
0.0295511, 3;
0.0290435, 3;
0.0290423, 3;
0.0290544, 3;
0.0295447, 3;
0.029544, 3;
0.029546, 3;
0.0295453, 3;
0.0295498, 3;
0.0295824, 3;
0.0290589, 3;
0.0290135, 3;
0.0295351, 3;
0.0295466, 3;
0.0290397, 3;
0.0295498, 3;
0.029546, 3;
0.0295472, 3;
0.0290589, 3;
0.0290339, 3;
0.0295767, 3;
0.029016, 3;
0.0295543, 3;
0.0290499, 3;
0.0295453, 3;
0.0295479, 3;
0.0285418, 3;
0.0290487, 3;
0.0290525, 3;
0.0295396, 3;
0.0295453, 3;
0.0290467, 3;
0.0295492, 3;
0.0295415, 3;
0.0295504, 3;
0.0295543, 3;
0.0290391, 3;
0.0290589, 3;
0.0290333, 3;
0.0290679, 3;
0.0295223, 3;
0.0285418, 3;
0.0295472, 3;
0.0295511, 4;
0.029546, 4;
0.0295728, 4;
0.0290224, 4;
0.029544, 4;
0.0292279, 4;
0.0293757, 4;
0.0295504, 4;
0.0295613, 4;
0.0295293, 4;
0.029553, 4;
0.0295472, 4;
0.0296048, 4;
0.0294788, 4;
0.0295396, 4;
0.0295556, 4;
0.0295383, 4;
0.0295434, 4;
0.0295626, 4;
0.0295396, 4;
0.0290378, 4;
0.0295485, 4;
0.0295504, 4;
0.029546, 4;
0.0295472, 4;
0.0295453, 4;
0.0295466, 4;
0.029553, 4;
0.0295485, 4;
0.0295479, 4;
0.0295415, 4;
0.0295453, 4;
0.0290429, 4;
0.0300541, 4;
0.0295447, 4;
0.0296196, 4;
0.0294749, 4;
0.0290416, 4;
0.0295504, 4;
0.0295485, 4;
0.0295466, 4;
0.0295498, 4;
0.0295485, 4;
0.029553, 4;
0.029032, 4;
0.0290499, 4;
0.029544, 4;
0.029048, 4;
0.0295434, 4;
0.0295479, 4;
0.0295447, 4;
0.0295492, 4;
0.0295677, 4;
0.0295293, 4;
0.0290442, 4;
0.0295479, 4;
0.029546, 4;
0.0295447, 4;
0.0311889, 4;
0.0294244, 4;
0.0290269, 4;
0.0310468, 4;
0.0295447, 4;
0.0290493, 4;
0.0295466, 4;
0.0295517, 4;
0.0295447, 4;
0.0295434, 4;
0.0295504, 4;
0.0295543, 4;
0.0295434, 4;
0.0295415, 4;
0.0295568, 4;
0.0295453, 4;
0.0295434, 4;
0.0295447, 4;
0.0295447, 4;
0.0295498, 4;
0.0300797, 4;
0.0295133, 4;
0.029546, 4;
0.0295511, 4;
0.0295095, 4;
0.0295466, 4;
0.0290461, 4;
0.029546, 4;
0.0295626, 4;
0.029585, 4;
0.0294948, 4;
0.0295511, 4;
0.0295415, 4;
0.029048, 4;
0.0295485, 4;
0.0296503, 4;
0.0294442, 4;
0.0294436, 2;
0.0296605, 2;
0.0295351, 2;
0.029546, 2;
0.029553, 2;
0.0295408, 2;
0.0295504, 2;
0.0290397, 2;
0.0295607, 2;
0.0303479, 2;
0.02924, 2;
0.0295492, 2;
0.029544, 2;
0.0295447, 2;
0.0295472, 2;
0.029569, 2;
0.0295389, 2;
0.0295408, 2;
0.0295408, 2;
0.0295453, 2;
0.029544, 2;
0.0295498, 2;
0.029546, 2;
0.0295492, 2;
0.0295453, 2;
0.0295492, 2;
0.0295716, 2;
0.0290231, 2;
0.0295511, 2;
0.0295594, 2;
0.0295223, 2;
0.0295453, 2;
0.0295543, 2;
0.0295466, 2;
0.0295485, 2;
0.0295428, 2;
0.0295453, 2;
0.0295485, 2;
0.0295504, 2;
0.0295639, 2;
0.0290333, 2;
0.0295453, 2;
0.0295434, 2;
0.0295466, 2;
0.0295799, 2;
0.0295325, 2;
0.029528, 2;
0.0295479, 2;
0.0295511, 2;
0.0295408, 2;
0.0290736, 2;
0.0290192, 2;
0.0295447, 2;
0.0295472, 2;
0.0295492, 2;
0.0300644, 2;
0.0295415, 2;
0.0289328, 2;
0.0295293, 2;
0.029546, 2;
0.0295504, 2;
0.0295428, 2;
0.0295447, 2;
0.0295479, 2;
0.0295466, 2;
0.0295485, 2;
0.0295485, 2;
0.0295447, 2;
0.0297232, 2;
0.0288727, 2;
0.0295594, 2;
0.0295428, 2;
0.0295453, 2;
0.0290416, 2;
0.0295421, 2;
0.0295517, 2;
0.0295498, 2;
0.0290435, 2;
0.0295447, 2;
0.0295447, 2;
0.0295485, 2;
0.0285424, 2;
0.0295492, 2;
0.0295479, 2;
0.0295799, 2;
0.0290647, 2;
0.0289936, 2;
0.0295479, 2;
0.0295472, 2;
0.0295447, 2;
0.0295511, 2;
0.0295434, 2;
0.0295453, 2;
0.0295511, 2;
0.0295786, 2;
0.0295178, 2;
0.029576, 2;
0.029512, 2;
0.0290416, 2;
0.0295543, 2;
0.0300477, 2;
0.0300503, 2;
0.0300721, 2;
0.0290263, 2;
0.0295351, 2;
0.0295453, 2;
0.0290544, 2;
0.0295421, 2;
0.0295447, 2;
0.029546, 2;
0.0295492, 2;
0.0295517, 2;
0.0295517, 2;
0.0295466, 2;
0.029041, 2;
0.0295415, 2;
0.0295517, 2;
0.0295492, 2;
0.0295876, 2;
0.0296343, 2;
0.0294128, 2;
0.0290525, 2;
0.0295421, 2;
0.029546, 2;
0.0295485, 2;
0.0295517, 2;
0.0295396, 2;
0.029546, 2;
0.0295492, 2;
0.029546, 2;
0.0295472, 2;
0.029553, 2;
0.0295415, 2;
0.0295568, 2;
0.0295472, 2;
0.029546, 2;
0.0295543, 2;
0.0295306, 2;
0.0295472, 2;
0.0295492, 2;
0.0290506, 2;
0.0295376, 2;
0.0295511, 2;
0.0295479, 2;
0.0295421, 2;
0.0295562, 2;
0.0295556, 2;
0.0290288, 2;
0.0290467, 2;
0.0285469, 2;
0.0295511, 2;
0.0300465, 2;
0.029546, 2;
0.0293053, 2;
0.0292861, 2;
0.0295504, 2;
0.0295357, 2;
0.02956, 2;
0.0295408, 2;
0.0295479, 2;
0.02956, 2;
0.0295421, 2;
0.0290448, 2;
0.0295722, 2;
0.0290186, 2;
0.0295524, 2;
0.0295376, 2;
0.0295498, 2;
0.0295421, 2;
0.029553, 2;
0.0295549, 2;
0.0290352, 2;
0.0295453, 2;
0.0290455, 2;
0.0295498, 2;
0.0295472, 2;
0.0295472, 2;
0.0295492, 2;
0.0295402, 2;
0.0295504, 2;
0.0295549, 2;
0.0290429, 2;
0.0290416, 2;
0.0290423, 2;
0.0295466, 2;
0.0295485, 2;
0.0295504, 2;
0.0295549, 2;
0.0290416, 2;
0.0295434, 2;
0.0295447, 2;
0.0295479, 2;
0.0295447, 2;
0.0290448, 2;
0.0295703, 2;
0.0295741, 2;
0.0295088, 2;
0.029544, 2;
0.0290371, 2;
0.029546, 2;
0.0295492, 2;
0.0295466, 2;
0.0300503, 2;
0.0300484, 2;
0.0290506, 2;
0.0290397, 2;
0.0295536, 2;
0.029544, 2;
0.029546, 2;
0.0285424, 2;
0.0295453, 2;
0.0300497, 2;
0.029544, 2;
0.0298193, 2;
0.0287767, 2;
0.0290448, 2;
0.0295421, 2;
0.0295562, 2;
0.0295415, 2;
0.0290474, 2;
0.029544, 2;
0.0295805, 2;
0.0290147, 2;
0.0295485, 2;
0.029562, 2;
0.0300509, 2;
0.0295312, 2;
0.029546, 2;
0.0295485, 2;
0.0295428, 2;
0.0295498, 2;
0.0295421, 2;
0.0295498, 2;
0.0295428, 2;
0.0295517, 2;
0.0295466, 2;
0.0290455, 2;
0.029553, 2;
0.0295568, 2;
0.0295325, 2;
0.0295485, 2;
0.0295504, 2;
0.0290487, 2;
0.0295344, 2;
0.0295517, 2;
0.029546, 2;
0.0295511, 2;
0.0290397, 2;
0.0295479, 2;
0.0295447, 2;
0.02956, 2;
0.0295376, 2;
0.0295536, 2;
0.0290339, 2;
0.0285674, 2;
0.0291792, 2;
0.0299005, 2;
0.0295402, 2;
0.0295504, 2;
0.0295594, 2;
0.0295319, 2;
0.0295453, 2;
0.0295479, 2;
0.0295504, 2;
0.029544, 2;
0.0295453, 2;
0.0295472, 2;
0.0295536, 2;
0.0285386, 2;
0.0295517, 2;
0.029544, 2;
0.0290506, 2;
0.0295492, 2;
0.0290403, 2;
0.0300497, 2;
0.0295447, 2;
0.0295472, 2;
0.0295543, 2;
0.0290365, 2;
0.0295492, 2;
0.0295562, 2;
0.0290474, 2;
0.0295818, 2;
0.0290128, 2;
0.0295268, 2;
0.0295607, 2;
0.0295415, 2;
0.0295645, 2;
0.029025, 2;
0.0295722, 2;
0.0290263, 2;
0.0295415, 2;
0.0295472, 2;
0.0295696, 2;
0.0295229, 2;
0.0295472, 2;
0.0295472, 2;
0.029553, 2;
0.0285437, 2;
0.0295408, 2;
0.0295498, 2;
0.0290416, 2;
0.0295453, 2;
0.0295492, 2;
0.0295453, 2;
0.0290576, 2;
0.0285462, 2;
0.0295396, 2;
0.029546, 2;
0.0295472, 2;
0.0295549, 2;
0.0295485, 2;
0.0300458, 2;
0.0290359, 2;
0.0290461, 2;
0.0295524, 2;
0.0295645, 2;
0.0295248, 2;
0.0295511, 2;
0.0295543, 2;
0.029546, 2;
0.028545, 2;
0.029546, 2;
0.0290499, 2;
0.0295408, 2;
0.0290525, 2;
0.029544, 2;
0.0285424, 2;
0.0290519, 2;
0.0290621, 2;
0.0290282, 2;
0.0285462, 2;
0.0290666, 2;
0.0290275, 2;
0.0290429, 2;
0.0290487, 2;
0.0290442, 2;
0.0290576, 2;
0.029688, 2;
0.0293981, 2;
0.0295434, 2;
0.0290474, 2;
0.0290455, 2;
0.0290455, 2;
0.0285546, 2;
0.0289847, 2;
0.0290455, 2;
0.0290455, 2;
0.0290493, 2;
0.0295421, 2;
0.0295492, 2;
0.0290711, 2;
0.0295172, 2;
0.0295549, 2;
0.0290391, 2;
0.029048, 2;
0.0295517, 2;
0.0291997, 2;
0.0293943, 2;
0.0290455, 2;
0.0290391, 2;
0.0296452, 2;
0.0289507, 2;
0.0290499, 2;
0.0285853, 2;
0.0290154, 2;
0.0299818, 2;
0.0290954, 2;
0.0290538, 2;
0.0290448, 2;
0.0302231, 4;
0.029873, 4;
0.0290384, 4;
0.0290461, 4;
0.0290487, 4;
0.0290698, 4;
0.0290186, 4;
0.0290538, 4;
0.0295415, 4;
0.0290519, 4;
0.0290928, 4;
0.0292458, 4;
0.0292074, 4;
0.0295485, 4;
0.0290423, 4;
0.0290467, 4;
0.0290461, 4;
0.0290448, 4;
0.0290455, 4;
0.0290423, 4;
0.029096, 4;
0.0290051, 4;
0.0290506, 4;
0.0290352, 4;
0.0290467, 4;
0.0290474, 4;
0.029048, 4;
0.029057, 4;
0.0290455, 4;
0.0295364, 4;
0.0290461, 4;
0.0290531, 4;
0.0295383, 4;
0.0290467, 4;
0.0290576, 4;
0.0290359, 4;
0.0290448, 4;
0.0290461, 4;
0.0290455, 4;
0.0295549, 4;
0.0290551, 4;
0.0290282, 4;
0.0290474, 4;
0.0290442, 4;
0.0290499, 4;
0.0290455, 4;
0.0290499, 4;
0.0290704, 4;
0.0290179, 4;
0.0290391, 4;
0.0290506, 4;
0.0290487, 4;
0.0290461, 4;
0.0290448, 4;
0.0290499, 4;
0.0290423, 4;
0.0290487, 4;
0.0290461, 4;
0.0290448, 4;
0.0290544, 4;
0.0290448, 4;
0.0290403, 4;
0.0290781, 4;
0.0290186, 4;
0.0290819, 4;
0.0295044, 4;
0.0295517, 4;
0.0290416, 4;
0.0290474, 4;
0.0290519, 4;
0.0290384, 4;
0.0295492, 4;
0.0290442, 4;
0.0290467, 4;
0.0290487, 4;
0.029041, 4;
0.0290551, 4;
0.0295421, 4;
0.0290442, 4;
0.0295895, 4;
0.0290019, 4;
0.0295575, 4;
0.0295447, 4;
0.0295421, 4;
0.0290455, 4;
0.0290391, 4;
0.0290589, 4;
0.0290474, 4;
0.0290397, 4;
0.0290506, 4;
0.0295632, 2;
0.0294807, 2;
0.0295965, 2;
0.029096, 2;
0.0293629, 2;
0.0291811, 2;
0.0290403, 2;
0.0290474, 2;
0.029057, 2;
0.0295453, 2;
0.0290365, 2;
0.0295485, 2;
0.0290455, 2;
0.029544, 2;
0.0290583, 2;
0.0290359, 2;
0.029048, 2;
0.029073, 2;
0.0297348, 2;
0.0293328, 2;
0.0295645, 2;
0.0293898, 2;
0.0290487, 2;
0.0290442, 2;
0.0290467, 2;
0.0290448, 2;
0.029546, 2;
0.0295453, 2;
0.0290435, 2;
0.0290487, 2;
0.0290499, 2;
0.0290455, 2;
0.0290442, 2;
0.0290461, 2;
0.0298039, 2;
0.0292906, 2;
0.0290429, 2;
0.0290461, 2;
0.0295536, 2;
0.0295402, 2;
0.0290467, 2;
0.0290461, 2;
0.0295524, 2;
0.0291805, 2;
0.0294109, 2;
0.0290429, 2;
0.0290448, 2;
0.0295517, 2;
0.0296048, 2;
0.0289879, 2;
0.0292087, 2;
0.0294167, 2;
0.0295216, 2;
0.0290346, 2;
0.0290493, 2;
0.0290423, 2;
0.0291063, 2;
0.0289853, 2;
0.0290487, 2;
0.0290461, 2;
0.0290429, 2;
0.0290506, 2;
0.0290512, 2;
0.0290391, 2;
0.0290435, 2;
0.029057, 2;
0.0290986, 2;
0.029553, 2;
0.0289859, 2;
0.0295492, 2;
0.0295396, 2;
0.0290461, 2;
0.029048, 2;
0.0290435, 2;
0.0295511, 2;
0.0290442, 2;
0.0290442, 2;
0.0290461, 2;
0.029569, 2;
0.0295396, 2;
0.0290487, 2;
0.029064, 2;
0.0295133, 2;
0.029544, 2;
0.0290455, 2;
0.0290493, 2;
0.0290448, 2;
0.029544, 2;
0.0295485, 2;
0.0295415, 2;
0.0290512, 2;
0.0290474, 2;
0.0290493, 2;
0.0290442, 2;
0.0290512, 2;
0.0290461, 2;
0.0295402, 2;
0.0290608, 2;
0.029544, 2;
0.0290339, 2;
0.0290493, 2;
0.0290416, 2;
0.0290493, 2;
0.0290448, 2;
0.0290819, 2;
0.0290077, 2;
0.0295498, 2;
0.0295466, 2;
0.0295466, 2;
0.0290448, 2;
0.0290467, 2;
0.0290429, 2;
0.0295492, 2;
0.0285482, 2;
0.0295581, 2;
0.0285277, 2;
0.0290467, 2;
0.0290455, 2;
0.0295568, 2;
0.0290403, 2;
0.0290448, 2;
0.0290544, 2;
0.0290378, 2;
0.0300714, 3;
0.0295236, 3;
0.0290435, 3;
0.0295786, 3;
0.029521, 3;
0.0290634, 3;
0.0297264, 3;
0.0293565, 3;
0.0290359, 3;
0.0295504, 3;
0.0295472, 3;
0.0295428, 3;
0.0295511, 3;
0.029544, 3;
0.0295524, 3;
0.0297463, 3;
0.0293412, 3;
0.0295466, 3;
0.0295472, 3;
0.0290423, 3;
0.0295588, 3;
0.0295408, 3;
0.030049, 3;
0.0290653, 3;
0.0290275, 3;
0.029048, 3;
0.0290378, 3;
0.0295453, 3;
0.0295492, 3;
0.0295536, 3;
0.0295396, 3;
0.0295492, 3;
0.0295504, 3;
0.0295447, 3;
0.0295428, 3;
0.0295972, 3;
0.0295024, 3;
0.0295511, 3;
0.0300644, 3;
0.029521, 3;
0.0287536, 3;
0.0288387, 3;
0.0295421, 3;
0.0295632, 3;
0.0295543, 3;
0.0295274, 3;
0.0295511, 3;
0.0295466, 3;
0.029562, 3;
0.0290359, 3;
0.0295453, 3;
0.0295344, 3;
0.0295562, 3;
0.0295876, 3;
0.0295095, 3;
0.0295453, 3;
0.0295517, 3;
0.0300906, 3;
0.0289975, 3;
0.0290416, 3;
0.0295524, 3;
0.0295402, 3;
0.029578, 3;
0.0295165, 3;
0.0295485, 3;
0.0295485, 3;
0.0290493, 4;
0.0290602, 4;
0.0295274, 4;
0.0295536, 4;
0.0295472, 4;
0.0295492, 4;
0.0295408, 4;
0.0296311, 4;
0.0309796, 4;
0.0355609, 4;
0.0290346, 4;
0.029562, 4;
0.029528, 4;
0.0295517, 4;
0.0290474, 4;
0.0290435, 4;
0.0295466, 4;
0.0290461, 4;
0.0290461, 4;
0.0290423, 4;
0.030058, 4;
0.0290448, 4;
0.0295428, 4;
0.029048, 4;
0.0295492, 4;
0.0295703, 4;
0.0290179, 4;
0.0290423, 4;
0.0295524, 4;
0.0295402, 4;
0.0295524, 4;
0.0290442, 4;
0.0290461, 4;
0.0290499, 4;
0.0295428, 4;
0.0290557, 4;
0.0290474, 4;
0.0290403, 4;
0.0295428, 4;
0.029546, 4;
0.0290499, 4;
0.0295472, 4;
0.0295447, 4;
0.0295511, 4;
0.0290397, 4;
0.0290461, 4;
0.0295479, 4;
0.0290512, 4;
0.0290378, 4;
0.0290461, 4;
0.0295575, 4;
0.0295901, 4;
0.028993, 4;
0.0290749, 4;
0.029521, 4;
0.0295543, 4;
0.0290339, 4;
0.0290487, 4;
0.0290448, 4;
0.029825, 4;
0.0287677, 4;
0.029546, 4;
0.0291504, 4;
0.02945, 4;
0.029041, 4;
0.0290506, 4;
0.0290864, 4;
0.0290103, 4;
0.0300452, 4;
0.0291101, 4;
0.0294736, 4;
0.0295696, 4;
0.0295255, 4;
0.029544, 4;
0.0295524, 4;
0.0295543, 4;
0.0295421, 4;
0.0295428, 4;
0.0295466, 4;
0.0290448, 4;
0.0295453, 4;
0.0295472, 4;
0.0295447, 4;
0.0295511, 4;
0.0307914, 4;
0.0293117, 4;
0.0290333, 4;
0.0295396, 4;
0.0290493, 4;
0.0290743, 2;
0.029016, 2;
0.0290435, 2;
0.0290506, 2;
0.0295453, 2;
0.0300458, 2;
0.0290397, 2;
0.0290608, 2;
0.0290403, 2;
0.0290455, 2;
0.0290474, 2;
0.0290615, 2;
0.0295332, 2;
0.0300196, 2;
0.0290717, 2;
0.0295453, 2;
0.0295581, 2;
0.0295268, 2;
0.0295428, 2;
0.0290467, 2;
0.0290467, 2;
0.0300522, 2;
0.0295421, 2;
0.0295472, 2;
0.0295568, 2;
0.0290359, 2;
0.0295466, 2;
0.0295485, 2;
0.0296285, 2;
0.029882, 2;
0.0296554, 2;
0.0290167, 2;
0.0295485, 2;
0.0295549, 2;
0.0295389, 2;
0.0295498, 2;
0.0290442, 2;
0.0290467, 2;
0.0290467, 2;
0.0290423, 2;
0.0295524, 2;
0.0290531, 2;
0.0290352, 2;
0.0290615, 2;
0.0295466, 2;
0.0295357, 2;
0.029217, 2;
0.0288835, 2;
0.0295434, 3;
0.0290474, 3;
0.0295389, 3;
0.0295479, 3;
0.0295453, 3;
0.0295472, 3;
0.0295479, 3;
0.0295479, 3;
0.0295524, 3;
0.0290365, 3;
0.0295472, 3;
0.0295524, 3;
0.0290397, 3;
0.0300497, 3;
0.0290474, 3;
0.028545, 3;
0.0290403, 3;
0.0295498, 3;
0.0290467, 3;
0.0295453, 3;
0.0295504, 3;
0.0295408, 3;
0.0295492, 3;
0.0295466, 3;
0.0295524, 3;
0.0295447, 3;
0.0295479, 3;
0.02956, 3;
0.0295402, 3;
0.0295472, 3;
0.0290435, 3;
0.0295421, 3;
0.0296132, 3;
0.028984, 3;
0.0295421, 3;
0.0295485, 3;
0.029546, 3;
0.029546, 3;
0.0295594, 3;
0.0295357, 3;
0.0295447, 3;
0.0290487, 3;
0.0296189, 3;
0.0289731, 3;
0.0295504, 3;
0.0290416, 3;
0.0295453, 3;
0.0285437, 3;
0.0290512, 3;
0.029546, 3;
0.0295972, 3;
0.0289968, 3;
0.0295485, 3;
0.0300465, 3;
0.0290423, 3;
0.0295517, 3;
0.0295434, 3;
0.0295492, 3;
0.0295447, 3;
0.0290499, 3;
0.0295613, 3;
0.0295319, 3;
0.0295479, 3;
0.0295453, 3;
0.0295447, 3;
0.0290986, 3;
0.0294999, 3;
0.0295511, 3;
0.0295415, 3;
0.0290666, 3;
0.0295268, 3;
0.0295485, 3;
0.0295434, 3;
0.0295485, 3;
0.0295671, 3;
0.0295492, 3;
0.0290365, 3;
0.0295408, 3;
0.0290467, 3;
0.0295383, 3;
0.029544, 3;
0.0290506, 3;
0.0295447, 3;
0.0295536, 3;
0.0295658, 3;
0.029025, 3;
0.0295556, 4;
0.0290493, 4;
0.029032, 4;
0.0295453, 4;
0.0290487, 4;
0.0325291, 4;
0.0291818, 4;
0.0294621, 4;
0.0315627, 4;
0.0290019, 4;
0.0295543, 4;
0.0295492, 4;
0.0290461, 4;
0.0295383, 4;
0.0295517, 4;
0.0295568, 4;
0.0295364, 4;
0.0295434, 4;
0.0295472, 4;
0.0290455, 4;
0.0295498, 4;
0.0295453, 4;
0.0296029, 4;
0.029009, 4;
0.0295268, 4;
0.0295466, 4;
0.0295479, 4;
0.0295485, 4;
0.0295684, 4;
0.0295229, 4;
0.0295479, 4;
0.0295498, 4;
0.0295677, 4;
0.0290397, 4;
0.0295293, 4;
0.0295466, 4;
0.0295466, 4;
0.0295498, 4;
0.0295504, 4;
0.0295402, 4;
0.029546, 4;
0.0295485, 4;
0.0295511, 4;
0.0295434, 4;
0.0295485, 4;
0.0295447, 4;
0.0290512, 4;
0.0295383, 4;
0.0295888, 4;
0.0296394, 4;
0.0299146, 4;
0.0295524, 4;
0.0295421, 4;
0.029546, 4;
0.0295517, 4;
0.0290442, 4;
0.0300445, 4;
0.0295536, 4;
0.0290519, 4;
0.0295338, 4;
0.0295447, 4;
0.0295504, 4;
0.0295485, 4;
0.0295869, 4;
0.0295012, 4;
0.0295479, 4;
0.0295543, 4;
0.029544, 4;
0.029544, 4;
0.0295492, 4;
0.0295568, 4;
0.0295344, 4;
0.0295492, 4;
0.029544, 4;
0.02956, 4;
0.0290365, 4;
0.0300586, 4;
0.0295344, 4;
0.0295453, 4;
0.0295472, 4;
0.0295581, 4;
0.0290333, 4;
0.0295652, 4;
0.0296228, 4;
0.0294628, 4;
0.029544, 4;
0.0295428, 4;
0.0295805, 4;
0.0290083, 4;
0.0285501, 4;
0.0290659, 4;
0.029544, 4;
0.0295421, 4;
0.0295351, 4;
0.0295492, 4;
0.0295428, 4;
0.0295472, 4;
0.0295511, 4;
0.0285379, 4;
0.029048, 4;
0.0292093, 4;
0.029386, 4;
0.028561, 4;
0.0291107, 4;
0.0289725, 4;
0.0290339, 4;
0.0290691, 2;
0.0295453, 2;
0.0290282, 2;
0.0290429, 2;
0.0295536, 2;
0.029041, 2;
0.0290474, 2;
0.0290461, 2;
0.0295524, 2;
0.0290595, 2;
0.0290359, 2;
0.0290423, 2;
0.0295415, 2;
0.0295581, 2;
0.0295408, 2;
0.0290461, 2;
0.0290403, 2;
0.0295492, 2;
0.0290474, 2;
0.0290455, 2;
0.0285443, 2;
0.0290467, 2;
0.0290455, 2;
0.028545, 2;
0.0285475, 2;
0.0290429, 2;
0.0295479, 2;
0.0290512, 2;
0.029064, 2;
0.0290282, 2;
0.0290493, 2;
0.0290474, 2;
0.0295376, 2;
0.0290467, 2;
0.029048, 2;
0.0290455, 2;
0.0290506, 2;
0.0290672, 2;
0.0290263, 2;
0.0290429, 2;
0.0290435, 2;
0.0290506, 2;
0.0290429, 2;
0.029544, 2;
0.0290531, 2;
0.0300804, 2;
0.0295172, 2;
0.0290519, 2;
0.0295357, 2;
0.0290429, 2;
0.0295466, 2;
0.0290474, 2;
0.0290442, 2;
0.0290512, 2;
0.0290531, 2;
0.0290346, 2;
0.0295466, 2;
0.0295466, 2;
0.0290487, 2;
0.029048, 2;
0.0295517, 2;
0.0311185, 2;
0.0289725, 2;
0.0290557, 2;
0.0290525, 2;
0.0290243, 2;
0.0290455, 2;
0.0290679, 2;
0.0290269, 2;
0.0285418, 2;
0.0290557, 2;
0.029089, 2;
0.0294948, 2;
0.0290531, 2;
0.0290384, 2;
0.0295479, 2;
0.0290461, 2;
0.0298116, 2;
0.0292439, 2;
0.029048, 2;
0.0290461, 2;
0.0295396, 2;
0.0290499, 2;
0.0290455, 2;
0.0295613, 2;
0.0290307, 2;
0.0285482, 2;
0.029544, 2;
0.0290448, 2;
0.0290435, 2;
0.0295741, 2;
0.029025, 2;
0.0290442, 2;
0.0290512, 2;
0.0296349, 2;
0.0289591, 2;
0.0290698, 2;
0.0295255, 2;
0.0295396, 2;
0.0290455, 2;
0.028543, 2;
0.0290474, 2;
0.0290672, 2;
0.029025, 2;
0.0290474, 2;
0.029048, 2;
0.0295837, 2;
0.0290135, 2;
0.0290397, 2;
0.0290442, 2;
0.0290506, 2;
0.0295453, 2;
0.0290429, 2;
0.0290615, 2;
0.0291293, 3;
0.0294589, 3;
0.0290359, 3;
0.0290448, 3;
0.0290519, 3;
0.0290493, 3;
0.0285354, 3;
0.0290467, 3;
0.0290525, 3;
0.0290467, 3;
0.0290403, 3;
0.029048, 3;
0.029048, 3;
0.0290557, 3;
0.0295338, 3;
0.0290448, 3;
0.0295575, 3;
0.0295933, 3;
0.0289885, 3;
0.0290461, 3;
0.0290499, 3;
0.0290455, 3;
0.0290467, 3;
0.0290915, 3;
0.0290007, 3;
0.0290474, 3;
0.0290455, 3;
0.0295453, 3;
0.029048, 3;
0.0290493, 3;
0.0290685, 3;
0.0290167, 3;
0.0290474, 3;
0.0290416, 3;
0.0295498, 3;
0.0290455, 3;
0.0295504, 3;
0.0290435, 3;
0.0290493, 3;
0.0290493, 3;
0.0290442, 3;
0.0290423, 3;
0.0290474, 3;
0.0290519, 3;
0.0295524, 3;
0.0290461, 3;
0.0290333, 3;
0.0290435, 3;
0.0290659, 3;
0.0290295, 3;
0.0290506, 3;
0.0295568, 3;
0.0295421, 3;
0.029537, 3;
0.0290467, 3;
0.0290461, 3;
0.0290455, 3;
0.0290512, 3;
0.0290845, 3;
0.0290026, 3;
0.0290512, 3;
0.0295639, 3;
0.0300401, 3;
0.0295338, 3;
0.0290448, 3;
0.0295447, 3;
0.0290467, 3;
0.0290442, 3;
0.0290493, 3;
0.0290576, 3;
0.0290384, 3;
0.0290391, 3;
0.0290467, 3;
0.0295492, 3;
0.0290506, 3;
0.0290525, 3;
0.029041, 3;
0.0290531, 3;
0.029032, 3;
0.0295511, 3;
0.0290435, 3;
0.0295492, 3;
0.0295479, 3;
0.0290429, 4;
0.0295543, 4;
0.0290346, 4;
0.0290608, 4;
0.0295306, 4;
0.0290762, 4;
0.0290224, 4;
0.0290493, 4;
0.0295434, 4;
0.0290493, 4;
0.0347865, 4;
0.0297725, 4;
0.0295594, 4;
0.0290333, 4;
0.029048, 4;
0.0290467, 4;
0.0290455, 4;
0.0290487, 4;
0.0295428, 4;
0.0290487, 4;
0.0290557, 4;
0.0295364, 4;
0.0290448, 4;
0.0290461, 4;
0.0290474, 4;
0.0295472, 4;
0.0290672, 4;
0.0290435, 4;
0.0290461, 4;
0.0295709, 4;
0.0289975, 4;
0.0295549, 4;
0.0290531, 4;
0.0290448, 4;
0.0290397, 4;
0.0290429, 4;
0.0290544, 4;
0.0290928, 4;
0.0294935, 4;
0.0290429, 4;
0.0290448, 4;
0.0290474, 4;
0.0290455, 4;
0.0291306, 4;
0.0294224, 4;
0.0290531, 4;
0.0296343, 4;
0.0289501, 4;
0.0290442, 4;
0.0290461, 4;
0.029048, 4;
0.0290499, 4;
0.0290403, 4;
0.029048, 4;
0.0290448, 4;
0.0295568, 4;
0.0290371, 4;
0.0290499, 4;
0.0290583, 4;
0.0291632, 4;
0.0289168, 4;
0.029048, 4;
0.0290448, 4;
0.0295498, 4;
0.0290295, 4;
0.0290474, 4;
0.029048, 4;
0.0295428, 4;
0.0290519, 4;
0.0290858, 4;
0.0290039, 4;
0.0290467, 4;
0.0295492, 4;
0.0295504, 4;
0.0290391, 4;
0.0290455, 4;
0.029562, 4;
0.029041, 4;
0.0295524, 4;
0.0290301, 4;
0.0295517, 4;
0.0295415, 4;
0.0290525, 4;
0.0290403, 4;
0.0295485, 4;
0.029041, 4;
0.0290531, 4;
0.0290442, 4;
0.0290455, 4;
0.0285494, 4;
0.0290519, 2;
0.0290704, 2;
0.0295261, 2;
0.0290371, 2;
0.0290461, 2;
0.0295402, 2;
0.0295517, 2;
0.029544, 2;
0.0295434, 2;
0.029048, 2;
0.0290467, 2;
0.0290403, 2;
0.0290563, 2;
0.0290403, 2;
0.0295479, 2;
0.0302135, 2;
0.0294052, 2;
0.0295242, 2;
0.0290493, 2;
0.0295383, 2;
0.02961, 2;
0.0294941, 2;
0.0295383, 2;
0.0290467, 2;
0.0291901, 2;
0.0294026, 2;
0.0290442, 2;
0.0290512, 2;
0.029544, 2;
0.0290429, 2;
0.0290551, 2;
0.029041, 2;
0.0290691, 2;
0.0290435, 2;
0.0295268, 4;
0.0379718, 9;
0.026127, 9;
0.025542, 9;
0.0255426, 9;
0.0255375, 9;
0.0255413, 9;
0.0255426, 9;
0.0255388, 9;
0.0255535, 9;
0.0255234, 9;
0.0255522, 9;
0.0255273, 9;
0.0255407, 9;
0.0255503, 9;
0.0255612, 9;
0.0255145, 9;
0.0255375, 9;
0.0256348, 9;
0.0254556, 9;
0.0255337, 9;
0.0255369, 9;
0.0255509, 9;
0.0255343, 9;
0.0255426, 9;
0.0255369, 9;
0.0255401, 9;
0.0255401, 9;
0.0255503, 9;
0.0255305, 9;
0.0255445, 9;
0.0255343, 9;
0.0255394, 9;
0.0255477, 9;
0.0255567, 9;
0.025526, 9;
0.0255407, 9;
0.0255445, 9;
0.0255362, 9;
0.0255375, 9;
0.0255593, 9;
0.0256732, 9;
0.0259004, 9;
0.0255388, 9;
0.0255394, 9;
0.0255484, 9;
0.0255343, 9;
0.0255426, 9;
0.0255362, 9;
0.025542, 9;
0.0255413, 9;
0.0255401, 9;
0.025542, 9;
0.0255394, 9;
0.025549, 9;
0.0265404, 9;
0.0255465, 9;
0.0255311, 9;
0.0255394, 9;
0.0255413, 9;
0.0255407, 9;
0.0255413, 9;
0.0255401, 9;
0.0255381, 9;
0.0255375, 9;
0.0255113, 9;
0.0255439, 9;
0.0255503, 9;
0.0255279, 9;
0.0260386, 9;
0.0255484, 9;
0.0255465, 9;
0.0255401, 9;
0.0255349, 9;
0.0255413, 9;
0.0255785, 9;
0.0255081, 9;
0.025533, 9;
0.0255618, 9;
0.0255196, 9;
0.0255413, 9;
0.025542, 9;
0.0255388, 9;
0.0255369, 9;
0.0256117, 9;
0.0254665, 9;
0.025549, 9;
0.025533, 9;
0.0255401, 9;
0.0255433, 9;
0.0255439, 9;
0.0255573, 9;
0.0255253, 9;
0.0255369, 9;
0.0255375, 9;
0.0255407, 9;
0.0255445, 9;
0.0255407, 9;
0.0255439, 9;
0.0255317, 9;
0.0255426, 9;
0.0255362, 9;
0.0255413, 9;
0.0255407, 9;
0.0255452, 9;
0.0255388, 9;
0.0256233, 9;
0.0254601, 9;
0.0255433, 9;
0.0255445, 9;
0.0260553, 9;
0.0255157, 9;
0.0255452, 9;
0.0255381, 9;
0.0255394, 9;
0.0255503, 9;
0.0255369, 9;
0.0260342, 9;
0.0255426, 9;
0.0255401, 9;
0.0255407, 9;
0.0255401, 9;
0.0255407, 9;
0.0255445, 9;
0.025542, 9;
0.0255375, 9;
0.0255426, 9;
0.0257634, 9;
0.0273116, 9;
0.0255439, 9;
0.0255471, 9;
0.0255337, 9;
0.0255625, 9;
0.0255234, 9;
0.0255362, 9;
0.025542, 9;
0.0255484, 9;
0.0255356, 9;
0.0255362, 9;
0.0255433, 9;
0.0255375, 9;
0.0255433, 9;
0.0256866, 9;
0.0253993, 9;
0.0260393, 9;
0.0255381, 9;
0.0255458, 9;
0.0255349, 9;
0.0255394, 9;
0.0255407, 9;
0.0255452, 9;
0.0255362, 9;
0.0255381, 9;
0.0255561, 9;
0.0255311, 9;
0.0255388, 9;
0.0255433, 9;
0.0255337, 9;
0.0255381, 9;
0.0255068, 9;
0.0255388, 9;
0.0255477, 9;
0.0255388, 9;
0.0255567, 9;
0.0255324, 9;
0.0255522, 9;
0.0265731, 9;
0.0254869, 9;
0.0255394, 9;
0.0255413, 9;
0.0255413, 9;
0.0255413, 9;
0.0255465, 9;
0.0255337, 9;
0.0255413, 9;
0.0255413, 9;
0.0255343, 9;
0.0255516, 9;
0.0255554, 9;
0.0255471, 9;
0.0255106, 9;
0.0255413, 9;
0.0255401, 9;
0.0255433, 9;
0.0255388, 9;
0.0255573, 9;
0.0255221, 9;
0.0255394, 9;
0.0255413, 9;
0.0255394, 9;
0.0255484, 9;
0.0255388, 9;
0.0255343, 9;
0.025542, 9;
0.0255369, 9;
0.0255413, 9;
0.0260438, 9;
0.0255452, 9;
0.0255343, 9;
0.0255791, 9;
0.0255228, 9;
0.0255177, 9;
0.0255381, 9;
0.0255484, 9;
0.0255829, 9;
0.0254959, 9;
0.0255394, 9;
0.0255465, 9;
0.0255343, 9;
0.0255426, 9;
0.0255394, 9;
0.0255394, 9;
0.0255522, 9;
0.0255586, 9;
0.0260265, 9;
0.0255279, 9;
0.0255388, 9;
0.025542, 9;
0.0255343, 9;
0.0255426, 9;
0.0255369, 9;
0.025542, 9;
0.0255388, 9;
0.0255541, 9;
0.026031, 9;
0.0255413, 9;
0.0255375, 9;
0.0255413, 9;
0.0255433, 9;
0.0255381, 9;
0.0255413, 9;
0.0255394, 9;
0.0260514, 9;
0.0255362, 9;
