0.0153355, 6;
0.0155777, 6;
0.0157699, 6;
0.01576, 6;
0.0162191, 6;
0.0158883, 6;
0.0172575, 6;
0.0126054, 6;
0.0157413, 6;
0.0161135, 6;
0.0150114, 6;
0.0160811, 6;
0.0149311, 6;
0.0148794, 6;
0.0149206, 6;
0.0150418, 6;
0.0157833, 6;
0.015407, 6;
0.0156624, 6;
0.0169026, 6;
0.0150497, 6;
0.0148942, 6;
0.0148458, 6;
0.0149129, 6;
0.031139, 6;
0.0149731, 6;
0.0158381, 6;
0.0150108, 6;
0.0152848, 6;
0.0156731, 6;
0.0159345, 6;
0.018913, 6;
0.0151326, 6;
0.0137963, 6;
0.0168184, 6;
0.0149291, 6;
0.0161691, 6;
0.0149247, 6;
0.01608, 6;
0.014903, 6;
0.0148649, 6;
0.015961, 6;
0.0151226, 6;
0.0160579, 6;
0.0150456, 6;
0.0158642, 6;
0.0153178, 6;
0.0156342, 6;
0.0155125, 6;
0.0161469, 6;
0.0149757, 6;
0.0148169, 6;
0.0150124, 6;
0.0149859, 6;
0.0161732, 6;
0.0160028, 6;
0.0158839, 6;
0.0157019, 6;
0.0149799, 6;
0.0156907, 6;
0.0164835, 6;
0.0171491, 6;
0.0126545, 6;
0.0191373, 6;
0.0118129, 6;
0.0159269, 6;
0.0164698, 6;
0.0145832, 6;
0.0159199, 6;
0.0160303, 6;
0.0159576, 6;
0.0147513, 6;
0.0147591, 6;
0.0150676, 6;
0.0166473, 6;
0.0139575, 6;
0.016142, 6;
0.0154061, 6;
0.0156161, 6;
0.0152461, 6;
0.0160105, 6;
0.0159203, 6;
0.0148701, 6;
0.0153551, 6;
0.0158506, 6;
0.0157639, 6;
0.0160852, 6;
0.0149256, 6;
0.0152952, 6;
0.0157196, 6;
0.0295069, 6;
0.0160874, 6;
0.0160665, 6;
0.0159884, 6;
0.0159455, 6;
0.0159419, 6;
0.0159663, 6;
0.0162316, 6;
0.0148396, 6;
0.0148947, 6;
0.016135, 6;
0.0151112, 6;
0.0161551, 6;
0.0149319, 6;
0.0150741, 6;
0.0152622, 6;
0.0159941, 6;
0.0149226, 6;
0.0149555, 6;
0.0159616, 6;
0.0149751, 6;
0.0151021, 6;
0.0159219, 6;
0.0150846, 6;
0.0151449, 6;
0.0152071, 6;
0.0164626, 6;
0.0148031, 6;
0.0156414, 6;
0.0153359, 6;
0.0159734, 6;
0.0149854, 6;
0.0148581, 6;
0.0150004, 6;
0.0160145, 6;
0.0150043, 6;
0.0148884, 6;
0.0152318, 6;
0.0158722, 6;
0.0148567, 6;
0.0163479, 6;
0.0166788, 6;
0.0149994, 6;
0.0136768, 6;
0.0151891, 6;
0.0156838, 6;
0.0149712, 6;
0.015889, 6;
0.0159912, 6;
0.0154905, 6;
0.0157737, 6;
0.01592, 6;
0.0141611, 6;
0.0159686, 6;
0.0160824, 6;
0.0139516, 6;
0.0160411, 6;
0.015919, 6;
0.0160127, 6;
0.0160907, 6;
0.0155226, 6;
0.015855, 6;
0.0160911, 6;
0.0154563, 6;
0.0160713, 6;
0.0156417, 6;
0.0159628, 6;
0.015411, 6;
0.0170759, 6;
0.0132043, 6;
0.0156068, 6;
0.0159454, 6;
0.0159328, 6;
0.014902, 6;
0.0151532, 6;
0.0148362, 6;
0.0152727, 6;
0.0159241, 6;
0.0156483, 6;
0.0142646, 6;
0.0155106, 6;
0.0151601, 6;
0.0159412, 6;
0.0155703, 6;
0.0153467, 6;
0.0149661, 6;
0.0149571, 6;
0.0155679, 6;
0.0156239, 6;
0.0157856, 6;
0.0160118, 6;
0.0160582, 6;
0.0159879, 6;
0.0152243, 6;
0.0156881, 6;
0.0160461, 6;
0.0146798, 6;
0.015155, 6;
0.0157676, 6;
0.015969, 6;
0.0150118, 6;
0.015024, 6;
0.0150132, 6;
0.0159925, 6;
0.0148766, 6;
0.016638, 6;
0.014446, 6;
0.0152512, 6;
0.0159413, 6;
0.0192524, 6;
0.012013, 6;
0.0152482, 6;
0.0157412, 6;
0.0159589, 6;
0.0161075, 6;
0.0151805, 6;
0.015486, 6;
0.0159793, 6;
0.0155133, 6;
0.0155086, 6;
0.0152307, 6;
0.0175103, 6;
0.0130775, 6;
0.0151133, 6;
0.0166786, 6;
0.0152286, 6;
0.014906, 6;
0.0152892, 6;
0.0158551, 6;
0.0148076, 6;
0.0148263, 6;
0.0149614, 6;
0.014832, 6;
0.0150307, 6;
0.0159013, 6;
0.0156499, 6;
0.0171541, 6;
0.0137818, 6;
0.0156168, 6;
0.015108, 6;
0.0156851, 6;
0.0160188, 6;
0.016396, 6;
0.0155737, 6;
0.0151596, 6;
0.0146683, 6;
0.0162737, 6;
0.0137598, 6;
0.017934, 6;
0.0135969, 6;
0.0152389, 6;
0.016061, 6;
0.0157213, 6;
0.0160254, 6;
0.0160771, 6;
0.0149805, 6;
0.0148452, 6;
0.0160828, 6;
0.0155049, 6;
0.0152205, 6;
0.0147711, 6;
0.0157555, 6;
0.0149758, 6;
0.0167275, 6;
0.0140999, 6;
0.0152198, 6;
0.0151738, 6;
0.0160639, 6;
0.016092, 6;
0.0160746, 6;
0.0159527, 6;
0.0155461, 6;
0.0153809, 6;
0.0172579, 6;
0.0137147, 6;
0.016594, 6;
0.0140945, 6;
0.0155471, 6;
0.0154553, 6;
0.0171556, 6;
0.0146199, 6;
0.0150275, 6;
0.0158907, 6;
0.0160542, 6;
0.0160114, 6;
0.0158571, 6;
0.0161362, 6;
0.0148938, 6;
0.014945, 6;
0.0161614, 6;
0.0157875, 6;
0.0157779, 6;
0.0150979, 6;
0.0157603, 6;
0.0159943, 6;
0.0158413, 6;
0.0152437, 6;
0.0148896, 6;
0.0149725, 6;
0.0160659, 6;
0.0151261, 6;
0.0149083, 6;
0.0159158, 6;
0.0147667, 6;
0.015039, 6;
0.0159344, 6;
0.0151313, 6;
0.0151943, 6;
0.0156839, 6;
0.0148549, 6;
0.0161264, 6;
0.0160439, 6;
0.0158304, 6;
0.0160217, 6;
0.0161591, 6;
0.015586, 6;
0.0163452, 6;
0.0147569, 6;
0.0157928, 6;
0.0159825, 6;
0.0160739, 6;
0.0159926, 6;
0.015792, 6;
0.0146592, 6;
0.0160842, 6;
0.0153251, 6;
0.0148306, 6;
0.0154804, 6;
0.0155018, 6;
0.0148704, 6;
0.015484, 6;
0.0154868, 6;
0.0159239, 6;
0.0159913, 6;
0.0159356, 6;
0.0159702, 6;
0.0148737, 6;
0.014929, 6;
0.0154041, 6;
0.0148961, 6;
0.0158392, 6;
0.0157088, 6;
0.0155683, 6;
0.0157171, 6;
0.0223583, 6;
0.0083249, 6;
0.0172028, 6;
0.0138432, 6;
0.0160825, 6;
0.0158947, 6;
0.0157513, 6;
0.0152478, 6;
0.0156815, 6;
0.0163369, 6;
0.0164058, 6;
0.0164457, 6;
0.0137454, 6;
0.0159077, 6;
0.0151582, 6;
0.0162085, 6;
0.0146091, 6;
0.0149143, 6;
0.016047, 6;
0.0151331, 6;
0.0147004, 6;
0.0152435, 6;
0.0162642, 6;
0.0150391, 6;
0.0152018, 6;
0.0159842, 6;
0.0160065, 6;
0.0154481, 6;
0.015605, 6;
0.015859, 6;
0.0154178, 6;
0.0155353, 6;
0.0161505, 6;
0.0158978, 6;
0.014792, 6;
0.0150642, 6;
0.0161284, 6;
0.0173682, 6;
0.0147954, 6;
0.0153164, 6;
0.0166578, 6;
0.015197, 6;
0.0149323, 6;
0.0151529, 6;
0.0159458, 6;
0.0161726, 6;
0.015803, 6;
0.0149464, 6;
0.0148383, 6;
0.0150359, 6;
0.015385, 6;
0.0156604, 6;
0.0159331, 6;
0.0159111, 6;
0.0176289, 6;
0.013132, 6;
0.0150395, 6;
0.0160006, 6;
0.0150728, 6;
0.0148255, 6;
0.0162749, 6;
0.0146932, 6;
0.0149082, 6;
0.0158651, 6;
0.0161388, 6;
0.0154282, 6;
0.0161662, 6;
0.0149119, 6;
0.0152192, 6;
0.0159013, 6;
0.0159603, 6;
0.016066, 6;
0.0158785, 6;
0.0159104, 6;
0.0159602, 6;
0.0160534, 6;
0.0159723, 6;
0.015486, 6;
0.0154787, 6;
0.0152491, 6;
0.0152237, 6;
0.0154073, 6;
0.0159621, 6;
0.016562, 6;
0.0153341, 6;
0.0164224, 6;
0.0136002, 6;
0.0157609, 6;
0.0152244, 6;
0.0157161, 6;
0.0149905, 6;
0.0152753, 6;
0.0158013, 6;
0.0163992, 6;
0.0144711, 6;
0.0140076, 6;
0.0159081, 6;
0.0166427, 6;
0.0141666, 6;
0.0149102, 6;
0.0150469, 6;
0.0149422, 6;
0.01523, 6;
0.0149988, 6;
0.0147571, 6;
0.0159705, 6;
0.0150302, 6;
0.0153203, 6;
0.0154514, 6;
0.0171489, 6;
0.0137533, 6;
0.0149611, 6;
0.0149649, 6;
0.0150415, 6;
0.0149494, 6;
0.0150022, 6;
0.0150255, 6;
0.0150153, 6;
0.0153377, 6;
0.0161574, 6;
0.0145287, 6;
0.0146917, 6;
0.0157267, 6;
0.0151735, 6;
0.0152319, 6;
0.0157859, 6;
0.0147744, 6;
0.0150123, 6;
0.0160805, 6;
0.0149589, 6;
0.0156328, 6;
0.0159373, 6;
0.0158068, 6;
0.0153958, 6;
0.016365, 6;
0.0155662, 6;
0.0149042, 6;
0.0149375, 6;
0.0160831, 6;
0.0147957, 6;
0.0150161, 6;
0.0153894, 6;
0.0156295, 6;
0.0155043, 6;
0.0153656, 6;
0.0173375, 6;
0.013476, 6;
0.0150909, 6;
0.0168233, 6;
0.0141476, 6;
0.0149988, 6;
0.0150668, 6;
0.0147801, 6;
0.0159342, 6;
0.0155507, 6;
0.0153338, 6;
0.0153338, 6;
0.0145698, 6;
0.0160207, 6;
0.0155589, 6;
0.0151126, 6;
0.0165568, 6;
0.0156853, 6;
0.0158988, 6;
0.0159021, 6;
0.0159892, 6;
0.0159315, 6;
0.0151578, 6;
0.0149197, 6;
0.0154935, 6;
0.0152871, 6;
0.0150949, 6;
0.0199135, 6;
0.0111352, 6;
0.0154321, 6;
0.015295, 6;
0.0161436, 6;
0.0158035, 6;
0.0149134, 6;
0.0150309, 6;
0.0146604, 6;
0.0150066, 6;
0.015939, 6;
0.0160567, 6;
0.0160993, 6;
0.0155485, 6;
0.0164791, 6;
0.016059, 6;
0.0141185, 6;
0.015598, 6;
0.0178864, 6;
0.0130389, 6;
0.0150104, 6;
0.0149991, 6;
0.0159889, 6;
0.0157982, 6;
0.0150961, 6;
0.0156141, 6;
0.0156887, 6;
0.0154163, 6;
0.0165929, 6;
0.0155676, 6;
0.0178418, 6;
0.0129177, 6;
0.0150693, 6;
0.0159467, 6;
0.0158095, 6;
0.016009, 6;
0.0158817, 6;
0.0159218, 6;
0.0159679, 6;
0.016101, 6;
0.0160161, 6;
0.0149219, 6;
0.0149182, 6;
0.0153367, 6;
0.0150834, 6;
0.0154453, 6;
0.0158903, 6;
0.0160551, 6;
0.0159373, 6;
0.015192, 6;
0.0146435, 6;
0.0149496, 6;
0.0149576, 6;
0.01507, 6;
0.0147143, 6;
0.0152362, 6;
0.0162745, 6;
0.0197063, 6;
0.0108211, 6;
0.0160139, 6;
0.0159729, 6;
0.0161012, 6;
0.0159302, 6;
0.0158287, 6;
0.016023, 6;
0.0160871, 6;
0.014806, 6;
0.0149151, 6;
0.0150319, 6;
0.0158015, 6;
0.015608, 6;
0.0159618, 6;
0.0160282, 6;
0.015252, 6;
0.0159813, 6;
0.0149833, 6;
0.0149656, 6;
0.0159611, 6;
0.014973, 6;
0.0149682, 6;
0.016004, 6;
0.0150135, 6;
0.0148774, 6;
0.015104, 6;
0.0149397, 6;
0.0164153, 6;
0.0143569, 6;
0.0149508, 6;
0.0149534, 6;
0.0149962, 6;
0.0159457, 6;
0.0159264, 6;
0.0159748, 6;
0.0160309, 6;
0.0160823, 6;
0.0145836, 6;
0.0152674, 6;
0.0160079, 6;
0.0152312, 6;
0.0154794, 6;
0.016023, 6;
0.015955, 6;
0.0159949, 6;
0.0159873, 6;
0.0157966, 6;
0.0159761, 6;
0.015982, 6;
0.0159857, 6;
0.0160596, 6;
0.0159347, 6;
0.0149389, 6;
0.0149804, 6;
0.01494, 6;
0.0149286, 6;
0.0156339, 6;
0.0154222, 6;
0.0150017, 6;
0.0149939, 6;
0.0157701, 6;
0.0159614, 6;
0.0159885, 6;
0.0159527, 6;
0.0159627, 6;
0.016033, 6;
0.0159251, 6;
0.0149572, 6;
0.01504, 6;
0.0159742, 6;
0.0160006, 6;
0.015948, 6;
0.0160011, 6;
0.0160094, 6;
0.0159518, 6;
0.0160001, 6;
0.0159875, 6;
0.0150027, 6;
0.015985, 6;
0.0149927, 6;
0.0149543, 6;
0.015992, 6;
0.0150021, 6;
0.0149778, 6;
0.0149911, 6;
0.0150288, 6;
0.0159579, 6;
0.0149953, 6;
0.0149709, 6;
0.0149993, 6;
0.0150709, 6;
0.014802, 6;
0.0150075, 6;
0.0160007, 6;
0.0149933, 6;
0.0149463, 6;
0.0149935, 6;
0.0151831, 6;
0.0158081, 6;
0.0150044, 6;
0.0150096, 6;
0.0149718, 6;
0.0150108, 6;
0.0159638, 6;
0.0159855, 6;
0.0159839, 6;
0.0159884, 6;
0.0159873, 6;
0.0150027, 6;
0.0159988, 6;
0.0149871, 6;
0.015157, 6;
0.0160367, 6;
0.0147681, 6;
0.0149781, 6;
0.0150174, 6;
0.0149656, 6;
0.0149848, 6;
0.0149899, 6;
0.0149923, 6;
0.0149818, 6;
0.014993, 6;
0.0150198, 6;
0.0149677, 6;
0.0150324, 6;
0.0159542, 6;
0.0162351, 6;
0.01575, 6;
0.0149752, 6;
0.0149682, 6;
0.0149964, 6;
0.014737, 6;
0.0156368, 6;
0.0152078, 6;
0.0165922, 6;
0.0152669, 6;
0.0151168, 6;
0.0155449, 6;
0.0228412, 6;
0.0098266, 6;
0.0287175, 6;
0.0168622, 6;
0.0163288, 6;
0.0159327, 6;
0.0142045, 6;
0.0158733, 6;
0.0150964, 6;
0.0155178, 6;
0.016256, 6;
0.0173014, 6;
0.0180233, 6;
0.0245695, 6;
0.028697, 6;
0.0128938, 6;
0.0094257, 6;
0.0151819, 6;
0.0162226, 6;
0.0153683, 6;
0.0153444, 6;
0.0155988, 6;
0.0155953, 6;
0.0154585, 6;
0.0160325, 6;
0.0168904, 6;
0.0174259, 6;
0.0120808, 6;
0.0380127, 6;
0.0091454, 6;
0.016018, 6;
0.0156218, 6;
0.015157, 6;
0.0157122, 6;
0.0154512, 6;
0.0158737, 6;
0.0156579, 6;
0.0155278, 6;
0.0158012, 6;
0.0200553, 6;
0.0128535, 6;
0.0228053, 6;
0.0077186, 6;
0.0137206, 6;
0.0200437, 6;
0.0110941, 6;
0.0160606, 6;
0.0156099, 6;
0.0154456, 6;
0.0155668, 6;
0.0153048, 6;
0.0151427, 6;
0.015085, 6;
0.015582, 6;
0.0176472, 6;
0.0141421, 6;
0.016299, 6;
0.0152407, 6;
0.0153832, 6;
0.0159347, 6;
0.0151369, 6;
0.0159754, 6;
0.0149175, 6;
0.0149907, 6;
0.0150533, 6;
0.0149689, 6;
0.01603, 6;
0.0165918, 6;
0.0153897, 6;
0.0139388, 6;
0.0160331, 6;
0.0176912, 6;
0.0142395, 6;
0.0150184, 6;
0.0160843, 6;
0.014879, 6;
0.0150263, 6;
0.0159655, 6;
0.0148278, 6;
0.0159985, 6;
0.0144977, 6;
0.0156249, 6;
0.0159644, 6;
0.0152039, 6;
0.0156242, 6;
0.0173335, 6;
0.0145682, 6;
0.0160831, 6;
0.0161606, 6;
0.0146638, 6;
0.0148857, 6;
0.0149323, 6;
0.015131, 6;
0.0159107, 6;
0.0151288, 6;
0.0147157, 6;
0.015351, 6;
0.0152937, 6;
0.0152366, 6;
0.015951, 6;
0.0153157, 6;
0.0156785, 6;
0.0161469, 6;
0.0158559, 6;
0.0150261, 6;
0.0149153, 6;
0.0161759, 6;
0.0157092, 6;
0.0149548, 6;
0.0159673, 6;
0.0158755, 6;
0.0148902, 6;
0.0152095, 6;
0.014801, 6;
0.0157161, 6;
0.0150203, 6;
0.0150079, 6;
0.0151071, 6;
0.0154016, 6;
0.0152774, 6;
0.0151903, 6;
0.0159505, 6;
0.014954, 6;
0.0160747, 6;
0.0138499, 6;
0.0157481, 6;
0.0151742, 6;
0.0153767, 6;
0.0157353, 6;
0.0159952, 6;
0.0159938, 6;
0.0160099, 6;
0.0157185, 6;
0.0157492, 6;
0.015186, 6;
0.0169728, 6;
0.0129005, 6;
0.0159802, 6;
0.0150024, 6;
0.0160896, 6;
0.0152861, 6;
0.0153269, 6;
0.0151287, 6;
0.0162589, 6;
0.0154607, 6;
0.0152961, 6;
0.0158424, 6;
0.0152405, 6;
0.0158085, 6;
0.0155905, 6;
0.015354, 6;
0.0178563, 6;
0.0145833, 6;
0.0154608, 6;
0.0155531, 6;
0.0149435, 6;
0.0150464, 6;
0.0160225, 6;
0.0159571, 6;
0.0160713, 6;
0.0160118, 6;
0.0159237, 6;
0.0160756, 6;
0.0148473, 6;
0.0170044, 6;
0.0148548, 6;
0.0159617, 6;
0.0149713, 6;
0.0150206, 6;
0.0157765, 6;
0.0150291, 6;
0.0151365, 6;
0.0148872, 6;
0.0145649, 6;
0.0159714, 6;
0.0152667, 6;
0.0159626, 6;
0.0160895, 6;
0.01598, 6;
0.0155824, 6;
0.0151847, 6;
0.0150037, 6;
0.0148763, 6;
0.0160272, 6;
0.0149533, 6;
0.0162486, 6;
0.0160111, 6;
0.0149281, 6;
0.0147076, 6;
0.016052, 6;
0.015936, 6;
0.0158421, 6;
0.0152461, 6;
0.0157397, 6;
0.0149252, 6;
0.0154862, 6;
0.0178254, 6;
0.0137654, 6;
0.0157814, 6;
0.0161292, 6;
0.0152734, 6;
0.0156199, 6;
0.0147953, 6;
0.0149368, 6;
0.015702, 6;
0.0152614, 6;
0.0159928, 6;
0.0160636, 6;
0.0159057, 6;
0.0157312, 6;
0.0156477, 6;
0.0157285, 6;
0.0156149, 6;
0.017875, 6;
0.0135949, 6;
0.0154384, 6;
0.0149428, 6;
0.0150459, 6;
0.0158018, 6;
0.0150617, 6;
0.016047, 6;
0.0159068, 6;
0.0158046, 6;
0.0150354, 6;
0.0156718, 1;
0.0159721, 1;
0.0213143, 1;
0.0125398, 1;
0.0151243, 1;
0.0144981, 1;
0.0274679, 1;
0.0200309, 1;
0.0129948, 1;
0.016092, 1;
0.0158448, 1;
0.0159259, 1;
0.0141488, 1;
0.0148788, 1;
0.0149791, 1;
0.0158378, 1;
0.0152776, 1;
0.0159578, 1;
0.0139791, 1;
0.0164646, 1;
0.0144666, 1;
0.0159804, 1;
0.0149299, 1;
0.0175831, 1;
0.0146392, 1;
0.0138058, 1;
0.0148924, 1;
0.0158514, 1;
0.0159679, 1;
0.0145231, 1;
0.015759, 1;
0.016973, 1;
0.0153899, 1;
0.0135112, 1;
0.015004, 1;
0.0158846, 1;
0.0189308, 1;
0.0111613, 1;
0.0150296, 1;
0.0150622, 1;
0.017213, 1;
0.0145816, 1;
0.0162978, 1;
0.0147284, 1;
0.0210746, 1;
0.0092732, 1;
0.0156631, 1;
0.0221817, 1;
0.0156722, 1;
0.0099203, 1;
0.0210716, 1;
0.0080354, 1;
0.0173317, 1;
0.0155508, 1;
0.0160261, 1;
0.0157752, 1;
0.0163747, 1;
0.0138805, 1;
0.0154633, 1;
0.0147771, 1;
0.0148357, 1;
0.0149081, 1;
0.0160475, 1;
0.0164384, 1;
0.0159616, 1;
0.015273, 1;
0.015195, 1;
0.0195885, 1;
0.0130316, 1;
0.0144453, 1;
0.0174547, 1;
0.0137934, 1;
0.0156916, 1;
0.0149929, 1;
0.0168722, 1;
0.015566, 1;
0.013569, 1;
0.0159867, 1;
0.0152028, 1;
0.0155614, 1;
0.0141368, 1;
0.0159835, 1;
0.0151682, 1;
0.0159533, 1;
0.0158632, 1;
0.0160103, 1;
0.0160282, 1;
0.0158326, 1;
0.0161061, 1;
0.0156044, 1;
0.0145197, 1;
0.0151118, 1;
0.0155913, 1;
0.0160305, 1;
0.0158244, 1;
0.0151832, 1;
0.0150884, 1;
0.0163016, 1;
0.0198504, 1;
0.0105191, 1;
0.0159084, 1;
0.0149976, 1;
0.0150773, 1;
0.0158477, 1;
0.0157669, 1;
0.0159696, 1;
0.0159682, 1;
0.0160146, 1;
0.0159186, 1;
0.0160079, 1;
0.0145347, 1;
0.0150228, 1;
0.0155565, 1;
0.0159486, 1;
0.0148082, 1;
0.0156312, 1;
0.0153392, 1;
0.0149114, 1;
0.015961, 1;
0.0161104, 1;
0.0158106, 1;
0.0149855, 1;
0.0149933, 1;
0.0148468, 1;
0.0149635, 1;
0.0151645, 1;
0.0147011, 1;
0.0156892, 1;
0.0153032, 1;
0.0159785, 1;
0.0151972, 1;
0.0152315, 1;
0.0149584, 1;
0.0154587, 1;
0.0159478, 1;
0.0155597, 1;
0.0151121, 1;
0.0159845, 1;
0.0151468, 1;
0.0161524, 1;
0.0158512, 1;
0.0158866, 1;
0.0161168, 1;
0.0154418, 1;
0.0159754, 1;
0.0199338, 1;
0.0136195, 1;
0.013897, 1;
0.0146673, 1;
0.0170708, 1;
0.0166323, 1;
0.0130837, 1;
0.0148171, 1;
0.0161196, 1;
0.0158894, 1;
0.0160077, 1;
0.0148888, 1;
0.0150748, 1;
0.0159474, 1;
0.0141501, 1;
0.0161158, 1;
0.0147677, 1;
0.0149797, 1;
0.0152256, 1;
0.0148983, 1;
0.0158084, 1;
0.015188, 1;
0.0148264, 1;
0.0153101, 1;
0.0156947, 1;
0.0150512, 1;
0.0156728, 1;
0.0146313, 1;
0.0145787, 1;
0.0192106, 1;
0.0118453, 1;
0.0149245, 1;
0.0282437, 1;
0.0207314, 1;
0.0131077, 1;
0.0158372, 1;
0.0163211, 1;
0.0136586, 1;
0.0163927, 1;
0.0147232, 1;
0.0157577, 1;
0.0151801, 1;
0.0151956, 1;
0.0155473, 1;
0.0144801, 1;
0.0159377, 1;
0.0158682, 1;
0.0315638, 2;
0.0292396, 2;
0.0317951, 2;
0.0302899, 2;
0.0308671, 2;
0.0321706, 2;
0.0456251, 2;
0.0291128, 2;
0.0311735, 2;
0.0298547, 2;
0.032115, 2;
0.0298356, 2;
0.0299361, 2;
0.0319562, 2;
0.0300059, 2;
0.0310643, 2;
0.0298748, 2;
0.0311665, 2;
0.03004, 2;
0.0308592, 2;
0.0306156, 2;
0.0310803, 2;
0.0300022, 2;
0.0309586, 2;
0.0299471, 2;
0.0300891, 2;
0.0314517, 2;
0.0314054, 2;
0.029916, 2;
0.0319261, 2;
0.0295635, 2;
0.0310893, 2;
0.0303009, 2;
0.0311668, 2;
0.0304419, 2;
0.0305507, 2;
0.0302881, 2;
0.0308844, 2;
0.029881, 2;
0.0309499, 2;
0.0319875, 2;
0.0306763, 2;
0.0302925, 2;
0.0298161, 2;
0.0298584, 2;
0.0300785, 2;
0.0308699, 2;
0.0314708, 2;
0.0311795, 2;
0.0308834, 2;
0.0300359, 2;
0.0300669, 2;
0.0319925, 2;
0.0298186, 2;
0.0309268, 2;
0.0303075, 2;
0.0333335, 2;
0.0441008, 2;
0.0319319, 2;
0.0305968, 2;
0.0314373, 2;
0.0295987, 2;
0.0315867, 2;
0.0300008, 2;
0.0300946, 2;
0.0320697, 2;
0.0318739, 2;
0.0309342, 2;
0.0305624, 2;
0.0314222, 2;
0.029866, 2;
0.0305751, 2;
0.0300428, 2;
0.0340508, 2;
0.0441601, 2;
0.0311617, 2;
0.0299284, 2;
0.0303319, 2;
0.0307914, 2;
0.0326758, 2;
0.0435002, 2;
0.0310295, 2;
0.0309426, 2;
0.0308195, 2;
0.0317916, 2;
0.0322153, 2;
0.0307976, 2;
0.0307531, 2;
0.0309876, 2;
0.0319487, 4;
0.0147632, 9;
0.015113, 9;
0.0162491, 9;
0.0158129, 9;
0.0150014, 9;
0.0179929, 9;
0.0126884, 9;
0.0151422, 9;
0.0162306, 9;
0.0151031, 9;
0.0146448, 9;
0.0159924, 9;
0.0154287, 9;
0.0145017, 9;
0.0159766, 9;
0.0152109, 9;
0.0154802, 9;
0.0159721, 9;
0.0161111, 9;
0.0160933, 9;
0.0172078, 9;
0.0134238, 9;
0.0154688, 9;
0.0206696, 9;
0.0112541, 9;
0.0151336, 9;
0.0159748, 9;
0.0152565, 9;
0.015972, 9;
0.0161547, 9;
0.0158699, 9;
0.0148987, 9;
0.0151837, 9;
0.016094, 9;
0.0148195, 9;
0.0171296, 9;
0.0128244, 9;
0.0156701, 9;
0.0154589, 9;
0.0151656, 9;
0.0153226, 9;
0.0160352, 9;
0.015963, 9;
0.016262, 9;
0.0158828, 9;
0.0147038, 9;
0.0158779, 9;
0.0157698, 9;
0.0158354, 9;
0.0147504, 9;
0.0156544, 9;
0.014896, 9;
0.0149347, 9;
0.0156977, 9;
0.0153473, 9;
0.016076, 9;
0.0158981, 9;
0.0148354, 9;
0.0162278, 9;
0.0147556, 9;
0.015342, 9;
0.0152448, 9;
0.0158273, 9;
0.015169, 9;
0.0152131, 9;
0.0167668, 9;
0.0140461, 9;
0.0162748, 9;
0.0146951, 9;
0.0150107, 9;
0.0159967, 9;
0.0149022, 9;
0.0149835, 9;
0.015366, 9;
0.0166723, 9;
0.0166408, 9;
0.0165932, 9;
0.0133026, 9;
0.0151498, 9;
0.0149156, 9;
0.014914, 9;
0.0157907, 9;
0.0152842, 9;
0.0159695, 9;
0.015936, 9;
0.0160227, 9;
0.0160392, 9;
0.0160562, 9;
0.016095, 9;
0.0145359, 9;
0.0160379, 9;
0.014033, 9;
0.0158322, 9;
0.0159876, 9;
0.0150514, 9;
0.0148453, 9;
0.0162858, 9;
0.0158714, 9;
0.0145493, 9;
0.0149192, 9;
0.0151507, 9;
0.0155816, 9;
0.0152351, 9;
0.0161464, 9;
0.016343, 9;
0.0135722, 9;
0.0150272, 9;
0.0159332, 9;
0.0159514, 9;
0.0152475, 9;
0.0151338, 9;
0.0149314, 9;
0.0154041, 9;
0.0163533, 9;
0.0145807, 9;
0.0161571, 9;
0.0136164, 9;
0.0156772, 9;
0.0143097, 9;
0.019814, 9;
0.0111055, 9;
0.0160297, 9;
0.0159988, 9;
0.0150057, 9;
0.0149044, 9;
0.0148987, 9;
0.0159607, 9;
0.015887, 9;
0.0159704, 9;
0.0160332, 9;
0.0151826, 9;
0.0158037, 9;
0.0150251, 9;
0.0158241, 9;
0.0150284, 9;
0.0149252, 9;
0.0153907, 9;
0.0145956, 9;
0.0161307, 9;
0.0157921, 9;
0.0151, 9;
0.0158145, 9;
0.016937, 9;
0.0142064, 9;
0.0159228, 9;
0.0148627, 9;
0.0149062, 9;
0.0148983, 9;
0.0156536, 9;
0.015965, 9;
0.0153503, 9;
0.0149203, 9;
0.0150536, 9;
0.0150249, 9;
0.0152544, 9;
0.0154421, 9;
0.0152107, 9;
0.0158215, 9;
0.0163571, 9;
0.015604, 9;
0.0147646, 9;
0.0160318, 9;
0.0150642, 9;
0.0148494, 9;
0.0149818, 9;
0.0148543, 9;
0.0161954, 9;
0.0157509, 9;
0.014068, 9;
0.0149477, 9;
0.0157764, 9;
0.0152159, 9;
0.0162576, 9;
0.0156073, 9;
0.0156368, 9;
0.0144999, 9;
0.0160078, 9;
0.0149925, 9;
0.0147316, 9;
0.0159586, 9;
0.0153379, 9;
0.0155961, 9;
0.0159308, 9;
0.0160205, 9;
0.0151672, 9;
0.0154074, 9;
0.015526, 9;
0.015442, 9;
0.0160077, 9;
0.0163995, 9;
0.0147026, 9;
0.0152635, 9;
0.0156988, 9;
0.0149359, 9;
0.0158787, 9;
0.0155098, 9;
0.0151421, 9;
0.016307, 9;
0.0152066, 9;
0.0163705, 9;
0.0161292, 9;
0.0174236, 9;
0.0140173, 9;
0.0160073, 9;
0.0147599, 9;
0.0148932, 9;
0.01605, 9;
0.0150677, 9;
0.0149579, 9;
0.0153738, 9;
0.0155106, 9;
0.0159102, 9;
0.0151019, 9;
0.0173879, 9;
0.0146106, 9;
0.0166338, 9;
0.0133523, 9;
0.0160363, 9;
0.0160318, 9;
0.0155429, 9;
0.0159657, 9;
0.016119, 9;
0.0160069, 9;
0.0158757, 9;
0.0160882, 9;
0.0149942, 9;
0.0155357, 9;
0.0149888, 9;
0.0148961, 9;
0.0152932, 9;
0.0160553, 9;
0.0157383, 9;
0.0159535, 9;
0.0160035, 9;
0.014935, 9;
0.0149264, 9;
0.0149393, 9;
0.0149651, 9;
0.0157959, 9;
0.0157379, 9;
0.0151607, 9;
0.0151495, 9;
0.016028, 9;
0.0159953, 9;
0.0158903, 9;
0.0150527, 9;
0.0149442, 9;
0.0148111, 9;
0.0156406, 9;
0.0154227, 9;
0.014967, 9;
0.0149808, 9;
0.0158013, 9;
0.0146273, 9;
0.0153347, 9;
0.01575, 9;
0.0161815, 9;
0.015894, 9;
0.0160279, 9;
0.0164111, 9;
0.0156044, 9;
0.0149041, 9;
0.015042, 9;
0.0146836, 9;
0.0153266, 9;
0.0150943, 9;
0.016438, 9;
0.0180487, 9;
0.0119274, 9;
0.0161164, 9;
0.0157791, 9;
0.0154695, 9;
0.0153971, 9;
0.0151015, 9;
0.0160014, 9;
0.0159893, 9;
0.0159469, 9;
0.0160818, 9;
0.0156687, 9;
0.0158674, 9;
0.0163186, 9;
0.0147697, 9;
0.0154359, 9;
0.015273, 9;
0.015403, 9;
0.0156957, 9;
0.0149672, 9;
0.0149334, 9;
0.0153439, 9;
0.0146213, 9;
0.016171, 9;
0.0149754, 9;
0.0154242, 9;
0.0153759, 9;
0.0172043, 9;
0.0141318, 9;
0.0160355, 9;
0.01604, 9;
0.015326, 9;
0.0151406, 9;
0.0159159, 9;
0.0149007, 9;
0.0148695, 9;
0.015088, 9;
0.0149476, 9;
0.0173708, 9;
0.0147082, 9;
0.0147955, 9;
0.0159775, 9;
0.0153492, 9;
0.0163752, 9;
0.0157173, 9;
0.0148304, 9;
0.0150267, 9;
0.0154159, 9;
0.015917, 9;
0.0161256, 9;
0.0159898, 9;
0.0161056, 9;
0.0158816, 9;
0.014764, 9;
0.0167021, 9;
0.0132351, 9;
0.0160793, 9;
0.0155754, 9;
0.0151919, 9;
0.0160513, 9;
0.0166037, 9;
0.0153464, 9;
0.0160478, 9;
0.015886, 9;
0.0149202, 9;
0.0148938, 9;
0.0151086, 9;
0.0154047, 9;
0.0157635, 9;
0.0149389, 9;
0.0158935, 9;
0.015554, 9;
0.0156176, 9;
0.0153127, 9;
0.0150459, 9;
0.0160652, 9;
0.0158995, 9;
0.0149143, 9;
0.0151255, 9;
0.0148993, 9;
0.0153245, 9;
0.016115, 9;
0.0144191, 9;
0.0159178, 9;
0.0155821, 9;
0.0175088, 9;
0.013701, 9;
0.0152018, 9;
0.0156535, 9;
0.0149775, 9;
0.0156431, 9;
0.0155252, 9;
0.0149014, 9;
0.0154533, 9;
0.0154634, 9;
0.0150622, 9;
0.0159711, 9;
0.0152071, 9;
0.0160159, 9;
0.0155979, 9;
0.0145661, 9;
0.0153397, 9;
0.0165234, 9;
0.0148067, 9;
0.0154299, 9;
0.0159779, 9;
0.0156398, 9;
0.0153251, 9;
0.0150466, 9;
0.0159729, 9;
0.0159162, 9;
0.0159291, 9;
0.0154006, 9;
0.0158868, 9;
0.0167241, 9;
0.0137177, 9;
0.0159866, 9;
0.0150146, 9;
0.0149926, 9;
0.0160515, 9;
0.0148852, 9;
0.0149445, 9;
0.0164353, 9;
0.0145433, 9;
0.0148945, 9;
0.015923, 9;
0.0158039, 9;
0.0152944, 9;
0.0159254, 9;
0.0151948, 9;
0.0158804, 9;
0.0154716, 9;
0.0155129, 9;
0.0151211, 9;
0.0157668, 9;
0.0158074, 9;
0.0156525, 9;
0.0141508, 9;
0.0158829, 9;
0.0160948, 9;
0.0159169, 9;
0.0160142, 9;
0.0161178, 9;
0.0158022, 9;
0.0160156, 9;
0.0159986, 9;
0.0156839, 9;
0.0152389, 9;
0.0149269, 9;
0.0150002, 9;
0.0167973, 9;
0.0155608, 9;
0.0133874, 9;
0.014998, 9;
0.0154984, 9;
0.0144015, 9;
0.0149366, 9;
0.0150091, 9;
0.0149702, 9;
0.0150198, 9;
0.0153317, 9;
0.0147123, 9;
0.015304, 9;
0.015615, 9;
0.0158036, 9;
0.0162764, 9;
0.0152045, 9;
0.0155305, 9;
0.0158773, 9;
0.016008, 9;
0.016061, 9;
0.0157986, 9;
0.0159445, 9;
0.0157318, 9;
0.0151936, 9;
0.014924, 9;
0.0149657, 9;
0.0160107, 9;
0.0159308, 9;
0.0160702, 9;
0.0148405, 9;
0.0157584, 9;
0.0159654, 9;
0.0162131, 9;
0.0139037, 9;
0.0149303, 9;
0.0178165, 9;
0.0138721, 9;
0.0156888, 9;
0.0159704, 9;
0.0153793, 9;
0.015867, 9;
0.0150675, 9;
0.0159891, 9;
0.0157415, 9;
0.0152303, 9;
0.0157942, 9;
0.0155, 9;
0.0151511, 9;
0.0154694, 9;
0.0149365, 9;
0.0150531, 9;
0.0160268, 9;
0.015765, 9;
0.0152164, 9;
0.0159261, 9;
0.0147662, 9;
0.0149942, 9;
0.0158266, 9;
0.0153932, 9;
0.0156581, 9;
0.0158696, 9;
0.0149786, 9;
0.0159247, 9;
0.014989, 9;
0.0150516, 9;
0.0158019, 9;
0.0149312, 9;
0.0149783, 9;
0.0149654, 9;
0.0166457, 9;
0.0143696, 9;
0.0154749, 9;
0.016005, 9;
0.0144335, 9;
0.0160335, 9;
0.0148834, 9;
0.0157615, 9;
0.0153334, 9;
0.0148811, 9;
0.0158371, 9;
0.0150098, 9;
0.0159967, 9;
0.0161029, 9;
0.0158776, 9;
0.0157218, 9;
0.0157441, 9;
0.0152859, 9;
0.0178849, 9;
0.0140149, 9;
0.0149427, 9;
0.0161383, 9;
0.0150516, 9;
0.0160592, 9;
0.0147768, 9;
0.0151112, 9;
0.0159026, 9;
0.0150203, 9;
0.014918, 9;
0.0162821, 9;
0.0146848, 9;
0.0150245, 9;
0.0149541, 9;
0.0150119, 9;
0.0159757, 9;
0.0162345, 9;
0.0158342, 9;
0.0160149, 9;
0.0158735, 9;
0.0160555, 9;
0.01593, 9;
0.0172516, 9;
0.0147308, 9;
0.0154626, 9;
0.0145016, 9;
0.0153139, 9;
0.0153236, 9;
0.0155077, 9;
0.0162168, 9;
0.0169254, 9;
0.0263342, 9;
0.0218912, 9;
0.0124445, 9;
0.0150752, 9;
0.0149215, 9;
0.0160284, 9;
0.0159196, 9;
0.0160099, 9;
0.0160004, 9;
0.0160903, 9;
0.0150685, 9;
0.0148046, 9;
0.0161302, 9;
0.0156654, 9;
0.0141563, 9;
0.0161143, 9;
0.0149383, 9;
0.0150182, 9;
0.016027, 9;
0.0143688, 9;
0.0160455, 9;
0.0158564, 9;
0.0168631, 9;
0.0145079, 9;
0.0155006, 9;
0.0149024, 9;
0.0150405, 9;
0.0154702, 9;
0.0156514, 9;
0.0213148, 9;
0.0103604, 9;
0.0159652, 9;
0.0158663, 9;
0.0150046, 9;
0.0149544, 9;
0.0167334, 9;
0.0142195, 9;
0.0158487, 9;
0.0157036, 9;
0.0153329, 9;
0.0162076, 9;
0.0159714, 9;
0.0205994, 9;
0.0230457, 9;
0.124238, 9;
0.0858843, 9;
0.0187483, 9;
0.0116847, 9;
0.0155007, 9;
0.0387285, 9;
0.0129926, 9;
0.0185586, 9;
0.0087918, 9;
0.0227196, 9;
0.0075244, 9;
0.0152384, 9;
0.0149723, 9;
0.019739, 9;
0.0238095, 9;
0.0230985, 9;
0.0110247, 9;
0.0212191, 9;
0.0293498, 9;
0.0141123, 9;
0.0132522, 9;
0.0152269, 9;
0.0156675, 9;
0.0189679, 9;
0.0126664, 9;
0.0174125, 9;
0.0167983, 9;
0.0145886, 9;
0.0124495, 9;
0.01635, 9;
0.0280874, 9;
0.0325416, 9;
0.039427, 9;
0.0120886, 9;
0.0128358, 9;
0.0272828, 9;
0.0315434, 9;
0.0217934, 9;
0.0262905, 9;
0.0177479, 9;
0.0240298, 9;
0.0140269, 9;
0.008916, 9;
0.0470495, 9;
0.023602, 9;
0.0107958, 9;
0.0127469, 9;
0.0195001, 9;
0.0145726, 9;
0.0126882, 9;
0.0480182, 9;
0.0408923, 9;
0.0454018, 9;
0.0507247, 9;
0.0226818, 9;
0.0306284, 9;
0.0247726, 9;
0.0596952, 9;
0.0380098, 9;
0.0337805, 9;
0.0681213, 9;
0.0098843, 9;
0.0360177, 9;
0.0514045, 9;
0.0299561, 9;
0.0292786, 9;
0.0693509, 9;
0.0579521, 9;
0.0307428, 9;
0.0409694, 9;
0.0122352, 9;
0.0487049, 9;
0.0292955, 9;
0.053113, 9;
0.0323744, 9;
0.0183197, 9;
0.0321906, 9;
0.0246148, 9;
0.0111129, 9;
0.016047, 9;
0.015799, 9;
0.0157929, 9;
0.0142815, 9;
0.0177616, 9;
0.0134258, 9;
0.017076, 9;
0.0135875, 9;
0.0172714, 9;
0.0195617, 9;
0.0152746, 9;
0.0174772, 9;
0.0161796, 9;
0.0370103, 9;
0.0369935, 9;
0.0284512, 9;
0.0205518, 9;
0.0295342, 9;
0.052649, 9;
0.0314591, 9;
0.0189587, 9;
0.0145257, 9;
0.0102722, 9;
0.0176976, 9;
0.0130306, 9;
0.0226412, 9;
0.0207625, 9;
0.0134439, 9;
0.0151675, 9;
0.0148253, 9;
0.0161662, 9;
0.0148431, 9;
0.0157718, 9;
0.0155596, 9;
0.0147967, 9;
0.0150831, 9;
0.0160971, 9;
0.0146488, 9;
0.014884, 9;
0.0161984, 9;
0.0149335, 9;
0.0149378, 9;
0.0161286, 9;
0.0148284, 9;
0.0150054, 9;
0.0170971, 9;
0.0164378, 9;
0.0126911, 9;
0.0158649, 9;
0.0150074, 9;
0.0148994, 9;
0.0175559, 9;
0.0137108, 9;
0.0160351, 9;
0.0177379, 9;
0.0170198, 9;
0.0156275, 9;
0.0137484, 9;
0.0184938, 9;
0.0134204, 9;
0.0161165, 9;
0.0159289, 9;
0.019016, 9;
0.0105933, 9;
0.0156986, 9;
0.0179139, 9;
0.0144904, 9;
0.0138623, 9;
0.0151925, 9;
0.0152639, 9;
0.0159543, 9;
0.108245, 9;
0.0333977, 9;
0.039289, 9;
0.0696156, 9;
0.0476009, 9;
0.0755135, 9;
0.0577316, 9;
0.0610751, 9;
0.044263, 9;
0.0144465, 9;
0.0136004, 9;
0.0198488, 9;
0.0203376, 9;
0.0209829, 9;
0.0138913, 9;
0.0155212, 9;
0.0194761, 9;
0.016081, 9;
0.0124336, 9;
0.0188294, 9;
0.0122273, 9;
0.0169902, 9;
0.0174857, 9;
0.0162203, 9;
0.0166608, 9;
0.0095918, 9;
0.0170625, 9;
0.0156702, 9;
0.0147415, 9;
0.0176591, 9;
0.0136059, 9;
0.0152372, 9;
0.016283, 9;
0.014777, 9;
0.0150515, 9;
0.0163215, 9;
0.0154454, 9;
0.0164053, 9;
0.0142436, 9;
0.016086, 9;
0.0161509, 9;
0.0157136, 9;
0.0163965, 9;
0.0146158, 9;
0.0152103, 9;
0.0164969, 9;
0.0144819, 9;
0.0149288, 9;
0.0149701, 9;
0.0158477, 9;
0.0205369, 9;
0.0107189, 9;
0.0148265, 9;
0.0172236, 9;
0.0146985, 9;
0.0139121, 9;
0.0153461, 9;
0.0175736, 9;
0.0140878, 9;
0.0160557, 9;
0.0142833, 9;
0.0154987, 9;
0.0162387, 9;
0.0155534, 9;
0.0154166, 9;
0.0156899, 9;
0.0163425, 9;
0.0140278, 9;
0.0158013, 9;
0.0149301, 9;
0.0156891, 9;
0.0158573, 9;
0.0151233, 9;
0.0167872, 9;
0.0141141, 9;
0.015779, 9;
0.0175162, 9;
0.0197988, 9;
0.0096749, 9;
0.0149979, 9;
0.0160265, 9;
0.0155795, 9;
0.0159485, 9;
0.0155737, 9;
0.0156147, 9;
0.0149489, 9;
0.0161035, 9;
0.0156971, 9;
0.0151475, 9;
0.0169202, 9;
0.0136894, 9;
0.0159658, 9;
0.0157574, 9;
0.0149217, 9;
0.0154893, 9;
0.0157912, 9;
0.0156582, 9;
0.0155067, 9;
0.013939, 9;
0.0160701, 9;
0.0166304, 9;
0.0156182, 9;
0.0145828, 9;
0.0147881, 9;
0.0192931, 9;
0.011826, 9;
0.0173892, 9;
0.0143537, 9;
0.0167082, 9;
0.0157253, 9;
0.0148374, 9;
0.0155707, 9;
0.0168227, 9;
0.0144908, 9;
0.0153123, 9;
0.0153264, 9;
0.0169535, 9;
0.0150893, 9;
0.0154319, 9;
0.0152954, 9;
0.0147854, 9;
0.0177217, 9;
0.013608, 9;
0.0152403, 9;
0.0159781, 9;
0.0160728, 9;
0.0153895, 9;
0.0178011, 9;
0.0130437, 9;
0.0153996, 9;
0.0157038, 9;
0.0158754, 9;
0.0178254, 9;
0.0141657, 9;
0.0154926, 9;
0.0148969, 9;
0.0153127, 9;
0.0150681, 9;
0.0156016, 9;
0.0172736, 9;
0.0140234, 9;
0.016172, 9;
0.0166626, 9;
0.016412, 9;
0.0135828, 9;
0.0152444, 9;
0.0159011, 9;
0.0166294, 9;
0.013148, 9;
0.0160734, 9;
0.0151253, 9;
0.0156581, 9;
0.016096, 9;
0.0151862, 9;
0.0151906, 9;
0.0175182, 9;
0.0164692, 9;
0.0120189, 9;
0.0151331, 9;
0.0159919, 9;
0.0149661, 9;
0.0156746, 9;
0.015822, 9;
0.0150866, 9;
0.0153314, 9;
0.0162467, 9;
0.0153365, 9;
0.0152584, 9;
0.0155233, 9;
0.0174529, 9;
0.0132296, 9;
0.0160577, 9;
0.0160461, 9;
0.0151859, 9;
0.0152065, 9;
0.0150014, 9;
0.0162541, 9;
0.0156831, 9;
0.0160668, 9;
0.0161166, 9;
0.0147273, 9;
0.0149724, 9;
0.0162929, 9;
0.0183882, 9;
0.0118734, 9;
0.0165893, 9;
0.0148766, 9;
0.0161568, 9;
0.01457, 9;
0.0157685, 9;
0.0163209, 9;
0.014524, 9;
0.0150671, 9;
0.0168842, 9;
0.0157774, 9;
0.0156553, 9;
0.0196533, 9;
0.0146117, 9;
0.0122404, 9;
0.0177422, 9;
0.0151194, 9;
0.0151866, 9;
0.0143229, 9;
0.0159348, 9;
0.0152045, 9;
0.0158823, 9;
0.0148923, 9;
0.0153661, 9;
0.0155692, 9;
0.0171665, 9;
0.0135741, 9;
0.0213362, 9;
0.0123359, 9;
0.0133732, 9;
0.0152832, 9;
0.0159838, 9;
0.015916, 9;
0.0178647, 9;
0.0142936, 9;
0.0172623, 9;
0.0145736, 9;
0.0149356, 9;
0.0149275, 9;
0.0154665, 9;
0.0155117, 9;
0.0159787, 9;
0.015307, 9;
0.0164171, 9;
0.0140645, 9;
0.017426, 9;
0.0148762, 9;
0.0148569, 9;
0.0156307, 9;
0.0149967, 9;
0.0145986, 9;
0.0160804, 9;
0.0158937, 9;
0.0151455, 9;
0.0150398, 9;
0.0165467, 9;
0.0148805, 9;
0.016102, 9;
0.0155622, 9;
0.0155864, 9;
0.0170675, 9;
0.0141096, 9;
0.0159425, 9;
0.0148702, 9;
0.0154436, 9;
0.0147941, 9;
0.0148183, 9;
0.0161278, 9;
0.0150758, 9;
0.0159641, 9;
0.0142874, 9;
0.0149737, 9;
0.0167208, 9;
0.0136818, 9;
0.0159133, 9;
0.0148122, 9;
0.0150799, 9;
0.0153949, 9;
0.0160517, 9;
0.0152589, 9;
0.0181763, 9;
0.0131145, 9;
0.0160527, 9;
0.0155259, 9;
0.017196, 9;
0.0147843, 9;
0.0161418, 9;
0.0147515, 9;
0.0151961, 9;
0.014803, 9;
0.016025, 9;
0.0151746, 9;
0.0156918, 9;
0.0149737, 9;
0.0161068, 9;
0.0148123, 9;
0.0175344, 9;
0.0133241, 9;
0.0162206, 9;
0.0152089, 9;
0.0169521, 9;
0.0135536, 9;
0.0161953, 9;
0.0158477, 9;
0.0150027, 9;
0.015523, 9;
0.0178212, 9;
0.0153421, 9;
0.0141173, 9;
0.0155062, 9;
0.0150669, 9;
0.0166231, 9;
0.0150996, 9;
0.0167973, 9;
0.0148841, 9;
0.0175121, 9;
0.0135696, 9;
0.0152607, 9;
0.0153319, 9;
0.0161173, 9;
0.0169248, 9;
0.0137089, 9;
0.0148583, 9;
0.0160028, 9;
0.0159431, 9;
0.0156677, 9;
0.0151225, 9;
0.0160831, 9;
0.016171, 9;
0.0141291, 9;
0.0172733, 9;
0.0135637, 9;
0.0158596, 9;
0.0171154, 9;
0.0149562, 9;
0.0159875, 9;
0.0150819, 9;
0.0154002, 9;
0.0174509, 9;
0.0157386, 9;
0.0146146, 9;
0.0150337, 9;
0.0158224, 9;
0.0150967, 9;
0.0170997, 9;
0.0154919, 9;
0.0176992, 9;
0.0120451, 9;
0.0174322, 9;
0.013399, 9;
0.0155833, 9;
0.0183603, 9;
0.0125493, 9;
0.015393, 9;
0.0154804, 9;
0.01567, 9;
0.0151838, 9;
0.014954, 9;
0.0151606, 9;
0.0163073, 9;
0.0144702, 9;
0.0158903, 9;
0.0157982, 9;
0.0152378, 9;
0.0157417, 9;
0.0151363, 9;
0.0153367, 9;
0.0171201, 9;
0.0135948, 9;
0.015705, 9;
0.0150108, 9;
0.0165239, 9;
0.0151259, 9;
0.0163367, 9;
0.0159917, 9;
0.0148848, 9;
0.0149509, 9;
0.0149497, 9;
0.0149537, 9;
0.0160884, 9;
0.0160265, 9;
0.0158203, 9;
0.0162634, 9;
0.0148152, 9;
0.0155215, 9;
0.0156831, 9;
0.0151989, 9;
0.0162847, 9;
0.0153762, 9;
0.014988, 9;
0.0154533, 9;
0.0158727, 9;
0.0151989, 9;
0.0155777, 9;
0.0153194, 9;
0.0162721, 9;
0.0171341, 9;
0.0138538, 9;
0.0149731, 9;
0.0148442, 9;
0.0160723, 9;
0.0145534, 9;
0.0141616, 9;
0.0154453, 9;
0.0166215, 9;
0.0166599, 9;
0.0125938, 9;
0.015973, 9;
0.0163339, 9;
0.0147669, 9;
0.0154135, 9;
0.0158966, 9;
0.0151496, 9;
0.0164589, 9;
0.0158856, 9;
0.0158894, 9;
0.0135055, 9;
0.016284, 9;
0.0151565, 9;
0.0158554, 9;
0.0149187, 9;
0.0161373, 9;
0.0147058, 9;
0.0167442, 9;
0.0138946, 9;
0.0154892, 9;
0.0158899, 9;
