0.0155326, 6;
0.0152806, 6;
0.0156393, 6;
0.0153344, 6;
0.0157482, 6;
0.0149736, 6;
0.0156585, 6;
0.0153223, 6;
0.0155104, 6;
0.0156581, 6;
0.015301, 6;
0.01496, 6;
0.0153312, 6;
0.0159727, 6;
0.0150806, 6;
0.015361, 6;
0.0159775, 6;
0.0160139, 6;
0.0156694, 6;
0.0151602, 6;
0.0155049, 6;
0.0153993, 6;
0.0159675, 6;
0.0152687, 6;
0.0147757, 6;
0.0150765, 6;
0.015842, 6;
0.0149378, 6;
0.015894, 6;
0.01538, 6;
0.0159868, 6;
0.0155228, 6;
0.0154413, 6;
0.0161089, 6;
0.0159616, 6;
0.0150132, 6;
0.0148593, 6;
0.0153768, 6;
0.0156882, 6;
0.0149311, 6;
0.0155099, 6;
0.0155646, 6;
0.0150629, 6;
0.0160558, 6;
0.0158309, 6;
0.0163403, 6;
0.0160755, 6;
0.0144614, 6;
0.0152888, 6;
0.0159702, 6;
0.0177801, 6;
0.0139238, 6;
0.0171471, 6;
0.0147493, 6;
0.0196901, 6;
0.0103177, 6;
0.0162913, 6;
0.0150636, 6;
0.0155043, 6;
0.0163516, 6;
0.01349, 6;
0.0158924, 6;
0.0154045, 6;
0.0168948, 6;
0.0169484, 6;
0.0149125, 6;
0.0133066, 6;
0.0161374, 6;
0.0155622, 6;
0.0166091, 6;
0.0137206, 6;
0.0151047, 6;
0.0179282, 6;
0.0128216, 6;
0.0159689, 6;
0.0151941, 6;
0.0149833, 6;
0.0147596, 6;
0.015271, 6;
0.0158921, 6;
0.0158183, 6;
0.0152025, 6;
0.0151111, 6;
0.0148147, 6;
0.0151831, 6;
0.0154176, 6;
0.0155174, 6;
0.0151032, 6;
0.0160136, 6;
0.0155445, 6;
0.0154386, 6;
0.0150408, 6;
0.0170139, 6;
0.0158799, 6;
0.0143955, 6;
0.016416, 6;
0.0141186, 6;
0.0150968, 6;
0.0153138, 6;
0.0153435, 6;
0.0154146, 6;
0.0170912, 6;
0.0145401, 6;
0.0164791, 6;
0.0136233, 6;
0.0149373, 6;
0.01604, 6;
0.0150598, 6;
0.0148463, 6;
0.0150144, 6;
0.0154303, 6;
0.0158192, 6;
0.0158251, 6;
0.0187399, 6;
0.011591, 6;
0.017771, 6;
0.0142445, 6;
0.0147521, 6;
0.0153321, 6;
0.0147319, 6;
0.0152374, 6;
0.0149364, 6;
0.0167792, 6;
0.0140662, 6;
0.016356, 6;
0.0137744, 6;
0.0157508, 6;
0.0157926, 6;
0.0176932, 6;
0.0150106, 6;
0.0137315, 6;
0.016046, 6;
0.0157628, 6;
0.0148777, 6;
0.0156156, 6;
0.0160086, 6;
0.0152467, 6;
0.0162254, 6;
0.0139518, 6;
0.0159944, 6;
0.0161426, 6;
0.0148727, 6;
0.0159852, 6;
0.016712, 6;
0.0141587, 6;
0.0172411, 6;
0.0149295, 6;
0.0152873, 6;
0.0165197, 6;
0.0135754, 6;
0.0158246, 6;
0.01497, 6;
0.0156786, 6;
0.0159366, 6;
0.0166282, 6;
0.0167739, 6;
0.013773, 6;
0.0153061, 6;
0.0147582, 6;
0.0157536, 6;
0.0159124, 6;
0.0142388, 6;
0.015578, 6;
0.0154388, 6;
0.0152719, 6;
0.0148614, 6;
0.0151396, 6;
0.015768, 6;
0.0158712, 6;
0.0146956, 6;
0.0155355, 6;
0.0155541, 6;
0.0158371, 6;
0.0169601, 6;
0.0131195, 6;
0.0147444, 6;
0.0155402, 6;
0.0154235, 6;
0.0149799, 6;
0.0153811, 6;
0.015399, 6;
0.0165347, 6;
0.0169278, 6;
0.0135226, 6;
0.0150725, 6;
0.0160275, 6;
0.0162007, 6;
0.0157013, 6;
0.015443, 6;
0.0145229, 6;
0.0148589, 6;
0.0154429, 6;
0.0142683, 6;
0.015825, 6;
0.0165969, 6;
0.0146951, 6;
0.0156462, 6;
0.0150899, 6;
0.0154051, 6;
0.015771, 6;
0.0155854, 6;
0.014338, 6;
0.0152862, 6;
0.0158804, 6;
0.0155279, 6;
0.0156101, 6;
0.0157273, 6;
0.0157706, 6;
0.0152555, 6;
0.0172201, 6;
0.0133277, 6;
0.0156279, 6;
0.0154412, 6;
0.0166827, 6;
0.015222, 6;
0.0152493, 6;
0.0160254, 6;
0.0145886, 6;
0.0153327, 6;
0.0144492, 6;
0.0149133, 6;
0.0154764, 6;
0.0159698, 6;
0.0154895, 6;
0.0159334, 6;
0.0160656, 6;
0.0149868, 6;
0.0155089, 6;
0.0153548, 6;
0.0149754, 6;
0.0149793, 6;
0.0150218, 6;
0.0157764, 6;
0.0154089, 6;
0.015318, 6;
0.0153935, 6;
0.0157311, 6;
0.0149273, 6;
0.0159767, 6;
0.0155206, 6;
0.0159757, 6;
0.0151833, 6;
0.0150472, 6;
0.0161057, 6;
0.0156946, 6;
0.0152455, 6;
0.0158792, 6;
0.0150715, 6;
0.0161948, 6;
0.0152813, 6;
0.0154609, 6;
0.0161109, 6;
0.0158144, 6;
0.0159356, 6;
0.015129, 6;
0.0151365, 6;
0.0156079, 6;
0.015953, 6;
0.0154529, 6;
0.0153881, 6;
0.0155571, 6;
0.0154065, 6;
0.0153737, 6;
0.0156016, 6;
0.0149293, 6;
0.0150838, 6;
0.0155564, 6;
0.0152993, 6;
0.0154397, 6;
0.0149973, 6;
0.0154442, 6;
0.0152338, 6;
0.0156943, 6;
0.0159259, 6;
0.0150174, 6;
0.014986, 6;
0.0153838, 6;
0.0155158, 6;
0.0159915, 6;
0.0150906, 6;
0.0158193, 6;
0.0148246, 6;
0.0151088, 6;
0.0159627, 6;
0.0156045, 6;
0.0152515, 6;
0.0151782, 6;
0.0158283, 6;
0.0151566, 6;
0.0158263, 6;
0.0157822, 6;
0.0150472, 6;
0.0159727, 6;
0.0153189, 6;
0.0155942, 6;
0.0154243, 6;
0.0155258, 6;
0.0158715, 6;
0.0150896, 6;
0.0155788, 6;
0.0153057, 6;
0.0156874, 6;
0.0150134, 6;
0.0149712, 6;
0.0160015, 6;
0.0149797, 6;
0.0155288, 6;
0.0156355, 6;
0.0149719, 6;
0.0149913, 6;
0.0159935, 6;
0.0150177, 6;
0.0160065, 6;
0.0152804, 6;
0.0156884, 6;
0.0149449, 6;
0.0149817, 6;
0.0150877, 6;
0.0152176, 6;
0.0155404, 6;
0.0151248, 6;
0.0149918, 6;
0.0160021, 6;
0.0149873, 6;
0.0159984, 6;
0.0150607, 6;
0.0159078, 6;
0.0149796, 6;
0.0156229, 6;
0.0150861, 6;
0.0162095, 6;
0.0148966, 6;
0.0159792, 6;
0.0160388, 6;
0.0146518, 6;
0.0149663, 6;
0.0151017, 6;
0.0158868, 6;
0.0151202, 6;
0.0150627, 6;
0.0154865, 6;
0.016072, 6;
0.0161214, 6;
0.0158551, 6;
0.016072, 6;
0.015081, 6;
0.0149623, 6;
0.0157637, 6;
0.0159926, 6;
0.0150244, 6;
0.0160975, 6;
0.0149309, 6;
0.0151946, 6;
0.0153586, 6;
0.0145688, 6;
0.0147037, 6;
0.01569, 6;
0.0145837, 6;
0.0159288, 6;
0.0154721, 6;
0.0151802, 6;
0.0157314, 6;
0.0154625, 6;
0.0149448, 6;
0.0150261, 6;
0.0149212, 6;
0.0150231, 6;
0.0159947, 6;
0.0151429, 6;
0.0164645, 6;
0.0144369, 6;
0.0149899, 6;
0.0159866, 6;
0.0160341, 6;
0.0159538, 6;
0.0149679, 6;
0.0150243, 6;
0.0155235, 6;
0.0156617, 6;
0.0152968, 6;
0.0157224, 6;
0.0157422, 6;
0.0152561, 6;
0.0153408, 6;
0.0156327, 6;
0.014995, 6;
0.0151802, 6;
0.015941, 6;
0.0156343, 6;
0.0157003, 6;
0.0150446, 6;
0.0148945, 6;
0.0156713, 6;
0.0157832, 6;
0.0159535, 6;
0.0161608, 6;
0.0154091, 6;
0.0154355, 6;
0.0159946, 6;
0.0149204, 6;
0.014977, 6;
0.015988, 6;
0.0151167, 6;
0.0159161, 6;
0.0149834, 6;
0.0150111, 6;
0.0159718, 6;
0.0150027, 6;
0.016004, 6;
0.0153331, 6;
0.0151674, 6;
0.0156755, 6;
0.0152658, 6;
0.0157221, 6;
0.0153335, 6;
0.0157947, 6;
0.0167631, 6;
0.0151107, 6;
0.0160079, 6;
0.0150763, 6;
0.0152195, 6;
0.0159612, 6;
0.0154655, 6;
0.0151598, 6;
0.0157111, 6;
0.0154788, 6;
0.0159775, 6;
0.0159182, 6;
0.014703, 6;
0.0149487, 6;
0.015039, 6;
0.0154074, 6;
0.0151861, 6;
0.0157732, 6;
0.015278, 6;
0.0158064, 6;
0.0149088, 6;
0.0154899, 6;
0.0155112, 6;
0.01562, 6;
0.0156257, 6;
0.0157262, 6;
0.0160063, 6;
0.0159865, 6;
0.015842, 6;
0.0159748, 6;
0.0154644, 6;
0.0161446, 6;
0.0154778, 6;
0.0160736, 6;
0.0158813, 6;
0.0159919, 6;
0.0161736, 6;
0.0157374, 6;
0.01568, 6;
0.016015, 6;
0.0159589, 6;
0.0149003, 6;
0.0151091, 6;
0.0159338, 6;
0.0151782, 6;
0.0150477, 6;
0.0154332, 6;
0.0159639, 6;
0.0154591, 6;
0.0153779, 6;
0.0154738, 6;
0.0158916, 6;
0.0150643, 6;
0.0154633, 6;
0.015299, 6;
0.0150948, 6;
0.0160286, 6;
0.0157692, 6;
0.0153234, 6;
0.0152454, 6;
0.015426, 6;
0.0153107, 6;
0.0161297, 6;
0.0160845, 6;
0.0153017, 6;
0.016088, 6;
0.0148317, 6;
0.0153482, 6;
0.0149793, 6;
0.0167016, 6;
0.0152914, 6;
0.0146924, 6;
0.0163942, 6;
0.0180039, 6;
0.0128712, 6;
0.0152539, 6;
0.0158517, 6;
0.0153257, 6;
0.0169991, 6;
0.0138301, 6;
0.0152635, 6;
0.014927, 6;
0.0155742, 6;
0.0152107, 6;
0.0158687, 6;
0.0155408, 6;
0.0153572, 6;
0.0157813, 6;
0.015167, 6;
0.0160632, 6;
0.0157357, 6;
0.0140495, 6;
0.0157167, 1;
0.0179382, 1;
0.0128989, 1;
0.0159732, 1;
0.0156134, 1;
0.0152823, 1;
0.0159308, 1;
0.016248, 1;
0.0159285, 1;
0.015667, 1;
0.01599, 1;
0.015148, 1;
0.0158089, 1;
0.0151175, 1;
0.0158706, 1;
0.015104, 1;
0.0148696, 1;
0.0150283, 1;
0.0159565, 1;
0.0150689, 1;
0.0159151, 1;
0.0159821, 1;
0.0160586, 1;
0.0159241, 1;
0.0155334, 1;
0.0151195, 1;
0.0151465, 1;
0.0159794, 1;
0.0149523, 1;
0.0150329, 1;
0.0159539, 1;
0.0159994, 1;
0.0150218, 1;
0.0160324, 1;
0.0158051, 1;
0.0156832, 1;
0.0159874, 1;
0.0150332, 1;
0.0159454, 1;
0.0150513, 1;
0.0151181, 1;
0.0161193, 1;
0.0176759, 1;
0.0213989, 1;
0.0078798, 1;
0.0150094, 1;
0.015097, 1;
0.0234312, 1;
0.0105716, 1;
0.0242236, 1;
0.0209614, 1;
0.0161049, 1;
0.0147352, 1;
0.0179969, 1;
0.0131169, 1;
0.0149375, 1;
0.0188829, 1;
0.0147307, 1;
0.0139191, 1;
0.0173122, 1;
0.0144732, 1;
0.0218256, 1;
0.0153087, 1;
0.0239142, 1;
0.0237886, 1;
0.0140116, 1;
0.025823, 1;
0.0219731, 1;
0.0080829, 1;
0.014943, 1;
0.0167626, 1;
0.0161658, 1;
0.0159117, 1;
0.0155856, 1;
0.0143353, 1;
0.0156239, 1;
0.0155846, 1;
0.0146262, 1;
0.016937, 1;
0.0139747, 1;
0.0180464, 1;
0.0124644, 1;
0.0176553, 1;
0.0139815, 1;
0.014863, 1;
0.0168303, 1;
0.0136861, 1;
0.0163267, 1;
0.0160465, 1;
0.013936, 1;
0.0162137, 1;
0.0145579, 1;
0.0161933, 1;
0.0147962, 1;
0.0154349, 1;
0.015569, 1;
0.0163065, 1;
0.0151434, 1;
0.0155392, 1;
0.0157971, 1;
0.0152326, 1;
0.0147972, 1;
0.0154554, 1;
0.0162364, 1;
0.0180091, 1;
0.0125617, 1;
0.0159483, 1;
0.0160565, 1;
0.0184998, 1;
0.0136279, 1;
0.0160635, 1;
0.0147304, 1;
0.0164053, 1;
0.0148943, 1;
0.0169289, 1;
0.0145824, 1;
0.0148733, 1;
0.0160275, 1;
0.0161828, 1;
0.0153943, 1;
0.0156807, 1;
0.0154968, 1;
0.0160107, 1;
0.0149704, 1;
0.016023, 1;
0.0156436, 1;
0.0152782, 1;
0.0165548, 1;
0.0151799, 1;
0.0150265, 1;
0.015931, 1;
0.0150221, 1;
0.0158732, 1;
0.0152627, 1;
0.0152184, 1;
0.0172066, 1;
0.0156234, 1;
0.0136001, 1;
0.0159981, 1;
0.0158863, 1;
0.0156622, 1;
0.0183029, 1;
0.0128904, 1;
0.0142646, 1;
0.0157837, 1;
0.0163787, 1;
0.015424, 1;
0.0144157, 1;
0.0156311, 1;
0.0156238, 1;
0.016703, 1;
0.0136216, 1;
0.0159078, 1;
0.0155684, 1;
0.0173795, 1;
0.0155442, 1;
0.0147277, 1;
0.0168295, 1;
0.0152499, 1;
0.0149567, 1;
0.0153344, 1;
0.0167999, 1;
0.0140991, 1;
0.0161579, 1;
0.0155954, 1;
0.0155841, 1;
0.0141802, 1;
0.0169173, 1;
0.0156874, 1;
0.0144295, 1;
0.0166032, 1;
0.0160238, 1;
0.0152064, 1;
0.0158522, 1;
0.0142043, 1;
0.0147568, 1;
0.0160648, 1;
0.0158807, 1;
0.0151542, 1;
0.0149588, 1;
0.0164323, 1;
0.0157579, 1;
0.0142539, 1;
0.0162274, 1;
0.0166361, 1;
0.0146126, 1;
0.0160788, 1;
0.0141095, 1;
0.0174751, 1;
0.0141402, 1;
0.0153464, 1;
0.0337038, 2;
0.0447875, 2;
0.0323278, 2;
0.0534487, 2;
0.0372553, 2;
0.0312016, 2;
0.0300011, 2;
0.029392, 2;
0.0311557, 2;
0.0306544, 2;
0.0331775, 2;
0.0512318, 2;
0.0426741, 2;
0.0305592, 2;
0.0307462, 2;
0.0317823, 2;
0.0299106, 2;
0.0312, 2;
0.0347053, 2;
0.0452127, 2;
0.0298629, 2;
0.0312474, 2;
0.0296736, 2;
0.0302176, 2;
0.0300846, 2;
0.0310407, 2;
0.0311033, 2;
0.0305777, 2;
0.0323863, 2;
0.0445196, 2;
0.0308495, 2;
0.0306893, 2;
0.0312888, 2;
0.0305808, 2;
0.0304752, 2;
0.032221, 2;
0.0299122, 2;
0.0305577, 2;
0.030946, 2;
0.0298562, 2;
0.031811, 2;
0.031003, 2;
0.0327264, 2;
0.0317447, 2;
0.0315763, 2;
0.0452444, 2;
0.0306248, 2;
0.0311233, 2;
0.0328291, 2;
0.0297868, 2;
0.0330269, 2;
0.0303468, 2;
0.0441982, 2;
0.0310027, 2;
0.0306923, 2;
0.0309642, 2;
0.0308039, 2;
0.0303329, 2;
0.032483, 2;
0.029531, 2;
0.0299237, 2;
0.0298272, 2;
0.0318472, 2;
0.0294259, 2;
0.0311212, 2;
0.0309692, 2;
0.0303356, 2;
0.0349191, 2;
0.0438926, 2;
0.0305129, 2;
0.0299069, 2;
0.0313048, 2;
0.0317308, 2;
0.0301285, 2;
0.032187, 2;
0.044665, 2;
0.0311548, 2;
0.031569, 2;
0.0318367, 2;
0.0294596, 2;
0.0308144, 2;
0.0307847, 2;
0.0324793, 2;
0.0457173, 2;
0.0441028, 2;
0.0298685, 2;
0.0319661, 2;
0.0299544, 2;
0.0319762, 2;
0.0321072, 2;
0.0443969, 2;
0.0322158, 2;
0.0321933, 2;
0.0315345, 2;
0.0298221, 2;
0.0314053, 2;
0.0302158, 2;
0.0300907, 2;
0.0306414, 2;
0.0301928, 2;
0.0327499, 2;
0.0310776, 2;
0.032843, 2;
0.0300094, 2;
0.0307676, 2;
0.0304226, 2;
0.0308356, 2;
0.0311399, 2;
0.0320676, 2;
0.030688, 2;
0.0300416, 2;
0.0307, 2;
0.0312256, 2;
0.0313846, 2;
0.0305465, 2;
0.0318452, 2;
0.0297344, 2;
0.0306804, 2;
0.0309764, 2;
0.0310941, 2;
0.030888, 2;
0.0310055, 2;
0.0299765, 2;
0.0301435, 2;
0.030698, 2;
0.0310408, 2;
0.0362491, 2;
0.0414382, 2;
0.0323431, 2;
0.0440072, 2;
0.0304182, 2;
0.0306791, 2;
0.0337179, 2;
0.0292377, 2;
0.0305606, 2;
0.0311525, 2;
0.0316971, 2;
0.0303885, 2;
0.0313817, 2;
0.030358, 2;
0.0328441, 2;
0.0453214, 2;
0.0445223, 2;
0.0305098, 2;
0.0304693, 2;
0.031023, 2;
0.0306874, 2;
0.0314135, 2;
0.032081, 2;
0.0310249, 2;
0.0309121, 2;
0.0323365, 2;
0.0300684, 2;
0.031352, 2;
0.0303563, 2;
0.0346311, 2;
0.0447453, 2;
0.0439161, 2;
0.0319546, 2;
0.0309781, 2;
0.0306356, 2;
0.0315933, 2;
0.0305893, 2;
0.0299309, 2;
0.030165, 2;
0.0305079, 2;
0.0312347, 2;
0.0318642, 2;
0.0307539, 2;
0.0310465, 2;
0.0308428, 2;
0.0309048, 2;
0.0299841, 2;
0.0303587, 2;
0.0305088, 2;
0.0310054, 2;
0.030875, 2;
0.0307454, 2;
0.030586, 2;
0.0312659, 2;
0.0310949, 2;
0.0299094, 2;
0.030856, 2;
0.0310213, 2;
0.0309477, 2;
0.029998, 2;
0.0313965, 2;
0.0303192, 2;
0.0309611, 2;
0.0315615, 2;
0.0325728, 2;
0.0459134, 2;
0.0452593, 2;
0.030423, 2;
0.0297031, 2;
0.0319835, 2;
0.0339246, 2;
0.0419822, 2;
0.0306857, 2;
0.032229, 2;
0.0310636, 2;
0.0310112, 2;
0.0313584, 2;
0.0307725, 2;
0.0312911, 2;
0.0314289, 2;
0.0303659, 2;
0.0314873, 2;
0.0293666, 2;
0.0301654, 2;
0.0308882, 2;
0.0310267, 2;
0.0332369, 2;
0.0458199, 2;
0.030276, 2;
0.0308342, 2;
0.0309484, 2;
0.0310608, 2;
0.0305269, 2;
0.0313066, 2;
0.0318737, 2;
0.0313609, 2;
0.0305608, 2;
0.0317827, 2;
0.03191, 2;
0.0314603, 2;
0.031425, 2;
0.0309745, 2;
0.0311604, 2;
0.0316371, 2;
0.0299738, 2;
0.0305053, 2;
0.030919, 2;
0.0314841, 2;
0.0294794, 2;
0.0302227, 2;
0.0307086, 2;
0.0311693, 2;
0.030622, 2;
0.031137, 2;
0.0311543, 2;
0.0304801, 2;
0.0317115, 2;
0.0300603, 2;
0.0298499, 2;
0.0316161, 2;
0.0302528, 2;
0.0334413, 2;
0.0441119, 2;
0.0313042, 2;
0.0321509, 2;
0.0315853, 2;
0.0311056, 2;
0.0316539, 2;
0.0307212, 2;
0.0410446, 2;
0.0377351, 2;
0.0299949, 2;
0.0309627, 2;
0.0310682, 2;
0.0297111, 2;
0.0310575, 2;
0.0320152, 2;
0.0300835, 2;
0.0318584, 2;
0.0299747, 2;
0.0320198, 2;
0.0317267, 2;
0.0306153, 2;
0.0300897, 2;
0.0307041, 2;
0.030939, 2;
0.0305289, 2;
0.0302847, 2;
0.0319176, 2;
0.0309069, 2;
0.0314824, 2;
0.031227, 2;
0.0320093, 2;
0.0316252, 2;
0.0313811, 2;
0.0304176, 2;
0.0307346, 2;
0.0306701, 2;
0.0312592, 2;
0.0299557, 2;
0.030939, 2;
0.0310165, 2;
0.0307012, 2;
0.0320991, 2;
0.0309033, 2;
0.0301192, 2;
0.0312315, 2;
0.0308331, 2;
0.03061, 2;
0.0309486, 2;
0.0310442, 2;
0.0327425, 2;
0.0293559, 2;
0.0310194, 2;
0.0311494, 2;
0.0315342, 2;
0.0312315, 2;
0.0303158, 2;
0.030764, 2;
0.0321065, 3;
0.0311754, 3;
0.0316443, 3;
0.0308741, 3;
0.0314063, 3;
0.0307938, 3;
0.031633, 3;
0.0299791, 3;
0.0307776, 3;
0.0302342, 3;
0.0306786, 3;
0.0300674, 3;
0.03081, 3;
0.0315112, 3;
0.031238, 3;
0.0310234, 3;
0.031558, 3;
0.0320729, 3;
0.0299838, 3;
0.0310572, 3;
0.0309628, 3;
0.0300111, 3;
0.0313742, 3;
0.0304352, 3;
0.0302568, 3;
0.031596, 3;
0.0299094, 3;
0.0307513, 3;
0.030168, 3;
0.0312378, 3;
0.0307771, 3;
0.0308752, 3;
0.0318335, 3;
0.0308392, 3;
0.0299674, 3;
0.0309643, 3;
0.0313188, 3;
0.0307403, 3;
0.0309026, 3;
0.0307713, 3;
0.0315938, 3;
0.0313047, 3;
0.0311622, 3;
0.0306892, 3;
0.0308293, 3;
0.0305336, 3;
0.031449, 3;
0.0309913, 3;
0.0301055, 3;
0.0319639, 3;
0.0313143, 3;
0.0304466, 3;
0.0316943, 3;
0.0308839, 3;
0.0309559, 3;
0.0307002, 3;
0.0309274, 3;
0.0303341, 3;
0.0310506, 3;
0.03106, 3;
0.0312985, 3;
0.0320323, 3;
0.0319339, 3;
0.0310033, 3;
0.0308977, 3;
0.0299865, 3;
0.030934, 3;
0.0305546, 3;
0.0308024, 3;
0.0310173, 3;
0.0318837, 3;
0.0302214, 3;
0.030996, 3;
0.0302522, 3;
0.0307225, 3;
0.0308852, 3;
0.0310368, 3;
0.0313071, 3;
0.0307832, 3;
0.0312383, 3;
0.0302695, 3;
0.0310791, 3;
0.0304819, 3;
0.0304274, 3;
0.0309892, 3;
0.0305342, 3;
0.0312472, 3;
0.0306184, 3;
0.031042, 3;
0.0303358, 3;
0.0313413, 3;
0.0308339, 3;
0.0316569, 3;
0.0310982, 3;
0.0312924, 3;
0.0314619, 3;
0.0301483, 3;
0.0301982, 3;
0.0314928, 3;
0.031896, 3;
0.0301648, 3;
0.0307862, 3;
0.0311081, 3;
0.0309511, 3;
0.0302932, 3;
0.0308273, 3;
0.0303544, 3;
0.0315148, 3;
0.0304106, 3;
0.0311096, 3;
0.0315241, 3;
0.0319477, 3;
0.0319825, 3;
0.0299771, 3;
0.0299679, 3;
0.0321132, 3;
0.0300211, 3;
0.0309333, 3;
0.0310703, 3;
0.0312314, 3;
0.0408587, 3;
0.0370615, 3;
0.0310254, 3;
0.0309431, 3;
0.0326981, 3;
0.0313155, 3;
0.030742, 3;
0.0306966, 3;
0.0309551, 3;
0.0315198, 3;
0.032037, 3;
0.0319785, 3;
0.0319725, 3;
0.030987, 3;
0.0310978, 3;
0.0308879, 3;
0.0299819, 3;
0.0314332, 3;
0.0372814, 3;
0.0471584, 3;
0.0389082, 3;
0.0312012, 3;
0.0314516, 3;
0.0306134, 3;
0.0308445, 3;
0.0316746, 3;
0.0310318, 3;
0.0312627, 3;
0.0331594, 3;
0.0485074, 3;
0.0482116, 3;
0.0479974, 3;
0.0431109, 3;
0.0309631, 3;
0.0320521, 3;
0.0312444, 3;
0.0317143, 3;
0.0309881, 3;
0.0306094, 3;
0.0306517, 3;
0.0314157, 3;
0.0306267, 3;
0.0325902, 3;
0.0300833, 3;
0.0309423, 3;
0.0323674, 3;
0.02991, 3;
0.0320052, 3;
0.0347127, 3;
0.0431678, 3;
0.030885, 3;
0.0309936, 3;
0.0301749, 3;
0.0307229, 3;
0.0319955, 3;
0.0313023, 3;
0.0309484, 3;
0.032055, 3;
0.0319042, 3;
0.0312955, 3;
0.0317338, 3;
0.0320238, 3;
0.0299851, 3;
0.0319796, 3;
0.0311344, 3;
0.0297541, 3;
0.0309758, 3;
0.0303623, 3;
0.0307987, 3;
0.0306162, 3;
0.0315678, 3;
0.0305211, 3;
0.0310775, 3;
0.0312069, 3;
0.0310756, 3;
0.0310867, 3;
0.0364937, 3;
0.0428236, 3;
0.031275, 3;
0.0353523, 3;
0.04357, 3;
0.0309784, 3;
0.0299992, 3;
0.0321449, 3;
0.0305853, 3;
0.0315124, 3;
0.0320251, 3;
0.0309897, 3;
0.030991, 3;
0.030776, 3;
0.0302166, 3;
0.0306803, 3;
0.0313858, 3;
0.0305948, 3;
0.0301266, 3;
0.0308391, 3;
0.0314434, 3;
0.0319197, 3;
0.0316031, 3;
0.0319869, 3;
0.0308985, 3;
0.0343391, 3;
0.0295128, 3;
0.0316539, 3;
0.0306704, 3;
0.0314212, 3;
0.0308513, 3;
0.030248, 3;
0.0310464, 3;
0.0306381, 3;
0.0311639, 3;
0.0306325, 3;
0.0305768, 3;
0.0305813, 3;
0.0310689, 3;
0.031014, 3;
0.0310299, 3;
0.0301806, 3;
0.0310898, 3;
0.0309393, 3;
0.0309108, 3;
0.0308455, 3;
0.0310552, 3;
0.0309042, 3;
0.0302961, 3;
0.0318747, 3;
0.0307464, 3;
0.0300259, 3;
0.0309713, 3;
0.0306634, 3;
0.0301114, 3;
0.0311318, 3;
0.0305408, 3;
0.0309796, 3;
0.0308592, 3;
0.031402, 3;
0.0305326, 3;
0.0309047, 3;
0.0327475, 3;
0.0306893, 3;
0.043591, 3;
0.0296504, 3;
0.0321223, 3;
0.0303552, 3;
0.030146, 3;
0.02998, 3;
0.0299412, 3;
0.0318138, 3;
0.0307336, 3;
0.0320239, 3;
0.0291289, 3;
0.0303949, 3;
0.0315798, 3;
0.0313452, 3;
0.0308993, 3;
0.0306939, 3;
0.030792, 3;
0.0303528, 3;
0.0326171, 3;
0.0299128, 3;
0.030958, 3;
0.0312119, 3;
0.03202, 3;
0.0308817, 3;
0.0311457, 3;
0.0307227, 3;
0.0299167, 3;
0.0301507, 3;
0.0307394, 3;
0.0385578, 3;
0.0418952, 3;
0.0296564, 3;
0.0319125, 3;
0.0295826, 3;
0.0307111, 3;
0.0317984, 3;
0.0316514, 3;
0.0293513, 3;
0.0323056, 3;
0.0304726, 3;
0.0443715, 3;
0.0295664, 3;
0.0336086, 3;
0.0433148, 3;
0.0319283, 3;
0.0305015, 3;
0.0308354, 3;
0.0308718, 3;
0.0315142, 3;
0.0366839, 3;
0.0389563, 3;
0.0324307, 3;
0.0448863, 3;
0.0305199, 3;
0.0320678, 3;
0.0304844, 3;
0.0315419, 3;
0.0296588, 3;
0.0304008, 3;
0.0308242, 3;
0.0311519, 3;
0.0292044, 3;
0.0336717, 3;
0.045613, 3;
0.043518, 3;
0.0301654, 3;
0.032133, 3;
0.0345766, 3;
0.041239, 3;
0.0328067, 3;
0.033117, 3;
0.0426806, 3;
0.0316521, 3;
0.031331, 3;
0.0297818, 3;
0.0305784, 3;
0.0305152, 3;
0.0313163, 3;
0.0300499, 3;
0.0310173, 3;
0.0305042, 3;
0.0312863, 3;
0.0310754, 3;
0.0300416, 3;
0.0309877, 3;
0.0319838, 3;
0.0315735, 3;
0.0299299, 3;
0.0308587, 3;
0.0308188, 3;
0.031136, 3;
0.030648, 3;
0.0320611, 3;
0.0308067, 3;
0.029546, 3;
0.0299412, 3;
0.0315823, 3;
0.0313301, 3;
0.0312582, 3;
0.0310752, 3;
0.031933, 3;
0.0447971, 3;
0.0294359, 3;
0.0314112, 3;
0.0313571, 3;
0.0299528, 3;
0.0334731, 3;
0.0426235, 3;
0.0336704, 3;
0.0465849, 3;
0.029836, 3;
0.0307361, 3;
0.0304758, 3;
0.0318219, 3;
0.0320956, 3;
0.0309455, 3;
0.0322961, 3;
0.0332721, 3;
0.0445212, 3;
0.0307164, 3;
0.0301829, 3;
0.0315351, 3;
0.0296803, 3;
0.0333463, 3;
0.0439838, 3;
0.0296322, 3;
0.0303834, 3;
0.031564, 3;
0.0314991, 3;
0.0315644, 3;
0.0298004, 3;
0.0298723, 3;
0.0320975, 3;
0.0308261, 3;
0.031221, 3;
0.030758, 3;
0.0318384, 3;
0.0467273, 3;
0.0289291, 3;
0.0309836, 3;
0.0302952, 3;
0.0308636, 3;
0.0309308, 3;
0.0315922, 3;
0.0319159, 3;
0.0509159, 3;
0.0393858, 3;
0.0309292, 3;
0.0311864, 3;
0.0291668, 3;
0.0307713, 3;
0.0307699, 3;
0.030671, 3;
0.0316498, 3;
0.0302096, 3;
0.0309088, 3;
0.0299752, 3;
0.0322349, 3;
0.029198, 3;
0.0310248, 3;
0.0301486, 3;
0.0309067, 3;
0.0296735, 3;
0.0322078, 3;
0.0313967, 3;
0.0300327, 3;
0.0326119, 3;
0.0303717, 3;
0.030959, 3;
0.0297889, 3;
0.0303689, 3;
0.0316255, 3;
0.0308626, 3;
0.0313236, 3;
0.0297508, 3;
0.0310281, 3;
0.0310598, 3;
0.0309622, 3;
0.0317878, 3;
0.0313048, 3;
0.0306409, 3;
0.0305191, 3;
0.0305461, 3;
0.0317611, 3;
0.0449652, 3;
0.030241, 3;
0.0304556, 3;
0.0308301, 3;
0.031892, 3;
0.0465089, 3;
0.0301576, 3;
0.0301997, 3;
0.0316103, 3;
0.0318, 3;
0.0309824, 3;
0.0315342, 3;
0.0290566, 3;
0.0313107, 3;
0.0312703, 3;
0.0292262, 3;
0.0299465, 3;
0.0312557, 3;
0.0313381, 3;
0.0314872, 3;
0.0311889, 3;
0.0336425, 3;
0.0441189, 3;
0.0302102, 3;
0.0316022, 3;
0.0304932, 3;
0.0312749, 3;
0.0324112, 3;
0.0298733, 3;
0.0318666, 3;
0.030931, 3;
0.0309544, 3;
0.0308497, 3;
0.031123, 3;
0.0311741, 3;
0.0313697, 3;
0.0441197, 3;
0.0308316, 3;
0.0299114, 3;
0.0303176, 3;
0.0317796, 3;
0.0308902, 3;
0.0319954, 3;
0.0443676, 3;
0.0320698, 3;
0.0319607, 3;
0.0296996, 3;
0.0320046, 3;
0.0309747, 3;
0.0302271, 3;
0.0315398, 3;
0.0312934, 4;
0.0297566, 4;
0.031057, 4;
0.0316765, 4;
0.0314372, 4;
0.0302606, 4;
0.0319928, 4;
0.0298746, 4;
0.0297906, 4;
0.0302111, 4;
0.0309754, 4;
0.0309686, 4;
0.0299799, 4;
0.0310074, 4;
0.0359196, 4;
0.0410826, 4;
0.0302263, 4;
0.0306439, 4;
0.032515, 4;
0.0302389, 4;
0.0308138, 4;
0.0304221, 4;
0.03134, 4;
0.0310373, 4;
0.0306755, 4;
0.0310856, 4;
0.0315793, 4;
0.0310827, 4;
0.0316821, 4;
0.0477689, 4;
0.043742, 4;
0.0310397, 4;
0.0306131, 4;
0.030753, 4;
0.0312496, 4;
0.035219, 4;
0.0425289, 4;
0.0446365, 4;
0.031067, 4;
0.0309322, 4;
0.0309599, 4;
0.0309072, 4;
0.0309641, 4;
0.031046, 4;
0.0298305, 4;
0.0301854, 4;
0.0338689, 4;
0.0436068, 4;
0.0311838, 4;
0.0308098, 4;
0.0308252, 4;
0.0308194, 4;
0.032715, 4;
0.0326308, 4;
0.0439199, 4;
0.0306386, 4;
0.0311336, 4;
0.0316585, 4;
0.0309106, 4;
0.0314365, 4;
0.0307375, 4;
0.0305998, 4;
0.0308957, 4;
0.0311542, 2;
0.0316108, 2;
0.0306322, 2;
0.0312927, 2;
0.0300486, 2;
0.0318894, 2;
0.0299816, 2;
0.031198, 2;
0.031647, 2;
0.0312214, 2;
0.0302737, 2;
0.030345, 2;
0.0307324, 2;
0.0308313, 2;
0.0298178, 2;
0.0320565, 2;
0.0312624, 2;
0.0311663, 2;
0.0298032, 2;
0.0307921, 2;
0.0310253, 2;
0.0303975, 2;
0.0303177, 2;
0.0300338, 2;
0.0321379, 2;
0.0297944, 2;
0.0311643, 2;
0.0334347, 2;
0.0296944, 2;
0.0308124, 2;
0.0304528, 2;
0.0315275, 2;
0.0300288, 2;
0.030641, 2;
0.0315308, 2;
0.0318332, 2;
0.0307862, 2;
0.0315346, 2;
0.0455072, 2;
0.0308183, 2;
0.0332948, 2;
0.0298807, 2;
0.0306708, 2;
0.0310524, 2;
0.03097, 2;
0.0309773, 2;
0.0309109, 2;
0.0320009, 2;
0.0308801, 2;
0.0314825, 2;
0.0304181, 2;
0.0314996, 2;
0.0339029, 2;
0.0436149, 2;
0.0313368, 2;
0.0302848, 2;
0.0307461, 2;
0.0312841, 2;
0.0313618, 4;
0.0313259, 4;
0.0308524, 4;
0.0319496, 4;
0.0310808, 4;
0.0307447, 4;
0.0309395, 4;
0.0318653, 4;
0.0300467, 4;
0.0308869, 4;
0.0322042, 4;
0.0296588, 4;
0.0299747, 4;
0.0314577, 4;
0.0310341, 4;
0.0320315, 4;
0.0290069, 4;
0.0317919, 4;
0.0300956, 4;
0.0308831, 4;
0.0303085, 4;
0.0346128, 4;
0.0436206, 4;
0.0305842, 4;
0.0305212, 4;
0.0308783, 4;
0.0313217, 4;
0.0320073, 4;
0.0300278, 4;
0.0313791, 4;
0.0320062, 4;
0.0298976, 4;
0.030982, 4;
0.0308712, 4;
0.0310525, 4;
0.0311423, 4;
0.0317471, 4;
0.044383, 4;
0.031083, 2;
0.0307991, 2;
0.0300714, 2;
0.0312708, 2;
0.0305425, 2;
0.0303146, 2;
0.0318437, 2;
0.0348529, 2;
0.0443273, 2;
0.0313017, 2;
0.0303049, 2;
0.0348378, 2;
0.0441898, 2;
0.0317008, 2;
0.0307591, 2;
0.0316664, 2;
0.0321942, 2;
0.0310529, 2;
0.0317378, 2;
0.0299142, 2;
0.0299023, 2;
0.0305633, 2;
0.0315303, 2;
0.0309262, 2;
0.0350468, 2;
0.0415809, 2;
0.031329, 2;
0.0307067, 2;
0.0320507, 2;
0.0305554, 2;
0.0331603, 2;
0.0323101, 2;
0.0485503, 2;
0.0441375, 2;
0.0480178, 2;
0.04701, 2;
0.0428668, 2;
0.0330924, 2;
0.0439241, 2;
0.0333453, 2;
0.0450874, 2;
0.0311661, 2;
0.0451772, 2;
0.0309918, 2;
0.0304565, 2;
0.0358841, 2;
0.040738, 2;
0.0320291, 2;
0.0304988, 2;
0.030534, 2;
0.0303765, 2;
0.0319417, 2;
0.0317504, 2;
0.0314597, 2;
0.0304772, 2;
0.0322896, 2;
0.0297076, 2;
0.0300064, 2;
0.0316025, 2;
0.0303222, 2;
0.0314385, 2;
0.0307126, 2;
0.0298809, 2;
0.0316681, 2;
0.030853, 2;
0.0311219, 2;
0.0306596, 2;
0.0309755, 2;
0.0310138, 2;
0.0303555, 2;
0.0301594, 2;
0.0302447, 2;
0.0308052, 2;
0.0334411, 2;
0.0438025, 2;
0.0309666, 2;
0.0297655, 2;
0.0316674, 2;
0.0311924, 2;
0.0319404, 2;
0.0311096, 2;
0.0303559, 2;
0.0309271, 2;
0.0314086, 2;
0.032457, 2;
0.0447723, 2;
0.029732, 2;
0.0314009, 2;
0.0318933, 2;
0.0308342, 2;
0.0312129, 2;
0.0306004, 2;
0.0309136, 2;
0.0303897, 2;
0.0309613, 2;
0.0309055, 2;
0.0314568, 2;
0.0313682, 2;
0.0304305, 2;
0.0310137, 2;
0.0308037, 2;
0.0312405, 2;
0.030591, 2;
0.0319969, 2;
0.0300945, 2;
0.0312426, 2;
0.0294824, 2;
0.0325985, 2;
0.0442457, 2;
0.0315679, 2;
0.0329029, 2;
0.0301041, 2;
0.0316979, 2;
0.0314303, 2;
0.0312794, 2;
0.0315091, 2;
0.0300889, 2;
0.0308512, 2;
0.0313404, 2;
0.0320133, 2;
0.0296123, 2;
0.0309913, 2;
0.0319286, 2;
0.031609, 2;
0.0313823, 2;
0.0324441, 2;
0.0288854, 2;
0.0312099, 2;
0.0321258, 2;
0.0309734, 2;
0.0299291, 2;
0.0309628, 2;
0.0306155, 2;
0.0313397, 2;
0.0313705, 2;
0.0309703, 2;
0.0316476, 2;
0.0298759, 2;
0.0315433, 2;
0.032158, 2;
0.0309398, 2;
0.0311208, 2;
0.0306519, 2;
0.0312567, 2;
0.0306539, 2;
0.0308913, 2;
0.0310388, 2;
0.0307854, 2;
0.0306293, 2;
0.0306859, 2;
0.029984, 2;
0.0304668, 2;
0.030731, 2;
0.0306042, 2;
0.0325048, 2;
0.0296919, 2;
0.0309802, 2;
0.0327942, 2;
0.0293758, 2;
0.0304298, 2;
0.0301956, 2;
0.0309299, 2;
0.0303794, 2;
0.0314596, 2;
0.0306684, 2;
0.0317531, 2;
0.0307961, 2;
0.0314027, 2;
0.0326106, 2;
0.0297491, 2;
0.0315502, 2;
0.0310438, 2;
0.0308611, 2;
0.0305801, 2;
0.0312524, 2;
0.0299083, 2;
0.0297071, 2;
0.0311873, 2;
0.0317142, 2;
0.0307337, 2;
0.0372865, 2;
0.045465, 2;
0.043406, 2;
0.0308895, 2;
0.0306385, 2;
0.0311823, 2;
0.0299421, 2;
0.0299144, 2;
0.0310656, 2;
0.031431, 2;
0.0299628, 2;
0.030923, 4;
0.0152839, 9;
0.0153527, 9;
0.0157685, 9;
0.0164839, 9;
0.0137816, 9;
0.0161493, 9;
0.0154217, 9;
0.0152595, 9;
0.0156543, 9;
0.0162153, 9;
0.0158946, 9;
0.0175296, 9;
0.0124737, 9;
0.0151597, 9;
0.0176004, 9;
0.0153417, 9;
0.013919, 9;
0.0157997, 9;
0.0163584, 9;
0.0137107, 9;
0.0159635, 9;
0.0147505, 9;
0.0151118, 9;
0.0196775, 9;
0.0144756, 9;
0.0128103, 9;
0.0181304, 9;
0.0126456, 9;
0.015639, 9;
0.0157927, 9;
0.0153689, 9;
0.0161249, 9;
0.0158514, 9;
0.0159807, 9;
0.0148744, 9;
0.0160086, 9;
0.0157483, 9;
0.0150641, 9;
0.0149305, 9;
0.0171512, 9;
0.0139914, 9;
0.0160551, 9;
0.0143216, 9;
0.0155821, 9;
0.017634, 9;
0.0131887, 9;
0.0156275, 9;
0.0153021, 9;
0.0151507, 9;
0.0147304, 9;
0.0158685, 9;
0.015261, 9;
0.0149069, 9;
0.0162827, 9;
0.01521, 9;
0.0164393, 9;
0.0149613, 9;
0.0156578, 9;
0.0152563, 9;
0.0168439, 9;
0.0145011, 9;
0.0158496, 9;
0.0156136, 9;
0.0160257, 9;
0.0176366, 9;
0.0137978, 9;
0.0161876, 9;
0.015608, 9;
0.0145974, 9;
0.0159437, 9;
0.0171488, 9;
0.0150976, 9;
0.0156513, 9;
0.0152458, 9;
0.0161294, 9;
0.014206, 9;
0.0156104, 9;
0.0158176, 9;
0.0146963, 9;
0.0153329, 9;
0.0156124, 9;
0.0149579, 9;
0.0152414, 9;
0.0169346, 9;
0.0148336, 9;
0.0154163, 9;
0.0161694, 9;
0.0151988, 9;
0.0172763, 9;
0.0139333, 9;
0.016064, 9;
0.0147225, 9;
0.0165156, 9;
0.0139545, 9;
0.0155956, 9;
0.0178977, 9;
0.0126026, 9;
0.0158164, 9;
0.0159972, 9;
0.0143155, 9;
0.0158453, 9;
0.0158719, 9;
0.0149588, 9;
0.015229, 9;
0.0169719, 9;
0.0139992, 9;
0.0157905, 9;
0.0161206, 9;
0.0175343, 9;
0.0134914, 9;
0.0155867, 9;
0.015623, 9;
0.0153506, 9;
0.016133, 9;
0.0147361, 9;
0.0165813, 9;
0.0144205, 9;
0.0154125, 9;
0.0169429, 9;
0.0173354, 9;
0.0120428, 9;
0.0156554, 9;
0.0177721, 9;
0.0138883, 9;
0.0165094, 9;
0.0157069, 9;
0.0141427, 9;
0.0159897, 9;
0.0166288, 9;
0.0137938, 9;
0.0156117, 9;
0.015814, 9;
0.0153484, 9;
0.0154836, 9;
0.0161134, 9;
0.0146386, 9;
0.0150362, 9;
0.0151768, 9;
0.0162291, 9;
0.0154794, 9;
0.01518, 9;
0.0153043, 9;
0.0146923, 9;
0.0157144, 9;
0.0165172, 9;
0.0155718, 9;
0.0143112, 9;
0.0151891, 9;
0.0152029, 9;
0.0154652, 9;
0.0177075, 9;
0.012893, 9;
0.0159774, 9;
0.0156872, 9;
0.0152027, 9;
0.0171224, 9;
0.0148858, 9;
0.0150514, 9;
0.0159033, 9;
0.0149342, 9;
0.0163429, 9;
0.015875, 9;
0.0148126, 9;
0.0151039, 9;
0.0155681, 9;
0.0165777, 9;
0.0140284, 9;
0.0156289, 9;
0.0159528, 9;
0.0147323, 9;
0.0157771, 9;
0.0153027, 9;
0.0156658, 9;
0.0165654, 9;
0.0145125, 9;
0.015005, 9;
0.0159153, 9;
0.0154448, 9;
0.016645, 9;
0.0150421, 9;
0.0167335, 9;
0.0150053, 9;
0.0147407, 9;
0.0159159, 9;
0.0147354, 9;
0.0154521, 9;
0.0171847, 9;
0.0147867, 9;
0.0158963, 9;
0.0159526, 9;
0.0148474, 9;
0.0153508, 9;
0.0146602, 9;
0.0167831, 9;
0.0151204, 9;
0.0151024, 9;
0.0170378, 9;
0.013974, 9;
0.0154905, 9;
0.0165809, 9;
0.0154864, 9;
0.0177834, 9;
0.0131179, 9;
0.0145823, 9;
0.0167445, 9;
0.0137616, 9;
0.0155137, 9;
0.0153021, 9;
0.0176863, 9;
0.0143853, 9;
0.0149057, 9;
0.0149709, 9;
0.015306, 9;
0.0160985, 9;
0.0158147, 9;
0.013606, 9;
0.0159958, 9;
0.0181067, 9;
0.0153187, 9;
0.0132996, 9;
0.0149893, 9;
0.0147992, 9;
0.0159528, 9;
0.0156021, 9;
0.0159316, 9;
0.0164833, 9;
0.0143259, 9;
0.0148405, 9;
0.0159624, 9;
0.0151686, 9;
0.0162095, 9;
0.0145032, 9;
0.0159069, 9;
0.0153919, 9;
0.0161319, 9;
0.0146264, 9;
0.016046, 9;
0.0163582, 9;
0.0145515, 9;
0.0177734, 9;
0.012395, 9;
0.0160198, 9;
0.0162572, 9;
0.015036, 9;
0.0150194, 9;
0.0158135, 9;
0.0151527, 9;
0.0159501, 9;
0.0155871, 9;
0.0153355, 9;
0.0160269, 9;
0.0159157, 9;
0.0149153, 9;
0.0167688, 9;
0.0145754, 9;
0.0146709, 9;
0.0157086, 9;
0.0154671, 9;
0.015611, 9;
0.015344, 9;
0.0159233, 9;
0.0150774, 9;
0.0151189, 9;
0.0153724, 9;
0.01604, 9;
0.0162198, 9;
0.0160243, 9;
0.0139525, 9;
0.0163624, 9;
0.0142933, 9;
0.0171267, 9;
0.013794, 9;
0.0150201, 9;
0.0146602, 9;
0.0149479, 9;
0.0150472, 9;
0.0170446, 9;
0.0139218, 9;
0.0159097, 9;
0.0155829, 9;
0.0154795, 9;
0.0154355, 9;
0.0172264, 9;
0.0151377, 9;
0.014303, 9;
0.015642, 9;
0.0149231, 9;
0.0156689, 9;
0.0151587, 9;
0.0147067, 9;
0.0161074, 9;
0.0151852, 9;
0.014846, 9;
0.0158082, 9;
0.0172052, 9;
0.0154483, 9;
0.0143804, 9;
0.0155508, 9;
0.0156144, 9;
0.0161303, 9;
0.0164233, 9;
0.0154061, 9;
0.0140084, 9;
0.0169048, 9;
0.0136086, 9;
0.0165117, 9;
0.0143944, 9;
0.0153746, 9;
0.0149137, 9;
0.0151653, 9;
0.0148998, 9;
0.0156262, 9;
0.0158823, 9;
0.0162717, 9;
0.0159323, 9;
0.0149861, 9;
0.0148952, 9;
0.0164533, 9;
0.0185147, 9;
0.0117492, 9;
0.0160872, 9;
0.016396, 9;
0.015351, 9;
0.0150457, 9;
0.014417, 9;
0.0147025, 9;
0.0156977, 9;
0.0155745, 9;
0.0155916, 9;
0.0154277, 9;
0.0156475, 9;
0.0158574, 9;
0.0210363, 9;
0.0112587, 9;
0.0159486, 9;
0.0148142, 9;
0.0159497, 9;
0.0142416, 9;
0.0153596, 9;
0.0155177, 9;
0.0150742, 9;
0.0159911, 9;
0.0149043, 9;
0.0146565, 9;
0.0156595, 9;
0.0157135, 9;
0.0177152, 9;
0.013518, 9;
0.0162309, 9;
0.0162422, 9;
0.0149847, 9;
0.0159835, 9;
0.0161814, 9;
0.0155859, 9;
0.0165204, 9;
0.0140001, 9;
0.0151051, 9;
0.0152953, 9;
0.0156945, 9;
0.016458, 9;
0.0200625, 9;
0.0106061, 9;
0.0167659, 9;
0.0132967, 9;
0.015742, 9;
0.0152165, 9;
0.0163029, 9;
0.0145417, 9;
0.0147935, 9;
0.0153934, 9;
0.0161103, 9;
0.0160253, 9;
0.016763, 9;
0.0125154, 9;
0.0151914, 9;
0.0160116, 9;
0.0157476, 9;
0.0141316, 9;
0.0160615, 9;
0.0149372, 9;
0.0157107, 9;
0.0151389, 9;
0.015575, 9;
0.0154728, 9;
0.0158365, 9;
0.0157418, 9;
0.0180861, 9;
0.0136448, 9;
0.0163909, 9;
0.0145861, 9;
0.0165567, 9;
0.0146419, 9;
0.0161605, 9;
0.0148415, 9;
0.0150724, 9;
0.015492, 9;
0.0144425, 9;
0.0158656, 9;
0.0150184, 9;
0.0162711, 9;
0.0154072, 9;
0.0144931, 9;
0.0148448, 9;
0.0158595, 9;
0.0145695, 9;
0.0152676, 9;
0.0155899, 9;
0.0161478, 9;
0.0165647, 9;
0.0154796, 9;
0.0150316, 9;
0.0162567, 9;
0.0144216, 9;
0.0188322, 9;
0.0123183, 9;
0.0157083, 9;
0.0153227, 9;
0.0159812, 9;
0.0148493, 9;
0.0147445, 9;
0.0158728, 9;
0.022202, 9;
0.0086201, 9;
0.0136861, 9;
0.0152994, 9;
0.0156601, 9;
0.0172377, 9;
0.012976, 9;
0.0151972, 9;
0.0162362, 9;
0.0140556, 9;
0.0167097, 9;
0.0157724, 9;
0.014064, 9;
0.0185756, 9;
0.0116973, 9;
0.0159201, 9;
0.0170274, 9;
0.0143972, 9;
0.0178129, 9;
0.0135659, 9;
0.0158823, 9;
0.0157673, 9;
0.0152002, 9;
0.0149131, 9;
0.0161869, 9;
0.0152118, 9;
0.0180887, 9;
0.0133077, 9;
0.0151142, 9;
0.0159109, 9;
0.0150632, 9;
0.0163605, 9;
0.014638, 9;
0.0149146, 9;
0.0158173, 9;
0.0153662, 9;
0.0154366, 9;
0.0154852, 9;
0.0148961, 9;
0.0159445, 9;
0.0160552, 9;
0.0149547, 9;
0.0156891, 9;
0.0170913, 9;
0.0139081, 9;
0.0157077, 9;
0.0162174, 9;
0.0205322, 9;
0.0087661, 9;
0.0157015, 9;
0.0157593, 9;
0.015509, 9;
0.0176427, 9;
0.0137637, 9;
0.0156176, 9;
0.0165476, 9;
0.0142609, 9;
0.0158318, 9;
0.014892, 9;
0.0147715, 9;
0.0173999, 9;
0.0137174, 9;
0.0210909, 9;
0.0103187, 9;
0.0151058, 9;
0.0150763, 9;
0.016016, 9;
0.0169004, 9;
0.0157599, 9;
0.0146633, 9;
0.014895, 9;
0.0163751, 9;
0.0143285, 9;
0.0164292, 9;
0.0136201, 9;
0.0167482, 9;
0.0141566, 9;
0.0159629, 9;
0.0151361, 9;
0.0156049, 9;
0.0156062, 9;
0.0157544, 9;
0.0151214, 9;
0.0147366, 9;
0.0149135, 9;
0.0160038, 9;
0.0152691, 9;
0.017765, 9;
0.0142766, 9;
0.0158905, 9;
0.0148449, 9;
0.0151351, 9;
0.014901, 9;
0.0158731, 9;
0.0162326, 9;
0.0154333, 9;
0.0164108, 9;
0.0149552, 9;
0.0158851, 9;
0.0142475, 9;
0.0159783, 9;
0.0139902, 9;
0.0155904, 9;
0.0160094, 9;
0.0143239, 9;
0.0158689, 9;
0.015591, 9;
0.0149961, 9;
0.0164071, 9;
0.0159355, 9;
0.0146057, 9;
0.0167958, 9;
0.0139612, 9;
0.0160982, 9;
0.016519, 9;
0.013321, 9;
0.0156484, 9;
0.015928, 9;
0.0145084, 9;
0.0147388, 9;
0.0151115, 9;
0.0163989, 9;
0.0174314, 9;
0.0141078, 9;
0.0160484, 9;
0.0153709, 9;
0.0153757, 9;
0.0219602, 9;
0.0078693, 9;
0.0159605, 9;
0.0149625, 9;
0.0150545, 9;
0.0173166, 9;
0.0167632, 9;
0.0127882, 9;
0.0145904, 9;
0.0149962, 9;
0.0160991, 9;
0.01509, 9;
0.01582, 9;
0.0174887, 9;
0.0125826, 9;
0.0147394, 9;
0.0151916, 9;
0.0161215, 9;
0.0158252, 9;
0.0154017, 9;
0.0154578, 9;
0.0186157, 9;
0.0122856, 9;
0.0162356, 9;
0.014849, 9;
0.0153469, 9;
0.0151591, 9;
0.0163738, 9;
0.0144413, 9;
0.0157526, 9;
0.0166876, 9;
0.0148225, 9;
0.015427, 9;
0.0158713, 9;
0.0154797, 9;
0.0154829, 9;
0.0159676, 9;
0.0155847, 9;
0.0156559, 9;
0.0164723, 9;
0.0140067, 9;
0.0152387, 9;
0.0159726, 9;
0.0150877, 9;
0.0154048, 9;
0.0151652, 9;
0.0147033, 9;
0.0159136, 9;
0.0153115, 9;
0.016965, 9;
0.0143131, 9;
0.0152002, 9;
0.0151189, 9;
0.0156928, 9;
0.0153202, 9;
0.0158172, 9;
0.0157099, 9;
0.0153144, 9;
0.0148708, 9;
0.0167643, 9;
0.0144383, 9;
0.0152688, 9;
0.0161062, 9;
0.0138, 9;
0.0154473, 9;
0.0168147, 9;
0.0166795, 9;
0.0131894, 9;
0.0159487, 9;
0.015473, 9;
0.0158643, 9;
0.0156892, 9;
0.014791, 9;
0.015948, 9;
0.0143484, 9;
0.0147462, 9;
0.0166931, 9;
0.0139098, 9;
0.0170585, 9;
0.014279, 9;
0.0149078, 9;
0.0162719, 9;
0.014792, 9;
0.0158477, 9;
0.015036, 9;
0.0158591, 9;
0.0149734, 9;
0.0172355, 9;
0.014021, 9;
0.0156085, 9;
0.0158937, 9;
0.016017, 9;
0.0137928, 9;
0.0159805, 9;
0.0161573, 9;
0.0150966, 9;
0.014747, 9;
0.0149545, 9;
0.0157202, 9;
0.0152311, 9;
0.0168748, 9;
0.0138189, 9;
0.0161053, 9;
0.0151993, 9;
0.0157354, 9;
0.018131, 9;
0.0119258, 9;
0.015063, 9;
0.0160419, 9;
0.0151405, 9;
0.0156422, 9;
0.0149591, 9;
0.0148892, 9;
0.0149867, 9;
0.0175684, 9;
0.0149005, 9;
0.0148045, 9;
0.0162479, 9;
0.0150697, 9;
0.0148321, 9;
0.0155618, 9;
0.0150945, 9;
0.0155533, 9;
0.0151889, 9;
0.0153696, 9;
0.0156883, 9;
0.016995, 9;
0.0414528, 9;
0.0241044, 9;
0.0129112, 9;
0.0192831, 9;
0.0120205, 9;
0.0125692, 9;
0.0173629, 9;
0.0137802, 9;
0.0159465, 9;
0.0147814, 9;
0.0154299, 9;
0.0164104, 9;
0.0154297, 9;
0.0158272, 9;
0.016642, 9;
0.0162519, 9;
0.0165172, 9;
0.0149436, 9;
0.0201833, 9;
0.0080157, 9;
0.0160487, 9;
0.0159333, 9;
0.015524, 9;
0.0155833, 9;
0.0155603, 9;
0.0151592, 9;
0.0157301, 9;
0.0151972, 9;
0.0152801, 9;
0.0162237, 9;
0.016245, 9;
0.0190255, 9;
0.0113829, 9;
0.0168705, 9;
0.0167222, 9;
0.013185, 9;
0.0167019, 9;
0.015128, 9;
0.0155296, 9;
0.015314, 9;
0.0151777, 9;
0.015675, 9;
0.0156151, 9;
0.014719, 9;
0.0164807, 9;
0.0177295, 9;
0.013864, 9;
0.0155751, 9;
0.0137678, 9;
0.0157196, 9;
0.0159409, 9;
0.0152023, 9;
0.0151506, 9;
0.015843, 9;
0.0149954, 9;
0.0160801, 9;
0.015146, 9;
0.016399, 9;
0.0151937, 9;
0.0157726, 9;
0.0160321, 9;
0.0155642, 9;
0.0161691, 9;
0.0154439, 9;
0.0160046, 9;
0.015284, 9;
0.0161164, 9;
0.0147035, 9;
0.0155303, 9;
0.015987, 9;
0.0161611, 9;
0.0140472, 9;
0.0156585, 9;
0.0147994, 9;
0.0155929, 9;
0.0152581, 9;
0.0159571, 9;
0.0150605, 9;
0.0160151, 9;
0.0141137, 9;
0.0156238, 9;
0.0157664, 9;
0.0159188, 9;
0.0145516, 9;
0.0166236, 9;
0.0148254, 9;
0.0153008, 9;
0.0150034, 9;
0.0167784, 9;
0.0151944, 9;
0.0150688, 9;
0.0157657, 9;
0.015431, 9;
0.0156252, 9;
0.0159431, 9;
0.0149361, 9;
0.0150061, 9;
0.0149355, 9;
0.0156382, 9;
0.0169404, 9;
0.0136174, 9;
0.0161336, 9;
0.0156337, 9;
0.0161356, 9;
0.0141141, 9;
0.0152048, 9;
0.0162117, 9;
0.0150754, 9;
0.0158891, 9;
0.0151355, 9;
0.0159712, 9;
0.0161062, 9;
0.0148895, 9;
0.0166205, 9;
0.0140746, 9;
0.0157886, 9;
0.0157943, 9;
0.0156045, 9;
0.0146861, 9;
0.0169051, 9;
0.0142048, 9;
0.0155916, 9;
0.0152115, 9;
0.0148962, 9;
0.0151416, 9;
0.0166686, 9;
0.0164219, 9;
0.0130745, 9;
0.0148929, 9;
0.0153368, 9;
0.0167201, 9;
0.0143407, 9;
0.0153757, 9;
0.0155808, 9;
0.0157876, 9;
0.0155018, 9;
0.0159556, 9;
0.0145577, 9;
0.0151704, 9;
0.0163171, 9;
0.0135155, 9;
0.0161311, 9;
0.0150712, 9;
0.0164477, 9;
0.0145765, 9;
0.0154164, 9;
0.0152323, 9;
0.0167013, 9;
0.0143989, 9;
0.0156841, 9;
0.0161477, 9;
0.0151842, 9;
0.0170297, 9;
0.0131316, 9;
0.0159657, 9;
0.0154683, 9;
0.015914, 9;
0.015408, 9;
0.015358, 9;
0.0153562, 9;
0.0157829, 9;
0.0164896, 9;
0.0153643, 9;
0.0167775, 9;
0.0149912, 9;
0.0157335, 9;
0.017141, 9;
0.014123, 9;
0.0156656, 9;
0.0152712, 9;
0.0155629, 9;
0.0160804, 9;
0.0153302, 9;
0.0147208, 9;
0.0151002, 9;
0.0157711, 9;
0.0171346, 9;
0.0142886, 9;
0.0146893, 9;
0.0294506, 9;
0.0189227, 9;
0.0142454, 9;
0.0152819, 9;
0.015262, 9;
0.0143731, 9;
0.0149958, 9;
0.0159973, 9;
0.0152948, 9;
0.0154887, 9;
0.0162317, 9;
0.0153069, 9;
0.015756, 9;
0.0145484, 9;
0.0168299, 9;
0.0135953, 9;
0.0152465, 9;
0.0162053, 9;
0.0152841, 9;
0.0147473, 9;
0.015889, 9;
0.0145582, 9;
0.0157002, 9;
0.0158163, 9;
0.0150971, 9;
0.0168661, 9;
0.0139236, 9;
0.0161039, 9;
0.0158221, 9;
0.0158945, 9;
0.0181069, 9;
0.0137748, 9;
0.0163323, 9;
0.0161222, 9;
0.0159106, 9;
0.0141387, 9;
0.0155661, 9;
0.0151302, 9;
0.0164281, 9;
0.0151001, 9;
0.0151039, 9;
0.0151776, 9;
0.0163145, 9;
0.0163518, 9;
0.0145175, 9;
0.0151909, 9;
0.0158956, 9;
0.0150433, 9;
0.0147075, 9;
0.0149786, 9;
0.0150697, 9;
0.0157585, 9;
0.0146973, 9;
0.0254466, 9;
0.0065177, 9;
0.014053, 9;
0.0152274, 9;
0.0151114, 9;
0.0156905, 9;
0.0176709, 9;
0.0126711, 9;
0.0151907, 9;
0.0152877, 9;
0.0151931, 9;
0.0166499, 9;
0.0148471, 9;
0.0159754, 9;
0.0172225, 9;
0.0134893, 9;
0.0153101, 9;
0.0143096, 9;
0.0150483, 9;
0.0166774, 9;
0.0144115, 9;
0.0161363, 9;
0.0149578, 9;
0.0156389, 9;
0.0148451, 9;
0.0152268, 9;
0.015847, 9;
0.0168189, 9;
0.0140226, 9;
0.0159505, 9;
0.0157747, 9;
0.0156553, 9;
0.0150669, 9;
0.0151861, 9;
0.015274, 9;
0.015906, 9;
0.0148236, 9;
0.0146189, 9;
0.0153569, 9;
0.0165662, 9;
0.013303, 9;
0.0150679, 9;
0.0150842, 9;
0.0166803, 9;
0.0157772, 9;
0.0156795, 9;
0.0142737, 9;
0.0162319, 9;
0.0145908, 9;
0.0152827, 9;
0.015764, 9;
0.0152149, 9;
0.0178974, 9;
0.0142739, 9;
0.0147673, 9;
0.0189494, 9;
0.0124572, 9;
0.0156466, 9;
0.0174243, 9;
0.0132689, 9;
0.015776, 9;
0.0151692, 9;
0.0151903, 9;
0.0156433, 9;
0.0161057, 9;
0.0152792, 9;
0.0159908, 9;
0.0155459, 9;
0.0158423, 9;
0.0164502, 9;
0.0170776, 9;
0.0140848, 9;
0.0152812, 9;
0.0161544, 9;
0.0162248, 9;
0.0145608, 9;
0.0149719, 9;
0.015914, 9;
0.0155715, 9;
0.0166917, 9;
0.0134234, 9;
0.0170127, 9;
0.0146665, 9;
0.0155135, 9;
0.0149735, 9;
0.0153819, 9;
0.016051, 9;
0.0145154, 9;
0.0156539, 9;
0.0141262, 9;
0.0160305, 9;
0.0153164, 9;
0.0152015, 9;
0.0171459, 9;
0.0148056, 9;
0.0145491, 9;
0.0164416, 9;
0.0147352, 9;
0.015412, 9;
0.0165997, 9;
0.0143405, 9;
0.0149483, 9;
0.0153306, 9;
0.0158389, 9;
0.0185286, 9;
0.0122458, 9;
0.0159961, 9;
0.0160583, 9;
0.0132611, 9;
0.0170453, 9;
0.013954, 9;
0.016033, 9;
0.0151271, 9;
0.0159552, 9;
0.0143578, 9;
0.0164189, 9;
0.0140845, 9;
0.0180457, 9;
0.0130395, 9;
0.015065, 9;
0.0154598, 9;
0.0171385, 9;
0.0144022, 9;
0.0163598, 9;
0.0159116, 9;
0.0140366, 9;
0.0157098, 9;
0.0158026, 9;
0.0156487, 9;
0.0158319, 9;
0.0153886, 9;
0.015647, 9;
0.0151087, 9;
0.0157104, 9;
0.0152018, 9;
0.014897, 9;
0.0149718, 9;
0.015924, 9;
0.0149757, 9;
0.0167342, 9;
0.015264, 9;
0.0145045, 9;
0.0163541, 9;
0.0150003, 9;
0.0148547, 9;
0.0160731, 9;
0.0158603, 9;
0.0163364, 9;
0.0186176, 9;
0.0119207, 9;
0.01655, 9;
0.0149569, 9;
0.0145918, 9;
0.0169822, 9;
0.0137389, 9;
0.0173709, 9;
0.0143443, 9;
0.0168297, 9;
0.0136381, 9;
0.01661, 9;
0.0150331, 9;
0.0165999, 9;
0.0142983, 9;
0.0158137, 9;
0.0151576, 9;
0.0158406, 9;
0.0177853, 9;
0.0131762, 9;
0.015934, 9;
0.0150978, 9;
0.0159264, 9;
0.0160161, 9;
0.0157322, 9;
0.0149293, 9;
0.0158124, 9;
0.0155564, 9;
0.0172097, 9;
0.0140687, 9;
0.0148768, 9;
0.0161789, 9;
0.0150104, 9;
0.0170087, 9;
0.0138318, 9;
0.015997, 9;
0.0155172, 9;
0.0149796, 9;
0.0153865, 9;
0.0159238, 9;
0.0161889, 9;
0.0148035, 9;
0.0143476, 9;
0.0160771, 9;
0.0153366, 9;
0.016449, 9;
0.0136975, 9;
0.0158809, 9;
0.0152237, 9;
0.017369, 9;
0.0151868, 9;
0.0146427, 9;
0.0154076, 9;
0.0146492, 9;
0.0154811, 9;
0.015933, 9;
0.0161018, 9;
0.0157294, 9;
0.0165591, 9;
0.0132824, 9;
0.0164394, 9;
0.0146045, 9;
0.0163953, 9;
0.0149096, 9;
0.0144125, 9;
0.0157888, 9;
0.0149089, 9;
0.0175256, 9;
0.0136008, 9;
0.0153528, 9;
0.0157205, 9;
0.0171572, 9;
0.0136285, 9;
0.0156197, 9;
0.015696, 9;
0.0143318, 9;
0.0162842, 9;
0.0149402, 9;
0.0149625, 9;
0.0149603, 9;
0.0156574, 9;
0.0142816, 9;
0.0159474, 9;
0.0147519, 9;
0.015168, 9;
0.017177, 9;
0.0153043, 9;
0.0155441, 9;
0.0158641, 9;
0.0158558, 9;
0.0150302, 9;
0.0152146, 9;
0.0151637, 9;
0.0154969, 9;
0.0158636, 9;
0.0153627, 9;
0.0156425, 9;
0.0152576, 9;
0.0171132, 9;
0.0142596, 9;
0.0147895, 9;
0.0159319, 9;
0.0160922, 9;
0.0156473, 9;
0.0166058, 9;
0.0146421, 9;
0.0215419, 9;
0.0084672, 9;
0.0176022, 9;
0.0133492, 9;
0.0158175, 9;
0.015107, 9;
0.01541, 9;
0.015612, 9;
0.0176275, 9;
0.0140572, 9;
0.0156338, 9;
0.0150648, 9;
0.0143269, 9;
0.0165135, 9;
0.0144461, 9;
0.0179697, 9;
0.0139544, 9;
0.016012, 9;
0.0164554, 9;
0.0146323, 9;
0.0155868, 9;
0.0150776, 9;
0.0152953, 9;
0.0164494, 9;
0.0152927, 9;
0.0147674, 9;
0.0148097, 9;
0.0154852, 9;
0.0158169, 9;
0.0176846, 9;
0.0129983, 9;
0.0166639, 9;
0.0155722, 9;
0.0156142, 9;
0.014829, 9;
0.0153207, 9;
0.0158096, 9;
0.0151323, 9;
0.0158257, 9;
0.0154892, 9;
0.0146726, 9;
0.0186128, 9;
0.0121578, 9;
0.0155921, 9;
0.0152778, 9;
0.0157452, 9;
0.0158983, 9;
0.0135944, 9;
0.0160237, 9;
0.0154358, 9;
0.0152953, 9;
0.0156307, 9;
0.0163181, 9;
0.0140748, 9;
0.0143123, 9;
0.0158465, 9;
0.0152464, 9;
0.0171296, 9;
0.0135732, 9;
0.0146895, 9;
0.0150407, 9;
0.0166426, 9;
0.0139937, 9;
0.0157114, 9;
0.0169411, 9;
0.01839, 9;
0.0109847, 9;
0.0155031, 9;
0.0153721, 9;
0.0161315, 9;
0.0155915, 9;
0.0141232, 9;
0.0151601, 9;
0.0150463, 9;
0.0181008, 9;
0.013696, 9;
0.0157628, 9;
0.0160888, 9;
0.015621, 9;
0.0164801, 9;
0.014866, 9;
0.0159281, 9;
0.0149674, 9;
0.0159722, 9;
0.0161483, 9;
0.0174019, 9;
0.0138737, 9;
0.0161163, 9;
0.0166135, 9;
0.0163981, 9;
0.0142232, 9;
0.014828, 9;
0.0151955, 9;
0.0167389, 9;
0.01599, 9;
0.0141097, 9;
0.0149704, 9;
0.0159396, 9;
0.0167938, 9;
0.013263, 9;
0.0160729, 9;
0.0205493, 9;
0.0102467, 9;
0.0172435, 9;
0.0146872, 9;
0.0150543, 9;
0.0164322, 9;
0.0159099, 9;
0.0156461, 9;
0.0143684, 9;
0.0148859, 9;
0.0151397, 9;
0.0151491, 9;
0.0168021, 9;
0.0149067, 9;
0.0154104, 9;
0.0151111, 9;
0.0151589, 9;
0.0152658, 9;
0.0167549, 9;
0.0140175, 9;
0.0190147, 9;
0.0121966, 9;
0.0148804, 9;
0.0152355, 9;
0.0163014, 9;
0.0150625, 9;
0.0153139, 9;
0.0155434, 9;
0.0155307, 9;
0.0154705, 9;
0.0156052, 9;
0.0145269, 9;
0.016139, 9;
0.015887, 9;
0.0176197, 9;
0.0135681, 9;
0.0152117, 9;
0.0150836, 9;
0.0156199, 9;
0.0161423, 9;
0.0161103, 9;
0.0181802, 9;
0.0130774, 9;
0.0179737, 9;
0.0135758, 9;
0.0156768, 9;
0.014654, 9;
0.0161611, 9;
0.0150237, 9;
0.0171256, 9;
0.0137531, 9;
0.0164036, 9;
0.0156022, 9;
0.0148731, 9;
0.0156091, 9;
0.0155361, 9;
0.0156459, 9;
0.0151427, 9;
0.0160009, 9;
0.0161267, 9;
0.016734, 9;
0.0138147, 9;
0.0161248, 9;
0.0151985, 9;
0.0166688, 9;
0.0141723, 9;
0.0159953, 9;
0.0155891, 9;
0.0158776, 9;
0.0171607, 9;
0.0142536, 9;
0.0149747, 9;
0.0153178, 9;
0.0151825, 9;
0.0158438, 9;
0.0161848, 9;
0.0157684, 9;
0.0158376, 9;
0.0152645, 9;
0.0181195, 9;
0.016471, 9;
0.0151471, 9;
0.01393, 9;
0.0137826, 9;
0.0151692, 9;
0.0160947, 9;
0.0149426, 9;
0.0149013, 9;
0.0149845, 9;
0.0151918, 9;
0.0168584, 9;
0.0148586, 9;
0.0165249, 9;
0.0159756, 9;
0.0138526, 9;
0.0157532, 9;
0.0149445, 9;
0.0157406, 9;
0.0158099, 9;
0.0147152, 9;
0.0167196, 9;
0.0151783, 9;
0.0147857, 9;
0.0165003, 9;
0.0151976, 9;
0.0170359, 9;
0.016183, 9;
0.0143186, 9;
0.0176732, 9;
0.0133485, 9;
0.0162623, 9;
0.0149934, 9;
0.0145279, 9;
0.0169125, 9;
0.0157725, 9;
0.0136849, 9;
0.0154704, 9;
0.0152807, 9;
0.0157678, 9;
0.0157723, 9;
0.0154657, 9;
0.0152938, 9;
0.0153365, 9;
0.0161098, 9;
0.01448, 9;
0.0154875, 9;
0.0159022, 9;
0.0151237, 9;
0.0152499, 9;
0.0152808, 9;
0.016502, 9;
0.0145587, 9;
0.0158275, 9;
0.0157825, 9;
0.015328, 9;
0.0151154, 9;
0.0154321, 9;
0.0155935, 9;
0.015593, 9;
0.0186053, 9;
0.0115204, 9;
0.0164724, 9;
0.0156504, 9;
0.0146132, 9;
0.0160672, 9;
0.0149877, 9;
0.015656, 9;
0.0150328, 9;
0.015709, 9;
0.0155029, 9;
0.0155279, 9;
0.0151771, 9;
0.0155314, 9;
0.0154664, 9;
0.0154632, 9;
0.0154315, 9;
0.0155503, 9;
0.0152494, 9;
0.0162063, 9;
0.0158744, 9;
0.0152787, 9;
0.0173386, 9;
0.0142199, 9;
0.01599, 9;
0.015044, 9;
0.0163137, 9;
0.0139482, 9;
0.0155223, 9;
0.0160011, 9;
0.0146508, 9;
0.0158017, 9;
0.0141195, 9;
0.0165331, 9;
0.0163034, 9;
0.0147131, 9;
0.0154985, 9;
0.0149514, 9;
0.019237, 9;
0.0114572, 9;
0.0160034, 9;
0.016214, 9;
0.0152143, 9;
0.0155073, 9;
0.0158519, 9;
0.0148878, 9;
0.0163488, 9;
0.0141196, 9;
0.0157338, 9;
0.0151643, 9;
0.0149738, 9;
0.0160962, 9;
0.0148202, 9;
0.0161915, 9;
0.0152399, 9;
0.0162489, 9;
0.0151517, 9;
0.0155001, 9;
0.0153041, 9;
0.0164672, 9;
0.0153306, 9;
0.0147858, 9;
0.0187469, 9;
0.0122024, 9;
0.0160325, 9;
0.0164448, 9;
0.0155539, 9;
0.0154901, 9;
0.0145613, 9;
0.0161014, 9;
0.015835, 9;
0.0163801, 9;
0.0142626, 9;
0.0160249, 9;
0.0148183, 9;
0.015879, 9;
0.0158048, 9;
0.0153293, 9;
0.0148864, 9;
0.0156523, 9;
0.0151242, 9;
0.0155427, 9;
0.0156033, 9;
0.0155704, 9;
0.0150052, 9;
0.0162557, 9;
0.0150095, 9;
0.0149981, 9;
0.0165066, 9;
0.0154, 9;
0.0154451, 9;
0.0147537, 9;
0.0149924, 9;
0.017299, 9;
0.0144961, 9;
0.0150915, 9;
0.0157179, 9;
0.0152675, 9;
0.0157065, 9;
0.0148837, 9;
0.0159448, 9;
0.0145579, 9;
0.0151467, 9;
0.015234, 9;
0.0157634, 9;
0.0161012, 9;
0.0154828, 9;
0.0142158, 9;
0.0156089, 9;
0.0159051, 9;
0.0151696, 9;
0.0160987, 9;
0.0153032, 9;
0.0148959, 9;
0.0163548, 9;
0.0134509, 9;
0.0182814, 9;
0.0130599, 9;
0.0147802, 9;
0.0149011, 9;
0.0164261, 9;
0.0154192, 9;
0.0152515, 9;
0.0158937, 9;
0.0153649, 9;
0.0160489, 9;
0.0153181, 9;
0.0156659, 9;
0.0175813, 9;
0.0133013, 9;
0.0144728, 9;
0.0158518, 9;
0.0154382, 9;
0.0171914, 9;
0.0143035, 9;
0.0136071, 9;
0.0155767, 9;
0.0153154, 9;
0.0160836, 9;
0.0145084, 9;
0.0152664, 9;
0.0165057, 9;
0.0155766, 9;
0.0149474, 9;
0.0146296, 9;
0.0152992, 9;
0.0160175, 9;
0.0148484, 9;
0.0149313, 9;
0.0162381, 9;
0.0157549, 9;
0.0142504, 9;
0.0173119, 9;
0.0142662, 9;
0.0150153, 9;
0.0152388, 9;
0.0161036, 9;
0.0148578, 9;
0.0162266, 9;
0.0157977, 9;
0.0142153, 9;
0.0158009, 9;
0.0149903, 9;
0.0163368, 9;
0.0156242, 9;
0.0157054, 9;
0.0153507, 9;
0.0150984, 9;
0.0188027, 9;
0.0135885, 9;
0.0182056, 9;
0.0134384, 9;
0.0154707, 9;
0.0159762, 9;
0.0152821, 9;
0.0155757, 9;
0.0149579, 9;
0.0153318, 9;
0.0149933, 9;
0.0168271, 9;
0.0150851, 9;
0.0170368, 9;
0.013519, 9;
0.0160028, 9;
0.0168599, 9;
0.0150296, 9;
0.0175407, 9;
0.0131155, 9;
0.0158919, 9;
0.0162097, 9;
0.0158647, 9;
0.0148531, 9;
0.0154304, 9;
0.0152553, 9;
0.0159508, 9;
0.0156794, 9;
0.0152555, 9;
0.0168314, 9;
0.0141767, 9;
0.0175514, 9;
0.0134675, 9;
0.017416, 9;
0.0137179, 9;
0.0159118, 9;
0.0156763, 9;
0.0163707, 9;
0.0171522, 9;
0.0128431, 9;
0.0155672, 9;
0.0161014, 9;
0.0165902, 9;
0.015572, 9;
0.0163945, 9;
0.0144079, 9;
0.0157321, 9;
0.0155355, 9;
0.0153555, 9;
0.0160358, 9;
0.015275, 9;
0.0167982, 9;
0.0142671, 9;
0.0169829, 9;
0.01696, 9;
0.0129213, 9;
0.0198392, 9;
0.0110513, 9;
0.0161084, 9;
0.0159266, 9;
0.0158842, 9;
0.0155699, 9;
0.014819, 9;
0.0160299, 9;
0.015707, 9;
0.0150683, 9;
0.014778, 9;
0.0160907, 9;
0.0153465, 9;
0.0150113, 9;
0.0156889, 9;
0.0156378, 9;
0.0156364, 9;
0.0158053, 9;
0.0156933, 9;
0.0153243, 9;
0.0157481, 9;
0.0150121, 9;
0.015609, 9;
0.0160321, 9;
0.015339, 9;
0.015891, 9;
0.0164233, 9;
0.0140282, 9;
0.0152518, 9;
0.0155746, 9;
0.0165853, 9;
0.014306, 9;
0.0154053, 9;
0.0161968, 9;
0.0164623, 9;
0.0154792, 9;
0.0166735, 9;
0.0151758, 9;
0.0158052, 9;
0.0158188, 9;
0.01413, 9;
0.0148678, 9;
0.0156938, 9;
0.0186652, 9;
0.0128753, 9;
0.0158469, 9;
0.0159413, 9;
0.0151352, 9;
0.0150661, 9;
0.0167738, 9;
0.0162183, 9;
0.0152248, 9;
0.0143102, 9;
0.0135376, 9;
0.0160874, 9;
0.0158061, 9;
0.0152075, 9;
0.0153196, 9;
0.0159952, 9;
0.0156014, 9;
0.0166718, 9;
0.0143585, 9;
0.0151935, 9;
0.0166145, 9;
0.0146172, 9;
0.0156338, 9;
0.016132, 9;
0.0158785, 9;
0.0156462, 9;
0.0152796, 9;
0.0161115, 9;
0.0147605, 9;
0.0160447, 9;
0.0148889, 9;
0.0152025, 9;
0.0156404, 9;
0.0154457, 9;
0.0174075, 9;
0.0143561, 9;
0.0156829, 9;
0.0142942, 9;
0.0163769, 9;
0.0154721, 9;
0.0146755, 9;
0.0150946, 9;
0.0190423, 9;
0.0118271, 9;
0.0155088, 9;
0.0154313, 9;
0.0160014, 9;
0.0156439, 9;
0.0152794, 9;
0.0157796, 9;
0.0158712, 9;
0.0163352, 9;
0.0150806, 9;
0.0163157, 9;
0.0134299, 9;
0.015819, 9;
0.0160198, 9;
0.0149606, 9;
0.0175327, 9;
0.0144661, 9;
0.0150474, 9;
0.0155459, 9;
0.016914, 9;
0.0142554, 9;
0.015472, 9;
0.0148149, 9;
0.0169214, 9;
0.0145602, 9;
0.0148036, 9;
0.0156124, 9;
0.0158007, 9;
0.0164758, 9;
0.0142268, 9;
0.0165267, 9;
0.0138599, 9;
0.0155893, 9;
0.0169683, 9;
0.0143805, 9;
0.0153048, 9;
0.0150687, 9;
0.0153796, 9;
0.0171899, 9;
0.0157039, 9;
0.0150823, 9;
0.0161293, 9;
0.0151487, 9;
0.0146017, 9;
0.0152918, 9;
0.0145332, 9;
0.0177172, 9;
0.0142405, 9;
0.0167419, 9;
0.0142336, 9;
0.014925, 9;
0.0157682, 9;
0.015921, 9;
0.0161568, 9;
0.0148418, 9;
0.0154584, 9;
0.0166034, 9;
0.0144895, 9;
0.0153408, 9;
0.0207696, 9;
0.0101161, 9;
0.0173476, 9;
0.0132846, 9;
0.0160172, 9;
0.0164923, 9;
0.0135869, 9;
0.0161447, 9;
0.018028, 9;
0.012313, 9;
0.0163618, 9;
0.0148962, 9;
0.0158909, 9;
0.0156532, 9;
0.0149544, 9;
0.0144848, 9;
0.01496, 9;
0.0158478, 9;
0.0167406, 9;
0.0152956, 9;
0.0151997, 9;
0.0154448, 9;
0.0158648, 9;
0.0159324, 9;
0.0150311, 9;
0.0178807, 9;
0.0136597, 9;
0.0158763, 9;
0.0161414, 9;
0.0159892, 9;
0.0163296, 9;
0.0155825, 9;
0.0159445, 9;
0.0145034, 9;
0.0162363, 9;
0.0149743, 9;
0.0166938, 9;
0.0139895, 9;
0.0160857, 9;
0.0144298, 9;
0.0157407, 9;
0.0174151, 9;
0.0141031, 9;
0.0154447, 9;
0.0155631, 9;
0.015207, 9;
0.0150803, 9;
0.0149695, 9;
0.0156623, 9;
0.0159272, 9;
0.0170225, 9;
0.0149954, 9;
0.0156178, 9;
0.0155627, 9;
0.015647, 9;
0.016251, 9;
0.0147036, 9;
0.014719, 9;
0.0150349, 9;
0.0156873, 9;
0.0153935, 9;
0.0149193, 9;
0.0149579, 9;
0.0150243, 9;
0.0160228, 9;
0.0154779, 9;
0.0152109, 9;
0.0167656, 9;
0.0148342, 9;
0.01505, 9;
0.0156137, 9;
0.0147381, 9;
0.0157035, 9;
0.0157251, 9;
0.0170299, 9;
0.0132775, 9;
0.0166345, 9;
0.0153808, 9;
0.0156121, 9;
0.0152329, 9;
0.0154033, 9;
0.0154571, 9;
0.0159869, 9;
0.0161092, 9;
0.014865, 9;
0.0159926, 9;
0.014706, 9;
0.0180634, 9;
0.0129025, 9;
0.0170109, 9;
0.0141914, 9;
0.0156413, 9;
0.0155461, 9;
0.0159559, 9;
0.017879, 9;
0.0126724, 9;
0.0155734, 9;
0.0171086, 9;
0.0148603, 9;
0.0149654, 9;
0.0161706, 9;
0.0148665, 9;
0.0149629, 9;
0.0172591, 9;
0.0136863, 9;
0.0151176, 9;
0.0170603, 9;
0.0141175, 9;
0.0163168, 9;
0.0149239, 9;
0.0158676, 9;
0.0153268, 9;
0.0156013, 9;
0.0152853, 9;
0.0155156, 9;
0.0154242, 9;
0.0155443, 9;
0.0155426, 9;
0.0156438, 9;
0.0151845, 9;
0.0160336, 9;
0.0150983, 9;
0.0152448, 9;
0.0160291, 9;
0.0160387, 9;
0.0156929, 9;
0.0172809, 9;
0.014391, 9;
0.0149145, 9;
0.0158239, 9;
0.0160976, 9;
0.0149375, 9;
0.0151078, 9;
0.014786, 9;
0.0152744, 9;
0.0158137, 9;
0.01571, 9;
0.0163863, 9;
0.0142923, 9;
0.0199166, 9;
0.0139512, 9;
0.0140423, 9;
0.0159422, 9;
0.0162526, 9;
0.0162497, 9;
0.0142869, 9;
0.0149715, 9;
0.0154133, 9;
0.0160594, 9;
0.0148768, 9;
0.0159359, 9;
0.0150328, 9;
0.0149493, 9;
0.0154101, 9;
0.0157105, 9;
0.0157723, 9;
0.0162583, 9;
0.0143794, 9;
0.0157421, 9;
0.0156208, 9;
0.0157699, 9;
0.0160483, 9;
0.0146085, 9;
0.0155656, 9;
0.0161238, 9;
0.0154477, 9;
0.0150932, 9;
0.0154239, 9;
0.016199, 9;
0.0149701, 9;
0.0176048, 9;
0.0134726, 9;
0.0162816, 9;
0.014308, 9;
0.0161049, 9;
0.0166975, 9;
0.0148291, 9;
0.0156316, 9;
0.0154402, 9;
0.0159081, 9;
0.0160294, 9;
0.0152866, 9;
0.0151424, 9;
0.0156993, 9;
0.0156476, 9;
0.0171317, 9;
0.0141609, 9;
0.0151667, 9;
0.0159571, 9;
0.0149723, 9;
0.0152381, 9;
0.0163111, 9;
0.0142246, 9;
0.0174383, 9;
0.0148611, 9;
0.0155165, 9;
0.0152242, 9;
0.0166133, 9;
0.0148132, 9;
0.0149073, 9;
0.0178293, 9;
0.0131577, 9;
0.0154812, 9;
0.0157045, 9;
0.0142605, 9;
0.0157301, 9;
0.0187951, 9;
0.0118216, 9;
0.0151505, 9;
0.0149024, 9;
0.0161224, 9;
0.0155792, 9;
0.0148663, 9;
0.015689, 9;
0.0183335, 9;
0.0126182, 9;
0.0157688, 9;
0.0149285, 9;
0.0164312, 9;
0.0158934, 9;
0.0136632, 9;
0.0148546, 9;
0.0165388, 9;
0.0160578, 9;
0.0156544, 9;
0.0133956, 9;
0.017074, 9;
0.0149228, 9;
0.0158341, 9;
0.0154518, 9;
0.0159276, 9;
0.0148724, 9;
0.0153554, 9;
0.0155388, 9;
0.017306, 9;
0.0146931, 9;
0.0154802, 9;
0.0153175, 9;
0.0155229, 9;
0.0165278, 9;
0.0148098, 9;
0.0148614, 9;
0.0201826, 9;
0.0109653, 9;
0.0153486, 9;
0.0161566, 9;
0.015119, 9;
0.0159814, 9;
0.0163525, 9;
0.013859, 9;
0.0166414, 9;
0.0153466, 9;
0.0157904, 9;
0.0155868, 9;
0.0161268, 9;
0.0168474, 9;
0.0166986, 9;
0.0142052, 9;
0.0160721, 9;
0.0156741, 9;
0.015961, 9;
0.0140057, 9;
0.0151785, 9;
0.0156548, 9;
0.0165017, 9;
0.0154707, 9;
0.0151041, 9;
0.0154857, 9;
0.0160852, 9;
0.0158222, 9;
0.0165291, 9;
0.0160549, 9;
0.0160258, 9;
0.0146522, 9;
0.0136494, 9;
0.0154162, 9;
0.0164677, 9;
0.014882, 9;
0.0161411, 9;
0.0159451, 9;
0.0149829, 9;
0.0176671, 9;
0.0134078, 9;
0.0155417, 9;
0.0152427, 9;
0.0152231, 9;
0.0158178, 9;
0.0146449, 9;
0.0162822, 9;
0.0152948, 9;
0.0155044, 9;
0.0172609, 9;
0.0132939, 9;
0.0173096, 9;
0.0136985, 9;
0.0148062, 9;
0.0159748, 9;
0.0151689, 9;
0.0169833, 9;
0.0136727, 9;
0.0161539, 9;
0.0160851, 9;
0.0162828, 9;
0.01444, 9;
0.0163163, 9;
0.0143415, 9;
0.0148084, 9;
0.0153325, 9;
0.0179804, 9;
0.0154111, 9;
0.01418, 9;
0.0163919, 9;
0.0152212, 9;
0.0150014, 9;
0.0156379, 9;
0.0149141, 9;
0.0153799, 9;
0.0160394, 9;
0.0154534, 9;
0.0162992, 9;
0.0156107, 9;
0.0149989, 9;
0.0156286, 9;
0.0153153, 9;
0.0159463, 9;
0.0149494, 9;
0.0169718, 9;
0.0158491, 9;
0.0165141, 9;
0.0145729, 9;
0.0150067, 9;
0.0176047, 9;
0.0133077, 9;
0.015945, 9;
0.0161715, 9;
0.015671, 9;
0.0160125, 9;
0.0161077, 9;
0.0157135, 9;
0.0146268, 9;
0.0169639, 9;
0.0136997, 9;
0.0176103, 9;
0.0137457, 9;
0.0153403, 9;
0.0191349, 9;
0.013545, 9;
0.0139085, 9;
0.0156939, 9;
0.0151029, 9;
0.0151282, 9;
0.0159534, 9;
0.0149471, 9;
0.0160418, 9;
0.0175422, 9;
0.0132583, 9;
0.0167651, 9;
0.0174753, 9;
0.0186969, 9;
0.0095235, 9;
0.0199716, 9;
0.0117956, 9;
0.0141659, 9;
0.0156276, 9;
0.0156426, 9;
0.0158549, 9;
0.0141263, 9;
0.0163815, 9;
0.0151273, 9;
0.0152976, 9;
0.016765, 9;
0.0142998, 9;
0.0159706, 9;
0.0158844, 9;
0.0158474, 9;
0.0151137, 9;
0.0156109, 9;
0.0157204, 9;
0.0163998, 9;
0.0142181, 9;
0.0161323, 9;
0.0164628, 9;
0.0152482, 9;
0.0167601, 9;
0.0151019, 9;
0.0154951, 9;
0.0154895, 9;
0.0150439, 9;
0.015911, 9;
0.0158564, 9;
0.0151188, 9;
0.0154772, 9;
0.0152023, 9;
0.0144425, 9;
0.0165126, 9;
0.0144166, 9;
0.0148763, 9;
0.0144316, 9;
0.017439, 9;
0.0147135, 9;
0.0142998, 9;
0.0163879, 9;
0.0164283, 9;
0.0142225, 9;
0.0154379, 9;
0.0164141, 9;
0.0146083, 9;
0.0169709, 9;
0.0140058, 9;
0.0161876, 9;
0.0153523, 9;
0.0152243, 9;
0.0245355, 9;
0.0071652, 9;
0.015917, 9;
0.0160897, 9;
0.0132766, 9;
0.0155392, 9;
0.01486, 9;
0.0156454, 9;
0.01622, 9;
0.0155848, 9;
0.0141767, 9;
0.0151309, 9;
0.0160157, 9;
0.0175012, 9;
0.0130563, 9;
0.0179319, 9;
0.0131642, 9;
0.0164384, 9;
0.0150664, 9;
0.0153845, 9;
0.0156936, 9;
0.0157728, 9;
0.0158697, 9;
0.0166841, 9;
0.0133977, 9;
0.0152939, 9;
0.0161896, 9;
0.0152177, 9;
0.0193006, 9;
0.0113625, 9;
0.0167846, 9;
0.0157501, 9;
0.0132215, 9;
0.017278, 9;
0.014557, 9;
0.0168591, 9;
0.0141615, 9;
0.0149669, 9;
0.0159568, 9;
0.0153943, 9;
0.0159794, 9;
0.015554, 9;
0.015143, 9;
0.0156842, 9;
0.0161276, 9;
0.0154146, 9;
0.016149, 9;
0.0162889, 9;
0.0147345, 9;
0.0152344, 9;
0.0148683, 9;
0.0152251, 9;
0.0147466, 9;
0.0155011, 9;
0.0154505, 9;
0.0149624, 9;
0.0147638, 9;
0.0148361, 9;
0.0157567, 9;
0.0159024, 9;
0.0154059, 9;
0.0156745, 9;
0.0155553, 9;
0.0158512, 9;
0.0159413, 9;
0.0160243, 9;
0.0141975, 9;
0.0168186, 9;
0.0147547, 9;
0.0162154, 9;
0.0148307, 9;
0.0147389, 9;
0.0158643, 9;
0.0153813, 9;
0.0154727, 9;
0.0172243, 9;
0.0138821, 9;
0.0153106, 9;
0.0156415, 9;
0.0182811, 9;
0.0123339, 9;
0.0155786, 9;
0.0197128, 9;
0.012741, 9;
0.0146658, 9;
0.0162956, 9;
0.0156214, 9;
0.0145005, 9;
0.0155114, 9;
0.0143648, 9;
0.0155507, 9;
0.0168162, 9;
0.0144837, 9;
0.0150331, 9;
0.0150352, 9;
0.0174159, 9;
0.0142087, 9;
0.0151955, 9;
0.0150469, 9;
0.0150931, 9;
0.0166182, 9;
0.0150517, 9;
0.0155286, 9;
0.01523, 9;
0.0153138, 9;
0.0158312, 9;
0.0165201, 9;
0.0158429, 9;
0.0134496, 9;
0.0159374, 9;
0.0149842, 9;
0.0160008, 9;
0.0150569, 9;
0.0149007, 9;
0.0166824, 9;
0.0142111, 9;
0.0152044, 9;
0.0159887, 9;
0.0158608, 9;
0.016404, 9;
0.0146361, 9;
0.0150509, 9;
0.0146051, 9;
0.0202444, 9;
0.0118447, 9;
0.0147642, 9;
0.0154353, 9;
0.0161489, 9;
0.0158253, 9;
0.0153321, 9;
0.0150554, 9;
0.0151013, 9;
0.014831, 9;
0.0160498, 9;
0.0192835, 9;
0.0123253, 9;
0.0225367, 9;
0.0249844, 9;
0.0151464, 9;
0.0183211, 9;
0.0169428, 9;
0.0106218, 9;
0.0157193, 9;
0.016018, 9;
0.0150577, 9;
0.0149345, 9;
0.0160108, 9;
0.013983, 9;
0.0166517, 9;
0.014381, 9;
0.0150435, 9;
0.0176337, 9;
0.0140267, 9;
0.0164112, 9;
0.0169575, 9;
0.0140258, 9;
0.0160485, 9;
0.015037, 9;
0.015589, 9;
0.0154642, 9;
0.0152884, 9;
0.0169128, 9;
0.0195735, 9;
0.0111547, 9;
0.0160004, 9;
0.0160458, 9;
0.0159024, 9;
0.0171478, 9;
0.0148523, 9;
0.0170153, 9;
0.0148088, 9;
0.0159407, 9;
0.0173436, 9;
0.0140428, 9;
0.0167925, 9;
0.0163448, 9;
0.014399, 9;
0.0142614, 9;
0.0161105, 9;
0.0162176, 9;
0.0153773, 9;
0.0159221, 9;
0.0160182, 9;
0.0139018, 9;
0.0159952, 9;
0.0158793, 9;
0.0141165, 9;
0.017718, 9;
0.0143027, 9;
0.0149731, 9;
0.0498298, 9;
0.0123797, 9;
0.0203075, 9;
0.0100603, 9;
0.0149958, 9;
0.0156749, 9;
0.0163907, 9;
0.0141075, 9;
0.0353192, 9;
0.0793621, 9;
0.0129499, 9;
0.053854, 9;
0.0620359, 9;
0.0364039, 9;
0.0177163, 9;
0.0158793, 9;
0.0467757, 9;
0.0194185, 9;
0.0100085, 9;
0.0339094, 9;
0.0263724, 9;
0.0481848, 9;
0.11878, 9;
0.0325769, 9;
0.0160186, 9;
0.0751182, 9;
0.0285382, 9;
0.0105233, 9;
0.061732, 9;
0.0433857, 9;
0.031192, 9;
0.0283122, 9;
0.0214575, 9;
0.014949, 9;
0.0167132, 9;
0.0140737, 9;
0.0156731, 9;
0.0148652, 9;
0.0159652, 9;
0.0152661, 9;
0.0146885, 9;
0.0182313, 9;
0.0122397, 9;
0.0197638, 9;
0.0115551, 9;
0.021225, 9;
0.0108017, 9;
0.0155949, 9;
0.0202418, 9;
0.0125521, 9;
0.0130965, 9;
0.0159839, 9;
0.0156774, 9;
0.0156598, 9;
0.0144215, 9;
0.0190973, 9;
0.0128666, 9;
0.0166206, 9;
0.0165775, 9;
0.012659, 9;
0.0180504, 9;
0.0147045, 9;
0.0152094, 9;
0.01604, 9;
0.0156798, 9;
0.0141075, 9;
0.0149487, 9;
0.0148805, 9;
0.0151962, 9;
0.0168724, 9;
0.0146094, 9;
0.0153016, 9;
0.015381, 9;
0.0156796, 9;
0.0152887, 9;
0.0160858, 9;
0.0159031, 9;
0.0163258, 9;
0.0141185, 9;
0.0153145, 9;
0.015553, 9;
0.0157008, 9;
0.0152785, 9;
0.0152685, 9;
0.015332, 9;
0.0175441, 9;
0.0132814, 9;
0.0150656, 9;
0.0152372, 9;
0.0158972, 9;
0.0178989, 9;
0.0145726, 9;
0.0146099, 9;
0.0153402, 9;
0.0153051, 9;
0.0167698, 9;
0.0132666, 9;
0.0173482, 9;
0.0136567, 9;
0.0217505, 9;
0.0093627, 9;
0.015825, 9;
0.0147946, 9;
0.0169256, 9;
0.0139756, 9;
0.015345, 9;
0.0157704, 9;
0.0157607, 9;
0.0181016, 9;
0.0135116, 9;
0.0158027, 9;
0.0157144, 9;
0.0155754, 9;
0.0198318, 9;
0.0112908, 9;
0.0155505, 9;
0.0152113, 9;
0.0166957, 9;
0.0153712, 9;
0.0145039, 9;
0.0155714, 9;
0.0156968, 9;
0.0151405, 9;
0.0149512, 9;
0.0159612, 9;
0.0153585, 9;
0.0192265, 9;
0.0102937, 9;
0.0149567, 9;
0.0157889, 9;
0.0151847, 9;
0.015983, 9;
0.0150387, 9;
0.0158928, 9;
0.016922, 9;
0.0139406, 9;
0.016177, 9;
0.0159412, 9;
0.0146979, 9;
0.0201156, 9;
0.011083, 9;
0.0153278, 9;
0.0155218, 9;
0.016498, 9;
0.0148153, 9;
0.0153069, 9;
0.0152145, 9;
0.0157323, 9;
0.0161459, 9;
0.017706, 9;
0.0128154, 9;
0.0216917, 9;
0.0098652, 9;
0.0158642, 9;
0.017655, 9;
0.0144556, 9;
0.0160721, 9;
0.0138482, 9;
0.0156666, 9;
0.0148256, 9;
0.0186753, 9;
0.0114079, 9;
0.0160047, 9;
0.0157159, 9;
0.0170827, 9;
0.0130277, 9;
0.0168952, 9;
0.0155577, 9;
0.0212419, 9;
0.0081277, 9;
0.0157463, 9;
0.0147365, 9;
0.0166064, 9;
0.0147739, 9;
0.0155753, 9;
0.0156252, 9;
0.0153116, 9;
0.015316, 9;
0.0155457, 9;
0.0150127, 9;
0.0289293, 9;
0.0175185, 9;
0.0176414, 9;
0.0130138, 9;
0.0158838, 9;
0.0169554, 9;
0.0144002, 9;
0.0173094, 9;
0.0133722, 9;
0.0160417, 9;
0.0187577, 9;
0.0159089, 9;
0.0190865, 9;
0.0099736, 9;
0.0152296, 9;
0.0156048, 9;
0.0150597, 9;
0.0159951, 9;
0.0160916, 9;
0.0159329, 9;
0.0160932, 9;
0.0164841, 9;
0.0145868, 9;
0.0165272, 9;
0.0144434, 9;
0.0163685, 9;
0.0147427, 9;
0.0148198, 9;
0.0154955, 9;
0.0156899, 9;
0.0164595, 9;
0.0142648, 9;
0.015634, 9;
0.0173312, 9;
0.0132318, 9;
0.0161038, 9;
0.0149161, 9;
0.0170525, 9;
0.0157761, 9;
0.0153192, 9;
0.0147593, 9;
0.0150181, 9;
0.0165871, 9;
0.0160239, 9;
0.0146616, 9;
0.0161361, 9;
0.0153513, 9;
0.0151558, 9;
0.0159206, 9;
0.014918, 9;
0.0159366, 9;
0.0149018, 9;
0.0149, 9;
0.0155333, 9;
0.0165391, 9;
0.0154589, 9;
0.0167068, 9;
0.0144568, 9;
0.0156624, 9;
0.015311, 9;
0.0150933, 9;
0.0159319, 9;
0.0150224, 9;
0.0167669, 9;
0.0147471, 9;
0.0208544, 9;
0.0103959, 9;
0.0175703, 9;
0.0145068, 9;
0.0170706, 9;
0.0137759, 9;
0.0157105, 9;
0.0152746, 9;
0.0158977, 9;
0.0150779, 9;
0.0157735, 9;
0.015018, 9;
0.0160451, 9;
0.0154871, 9;
0.0214214, 9;
0.0096046, 9;
0.0157461, 9;
0.0154861, 9;
0.0148213, 9;
0.0164293, 9;
0.0136608, 9;
0.0160587, 9;
0.0194668, 9;
0.011833, 9;
0.0176717, 9;
0.0123175, 9;
0.0165103, 9;
0.0154991, 9;
0.0162833, 9;
0.0146493, 9;
0.0162272, 9;
0.0154581, 9;
0.0175739, 9;
0.0126004, 9;
0.0152777, 9;
0.0146075, 9;
0.0155312, 9;
0.0163573, 9;
0.0164654, 9;
0.0135037, 9;
0.0225066, 9;
0.0083733, 9;
0.0173974, 9;
0.0145057, 9;
0.0159929, 9;
0.0153498, 9;
0.0154383, 9;
0.0163786, 9;
0.0146832, 9;
0.0158929, 9;
0.0158958, 9;
0.0151238, 9;
0.0149454, 9;
0.0172042, 9;
0.0128057, 9;
0.0150902, 9;
0.0150978, 9;
0.0148522, 9;
0.0149088, 9;
0.0147729, 9;
0.0159675, 9;
0.0161267, 9;
0.0156163, 9;
0.0155967, 9;
0.015019, 9;
0.0149785, 9;
0.0158404, 9;
0.0156331, 9;
0.0160464, 9;
0.0152967, 9;
0.0155019, 9;
0.0161394, 9;
0.0146233, 9;
0.0158254, 9;
0.0163311, 9;
0.0157922, 9;
0.0164582, 9;
0.0144524, 9;
0.0146326, 9;
0.0152236, 9;
0.0182798, 9;
0.0134379, 9;
0.0159589, 9;
0.0166289, 9;
0.014479, 9;
0.0155911, 9;
0.0155595, 9;
0.0173034, 9;
0.0150588, 9;
0.0150281, 9;
0.0154273, 9;
0.0156751, 9;
0.01417, 9;
0.0153313, 9;
0.014896, 9;
0.0161873, 9;
0.0144452, 9;
0.0158571, 9;
0.0155918, 9;
0.0166627, 9;
0.0137267, 9;
0.01595, 9;
0.0156611, 9;
0.0156859, 9;
0.0145494, 9;
0.0146451, 9;
0.0188625, 9;
0.0132503, 9;
0.015887, 9;
0.0171141, 9;
0.0140427, 9;
0.0162223, 9;
0.0147786, 9;
0.0155113, 9;
0.0145116, 9;
0.0157664, 9;
0.0161464, 9;
0.0152562, 9;
0.0145106, 9;
0.0154341, 9;
0.016163, 9;
0.0146804, 9;
0.0160091, 9;
0.015544, 9;
0.0159284, 9;
0.0185858, 9;
0.0133831, 9;
0.0158081, 9;
0.0150079, 9;
0.0165474, 9;
0.0144694, 9;
0.0160272, 9;
0.0160217, 9;
0.0150574, 9;
0.0154535, 9;
0.0160391, 9;
0.0161015, 9;
0.0146385, 9;
0.0168551, 9;
0.0137771, 9;
0.0150845, 9;
0.0152596, 9;
0.0157684, 9;
0.0162298, 9;
0.0158627, 9;
0.0150544, 9;
0.015649, 9;
0.0183507, 9;
0.0128943, 9;
0.0160464, 9;
0.015817, 9;
0.0167248, 9;
0.0143428, 9;
0.0149341, 9;
0.0155545, 9;
0.0159061, 9;
0.0162737, 9;
0.0141416, 9;
0.0151382, 9;
0.0149375, 9;
0.0159961, 9;
0.0146179, 9;
0.0156604, 9;
0.0161087, 9;
0.01576, 9;
0.0142679, 9;
0.0165735, 9;
0.0165796, 9;
0.0138641, 9;
0.0168159, 9;
0.0140078, 9;
0.0149604, 9;
0.0149713, 9;
0.015438, 9;
0.0159242, 9;
0.0151076, 9;
0.0157573, 9;
0.0151915, 9;
0.0149627, 9;
0.0151718, 9;
0.0149421, 9;
0.0151303, 9;
0.0158758, 9;
0.0146608, 9;
0.0151119, 9;
0.015919, 9;
0.0157055, 9;
0.0165725, 9;
0.0148707, 9;
0.014934, 9;
0.0177088, 9;
0.0135065, 9;
0.0155132, 9;
0.0142481, 9;
0.0164435, 9;
0.0151798, 9;
0.0150882, 9;
0.0166931, 9;
0.0141787, 9;
0.0155923, 9;
0.0159405, 9;
0.0146684, 9;
0.0152959, 9;
0.0155067, 9;
0.015537, 9;
0.0156753, 9;
0.0149108, 9;
0.0158497, 9;
0.0183355, 9;
0.0128451, 9;
0.0166751, 9;
0.0144882, 9;
0.0156117, 9;
0.0159898, 9;
0.0157699, 9;
0.0158613, 9;
0.0153812, 9;
0.0159032, 9;
0.0149968, 9;
0.0143911, 9;
0.0153087, 9;
0.0168172, 9;
0.0128978, 9;
0.0168114, 9;
0.0148537, 9;
0.0150645, 9;
0.0152841, 9;
0.0153932, 9;
0.0163406, 9;
0.0157781, 9;
0.0155701, 9;
0.0169531, 9;
0.0158795, 9;
0.0147879, 9;
0.0177302, 9;
0.0142191, 9;
0.0160321, 9;
0.0155981, 9;
0.0157373, 9;
0.0160356, 9;
0.0167037, 9;
0.0146957, 9;
0.0158073, 9;
0.0145506, 9;
0.0148684, 9;
0.0160427, 9;
0.0150203, 9;
0.0154328, 9;
0.0157241, 9;
0.015347, 9;
0.0161853, 9;
0.0147881, 9;
0.0155647, 9;
0.0156994, 9;
0.0145215, 9;
0.0156333, 9;
0.0147231, 9;
0.0165017, 9;
0.0138982, 9;
0.0161895, 9;
0.0151815, 9;
0.0155494, 9;
0.0159832, 9;
0.0158695, 9;
0.0158292, 9;
0.0140351, 9;
0.0177641, 9;
0.0133289, 9;
0.0157507, 9;
0.0145303, 9;
0.0159239, 9;
0.014629, 9;
0.0156854, 9;
0.0168988, 9;
0.017154, 9;
0.0125008, 9;
0.0154656, 9;
0.015793, 9;
0.0155561, 9;
0.0150719, 9;
0.0149132, 9;
0.0153519, 9;
0.0151673, 9;
0.0155873, 9;
0.0155403, 9;
0.0169801, 9;
0.0152062, 9;
0.0159483, 9;
0.0150657, 9;
0.0143903, 9;
0.0166023, 9;
0.0133, 9;
0.0168414, 9;
0.0154352, 9;
0.0159846, 9;
0.0156333, 9;
0.015981, 9;
0.0162932, 9;
0.0143403, 9;
0.0158724, 9;
0.0155322, 9;
0.0196294, 9;
0.0118398, 9;
0.0144714, 9;
0.0147087, 9;
0.0160935, 9;
0.0160291, 9;
0.0150834, 9;
0.0154771, 9;
0.0151335, 9;
0.0156474, 9;
0.0179277, 9;
0.0134454, 9;
0.0155574, 9;
0.015494, 9;
0.0161642, 9;
0.0156531, 9;
0.0155073, 9;
0.0153461, 9;
0.0158133, 9;
0.0165101, 9;
0.0156466, 9;
0.0152976, 9;
0.0165887, 9;
0.0143239, 9;
0.0148348, 9;
0.0173563, 9;
0.0133611, 9;
0.019489, 9;
0.0117545, 9;
0.0166647, 9;
0.0137348, 9;
0.0155595, 9;
0.0154542, 9;
0.0157698, 9;
0.0153808, 9;
0.0156983, 9;
0.015482, 9;
0.0153319, 9;
0.0150124, 9;
0.0161961, 9;
0.0173412, 9;
0.0157387, 9;
0.0137815, 9;
0.0220402, 9;
0.0083719, 9;
0.0163564, 9;
0.015854, 9;
0.0152209, 9;
0.015768, 9;
0.0149878, 9;
0.0150659, 9;
0.0159459, 9;
0.0151186, 9;
0.0153894, 9;
0.0180821, 9;
0.0142512, 9;
0.0178393, 9;
0.0125231, 9;
0.0153922, 9;
0.0167684, 9;
0.0144057, 9;
0.0157903, 9;
0.0140221, 9;
0.0150575, 9;
0.0170109, 9;
0.0150956, 9;
0.0146317, 9;
0.0164927, 9;
0.0150482, 9;
0.0152317, 9;
0.01625, 9;
0.0151031, 9;
0.0145521, 9;
0.0168049, 9;
0.0150203, 9;
0.0152849, 9;
0.0160499, 9;
0.0157986, 9;
0.0139249, 9;
0.0160539, 9;
0.0168177, 9;
0.0150285, 9;
0.0161859, 9;
0.0148385, 9;
0.0148605, 9;
0.0159985, 9;
0.0150026, 9;
0.0158117, 9;
0.015135, 9;
0.015349, 9;
0.0156853, 9;
0.0165963, 9;
0.0139845, 9;
0.0151716, 9;
0.0160566, 9;
0.0154783, 9;
0.0161466, 9;
0.0146626, 9;
0.0162008, 9;
0.0148995, 9;
0.015426, 9;
0.0158769, 9;
0.0158309, 9;
0.0173127, 9;
0.0137672, 9;
0.0156729, 9;
0.015862, 9;
0.0166397, 9;
0.0147621, 9;
0.0159232, 9;
0.0166091, 9;
0.0146334, 9;
0.0162647, 9;
0.0145601, 9;
0.0151527, 9;
0.0181389, 9;
0.0130044, 9;
0.0158888, 9;
0.0151325, 9;
0.0155383, 9;
0.0147928, 9;
0.0158713, 9;
0.0156683, 9;
0.0157823, 9;
0.0159721, 9;
0.0165943, 9;
0.0136975, 9;
0.0162177, 9;
0.0155467, 9;
0.0163231, 9;
0.0166791, 9;
0.0128479, 9;
0.0157312, 9;
0.0152657, 9;
0.0151756, 9;
0.0148105, 9;
0.0171531, 9;
0.0133006, 9;
0.0149107, 9;
0.0155826, 9;
0.0153852, 9;
0.0160435, 9;
0.0155761, 9;
0.0157334, 9;
0.0171609, 9;
0.0151893, 9;
0.0150446, 9;
0.0168311, 9;
0.0143918, 9;
0.0147873, 9;
0.0148662, 9;
0.0160415, 9;
0.0164813, 9;
0.0143987, 9;
0.0156784, 9;
0.0147453, 9;
0.0167647, 9;
0.0142872, 9;
0.0141155, 9;
0.0164998, 9;
0.0156738, 9;
0.0147573, 9;
0.0149701, 9;
0.0176066, 9;
0.0133914, 9;
0.0174105, 9;
0.0143652, 9;
0.015784, 9;
0.0157256, 9;
0.0156619, 9;
0.0154709, 9;
0.0154169, 9;
0.0151136, 9;
0.0168089, 9;
0.0133323, 9;
0.016097, 9;
0.0164793, 9;
0.0132483, 9;
0.016761, 9;
0.0153265, 9;
0.016183, 9;
0.0142462, 9;
0.0155458, 9;
0.0161345, 9;
0.015198, 9;
0.0146168, 9;
0.0153603, 9;
0.0174663, 9;
0.0134933, 9;
0.0161862, 9;
0.0150039, 9;
0.015443, 9;
0.0144744, 9;
0.0160593, 9;
0.0142052, 9;
0.0160376, 9;
0.0169032, 9;
0.0143926, 9;
0.0159295, 9;
0.0159647, 9;
0.0151631, 9;
0.0170511, 9;
0.0142416, 9;
0.0145342, 9;
0.015807, 9;
0.014921, 9;
0.0178744, 9;
0.013448, 9;
0.0159185, 9;
0.0157937, 9;
0.0147459, 9;
0.0154441, 9;
0.0156734, 9;
0.0153586, 9;
0.015491, 9;
0.0152511, 9;
0.0159148, 9;
0.0158241, 9;
0.0146485, 9;
0.015194, 9;
0.0157182, 9;
0.0153405, 9;
0.0177622, 9;
0.0141841, 9;
0.0135243, 9;
0.0153212, 9;
0.0163702, 9;
0.0166817, 9;
0.0138732, 9;
0.0156129, 9;
0.0138363, 9;
0.0176289, 9;
0.0137648, 9;
0.0151466, 9;
0.0156396, 9;
0.0162817, 9;
0.0152545, 9;
0.0181081, 9;
0.0123969, 9;
0.0155795, 9;
0.0158477, 9;
0.0154328, 9;
0.0161316, 9;
0.0161075, 9;
0.0154024, 9;
0.0152435, 9;
0.0143021, 9;
0.0158209, 9;
0.0148734, 9;
0.0157166, 9;
0.015362, 9;
0.0172831, 9;
0.0137123, 9;
0.0160547, 9;
0.0144277, 9;
0.0151961, 9;
0.0159354, 9;
0.0154546, 9;
0.0158805, 9;
0.015193, 9;
0.015139, 9;
0.0157944, 9;
0.0148132, 9;
0.0167063, 9;
0.0140819, 9;
0.0147951, 9;
0.0152458, 9;
0.0153684, 9;
0.0148871, 9;
0.0168902, 9;
0.0157176, 9;
0.0152029, 9;
0.0144442, 9;
0.0155387, 9;
0.0156748, 9;
0.0155306, 9;
0.0147588, 9;
0.0151433, 9;
0.0156329, 9;
0.0151013, 9;
0.0162297, 9;
0.0145432, 9;
0.015458, 9;
0.0164309, 9;
0.0156523, 9;
0.0146394, 9;
0.0163199, 9;
0.013635, 9;
0.0155127, 9;
0.0155725, 9;
0.0155071, 9;
0.0150017, 9;
0.0167426, 9;
0.0144318, 9;
0.0147159, 9;
0.0158222, 9;
0.015347, 9;
0.0149296, 9;
0.0205283, 9;
0.0101002, 9;
0.0155005, 9;
0.0157923, 9;
0.0161269, 9;
0.0136338, 9;
0.0157135, 9;
0.0156921, 9;
0.0147573, 9;
0.0161743, 9;
0.0156209, 9;
0.0173833, 9;
0.0137638, 9;
0.0145471, 9;
0.0160969, 9;
0.0168152, 9;
0.0146164, 9;
0.0188225, 9;
0.0151447, 9;
0.0133446, 9;
0.0166341, 9;
0.0147845, 9;
0.0153546, 9;
0.0150044, 9;
0.0162032, 9;
0.0159779, 9;
0.0167353, 9;
0.0145924, 9;
0.0156174, 9;
0.0149853, 9;
0.0173925, 9;
0.0130456, 9;
0.0158652, 9;
0.0160319, 9;
0.015315, 9;
0.0156095, 9;
0.0165477, 9;
0.0141672, 9;
0.0156484, 9;
0.0155729, 9;
0.0157803, 9;
0.0150252, 9;
0.0152117, 9;
0.0158378, 9;
0.0162883, 9;
0.0145928, 9;
0.0150752, 9;
0.0147229, 9;
0.0150852, 9;
0.0148917, 9;
0.0164848, 9;
0.0150087, 9;
0.0153717, 9;
0.0155406, 9;
0.0153577, 9;
0.0159733, 9;
0.0155578, 9;
0.0144928, 9;
0.0149472, 9;
0.0155734, 9;
0.0163536, 9;
0.0149905, 9;
0.0156186, 9;
0.015465, 9;
0.016581, 9;
0.0140562, 9;
0.0170215, 9;
0.0145034, 9;
0.0149432, 9;
0.0155215, 9;
0.015908, 9;
0.0149009, 9;
0.016132, 9;
0.0137228, 9;
0.016606, 9;
0.01561, 9;
0.0148269, 9;
0.0186456, 9;
0.0130429, 9;
0.0186889, 9;
0.0125809, 9;
0.0168835, 9;
0.0152623, 9;
0.0144532, 9;
0.0152529, 9;
0.0160564, 9;
0.0159957, 9;
0.0137995, 9;
0.0152881, 9;
0.0154309, 9;
0.0158982, 9;
0.015859, 9;
0.0156611, 9;
0.0153465, 9;
0.0150929, 9;
0.0165762, 9;
0.0143489, 9;
0.0161724, 9;
0.0148493, 9;
0.015756, 9;
0.0163782, 9;
0.0137311, 9;
0.0158203, 9;
0.0145487, 9;
0.0155121, 9;
0.0157956, 9;
0.0158348, 9;
0.0152414, 9;
0.0170029, 9;
0.014076, 9;
0.0158545, 9;
0.0156346, 9;
0.015033, 9;
0.0169959, 9;
0.0154425, 9;
0.0147914, 9;
0.0148687, 9;
0.0154325, 9;
0.0159551, 9;
0.0148865, 9;
0.0153638, 9;
0.0162237, 9;
0.0155209, 9;
0.015353, 9;
0.0161916, 9;
0.0147511, 9;
0.0173234, 9;
0.0139108, 9;
0.0153744, 9;
0.0152054, 9;
0.015859, 9;
0.0162756, 9;
0.0163132, 9;
0.017004, 9;
0.013964, 9;
0.0156024, 9;
0.0163068, 9;
0.0131605, 9;
0.0162357, 9;
0.0158088, 9;
0.0173054, 9;
0.0150517, 9;
0.0146469, 9;
0.0149001, 9;
0.0153509, 9;
0.0155292, 9;
0.0154824, 9;
0.0162584, 9;
0.0149294, 9;
0.0164388, 9;
0.0149796, 9;
0.0153191, 9;
0.0151305, 9;
0.0163419, 9;
0.0148807, 9;
0.0156602, 9;
0.0152835, 9;
0.0157147, 9;
0.0160616, 9;
0.017064, 9;
0.0150778, 9;
0.0152974, 9;
0.0158292, 9;
0.0145147, 9;
0.0157548, 9;
0.0155247, 9;
0.0159986, 9;
0.014957, 9;
0.0158565, 9;
0.015207, 9;
0.0142927, 9;
0.0170889, 9;
0.0162856, 9;
0.0131995, 9;
0.0155721, 9;
0.0154134, 9;
0.0159212, 9;
0.0147017, 9;
0.0159866, 9;
0.0159745, 9;
0.0156035, 9;
0.0153887, 9;
0.0156041, 9;
0.0160557, 9;
0.0150695, 9;
0.0150751, 9;
0.0160521, 9;
0.0138782, 9;
0.0153894, 9;
0.0154942, 9;
0.0163757, 9;
0.0157469, 9;
0.0152194, 9;
0.0155262, 9;
0.0149799, 9;
0.0171374, 9;
0.0147652, 9;
0.0154414, 9;
0.0204088, 9;
0.0107045, 9;
0.0167211, 9;
0.0145452, 9;
0.0156492, 9;
0.0161133, 9;
0.0145275, 9;
0.0153435, 9;
0.015604, 9;
0.0157489, 9;
0.0147903, 9;
0.0153683, 9;
0.0160436, 9;
0.0156434, 9;
0.0179672, 9;
0.0134241, 9;
0.0150247, 9;
0.0158216, 9;
0.0153422, 9;
0.0157657, 9;
0.0168526, 9;
0.0133109, 9;
0.0183095, 9;
0.0134911, 9;
0.0165403, 9;
0.0143635, 9;
0.0151575, 9;
0.0162468, 9;
0.0155776, 9;
0.0149036, 9;
0.0159312, 9;
0.0174053, 9;
0.013645, 9;
0.0152093, 9;
0.0156008, 9;
0.0154076, 9;
0.0168185, 9;
0.0145214, 9;
0.0156167, 9;
0.0152717, 9;
0.0147379, 9;
0.0154372, 9;
0.0155621, 9;
0.0152419, 9;
0.0181863, 9;
0.0138047, 9;
0.0166964, 9;
0.0142537, 9;
0.0155445, 9;
0.0150928, 9;
0.015431, 9;
0.0160023, 9;
0.0148994, 9;
0.01476, 9;
0.0149329, 9;
0.0153136, 9;
0.0151654, 9;
0.0172249, 9;
0.0159899, 9;
0.0134981, 9;
0.0155746, 9;
0.0166572, 9;
0.0199358, 9;
0.0115029, 9;
0.0165391, 9;
0.0152711, 9;
0.015082, 9;
0.0161645, 9;
0.0154663, 9;
0.0183223, 9;
0.0127428, 9;
0.0156419, 9;
0.0157779, 9;
0.0149357, 9;
0.0173838, 9;
0.0140139, 9;
0.01508, 9;
0.0159674, 9;
0.0153182, 9;
0.014511, 9;
0.0190459, 9;
0.0145169, 9;
0.0136756, 9;
0.0144956, 9;
0.0151878, 9;
0.0161498, 9;
0.0148441, 9;
0.0161427, 9;
0.0168726, 9;
0.0137934, 9;
0.015815, 9;
0.0156358, 9;
0.0154865, 9;
0.0171053, 9;
0.0147974, 9;
0.0149914, 9;
0.0148604, 9;
0.0158508, 9;
0.0153447, 9;
0.014799, 9;
0.0152204, 9;
0.014988, 9;
0.0216181, 9;
0.0094426, 9;
0.0167545, 9;
0.0149951, 9;
0.0158237, 9;
0.0156322, 9;
0.0145146, 9;
0.0156619, 9;
0.0153258, 9;
0.0175304, 9;
0.013927, 9;
0.01725, 9;
0.015398, 9;
0.016601, 9;
0.0165901, 9;
0.0129656, 9;
0.0153547, 9;
0.0158259, 9;
0.0202749, 9;
0.0114083, 9;
0.0156404, 9;
0.0143848, 9;
0.016697, 9;
0.015081, 9;
0.0155763, 9;
0.0149548, 9;
0.015104, 9;
0.0157206, 9;
0.0166823, 9;
0.0143159, 9;
0.0107811, 9;
0.0203824, 9;
0.0106316, 9;
0.0159442, 9;
0.01507, 9;
0.0152945, 9;
0.0155712, 9;
0.0168299, 9;
0.0156602, 9;
0.0150547, 9;
0.0183358, 9;
0.0127988, 9;
0.0157971, 9;
0.0173426, 9;
0.019045, 9;
0.0087724, 9;
0.016077, 9;
0.0163454, 9;
0.0146044, 9;
0.0152762, 9;
0.0160238, 9;
0.0156234, 9;
0.0143148, 9;
0.0168918, 9;
0.0147599, 9;
0.0164949, 9;
0.0203336, 9;
0.0136606, 9;
0.0155311, 9;
0.0237491, 9;
0.0198287, 9;
0.0158015, 9;
0.0174191, 9;
0.0134902, 9;
0.0226497, 9;
0.0083243, 9;
0.0174301, 9;
0.0135381, 9;
0.0229973, 9;
0.0084774, 9;
0.0176368, 9;
0.0161886, 9;
0.014332, 9;
0.0145134, 9;
0.021345, 9;
0.0102091, 9;
0.0149297, 9;
0.0152553, 9;
0.0151399, 9;
0.0155612, 9;
0.0180437, 9;
0.0116647, 9;
0.0152585, 9;
0.015649, 9;
0.0190778, 9;
0.0128894, 9;
0.0151869, 9;
0.0149752, 9;
0.0231469, 9;
0.0085133, 9;
0.0161411, 9;
0.0147043, 9;
0.0152684, 9;
0.0165574, 9;
0.015095, 9;
0.0170413, 9;
0.0131224, 9;
0.0154347, 9;
0.0160522, 9;
0.0156666, 9;
0.0150206, 9;
0.0157257, 9;
0.0150627, 9;
0.0158974, 9;
0.0159722, 9;
0.0150268, 9;
0.01563, 9;
0.0150204, 9;
0.0153183, 9;
0.0149223, 9;
0.0159316, 9;
0.0162003, 9;
0.0145207, 9;
0.0163293, 9;
0.0147742, 9;
0.0160908, 9;
0.0148756, 9;
0.0156197, 9;
0.0152694, 9;
0.0154895, 9;
0.015469, 9;
0.0169207, 9;
0.0136821, 9;
0.0151821, 9;
0.0161124, 9;
0.0160755, 9;
0.016088, 9;
0.0148335, 9;
0.0153581, 9;
0.0151488, 9;
0.014291, 9;
0.0159196, 9;
0.01607, 9;
0.0159116, 9;
0.0148265, 9;
0.0155318, 9;
0.0155637, 9;
0.0163232, 9;
0.0154589, 9;
0.01663, 9;
0.0137846, 9;
0.0152224, 9;
0.0161707, 9;
0.0147193, 9;
0.0148598, 9;
0.0152759, 9;
0.0159365, 9;
0.0149242, 9;
0.0142489, 9;
0.016626, 9;
0.0131995, 9;
0.0163234, 9;
0.0172843, 9;
0.013329, 9;
0.0160091, 9;
0.0160883, 9;
0.0150346, 9;
0.0152167, 9;
0.0167575, 9;
0.0160852, 9;
0.013981, 9;
0.0206349, 9;
0.0098194, 9;
0.0170042, 9;
0.016004, 9;
0.0140768, 9;
0.0146923, 9;
0.0154454, 9;
0.0154724, 9;
0.0156594, 9;
0.0156636, 9;
0.015108, 9;
0.0145618, 9;
0.0159878, 9;
0.0149524, 9;
0.014932, 9;
0.0157198, 9;
0.0152901, 9;
0.0159507, 9;
0.0147656, 9;
0.016036, 9;
0.0140347, 9;
0.0158584, 9;
0.0149349, 9;
0.0164735, 9;
0.0151459, 9;
0.0147877, 9;
0.0149041, 9;
0.0153121, 9;
0.0169756, 9;
0.0145078, 9;
0.0149217, 9;
0.0143988, 9;
0.0153137, 9;
0.0149114, 9;
0.0163272, 9;
0.0153422, 9;
0.0155725, 9;
0.0152656, 9;
0.0161129, 9;
0.0146791, 9;
0.0151012, 9;
0.0156562, 9;
0.0153073, 9;
0.015728, 9;
0.0152077, 9;
0.0157171, 9;
0.0152165, 9;
0.0162562, 9;
0.014363, 9;
0.0153615, 9;
0.0162427, 9;
0.0156537, 9;
0.0161514, 9;
0.0158224, 9;
0.0148441, 9;
0.0150376, 9;
0.0158868, 9;
0.0151816, 9;
0.0159102, 9;
0.0147953, 9;
0.0150464, 9;
0.015218, 9;
0.0159039, 9;
0.0164123, 9;
0.0153174, 9;
0.0157476, 9;
0.0148696, 9;
0.0149361, 9;
0.0146973, 9;
0.0150287, 9;
0.0152951, 9;
0.0160369, 9;
0.0156802, 9;
0.0155533, 9;
0.0149664, 9;
0.0151957, 9;
0.0152817, 9;
0.0151491, 9;
0.0161141, 9;
0.0148822, 9;
0.0151786, 9;
0.0158462, 9;
0.0159708, 9;
0.0160913, 9;
0.0153643, 9;
0.0155936, 9;
0.0154375, 9;
0.0153025, 9;
0.0158556, 9;
0.0151549, 9;
0.015756, 9;
0.0153532, 9;
0.0157684, 9;
0.0148075, 9;
0.0155726, 9;
0.0154329, 9;
0.0151988, 9;
0.0165436, 9;
0.0148444, 9;
0.0150795, 9;
0.0151422, 9;
0.0157555, 9;
0.0157137, 9;
0.0153393, 9;
0.0153779, 9;
0.0159579, 9;
0.015596, 9;
0.0168761, 9;
0.0148813, 9;
0.0147887, 9;
0.0158077, 9;
0.0153548, 9;
0.0164422, 9;
0.0154011, 9;
0.0149605, 9;
0.0155142, 9;
0.0158591, 9;
0.0155342, 9;
0.0152163, 9;
0.0157813, 9;
0.0152795, 9;
0.0156114, 9;
0.0159371, 9;
0.0161106, 9;
0.0158815, 9;
0.0154123, 9;
0.0160569, 9;
0.0154203, 9;
0.0169266, 9;
0.0140125, 9;
0.0155182, 9;
0.0153916, 9;
0.015349, 9;
0.0155209, 9;
0.017081, 9;
0.0144033, 9;
0.0156474, 9;
0.0147219, 9;
0.0148619, 9;
0.0160722, 9;
0.0159059, 9;
0.0169385, 9;
0.0141424, 9;
0.0160552, 9;
0.0148032, 9;
0.0158954, 9;
0.0150899, 9;
0.0211657, 9;
0.0094216, 9;
0.0167713, 9;
0.0152061, 9;
0.0155306, 9;
0.0160247, 9;
0.0160993, 9;
0.0152581, 9;
0.015673, 9;
0.0150453, 9;
0.0153207, 9;
0.0159445, 9;
0.0156854, 9;
0.0161745, 9;
0.0165595, 9;
0.0153125, 9;
0.0150227, 9;
0.0163925, 9;
0.0198856, 9;
0.0115017, 9;
0.0149882, 9;
0.015602, 9;
0.0154646, 9;
0.0151906, 9;
0.0155233, 9;
0.0154037, 9;
0.0152651, 9;
0.0154535, 9;
0.0160624, 9;
0.0155696, 9;
0.0181461, 9;
0.0130037, 9;
0.0156502, 9;
0.0157244, 9;
0.015286, 9;
0.015757, 9;
0.0155512, 9;
0.0150992, 9;
0.0157534, 9;
0.015334, 9;
0.0151016, 9;
0.0159571, 9;
0.015391, 9;
0.0161226, 9;
0.0149167, 9;
0.0150355, 9;
0.0158968, 9;
0.0161115, 9;
0.0157047, 9;
0.0151363, 9;
0.0160442, 9;
0.0159613, 9;
0.015756, 9;
0.0160076, 9;
0.0157323, 9;
0.0153154, 9;
0.017869, 9;
0.0132412, 9;
0.0156899, 9;
0.0159754, 9;
0.0153063, 9;
0.0156786, 9;
0.0149888, 9;
0.0148644, 9;
0.0160221, 9;
0.0149104, 9;
0.0151288, 9;
0.0155769, 9;
0.0143582, 9;
0.0150689, 9;
0.0168649, 9;
0.0145507, 9;
0.0135586, 9;
0.0147825, 9;
0.0150204, 9;
0.0164362, 9;
0.0150439, 9;
0.0173651, 9;
0.014305, 9;
0.0144161, 9;
0.0145745, 9;
0.0148373, 9;
0.0149427, 9;
0.0152678, 9;
0.0146174, 9;
0.015505, 9;
0.0165924, 9;
0.0153039, 9;
0.0158572, 9;
0.0159164, 9;
0.0160488, 9;
0.0153952, 9;
0.015707, 9;
0.0156114, 9;
0.0159053, 9;
0.0153912, 9;
0.0166527, 9;
0.0151974, 9;
0.0159605, 9;
0.0160599, 9;
0.0156864, 9;
0.0150362, 9;
0.0149242, 9;
0.0148685, 9;
0.0150177, 9;
0.0160797, 9;
0.0161089, 9;
0.0168332, 9;
0.0142544, 9;
0.0159223, 9;
0.0154468, 9;
0.0151097, 9;
0.0160502, 9;
0.0178306, 9;
0.0142123, 9;
0.0162409, 9;
0.0156311, 9;
0.014938, 9;
0.015869, 9;
0.016037, 9;
0.0161429, 9;
0.0157316, 9;
0.0160433, 9;
0.0158878, 9;
0.0149735, 9;
0.0151091, 9;
0.016117, 9;
0.0154497, 9;
0.0152005, 9;
0.0159542, 9;
0.0159222, 9;
0.0162546, 9;
0.0158448, 9;
0.0155821, 9;
0.0159965, 9;
0.015924, 9;
0.0149414, 9;
0.0152029, 9;
0.0168699, 9;
0.0148049, 9;
0.0151495, 9;
0.0149336, 9;
0.0157966, 9;
0.0156815, 9;
0.015588, 9;
0.0158193, 9;
0.0159483, 9;
0.0150537, 9;
0.0149537, 9;
0.0147324, 9;
0.0161975, 9;
0.0149906, 9;
0.0162246, 9;
0.0150759, 9;
0.016084, 9;
0.0153755, 9;
0.0150779, 9;
0.0156635, 9;
0.0150483, 9;
0.0159828, 9;
0.0156485, 9;
0.0152983, 9;
0.0160997, 9;
0.015894, 9;
0.0159398, 9;
0.0151999, 9;
0.0156539, 9;
0.0159065, 9;
0.0150297, 9;
0.016063, 9;
0.0149564, 9;
0.015191, 9;
0.0156777, 9;
0.0150877, 9;
0.0159483, 9;
0.01591, 9;
0.0150721, 9;
0.014925, 9;
0.0153869, 9;
0.0153992, 9;
0.015374, 9;
0.0155682, 9;
0.0148751, 9;
0.0151185, 9;
0.0147344, 9;
0.014934, 9;
0.0149536, 9;
0.0151808, 9;
0.0142355, 9;
0.0160969, 9;
0.0159619, 9;
0.0159217, 9;
0.0162212, 9;
0.0151898, 9;
0.0159484, 9;
0.0160196, 9;
0.0159784, 9;
0.0161163, 9;
0.0155011, 9;
0.0160416, 9;
0.0142982, 9;
0.0151895, 9;
0.0176375, 9;
0.0143173, 9;
0.0146957, 9;
0.0151691, 9;
0.0146545, 9;
0.0150815, 9;
0.0149597, 9;
0.0160343, 9;
0.015202, 9;
0.0156139, 9;
0.0163806, 9;
0.0156622, 9;
0.0183347, 9;
0.0131775, 9;
0.0159677, 9;
0.0152535, 9;
0.015998, 9;
0.016828, 9;
0.0151596, 9;
0.0139, 9;
0.0160521, 9;
0.0158817, 9;
0.0161054, 9;
0.0151389, 9;
0.0145623, 9;
0.0157515, 9;
0.0160039, 9;
0.0149338, 9;
0.0150302, 9;
0.0152556, 9;
0.0159203, 9;
0.0159681, 9;
0.0160027, 9;
0.0160188, 9;
0.0159011, 9;
0.0160046, 9;
0.0159305, 9;
0.0159734, 9;
0.0150207, 9;
0.0149228, 9;
0.0159465, 9;
0.0149441, 9;
0.0150423, 9;
0.0149582, 9;
0.0158427, 9;
0.0152664, 9;
0.0149483, 9;
0.0150968, 9;
0.0148896, 9;
0.0147531, 9;
0.0158911, 9;
0.0160295, 9;
0.0160198, 9;
0.0159028, 9;
0.0160267, 9;
0.0149582, 9;
0.0161298, 9;
0.013598, 9;
0.016071, 9;
0.0148675, 9;
0.0149289, 9;
0.0160665, 9;
0.0149934, 9;
0.0150536, 9;
0.015997, 9;
0.0163559, 9;
0.0139147, 9;
0.0156354, 9;
0.0158478, 9;
0.0158918, 9;
0.0152465, 9;
0.0147721, 9;
0.0149491, 9;
0.0149259, 9;
0.0149471, 9;
0.0161959, 9;
0.015208, 9;
0.0156699, 9;
0.0157639, 9;
0.0153725, 9;
0.0156108, 9;
0.0153987, 9;
0.0156141, 9;
0.0159686, 9;
0.0160207, 9;
0.0155137, 9;
0.0152946, 9;
0.0159335, 9;
0.0149554, 9;
0.0152001, 9;
0.015814, 9;
0.0148998, 9;
0.0154961, 9;
0.016083, 9;
0.0172977, 9;
0.0146418, 9;
0.0163729, 9;
0.0156426, 9;
0.0152339, 9;
0.0152997, 9;
0.0161465, 9;
0.0156275, 9;
0.015769, 9;
0.0160262, 9;
0.0158944, 9;
0.0160198, 9;
0.01597, 9;
0.0159239, 9;
0.0160854, 9;
0.0161117, 9;
0.0158302, 9;
0.0158454, 9;
0.0163586, 9;
0.0145508, 9;
0.0159528, 9;
0.0159149, 9;
0.0168825, 9;
0.0151962, 9;
0.0161856, 9;
0.0146476, 9;
0.0150924, 9;
0.0158759, 9;
0.0149506, 9;
0.0149178, 9;
0.0162322, 9;
0.0158305, 9;
0.0158518, 9;
0.0159817, 9;
0.0160072, 9;
0.0158743, 9;
0.0153622, 9;
0.0163109, 9;
0.0144215, 9;
0.0158304, 9;
0.0165359, 9;
0.0144327, 9;
0.0159851, 9;
0.0153885, 9;
0.0154732, 9;
0.015899, 9;
0.0156025, 9;
0.0153163, 9;
0.0151023, 9;
0.0147799, 9;
0.0149376, 9;
0.0151811, 9;
0.016068, 9;
0.0156568, 9;
0.0151447, 9;
0.0160244, 9;
0.0153118, 9;
0.0149788, 9;
0.0156473, 9;
0.0149221, 9;
0.0148703, 9;
0.0145557, 9;
0.0158369, 9;
0.0155133, 9;
0.0178084, 9;
0.0142656, 9;
0.015968, 9;
0.0148523, 9;
0.0150153, 9;
0.0157248, 9;
0.015291, 9;
0.0158135, 9;
0.0161401, 9;
0.0153653, 9;
0.0154561, 9;
0.0147836, 9;
0.0151688, 9;
0.0164588, 9;
0.0143135, 9;
0.0149007, 9;
0.0160605, 9;
0.0162601, 9;
0.0147707, 9;
0.0175773, 9;
0.0135127, 9;
0.015753, 9;
0.0161664, 9;
0.0156244, 9;
0.0149502, 9;
0.0149547, 9;
0.0156082, 9;
0.0158411, 9;
0.0145728, 9;
0.0158631, 9;
0.0149216, 9;
0.0153931, 9;
0.01699, 9;
0.0152724, 9;
0.016661, 9;
0.0124271, 9;
0.0160603, 9;
0.0159885, 9;
0.0151781, 9;
0.0148425, 9;
0.0158008, 9;
0.0160344, 9;
0.0161226, 9;
0.0151345, 9;
0.0155146, 9;
0.0153488, 9;
0.0155448, 9;
0.0156559, 9;
0.0157558, 9;
0.0159484, 9;
0.0149817, 9;
0.014987, 9;
0.0149482, 9;
0.014955, 9;
0.0155053, 9;
0.0157001, 9;
0.0157701, 9;
0.0150489, 9;
0.0154429, 9;
0.0156159, 9;
0.0185015, 9;
0.0117829, 9;
0.0153312, 9;
0.0149899, 9;
0.0159644, 9;
0.015987, 9;
0.0159771, 9;
0.0158914, 9;
0.0157707, 9;
0.0158432, 9;
0.0162256, 9;
0.0150853, 9;
0.0151215, 9;
0.0159154, 9;
0.0148317, 9;
0.0194621, 9;
0.0115559, 9;
0.0149912, 9;
0.0158251, 9;
0.0161508, 9;
0.0158858, 9;
0.0161707, 9;
0.0153389, 9;
0.0156535, 9;
0.0157803, 9;
0.0157252, 9;
0.0153052, 9;
0.0147738, 9;
0.0148526, 9;
0.0161277, 9;
0.0157021, 9;
0.0159265, 9;
0.0160555, 9;
0.0159033, 9;
0.0150448, 9;
0.0149077, 9;
0.0161719, 9;
0.0154911, 9;
0.0159699, 9;
0.0152586, 9;
0.0158406, 9;
0.0150233, 9;
0.0150282, 9;
0.01532, 9;
0.015552, 9;
0.0159758, 9;
0.0156925, 9;
0.0153081, 9;
0.0149406, 9;
0.0148538, 9;
0.0162367, 9;
0.0151341, 9;
0.01508, 9;
0.015965, 9;
0.0159994, 9;
0.0147847, 9;
0.0160608, 9;
0.0160203, 9;
0.0158875, 9;
0.0154091, 9;
0.0159769, 9;
0.0155525, 9;
0.0156172, 9;
0.0149143, 9;
0.0152211, 9;
0.0155877, 9;
0.0153085, 9;
0.016183, 9;
0.0183004, 9;
0.0170172, 9;
0.0137301, 9;
0.0136489, 9;
0.0148398, 9;
0.0146778, 9;
0.0149852, 9;
0.0148501, 9;
0.0149483, 9;
0.0161375, 9;
0.0161721, 9;
0.0147698, 9;
0.0155299, 9;
0.0219075, 9;
0.009009, 9;
0.0149109, 9;
0.0154072, 9;
0.0163925, 9;
0.0154668, 9;
0.0150701, 9;
0.0149696, 9;
0.0149095, 9;
0.0159531, 9;
0.0148982, 9;
0.0159311, 9;
0.0153298, 9;
0.016276, 9;
0.0193191, 9;
0.0112271, 9;
0.0149661, 9;
0.0158667, 9;
0.0160009, 9;
0.0158101, 9;
0.0160238, 9;
0.0159497, 9;
0.0156827, 9;
0.0153909, 9;
0.0159414, 9;
0.0150609, 9;
0.0157587, 9;
0.0152671, 9;
0.0167282, 9;
0.0145479, 9;
0.0153724, 9;
0.0157811, 9;
0.0153019, 9;
0.0147839, 9;
0.0159302, 9;
0.01505, 9;
0.0148391, 9;
0.0159885, 9;
0.0151185, 9;
0.0157923, 9;
0.0156742, 9;
0.0146841, 9;
0.0168482, 9;
0.0135814, 9;
0.0160064, 9;
0.0160041, 9;
0.0159761, 9;
0.0158465, 9;
0.0150815, 9;
0.0150074, 9;
0.0158647, 9;
0.0150737, 9;
0.0150265, 9;
0.0160714, 9;
0.0153552, 9;
0.0164429, 9;
0.0150543, 9;
0.0160393, 9;
0.0148177, 9;
0.0158666, 9;
0.0159777, 9;
0.0158322, 9;
0.0161078, 9;
0.0159836, 9;
0.0160118, 9;
0.0158613, 9;
0.0161017, 9;
0.0159151, 9;
0.0169096, 9;
0.0150775, 9;
0.0159522, 9;
0.0161053, 9;
0.0148664, 9;
0.0148298, 9;
0.0158195, 9;
0.0159057, 9;
0.0149374, 9;
0.0151041, 9;
0.0159364, 9;
0.0149937, 9;
0.0152408, 9;
0.0228069, 9;
0.0092385, 9;
0.0159288, 9;
0.0140022, 9;
0.0159233, 9;
0.0155291, 9;
0.0159737, 9;
0.0154318, 9;
0.0157747, 9;
0.015011, 9;
0.0152428, 9;
0.0159892, 9;
0.0157252, 9;
0.016112, 9;
0.0152821, 9;
0.0151503, 9;
0.0160438, 9;
0.0151431, 9;
0.0157658, 9;
0.0149537, 9;
0.0149009, 9;
0.0157884, 9;
0.0157394, 9;
0.0163748, 9;
0.0141015, 9;
0.015658, 9;
0.0153068, 9;
0.0168326, 9;
0.0141672, 9;
0.0158245, 9;
0.0160275, 9;
0.015161, 9;
0.0158767, 9;
0.0147045, 9;
0.0150059, 9;
0.0161304, 9;
0.0149917, 9;
0.0157529, 9;
0.0160878, 9;
0.0162536, 9;
0.0146055, 9;
0.0154284, 9;
0.0170617, 9;
0.0142915, 9;
0.0158255, 9;
0.0154534, 9;
0.0157475, 9;
0.0157418, 9;
0.0160532, 9;
0.016018, 9;
0.0148471, 9;
0.0150914, 9;
0.0157516, 9;
0.0141083, 9;
0.0160125, 9;
0.0155056, 9;
0.0155838, 9;
0.0159244, 9;
0.0149724, 9;
0.0148314, 9;
0.0159785, 9;
0.0155265, 9;
0.0152528, 9;
0.0155667, 9;
0.0159007, 9;
0.0154563, 9;
0.0157372, 9;
0.0152501, 9;
0.0149502, 9;
0.0149619, 9;
0.0181466, 9;
0.0137568, 9;
0.0159585, 9;
0.0149665, 9;
0.0150734, 9;
0.0148372, 9;
0.0150186, 9;
0.0161038, 9;
0.0159161, 9;
0.0149097, 9;
0.0148936, 9;
0.0149728, 9;
0.0149641, 9;
0.0149581, 9;
0.0151209, 9;
0.0158937, 9;
0.0150386, 9;
0.0147732, 9;
0.0156696, 9;
0.0152732, 9;
0.0175181, 9;
0.014542, 9;
0.0156499, 9;
0.0152422, 9;
0.0159496, 9;
0.0150206, 9;
0.0150062, 9;
0.0212312, 9;
0.0216877, 9;
0.0179619, 9;
0.0149681, 9;
0.0150489, 9;
0.0146591, 9;
0.0151478, 9;
0.0160116, 9;
0.0159147, 9;
0.0152453, 9;
0.0145386, 9;
0.0150632, 9;
0.0160437, 9;
0.0177316, 9;
0.0131149, 9;
0.0156799, 9;
0.0157798, 9;
0.0152335, 9;
0.0159948, 9;
0.0162014, 9;
0.0159639, 9;
0.016476, 9;
0.0143616, 9;
0.0149681, 9;
0.0161806, 9;
0.0160554, 9;
0.0148943, 9;
0.0156712, 9;
0.0159507, 9;
0.0154783, 9;
0.0156997, 9;
0.0157847, 9;
0.0149536, 9;
0.0148732, 9;
0.0149398, 9;
0.0150285, 9;
0.0149009, 9;
0.0149585, 9;
0.0150599, 9;
0.0149373, 9;
0.014976, 9;
0.0148724, 9;
0.0148684, 9;
0.0151936, 9;
0.0149563, 9;
0.0150969, 9;
0.0159042, 9;
0.0148889, 9;
0.0156695, 9;
0.0153013, 9;
0.0159399, 9;
0.015981, 9;
0.0159307, 9;
0.016076, 9;
0.0161068, 9;
0.015679, 9;
0.0160106, 9;
0.0159345, 9;
0.0161962, 9;
0.015916, 9;
0.0159644, 9;
0.0148612, 9;
0.0149682, 9;
0.0163785, 9;
0.0162403, 9;
0.0141277, 9;
0.0150596, 9;
0.0159307, 9;
0.0159504, 9;
0.0159881, 9;
0.0160636, 9;
0.015694, 9;
0.0152487, 9;
0.0160103, 9;
0.0150549, 9;
0.0157822, 9;
0.016079, 9;
0.0158651, 9;
0.0160673, 9;
0.0147123, 9;
0.01504, 9;
0.0148192, 9;
0.0149815, 9;
0.0160566, 9;
0.0148668, 9;
0.0157186, 9;
0.0158594, 9;
0.0154678, 9;
0.0165384, 9;
0.0151952, 9;
0.0153675, 9;
0.0148138, 9;
0.0166777, 9;
0.0151574, 9;
0.0157503, 9;
0.0151454, 9;
0.0150609, 9;
0.0159197, 9;
0.0160365, 9;
0.0156521, 9;
0.015955, 9;
0.015838, 9;
0.0153487, 9;
0.0156478, 9;
0.0161008, 9;
0.0169987, 9;
0.0161303, 9;
0.0155965, 9;
0.014152, 9;
0.0159162, 9;
0.0149398, 9;
0.0150379, 9;
0.0159907, 9;
0.0149725, 9;
0.0149742, 9;
0.0160446, 9;
0.0159637, 9;
0.0153893, 9;
0.0160694, 9;
0.0151945, 9;
0.0150709, 9;
0.0159363, 9;
0.0159789, 9;
0.0159838, 9;
0.0160045, 9;
0.0150437, 9;
0.014945, 9;
0.0148666, 9;
0.0150545, 9;
0.0174145, 9;
0.0145146, 9;
0.0159407, 9;
0.0172692, 9;
0.0147506, 9;
0.0154325, 9;
0.0163054, 9;
0.0139935, 9;
0.0160451, 9;
0.0159037, 9;
0.0159823, 9;
0.0161465, 9;
0.0159775, 9;
0.0158273, 9;
0.0152729, 9;
0.0156715, 9;
0.0151335, 9;
0.0158784, 9;
0.0160334, 9;
0.0147663, 9;
0.0146233, 9;
0.015721, 9;
0.0154468, 9;
0.0149905, 9;
0.0149627, 9;
0.015215, 9;
0.0158512, 9;
0.0154504, 9;
0.0151407, 9;
0.0153558, 9;
0.0160229, 9;
0.0148134, 9;
0.0147512, 9;
0.015175, 9;
0.0160481, 9;
0.0158825, 9;
0.0149176, 9;
0.0158889, 9;
0.0150896, 9;
0.0148861, 9;
0.0160133, 9;
0.014918, 9;
0.0150321, 9;
0.015928, 9;
0.0148778, 9;
0.0155338, 9;
0.0154784, 9;
0.014984, 9;
0.0149247, 9;
0.0161037, 9;
0.0150629, 9;
0.0159692, 9;
0.0157736, 9;
0.0153605, 9;
0.0155143, 9;
0.0146383, 9;
0.0151731, 9;
0.0159953, 9;
0.0155254, 9;
0.0151681, 9;
0.0167697, 9;
0.0141081, 9;
0.0152768, 9;
0.0160487, 9;
0.0156382, 9;
0.0152956, 9;
0.0150497, 9;
0.0156193, 9;
0.0157822, 9;
0.0156067, 9;
0.017641, 9;
0.0142104, 9;
0.0153482, 9;
0.0156146, 9;
0.015151, 9;
0.0155692, 9;
0.015675, 9;
0.015418, 9;
0.0157928, 9;
0.0159086, 9;
0.0159571, 9;
0.016379, 9;
0.0160037, 9;
0.0152071, 9;
0.0150091, 9;
0.014931, 9;
0.0148645, 9;
0.0160418, 9;
0.0152277, 9;
0.0163969, 9;
0.0143823, 9;
0.0159288, 9;
0.0161748, 9;
0.0158808, 9;
0.01499, 9;
0.0168789, 9;
0.0141246, 9;
0.0171533, 9;
0.0146468, 9;
0.0150194, 9;
0.0159223, 9;
0.0148614, 9;
0.0156902, 9;
0.0154932, 9;
0.0155802, 9;
0.0155592, 9;
0.0156365, 9;
0.0149153, 9;
0.0155743, 9;
0.0153331, 9;
0.0159202, 9;
0.0150881, 9;
0.0149198, 9;
0.0152087, 9;
0.0157169, 9;
0.0151491, 9;
0.0149609, 9;
0.0149672, 9;
0.0158147, 9;
0.0162731, 9;
0.0157537, 9;
0.01483, 9;
0.0149899, 9;
0.0149393, 9;
0.0157672, 9;
0.0150675, 9;
0.0160342, 9;
0.0159594, 9;
0.0149554, 9;
0.0155401, 9;
0.0163071, 9;
0.0155295, 9;
0.0156024, 9;
0.015927, 9;
0.0149567, 9;
0.0149327, 9;
0.0149436, 9;
0.0150114, 9;
0.0167794, 9;
0.0144436, 9;
0.0152768, 9;
0.0153007, 9;
0.016011, 9;
0.0158254, 9;
0.0156011, 9;
0.0160528, 9;
0.0153754, 9;
0.0160677, 9;
0.0161708, 9;
0.0157444, 9;
0.0149564, 9;
0.0149516, 9;
0.014957, 9;
0.0157393, 9;
0.0148492, 9;
0.015591, 9;
0.0143009, 9;
0.0160465, 9;
0.016141, 9;
0.0158394, 9;
0.0155886, 9;
0.0155423, 9;
0.0152737, 9;
0.0145742, 9;
0.015009, 9;
0.0149443, 9;
0.0159636, 9;
0.0150203, 9;
0.0148232, 9;
0.0151049, 9;
0.0156798, 9;
0.0151297, 9;
0.0160653, 9;
0.0159802, 9;
0.0147794, 9;
0.0148512, 9;
0.015145, 9;
0.0160342, 9;
0.0159605, 9;
0.0159559, 9;
0.0160702, 9;
0.0158253, 9;
0.0160029, 9;
0.0160004, 9;
0.0148851, 9;
0.01485, 9;
0.0153245, 9;
0.0158466, 9;
0.0152233, 9;
0.01572, 9;
0.0149742, 9;
0.0149449, 9;
0.0151348, 9;
0.0146334, 9;
0.0149906, 9;
0.0160178, 9;
0.0159245, 9;
0.0160568, 9;
0.0156304, 9;
0.0153537, 9;
0.0159598, 9;
0.0148456, 9;
0.0155229, 9;
0.0156237, 9;
0.0172932, 9;
0.014209, 9;
0.0155646, 9;
0.0155169, 9;
0.0159639, 9;
0.0159464, 9;
0.0161076, 9;
0.0159753, 9;
0.0149724, 9;
0.0146193, 9;
0.0153551, 9;
0.0148978, 9;
0.0160325, 9;
0.0149654, 9;
0.0158863, 9;
0.0173856, 9;
0.0144942, 9;
0.0149153, 9;
0.0150288, 9;
0.014902, 9;
0.015009, 9;
0.015464, 9;
0.0154626, 9;
0.0171502, 9;
0.0143524, 9;
0.0158553, 9;
0.0154255, 9;
0.0150342, 9;
0.0149603, 9;
0.0149677, 9;
0.014864, 9;
0.0160267, 9;
0.015978, 9;
0.0148574, 9;
0.015272, 9;
0.0156123, 9;
0.0153924, 9;
0.0149156, 9;
0.0147148, 9;
0.0159735, 9;
0.0158686, 9;
0.0160166, 9;
0.0157144, 9;
0.0152734, 9;
0.0160353, 9;
0.0160525, 9;
0.015561, 9;
0.0160688, 9;
0.0160206, 9;
0.0154107, 9;
0.0156, 9;
0.015417, 9;
0.0155941, 9;
0.0149662, 9;
0.0149013, 9;
0.0150768, 9;
0.0146283, 9;
0.0149435, 9;
0.0160831, 9;
0.0159786, 9;
0.0160488, 9;
0.015639, 9;
0.0152691, 9;
0.0158184, 9;
0.0166033, 9;
0.0144912, 9;
0.0170983, 9;
0.0129951, 9;
0.0159843, 9;
0.0160185, 9;
0.0137653, 9;
0.0166756, 9;
0.0142353, 9;
0.0151093, 9;
0.0148418, 9;
0.0153889, 9;
0.0154274, 9;
0.0160026, 9;
0.0161063, 9;
0.0159001, 9;
0.015376, 9;
0.0172891, 9;
0.0133846, 9;
0.0171624, 9;
0.0187184, 9;
0.0118102, 9;
0.0158577, 9;
0.0161007, 9;
0.0159352, 9;
0.0159161, 9;
0.0160512, 9;
0.0150306, 9;
0.0149681, 9;
0.015072, 9;
0.015418, 9;
0.0157858, 9;
0.0148365, 9;
0.0149656, 9;
0.0156609, 9;
0.0159718, 9;
0.0158947, 9;
0.0160207, 9;
0.0160479, 9;
0.0148997, 9;
0.0150004, 9;
0.0160059, 9;
0.0151943, 9;
0.0155684, 9;
0.0169575, 9;
0.014136, 9;
0.0158179, 9;
0.015038, 9;
0.0148664, 9;
0.0160487, 9;
0.0149558, 9;
0.0149765, 9;
0.0160229, 9;
0.0150169, 9;
0.015395, 9;
0.0153229, 9;
0.0164167, 9;
0.0174829, 9;
0.0130473, 9;
0.0156007, 9;
0.0160482, 9;
0.0160697, 9;
0.0159708, 9;
0.0149486, 9;
0.015047, 9;
0.0153041, 9;
0.0147406, 9;
0.0159356, 9;
0.0147117, 9;
0.0156339, 9;
0.0155711, 9;
0.0157532, 9;
0.0150931, 9;
0.0150613, 9;
0.0148707, 9;
0.0150034, 9;
0.0152556, 9;
0.0162969, 9;
0.0155868, 9;
0.0155789, 9;
0.016018, 9;
0.0158993, 9;
0.0154568, 9;
0.0153971, 9;
0.0157763, 9;
0.0146913, 9;
0.0153925, 9;
0.0161352, 9;
0.0145253, 9;
0.015251, 9;
0.014774, 9;
0.0152999, 9;
0.0159984, 9;
0.0149328, 9;
0.0148941, 9;
0.0157743, 9;
0.016322, 9;
0.0153673, 9;
0.0152358, 9;
0.0152579, 9;
0.0161992, 9;
0.0185485, 9;
0.0208966, 9;
0.0063637, 9;
0.0160461, 9;
0.0147937, 9;
0.0149666, 9;
0.0158525, 9;
0.0151044, 9;
0.0157235, 9;
0.0159743, 9;
0.0162475, 9;
0.0157332, 9;
0.0159475, 9;
0.015578, 9;
0.0153586, 9;
0.0150199, 9;
0.0159496, 9;
0.0159278, 9;
0.0162113, 9;
0.0158133, 9;
0.016007, 9;
0.0151142, 9;
0.0147083, 9;
0.0153985, 9;
0.0166314, 9;
0.0154128, 9;
0.017847, 9;
0.0121113, 9;
0.0153172, 9;
0.0160343, 9;
0.0153461, 9;
0.0155532, 9;
0.0150682, 9;
0.0148248, 9;
0.0151607, 9;
0.0148638, 9;
0.0158101, 9;
0.0157577, 9;
0.0157976, 9;
0.0181173, 9;
0.0129727, 9;
0.0169429, 9;
0.0132775, 9;
0.0158896, 9;
0.0149877, 9;
0.0149387, 9;
0.0161428, 9;
0.0158298, 9;
0.0169911, 9;
0.0151186, 9;
0.0156043, 9;
0.0152442, 9;
0.0156509, 9;
0.0169976, 9;
0.0150657, 9;
0.0181032, 9;
0.0122118, 9;
0.0154588, 9;
0.015981, 9;
0.0152908, 9;
0.0157668, 9;
0.0147928, 9;
0.0149746, 9;
0.0161282, 9;
0.0155273, 9;
0.0153074, 9;
0.0159762, 9;
0.0157167, 9;
0.0175453, 9;
0.0155037, 9;
0.0139009, 9;
0.0149945, 9;
0.0149522, 9;
0.0150539, 9;
0.0160182, 9;
0.0149019, 9;
0.0160399, 9;
0.0159376, 9;
0.0159274, 9;
0.0160128, 9;
0.0151865, 9;
0.0159071, 9;
0.0207491, 9;
0.0113106, 9;
0.0146382, 9;
0.0149609, 9;
0.0150294, 9;
0.0159366, 9;
0.0149228, 9;
0.0149032, 9;
0.0151533, 9;
0.0147324, 9;
0.0149346, 9;
0.0149898, 9;
0.0155472, 9;
0.0141757, 9;
0.0159831, 9;
0.0151494, 9;
0.014929, 9;
0.0148489, 9;
0.0151815, 9;
0.0160418, 9;
0.0159696, 9;
0.0159525, 9;
0.0160016, 9;
0.0153287, 9;
0.0151493, 9;
0.0162021, 9;
0.0168418, 9;
0.0173261, 9;
0.0132123, 9;
0.015995, 9;
0.0144006, 9;
0.0151268, 9;
0.0160218, 9;
0.0149114, 9;
0.0161616, 9;
0.0160568, 9;
0.0160126, 9;
0.0158758, 9;
0.0155256, 9;
0.0153673, 9;
0.0151057, 9;
0.0158736, 9;
0.0158247, 9;
0.0151418, 9;
0.0157071, 9;
0.0159027, 9;
0.0159943, 9;
0.0161303, 9;
0.0157261, 9;
0.0151387, 9;
0.0152147, 9;
0.0158932, 9;
0.0151072, 9;
0.0158394, 9;
0.0159471, 9;
0.0159128, 9;
0.0157635, 9;
0.0146498, 9;
0.0153138, 9;
0.0159151, 9;
0.0160328, 9;
0.0160221, 9;
0.0158614, 9;
0.0161866, 9;
0.015494, 9;
0.0148565, 9;
0.0152745, 9;
0.0162608, 9;
0.0157737, 9;
0.0161358, 9;
0.0158052, 9;
0.0163744, 9;
0.0154952, 9;
0.015623, 9;
0.0157203, 9;
0.0160232, 9;
0.0165672, 9;
0.01393, 9;
0.0151079, 9;
0.014813, 9;
0.0149595, 9;
0.014911, 9;
0.0147397, 9;
0.0150035, 9;
0.0150456, 9;
0.015735, 9;
0.0154413, 9;
0.0151183, 9;
0.014704, 9;
0.0159471, 9;
0.0149774, 9;
0.0160338, 9;
0.0164495, 9;
0.0153809, 9;
0.0151483, 9;
0.0148135, 9;
0.0159248, 9;
0.0159879, 9;
0.0153621, 9;
0.0156002, 9;
0.0152437, 9;
0.0146785, 9;
0.0160087, 9;
0.0151855, 9;
0.014837, 9;
0.0151136, 9;
0.015708, 9;
0.0162516, 9;
0.0149122, 9;
0.0147054, 9;
0.0149957, 9;
0.0151065, 9;
0.0162793, 9;
0.0152474, 9;
0.0150374, 9;
0.0149905, 9;
0.0150966, 9;
0.0149115, 9;
0.015676, 9;
0.0157766, 9;
0.0160621, 9;
0.0159641, 9;
0.0153772, 9;
0.0159235, 9;
0.0172247, 9;
0.013652, 9;
0.0157501, 9;
0.0152399, 9;
0.0158091, 9;
0.0160734, 9;
0.0159777, 9;
0.0159528, 9;
0.0160683, 9;
0.0151256, 9;
0.0153709, 9;
0.0142866, 9;
0.0154516, 9;
0.015426, 9;
0.0153167, 9;
0.0152495, 9;
0.0154016, 9;
0.0159802, 9;
0.0149747, 9;
0.0150568, 9;
0.0145426, 9;
0.0151889, 9;
0.0159844, 9;
0.0156283, 9;
0.0153441, 9;
0.0149274, 9;
0.0149833, 9;
0.0155253, 9;
0.0155358, 9;
0.0158974, 9;
0.0149443, 9;
0.014885, 9;
0.0161309, 9;
0.0159528, 9;
0.0162114, 9;
0.0162149, 9;
0.015537, 9;
0.0155938, 9;
0.0158884, 9;
0.01538, 9;
0.0147125, 9;
0.0149985, 9;
0.015535, 9;
0.0154508, 9;
0.0171176, 9;
0.014807, 9;
0.0150474, 9;
0.0159713, 9;
0.0150022, 9;
0.0154463, 9;
0.0154241, 9;
0.0149005, 9;
0.0158817, 9;
0.0138998, 9;
0.0159233, 9;
0.0163648, 9;
0.0156807, 9;
0.0159847, 9;
0.0158732, 9;
0.0161431, 9;
0.0159368, 9;
0.0160431, 9;
0.014922, 9;
0.0158099, 9;
0.0154322, 9;
0.015786, 9;
0.0156356, 9;
0.0152242, 9;
0.0150965, 9;
0.0146859, 9;
0.0149519, 9;
0.0159581, 9;
0.0157447, 9;
0.015172, 9;
0.014952, 9;
0.0161102, 9;
0.0168035, 9;
0.0140782, 9;
0.0160419, 9;
0.0149549, 9;
0.0159219, 9;
0.016048, 9;
0.0159765, 9;
0.0147942, 9;
0.0161924, 9;
0.0158386, 9;
0.0147788, 9;
0.0159388, 9;
0.0151274, 9;
0.0150199, 9;
0.0149367, 9;
0.0159848, 9;
0.015803, 9;
0.0150259, 9;
0.0156133, 9;
0.0155974, 9;
0.0156801, 9;
0.0159716, 9;
0.015981, 9;
0.0149508, 9;
0.015318, 9;
0.0156132, 9;
0.01577, 9;
0.0138571, 9;
0.0147041, 9;
0.0178432, 9;
0.0138357, 9;
0.0161369, 9;
0.0149591, 9;
0.01482, 9;
0.0149977, 9;
0.0149371, 9;
0.015463, 9;
0.0160286, 9;
0.0144758, 9;
0.0159905, 9;
0.0150975, 9;
0.0151371, 9;
0.0156978, 9;
0.0150803, 9;
0.0160193, 9;
0.0148762, 9;
0.0148859, 9;
