0.179994;
0.105232;
0.108573;
0.10826;
0.111899;
0.147857;
0.168607;
0.10714;
0.108611;
0.123351;
0.153424;
0.106345;
0.108483;
0.105682;
0.106641;
0.10761;
0.10969;
0.109304;
0.107346;
0.110349;
0.104522;
0.10655;
0.109477;
0.109057;
0.106897;
0.107963;
0.109945;
0.112122;
0.105733;
0.106026;
0.104795;
0.107023;
0.106555;
0.104675;
0.107002;
0.107036;
0.10605;
0.108008;
0.10901;
0.109027;
0.110708;
0.107589;
0.108638;
0.10983;
0.108888;
0.106219;
0.11035;
0.105731;
0.108482;
0.108714;
0.1114;
0.109323;
0.1086;
0.109008;
0.108046;
0.110289;
0.108185;
0.107655;
0.108711;
0.107303;
0.105226;
0.10887;
0.106784;
0.108621;
0.109387;
0.109936;
0.108902;
0.108689;
0.107408;
0.108517;
0.107129;
0.109338;
0.110402;
0.109582;
0.108376;
0.109305;
0.110122;
0.108398;
0.109492;
0.107739;
0.108928;
0.110725;
0.104162;
0.109483;
0.107682;
0.109987;
0.107729;
0.109307;
0.107436;
0.108332;
0.107222;
0.108562;
0.108967;
0.10779;
0.108799;
0.106623;
0.111603;
0.107668;
0.10887;
0.10786;
0.109033;
0.109562;
0.107165;
0.108487;
0.109524;
0.125941;
0.107275;
0.106947;
0.108395;
0.107178;
0.109598;
0.106098;
0.10795;
0.111058;
0.10894;
0.107924;
0.107486;
0.108904;
0.108586;
0.107483;
0.108984;
0.109716;
0.107757;
0.105662;
0.108894;
0.107861;
0.110673;
0.107758;
0.107799;
0.110459;
0.107875;
0.110042;
0.109499;
0.106711;
0.107937;
0.110765;
0.110348;
0.107007;
0.10902;
0.108834;
0.109291;
0.110221;
0.106889;
0.10923;
0.109064;
0.109425;
0.108131;
0.109241;
0.107887;
0.109734;
0.110771;
0.110117;
0.106358;
0.106501;
0.10598;
0.106695;
0.105995;
0.106394;
0.110255;
0.106661;
0.109236;
0.10581;
0.108912;
0.109252;
0.108169;
0.107559;
0.111788;
0.105483;
0.109177;
0.11179;
0.107493;
0.106806;
0.108785;
0.109699;
0.110244;
0.106911;
0.105026;
0.109538;
0.110119;
0.111627;
0.105853;
0.11083;
0.109851;
0.10978;
0.106884;
0.105961;
0.105813;
0.11007;
0.106729;
0.104975;
0.107963;
0.10761;
0.110733;
0.108241;
0.120699;
0.114823;
0.109718;
0.112575;
0.115196;
0.113272;
0.110253;
0.107055;
0.1089;
0.107284;
0.110599;
0.106684;
0.107638;
0.1087;
0.107674;
0.106805;
0.107865;
0.108712;
0.108967;
0.108659;
0.109478;
0.11171;
0.106898;
0.108705;
0.10784;
0.108874;
0.109606;
0.107641;
0.112567;
0.105909;
0.112231;
0.106125;
0.10587;
0.110474;
0.105428;
0.10693;
0.11399;
0.119333;
0.107632;
0.108747;
0.125166;
0.106688;
0.111068;
0.107756;
0.10783;
0.111528;
0.107103;
0.107331;
0.106959;
0.108241;
0.113293;
0.110796;
0.103892;
0.106302;
0.106216;
0.110036;
0.104595;
0.111771;
0.104112;
0.107397;
0.108809;
0.107816;
0.105912;
0.106507;
0.107028;
0.107934;
0.106677;
0.107769;
0.106679;
0.108554;
0.104901;
0.108369;
0.10726;
0.107023;
0.109418;
0.108451;
0.107027;
0.108803;
0.106356;
0.109707;
0.106299;
0.107823;
0.109952;
0.108346;
