0.109431;
0.108891;
0.109822;
0.125096;
0.126525;
0.133407;
0.131519;
0.125249;
0.107872;
0.110086;
0.136848;
0.138604;
0.134112;
0.155914;
0.148678;
0.107059;
0.119305;
0.113663;
0.109662;
0.109197;
0.108607;
0.108687;
0.107533;
0.107793;
0.108171;
0.106827;
0.112501;
0.168178;
0.116943;
0.115936;
0.108288;
0.107305;
0.111977;
0.172827;
0.148573;
0.146436;
0.149334;
0.15582;
0.103087;
0.111396;
0.124487;
0.110384;
0.108993;
0.108142;
0.10725;
0.110032;
0.109472;
0.105642;
0.247434;
0.180781;
0.136236;
0.123198;
0.122496;
0.107771;
0.109175;
0.108846;
0.108082;
0.111742;
0.105436;
0.108585;
0.108232;
0.110198;
0.107713;
0.109579;
0.107044;
0.109263;
0.107538;
0.113528;
0.117004;
0.107991;
0.109426;
0.109655;
0.108549;
0.107991;
0.107719;
0.109595;
0.108344;
0.108781;
0.110467;
0.10907;
0.102749;
0.109456;
0.111586;
0.106577;
0.110087;
0.106045;
0.106117;
0.108637;
0.109472;
0.109142;
0.107356;
0.110681;
0.105835;
0.108587;
0.108716;
0.107719;
0.108698;
0.10861;
0.107742;
0.108886;
0.109159;
0.107187;
0.107536;
0.107528;
0.108136;
0.108817;
0.10929;
0.107319;
0.110069;
0.106828;
0.1081;
0.107479;
0.110039;
0.108477;
0.107714;
0.10794;
0.106981;
0.111533;
0.109856;
0.107456;
0.107782;
0.108844;
0.107732;
0.107063;
0.108403;
0.109651;
0.109498;
0.108399;
0.107831;
0.108382;
0.105594;
0.109675;
0.108582;
0.106754;
0.108323;
0.106798;
0.106699;
0.109649;
0.107412;
0.110274;
0.108951;
0.107825;
0.110113;
0.108597;
0.109923;
0.111884;
0.122705;
0.105945;
0.108331;
0.107945;
0.108999;
0.109211;
0.109538;
0.108692;
0.106691;
0.107932;
0.106699;
0.116618;
0.124124;
0.105338;
0.113639;
0.102498;
0.106556;
0.111412;
0.12452;
0.108448;
0.123587;
0.108895;
0.106317;
0.106568;
0.106655;
0.106061;
0.106872;
0.108506;
0.109813;
0.107613;
0.10912;
0.107102;
0.109698;
0.110548;
0.107479;
0.108019;
0.129266;
0.153279;
0.110627;
0.151771;
0.162936;
0.106724;
0.107778;
0.133301;
0.156434;
0.124902;
0.10632;
0.125971;
0.171868;
0.148544;
0.128631;
0.126192;
0.120978;
0.164898;
0.242531;
0.109577;
0.108289;
0.118035;
0.114825;
0.109361;
0.105771;
0.107492;
0.1095;
0.107324;
0.107511;
0.10999;
0.106853;
0.108863;
0.111474;
0.105839;
0.10831;
0.108732;
0.110637;
0.108601;
0.10996;
0.107302;
0.111733;
0.106117;
0.105687;
0.108189;
0.110357;
0.121684;
0.116373;
0.104285;
0.105555;
0.106947;
0.112316;
0.104971;
0.108817;
0.107564;
0.110545;
0.108882;
0.108235;
0.108406;
0.108307;
0.108422;
0.10932;
0.110732;
0.107189;
0.110157;
0.109117;
0.107978;
0.106795;
0.109587;
0.109477;
0.107542;
