0.0280445, 6;
0.0280387, 6;
0.025526, 6;
0.0255388, 6;
0.0255311, 6;
0.0255266, 6;
0.0265475, 6;
0.0255279, 6;
0.0255426, 6;
0.0255445, 6;
0.0267414, 6;
0.0258249, 6;
0.0255477, 6;
0.0255305, 6;
0.0255241, 6;
0.0255548, 6;
0.0255324, 6;
0.0255516, 6;
0.025526, 6;
0.0255381, 6;
0.025542, 6;
0.0255362, 6;
0.0255317, 6;
0.0255381, 6;
0.0255407, 6;
0.0260374, 6;
0.0255465, 6;
0.0255401, 6;
0.0255407, 6;
0.0255356, 6;
0.0255535, 6;
0.0255164, 6;
0.0255381, 6;
0.025542, 6;
0.025542, 6;
0.0257967, 6;
0.0261033, 6;
0.0255497, 6;
0.0255413, 6;
0.0255343, 6;
0.0255509, 6;
0.025526, 6;
0.0255413, 6;
0.0255266, 6;
0.0255413, 6;
0.0255356, 6;
0.0255458, 6;
0.0255356, 6;
0.0255381, 6;
0.0255439, 6;
0.0255426, 6;
0.0255458, 6;
0.0255311, 6;
0.0255426, 6;
0.0255477, 6;
0.0255349, 6;
0.0255388, 6;
0.0255362, 6;
0.0255554, 6;
0.0265801, 6;
0.0254914, 6;
0.0255529, 6;
0.025533, 6;
0.0255497, 6;
0.0255151, 6;
0.0255394, 6;
0.0255413, 6;
0.0255394, 6;
0.0255484, 6;
0.0255439, 6;
0.0255285, 6;
0.0255433, 6;
0.0255509, 6;
0.0255305, 6;
0.0255375, 6;
0.0255413, 6;
0.0255381, 6;
0.0255362, 6;
0.025878, 6;
0.0262351, 6;
0.0255151, 6;
0.0255484, 6;
0.025533, 6;
0.025542, 6;
0.0255484, 6;
0.0255439, 6;
0.0255362, 6;
0.0255362, 6;
0.0255541, 6;
0.0255279, 6;
0.0255394, 6;
0.0255394, 6;
0.0255381, 6;
0.0255426, 6;
0.0255439, 6;
0.0255196, 6;
0.025542, 6;
0.0255452, 6;
0.0255529, 6;
0.0255202, 6;
0.0255452, 6;
0.0255394, 6;
0.0255413, 6;
0.0255388, 6;
0.0255529, 6;
0.025542, 6;
0.0255349, 6;
0.0257436, 6;
0.0258338, 6;
0.0255452, 6;
0.025533, 6;
0.0255407, 6;
0.0255465, 6;
0.0255375, 6;
0.0255401, 6;
0.0255458, 6;
0.0255298, 6;
0.0255445, 6;
0.0255375, 6;
0.0255439, 6;
0.0255343, 6;
0.025549, 6;
0.0255349, 6;
0.0255477, 6;
0.0255433, 6;
0.0255343, 6;
0.0255535, 6;
0.0262383, 6;
0.0258466, 6;
0.0255068, 6;
0.0255362, 6;
0.0255522, 6;
0.0262358, 6;
0.0258409, 6;
0.0255433, 6;
0.0255337, 6;
0.0255452, 6;
0.0285462, 6;
0.0255433, 6;
0.0255324, 6;
0.0255497, 6;
0.0255407, 6;
0.0255285, 6;
0.0255253, 6;
0.0255452, 6;
0.0255407, 6;
0.0255484, 6;
0.0256674, 6;
0.0254108, 6;
0.0260418, 6;
0.0255324, 6;
0.0255554, 6;
0.0255311, 6;
0.0255401, 6;
0.0255471, 6;
0.0258178, 6;
0.025766, 6;
0.0255458, 6;
0.0255247, 6;
0.0255394, 6;
0.0255433, 6;
0.0255445, 6;
0.0255343, 6;
0.0255477, 6;
0.0255407, 6;
0.0255394, 6;
0.0255452, 6;
0.0255471, 6;
0.0255305, 6;
0.0255426, 6;
0.0255311, 6;
0.0255433, 6;
0.0255433, 6;
0.0255388, 6;
0.0255465, 6;
0.025542, 6;
0.0255362, 6;
0.0255477, 6;
0.025542, 6;
0.0255369, 6;
0.0255311, 6;
0.0255407, 6;
0.0255401, 6;
0.0255426, 6;
0.0255426, 6;
0.0255401, 6;
0.0255445, 6;
0.0255394, 6;
0.0255426, 6;
0.025533, 6;
0.0255407, 6;
0.0255407, 6;
0.0255529, 6;
0.0255305, 6;
0.0255426, 6;
0.0255388, 6;
0.0255663, 6;
0.0260194, 6;
0.0255305, 6;
0.0255452, 6;
0.0255471, 6;
0.0259868, 6;
0.026086, 6;
0.0255477, 6;
0.0255375, 6;
0.0255394, 6;
0.0255394, 6;
0.0255426, 6;
0.0255401, 6;
0.0255458, 6;
0.0255349, 6;
0.0255407, 6;
0.0255337, 6;
0.0255285, 6;
0.0255439, 6;
0.0255497, 6;
0.0255324, 6;
0.0255426, 6;
0.0255343, 6;
0.0255413, 6;
0.0255413, 6;
0.0255516, 6;
0.0255868, 6;
0.025485, 6;
0.0263619, 6;
0.0258486, 6;
0.0254146, 6;
0.0255388, 6;
0.0255426, 6;
0.0255868, 6;
0.0254997, 6;
0.0255324, 6;
0.025542, 6;
0.0255439, 6;
0.0255394, 6;
0.0255407, 6;
0.0255413, 6;
0.0255445, 6;
0.0255561, 6;
0.0255202, 6;
0.0255381, 6;
0.0255426, 6;
0.0255471, 6;
0.025533, 6;
0.0255484, 6;
0.0255497, 6;
0.0255292, 6;
0.0256316, 6;
0.0254466, 6;
0.0255381, 6;
0.0255401, 6;
0.0255413, 6;
0.0255433, 6;
0.0255375, 6;
0.0255458, 6;
0.0255522, 6;
0.0255253, 6;
0.0255388, 6;
0.0255381, 6;
0.0255413, 6;
0.0255381, 6;
0.0255445, 6;
0.0255394, 6;
0.0255311, 6;
0.0255522, 6;
0.0255855, 6;
0.0254927, 6;
0.0255381, 6;
0.0255548, 6;
0.0255285, 6;
0.0255471, 6;
0.0255356, 6;
0.0255509, 6;
0.0255369, 6;
0.0255337, 6;
0.0255439, 6;
0.0255362, 6;
0.0255529, 6;
0.0255292, 6;
0.0255439, 6;
0.0255337, 6;
0.0255426, 6;
0.0255426, 6;
0.025542, 6;
0.025549, 6;
0.0255305, 6;
0.0255413, 6;
0.0255362, 6;
0.0255445, 6;
0.0255407, 6;
0.0255407, 6;
0.0255439, 6;
0.0255458, 6;
0.0257372, 6;
0.0258402, 6;
0.0255439, 6;
0.025533, 6;
0.0255407, 6;
0.0255407, 6;
0.0255445, 6;
0.0255394, 6;
0.0255413, 6;
0.0255401, 6;
0.0256975, 6;
0.0258818, 6;
0.0255439, 6;
0.0255388, 6;
0.0255362, 6;
0.0255426, 6;
0.0255413, 6;
0.0255477, 6;
0.0255311, 6;
0.0255452, 6;
0.0265411, 1;
0.0636028, 1;
0.0280483, 1;
0.0260335, 1;
0.0255004, 1;
0.0275376, 1;
0.026038, 1;
0.0260463, 1;
0.0255471, 1;
0.0268892, 1;
0.0281904, 1;
0.0260418, 1;
0.0255426, 1;
0.0260412, 1;
0.0255407, 1;
0.0270441, 1;
0.0260374, 1;
0.0255465, 1;
0.0265513, 1;
0.0255445, 1;
0.0345458, 1;
0.0260322, 1;
0.0255452, 1;
0.0266825, 1;
0.0274025, 1;
0.0260425, 1;
0.0260482, 1;
0.0255285, 1;
0.0260431, 1;
0.0255477, 1;
0.027535, 1;
0.0260406, 1;
0.0255477, 1;
0.0260361, 1;
0.0255471, 1;
0.0275414, 1;
0.0260425, 1;
0.0255484, 1;
0.0265494, 1;
0.0270256, 1;
0.0260431, 1;
0.026463, 1;
0.0266198, 1;
0.025542, 1;
0.0275632, 1;
0.0260316, 1;
0.0256854, 1;
0.0268912, 1;
0.0260438, 1;
0.0260335, 1;
0.0275446, 1;
0.0260406, 1;
0.0255401, 1;
0.0260406, 1;
0.0255433, 1;
0.0270435, 1;
0.026045, 1;
0.0260386, 1;
0.0255375, 1;
0.0270377, 1;
0.026047, 1;
0.0255407, 1;
0.0265443, 1;
0.0262787, 1;
0.0278032, 1;
0.026047, 1;
0.0255388, 1;
0.0265519, 1;
0.0255484, 1;
0.0280266, 1;
0.0260431, 1;
0.0255369, 1;
0.0265449, 1;
0.0255445, 1;
0.0275414, 1;
0.0260444, 1;
0.0260335, 1;
0.0255413, 1;
0.0265417, 1;
0.0330546, 1;
0.0260418, 1;
0.0255407, 1;
0.0265443, 1;
0.0255522, 1;
0.0275293, 1;
0.0260406, 1;
0.0261833, 1;
0.0253973, 1;
0.0265475, 1;
0.0270396, 1;
0.0268796, 1;
0.0262012, 1;
0.0255375, 1;
0.0340594, 1;
0.0265385, 1;
0.0255439, 1;
0.0265462, 1;
0.0260335, 1;
0.0255471, 1;
0.0275446, 1;
0.0260329, 1;
0.0255893, 1;
0.0264937, 1;
0.0256053, 1;
0.0274877, 1;
0.0260374, 1;
0.0260438, 1;
0.0255388, 1;
0.0276169, 1;
0.025965, 1;
0.0255426, 1;
0.0265551, 1;
0.025542, 1;
0.0291523, 2;
0.029448, 2;
0.0295236, 2;
0.0290455, 2;
0.029048, 2;
0.0290461, 2;
0.0290442, 2;
0.0290429, 2;
0.0290493, 2;
0.0296138, 2;
0.0289789, 2;
0.0290474, 2;
0.0290455, 2;
0.0290435, 2;
0.0290512, 2;
0.0296855, 2;
0.0293578, 2;
0.0290352, 2;
0.0295684, 2;
0.0295383, 2;
0.0295383, 2;
0.0290442, 2;
0.0290474, 2;
0.0290499, 2;
0.0290442, 2;
0.0290455, 2;
0.0290429, 2;
0.0290487, 2;
0.0290455, 2;
0.0290467, 2;
0.0290455, 2;
0.0295498, 2;
0.0290717, 2;
0.0290256, 2;
0.0295671, 2;
0.0295344, 2;
0.0295332, 2;
0.029112, 2;
0.0289898, 2;
0.0290467, 2;
0.0295351, 2;
0.0290525, 2;
0.0290429, 2;
0.0290429, 2;
0.0290544, 2;
0.0290429, 2;
0.0290423, 2;
0.0290423, 2;
0.0290525, 2;
0.0294999, 2;
0.0290429, 2;
0.0296215, 2;
0.0294704, 2;
0.0295428, 2;
0.0290493, 2;
0.0290832, 2;
0.0294928, 2;
0.0290525, 2;
0.02908, 2;
0.0295863, 2;
0.0294813, 2;
0.0290301, 2;
0.0290506, 2;
0.0290416, 2;
0.0290448, 2;
0.0295472, 2;
0.0290467, 2;
0.0290531, 2;
0.0285706, 2;
0.0295479, 2;
0.0290128, 2;
0.0290461, 2;
0.0290493, 2;
0.0290461, 2;
0.0290416, 2;
0.0290448, 2;
0.0295556, 2;
0.0290371, 2;
0.0295517, 2;
0.0290493, 2;
0.029048, 2;
0.0295402, 2;
0.0290403, 2;
0.0290487, 2;
0.0290487, 2;
0.0295479, 2;
0.0290423, 2;
0.0290525, 2;
0.0290448, 2;
0.0290416, 2;
0.0290493, 2;
0.0290455, 2;
0.0290487, 2;
0.0290429, 2;
0.029553, 2;
0.0295396, 2;
0.0290429, 2;
0.0290563, 2;
0.0290506, 2;
0.0290403, 2;
0.0300554, 2;
0.0290339, 2;
0.0290487, 2;
0.0290467, 2;
0.029041, 2;
0.029048, 2;
0.0290519, 2;
0.0290826, 2;
0.0290071, 2;
0.0290474, 2;
0.0290461, 2;
0.0290416, 2;
0.0290474, 2;
0.0290435, 2;
0.0295536, 2;
0.0290416, 2;
0.0290461, 2;
0.0290474, 2;
0.0290474, 2;
0.0290595, 2;
0.0295268, 2;
0.0290602, 2;
0.0290384, 2;
0.0290461, 2;
0.0290525, 2;
0.029041, 2;
0.0290423, 2;
0.0290487, 2;
0.029048, 2;
0.0290525, 2;
0.0290384, 2;
0.0290442, 2;
0.0290442, 2;
0.0290474, 2;
0.0295485, 2;
0.029048, 2;
0.0290391, 2;
0.0290749, 2;
0.029025, 2;
0.0290973, 2;
0.0294935, 2;
0.0290615, 2;
0.0290314, 2;
0.0295492, 2;
0.0290416, 2;
0.029048, 2;
0.0290487, 2;
0.029544, 2;
0.0290461, 2;
0.0290474, 2;
0.0290442, 2;
0.0290429, 2;
0.0290531, 2;
0.0290429, 2;
0.029544, 2;
0.0295485, 2;
0.029048, 2;
0.0290474, 2;
0.0290455, 2;
0.0300612, 2;
0.0295472, 2;
0.0295453, 2;
0.0295351, 2;
0.0290506, 2;
0.0290391, 2;
0.0290474, 2;
0.0290474, 2;
0.0290474, 2;
0.0295492, 2;
0.0290371, 2;
0.0290435, 2;
0.0295562, 2;
0.0290416, 2;
0.0290499, 2;
0.0295472, 2;
0.0290461, 2;
0.0290474, 2;
0.0290416, 2;
0.0295498, 2;
0.0290666, 2;
0.029658, 2;
0.0294218, 2;
0.0290352, 2;
0.0290474, 2;
0.0290461, 2;
0.029048, 2;
0.029546, 2;
0.0295479, 2;
0.0295498, 2;
0.0295402, 2;
0.0290493, 2;
0.0290474, 2;
0.0290397, 2;
0.0290525, 2;
0.0290474, 3;
0.0295434, 3;
0.0295396, 3;
0.0295709, 3;
0.0290295, 3;
0.0300497, 3;
0.02956, 3;
0.0290467, 3;
0.0295357, 3;
0.029544, 3;
0.0295479, 3;
0.0295466, 3;
0.0295453, 3;
0.0295485, 3;
0.029546, 3;
0.0295466, 3;
0.0295479, 3;
0.0295466, 3;
0.0295568, 3;
0.0300906, 3;
0.0295037, 3;
0.0295376, 3;
0.029546, 3;
0.0295511, 3;
0.0295428, 3;
0.0295735, 3;
0.0290269, 3;
0.029544, 3;
0.0295383, 3;
0.029553, 3;
0.0295492, 3;
0.0295447, 3;
0.0295434, 3;
0.0295479, 3;
0.0295466, 3;
0.029544, 3;
0.029553, 3;
0.029544, 3;
0.0295447, 3;
0.0295466, 3;
0.0295524, 3;
0.0295492, 3;
0.0295408, 3;
0.0295524, 3;
0.0295396, 3;
0.0296471, 3;
0.0294525, 3;
0.0295588, 3;
0.0295357, 3;
0.0295472, 3;
0.0295408, 3;
0.0295479, 3;
0.0295549, 3;
0.0295696, 3;
0.0290243, 3;
0.0290416, 3;
0.0295415, 3;
0.0295492, 3;
0.029544, 3;
0.0295524, 3;
0.0295453, 3;
0.0295389, 3;
0.0295556, 3;
0.029626, 3;
0.0299709, 3;
0.0295485, 3;
0.0295472, 3;
0.02956, 3;
0.0295293, 3;
0.0295485, 3;
0.0295453, 3;
0.0295658, 3;
0.0290282, 3;
0.0295472, 3;
0.029546, 3;
0.0295447, 3;
0.0295517, 3;
0.0295434, 3;
0.0295453, 3;
0.0295498, 3;
0.0295466, 3;
0.0290589, 3;
0.0295389, 3;
0.0295485, 3;
0.0295485, 3;
0.0295498, 3;
0.0295447, 3;
0.0295408, 3;
0.0300529, 3;
0.0290391, 3;
0.029546, 3;
0.0295485, 3;
0.029482, 3;
0.0295498, 3;
0.0295428, 3;
0.0296042, 3;
0.0294884, 3;
0.0295517, 3;
0.0295447, 3;
0.029546, 3;
0.0295498, 3;
0.0295428, 3;
0.029546, 3;
0.0295485, 3;
0.0295581, 3;
0.0290493, 3;
0.0295498, 3;
0.0290301, 3;
0.0295453, 3;
0.0295575, 3;
0.0295396, 3;
0.0295421, 3;
0.0290538, 3;
0.0295447, 3;
0.0295479, 3;
0.0295428, 3;
0.0295472, 3;
0.0290499, 3;
0.0295588, 3;
0.0295306, 3;
0.0300516, 3;
0.0291357, 3;
0.0305226, 3;
0.0289859, 3;
0.029544, 3;
0.0295453, 3;
0.0290519, 3;
0.0295485, 3;
0.0295338, 3;
0.0295536, 3;
0.0290384, 3;
0.0290493, 4;
0.0295517, 4;
0.029546, 4;
0.0295428, 4;
0.0295543, 4;
0.0295396, 4;
0.029546, 4;
0.02956, 4;
0.03507, 4;
0.0302634, 4;
0.0298135, 4;
0.029578, 4;
0.0295178, 4;
0.0301636, 2;
0.0295274, 2;
0.0298468, 2;
0.0302263, 4;
0.0291626, 4;
0.0288541, 4;
0.0295453, 4;
0.0295485, 4;
0.0295421, 4;
0.0295447, 4;
0.0295434, 4;
0.0295447, 4;
0.0295511, 4;
0.0295524, 4;
0.0295498, 4;
0.0295792, 4;
0.0295108, 4;
0.029041, 4;
0.0295485, 4;
0.0295466, 4;
0.0295517, 4;
0.0290378, 4;
0.0295504, 4;
0.0295415, 4;
0.0295639, 4;
0.0298186, 4;
0.0297661, 4;
0.029553, 4;
0.0295421, 4;
0.029546, 4;
0.0295504, 4;
0.0295485, 4;
0.0295421, 4;
0.0295472, 4;
0.0295511, 4;
0.0295376, 4;
0.0295575, 4;
0.0295447, 4;
0.0290762, 4;
0.0295114, 4;
0.0295447, 4;
0.0295748, 4;
0.0295287, 4;
0.0290442, 4;
0.0295568, 4;
0.0290941, 4;
0.0294813, 4;
0.0295472, 4;
0.0295472, 4;
0.029546, 4;
0.0295466, 4;
0.0295479, 4;
0.0290717, 4;
0.029521, 4;
0.0295664, 4;
0.0295274, 4;
0.0295492, 4;
0.0290429, 4;
0.0295485, 4;
0.0300522, 4;
0.0295383, 4;
0.0300426, 4;
0.0296208, 4;
0.0289904, 4;
0.0290455, 4;
0.029544, 4;
0.0295696, 4;
0.0295172, 4;
0.0295543, 4;
0.0295402, 4;
0.0295466, 4;
0.0300682, 4;
0.0295287, 4;
0.029544, 4;
0.0295517, 4;
0.0295485, 4;
0.0295421, 4;
0.02956, 4;
0.0295396, 4;
0.0295415, 4;
0.0295472, 4;
0.0295453, 4;
0.0300541, 4;
0.0295402, 4;
0.029592, 4;
0.0294999, 4;
0.029562, 4;
0.0295364, 4;
0.029562, 4;
0.0295325, 4;
0.0295421, 4;
0.029553, 4;
0.0295472, 4;
0.0295428, 4;
0.0295453, 4;
0.0295504, 4;
0.0295485, 4;
0.0290461, 4;
0.0295511, 4;
0.0295472, 4;
0.0295434, 4;
0.0295421, 4;
0.029553, 4;
0.0296144, 4;
0.029496, 4;
0.0290333, 4;
0.0295549, 4;
0.0295312, 4;
0.0295479, 4;
0.0295492, 4;
0.0295447, 4;
0.0295498, 4;
0.0295645, 4;
0.0295293, 4;
0.0295492, 4;
0.0295421, 4;
0.029546, 4;
0.0295479, 4;
0.0295447, 4;
0.0295479, 4;
0.0295479, 4;
0.029544, 4;
0.0301226, 4;
0.0294749, 4;
0.0295479, 4;
0.0295568, 4;
0.0300522, 4;
0.02953, 4;
0.0295984, 4;
0.0294948, 4;
0.0297776, 4;
0.0293156, 4;
0.0295498, 4;
0.029544, 4;
0.0295485, 4;
0.0295485, 4;
0.0295421, 4;
0.0295492, 4;
0.0295472, 4;
0.0295511, 4;
0.0295402, 4;
0.029546, 4;
0.0295504, 4;
0.029546, 4;
0.02956, 4;
0.0295376, 4;
0.0295408, 4;
0.0295562, 4;
0.0290391, 4;
0.0295479, 4;
0.0290659, 2;
0.0295287, 2;
0.0295472, 2;
0.029544, 2;
0.0295479, 2;
0.029546, 2;
0.0295472, 2;
0.0295453, 2;
0.0295498, 2;
0.029544, 2;
0.0295479, 2;
0.0295453, 2;
0.0295492, 2;
0.0290455, 2;
0.0290717, 2;
0.0295261, 2;
0.0296503, 2;
0.0294372, 2;
0.0295479, 2;
0.0295434, 2;
0.0295511, 2;
0.029553, 2;
0.0295453, 2;
0.029544, 2;
0.0295453, 2;
0.0295492, 2;
0.0295492, 2;
0.0295408, 2;
0.0295479, 2;
0.029546, 2;
0.0295447, 2;
0.029585, 2;
0.0290154, 2;
0.0295415, 2;
0.0295472, 2;
0.0296004, 2;
0.0295012, 2;
0.0290589, 2;
0.0295306, 2;
0.0295421, 2;
0.0290474, 2;
0.0295485, 2;
0.029544, 2;
0.0295421, 2;
0.0295556, 2;
0.0295434, 2;
0.029546, 2;
0.0295524, 2;
0.0295594, 2;
0.0290346, 2;
0.0295396, 2;
0.0295485, 2;
0.0295575, 2;
0.0295479, 2;
0.0290333, 2;
0.0295639, 2;
0.0297565, 2;
0.0310398, 2;
0.029336, 2;
0.0300522, 2;
0.0285386, 2;
0.0295421, 2;
0.0295504, 2;
0.0295434, 2;
0.0295447, 2;
0.0295562, 2;
0.029041, 2;
0.0295549, 2;
0.0295376, 2;
0.0295479, 2;
0.0295415, 2;
0.0290499, 2;
0.0295428, 2;
0.0295562, 2;
0.0293847, 2;
0.0291997, 2;
0.0295485, 2;
0.0295472, 2;
0.0295632, 2;
0.02953, 2;
0.0290595, 2;
0.0295389, 2;
0.028552, 2;
0.0290339, 2;
0.0295472, 2;
0.0295466, 2;
0.0295479, 2;
0.0295485, 2;
0.0295434, 2;
0.0295498, 2;
0.029546, 2;
0.0295447, 2;
0.0295524, 2;
0.0295447, 2;
0.029546, 2;
0.0295556, 2;
0.0295415, 2;
0.0295453, 2;
0.029546, 2;
0.0295492, 2;
0.0290493, 2;
0.0295402, 2;
0.0290467, 2;
0.029546, 2;
0.0295453, 2;
0.0295485, 2;
0.0295504, 2;
0.0295453, 2;
0.0295408, 2;
0.0295556, 2;
0.0295447, 2;
0.0290455, 2;
0.0295472, 2;
0.0295466, 2;
0.0295556, 2;
0.0300689, 2;
0.0295511, 2;
0.0290211, 2;
0.0295517, 2;
0.0295536, 2;
0.0290448, 2;
0.0290384, 2;
0.0295466, 2;
0.0295485, 2;
0.0295466, 2;
0.0295504, 2;
0.029544, 2;
0.0295466, 2;
0.0295485, 2;
0.0290442, 2;
0.0295485, 2;
0.029546, 2;
0.0295517, 2;
0.0295517, 2;
0.0290563, 3;
0.0290512, 3;
0.0295248, 3;
0.0290493, 3;
0.0290384, 3;
0.0290538, 3;
0.0290531, 3;
0.0290282, 3;
0.029553, 3;
0.0290461, 3;
0.0290448, 3;
0.0290442, 3;
0.0290448, 3;
0.0290506, 3;
0.0290474, 3;
0.0290448, 3;
0.0290429, 3;
0.0290506, 3;
0.0290455, 3;
0.0289642, 3;
0.0285456, 3;
0.0290525, 3;
0.0290314, 3;
0.0290525, 3;
0.0290455, 3;
0.0290551, 3;
0.0295696, 3;
0.0290154, 3;
0.0290435, 3;
0.0290461, 3;
0.0290487, 3;
0.0290448, 3;
0.0290429, 3;
0.0290435, 3;
0.0290455, 3;
0.0290455, 3;
0.0290455, 3;
0.0290519, 3;
0.0285437, 3;
0.0290512, 3;
0.0290371, 3;
0.0290506, 3;
0.0290685, 3;
0.0291517, 3;
0.0289181, 3;
0.0290435, 3;
0.029057, 3;
0.0295408, 3;
0.0290474, 3;
0.0295696, 3;
0.0290224, 3;
0.029041, 3;
0.0290499, 3;
0.0290416, 3;
0.0290499, 3;
0.0290384, 3;
0.029048, 3;
0.0290487, 3;
0.0295479, 3;
0.0290455, 3;
0.0290519, 3;
0.0290384, 3;
0.0295524, 3;
0.0290506, 3;
0.0290327, 3;
0.0290531, 3;
0.0295517, 3;
0.0295421, 3;
0.0291504, 3;
0.0294372, 3;
0.0290467, 3;
0.0295492, 3;
0.0290455, 3;
0.0290519, 3;
0.0290397, 3;
0.0290435, 3;
0.0295447, 3;
0.0290653, 3;
0.0290864, 3;
0.0289975, 3;
0.0295524, 3;
0.0295351, 3;
0.0290583, 3;
0.0290435, 3;
0.0290487, 3;
0.060603, 3;
0.0295498, 3;
0.0290531, 3;
0.0295351, 3;
0.0290435, 3;
0.0290474, 3;
0.0290423, 3;
0.0290429, 3;
0.0295594, 3;
0.0290359, 3;
0.0290512, 3;
0.0290442, 3;
0.0290474, 3;
0.0290442, 3;
0.0290499, 3;
0.029057, 3;
0.0290576, 3;
0.0290147, 3;
0.0290544, 3;
0.0295408, 3;
0.0290493, 3;
0.0295466, 3;
0.0290487, 3;
0.0290519, 3;
0.0290397, 3;
0.0290416, 3;
0.0290442, 3;
0.0290461, 3;
0.029048, 3;
0.0290455, 3;
0.0285539, 3;
0.0295485, 4;
0.0290442, 4;
0.0295415, 4;
0.029041, 4;
0.0295492, 4;
0.0295504, 4;
0.0295428, 4;
0.0300567, 4;
0.0295389, 4;
0.0290487, 4;
0.0295549, 4;
0.0295472, 4;
0.0295434, 4;
0.0285405, 4;
0.0295684, 4;
0.0295575, 4;
0.0290237, 4;
0.0295396, 4;
0.0285469, 4;
0.0295428, 4;
0.028552, 4;
0.0290423, 4;
0.0295453, 4;
0.029546, 4;
0.0295498, 4;
0.0285392, 4;
0.0300465, 4;
0.0295562, 4;
0.0290557, 4;
0.0290755, 4;
0.0290019, 4;
0.0295492, 4;
0.0290467, 4;
0.0290403, 4;
0.0285482, 4;
0.029546, 4;
0.0290493, 4;
0.0285443, 4;
0.0290435, 4;
0.028545, 4;
0.0295453, 4;
0.0290519, 4;
0.0295396, 4;
0.0290448, 4;
0.0295421, 4;
0.0290704, 4;
0.0290295, 4;
0.0290467, 4;
0.029553, 4;
0.0290397, 4;
0.0295504, 4;
0.029553, 4;
0.0295536, 4;
0.0295332, 4;
0.0295613, 4;
0.0290282, 4;
0.0285475, 4;
0.0285654, 4;
0.0295268, 4;
0.0285469, 4;
0.0285462, 4;
0.028543, 4;
0.0295485, 4;
0.0290992, 4;
0.0289866, 4;
0.0285571, 4;
0.0295402, 4;
0.0295479, 4;
0.0287037, 4;
0.0288362, 4;
0.0290384, 4;
0.0295626, 4;
0.0290371, 4;
0.0290794, 4;
0.0290051, 4;
0.0290448, 4;
0.0295498, 4;
0.0290429, 4;
0.0285475, 4;
0.0295428, 4;
0.0295549, 4;
0.0290429, 4;
0.0290429, 4;
0.0290499, 4;
0.0290435, 4;
0.0295511, 4;
0.0285443, 4;
0.0290467, 4;
0.0290544, 4;
0.02953, 4;
0.0290698, 4;
0.0295421, 4;
0.0285309, 4;
0.0290506, 4;
0.0290416, 4;
0.0290461, 4;
0.0285475, 4;
0.0290576, 4;
0.0295332, 4;
0.0290448, 4;
0.0290474, 4;
0.0290455, 4;
0.0290538, 4;
0.0290378, 4;
0.0295498, 4;
0.0290442, 4;
0.0290999, 4;
0.028993, 4;
0.0290435, 4;
0.0290467, 4;
0.029064, 4;
0.0290275, 4;
0.0295549, 4;
0.0290512, 4;
0.0290384, 4;
0.0290423, 4;
0.0295466, 4;
0.029048, 4;
0.0290487, 4;
0.0290448, 4;
0.0290448, 4;
0.0295472, 4;
0.0290474, 4;
0.0290576, 4;
0.0290333, 4;
0.0295466, 4;
0.0290461, 4;
0.0290519, 4;
0.0295524, 4;
0.0290397, 4;
0.0290359, 4;
0.0295613, 4;
0.0290659, 4;
0.0291376, 4;
0.0289283, 4;
0.029544, 4;
0.0290461, 4;
0.0290474, 4;
0.0290442, 4;
0.0290493, 4;
0.0290455, 4;
0.0295466, 4;
0.0290608, 4;
0.0295396, 4;
0.0290371, 4;
0.0290474, 4;
0.0290512, 4;
0.0285354, 4;
0.0290512, 4;
0.029873, 4;
0.0292221, 4;
0.0295485, 4;
0.0295517, 4;
0.0290442, 4;
0.029041, 4;
0.029544, 4;
0.0285552, 4;
0.0290749, 4;
0.0295127, 4;
0.0290435, 4;
0.0290487, 4;
0.0290442, 4;
0.0290493, 4;
0.0290448, 4;
0.0290461, 4;
0.0290493, 4;
0.0290384, 4;
0.0290557, 4;
0.029032, 4;
0.0290615, 4;
0.0290391, 4;
0.0290461, 4;
0.0290499, 4;
0.0290448, 4;
0.0295709, 4;
0.0295248, 4;
0.0290512, 4;
0.0290339, 4;
0.0290487, 4;
0.0290467, 4;
0.0290487, 4;
0.0290608, 4;
0.0290269, 4;
0.0290525, 4;
0.0295421, 4;
0.0290435, 4;
0.029048, 4;
0.0290467, 4;
0.029546, 4;
0.0290455, 4;
0.0290442, 4;
0.0290634, 4;
0.0290429, 4;
0.0290531, 4;
0.0290954, 4;
0.0289789, 4;
0.0290499, 4;
0.0295408, 4;
0.0290461, 4;
0.0290768, 4;
0.02953, 4;
0.0295351, 4;
0.029546, 4;
0.0290967, 4;
0.0289968, 4;
0.0290429, 4;
0.0295498, 4;
0.0290455, 4;
0.0290659, 4;
0.0290282, 4;
0.0290448, 4;
0.0295524, 4;
0.0290378, 4;
0.0290749, 4;
0.0290301, 4;
0.0290474, 4;
0.0295351, 4;
0.0290602, 4;
0.0290339, 4;
0.0290493, 4;
0.0290487, 4;
0.0290371, 4;
0.0290506, 4;
0.0290397, 4;
0.0295511, 4;
0.0290474, 4;
0.0296375, 4;
0.0294538, 4;
0.0290448, 4;
0.0290442, 4;
0.0290544, 4;
0.0290544, 4;
0.0295338, 4;
0.0290448, 4;
0.03017, 4;
0.0294327, 4;
0.0290384, 4;
0.0290467, 4;
0.0290429, 4;
0.0290493, 4;
0.0290506, 4;
0.0290397, 4;
0.0290519, 4;
0.0290487, 4;
0.0290416, 4;
0.029048, 4;
0.0290448, 4;
0.0290461, 4;
0.0290403, 4;
0.0290903, 4;
0.029009, 4;
0.0290429, 4;
0.029064, 4;
0.0290352, 4;
0.0290551, 4;
0.0290391, 4;
0.0290423, 4;
0.0290423, 4;
0.0290493, 4;
0.0290711, 4;
0.0295165, 4;
0.0290442, 4;
0.0290576, 4;
0.0290378, 4;
0.0290519, 4;
0.0290416, 4;
0.0290499, 4;
0.0290435, 4;
0.0290487, 4;
0.0290442, 4;
0.0290435, 4;
0.0290467, 4;
0.0290512, 4;
0.0291018, 4;
0.0294864, 4;
0.0290563, 4;
0.029546, 4;
0.029544, 4;
0.0295428, 4;
0.0290461, 4;
0.0290429, 4;
0.0290474, 4;
0.0290416, 4;
0.0290608, 4;
0.0290627, 4;
0.0290224, 4;
0.0295492, 4;
0.0295396, 4;
0.0290467, 4;
0.0290474, 4;
0.0290455, 2;
0.0290461, 2;
0.0295524, 2;
0.0290576, 2;
0.0295319, 2;
0.0290461, 2;
0.0290442, 2;
0.0290602, 2;
0.0290269, 2;
0.0290461, 2;
0.0290538, 2;
0.0295415, 2;
0.0290487, 2;
0.0290467, 2;
0.0290442, 2;
0.0290461, 2;
0.0290448, 2;
0.0290467, 2;
0.029048, 2;
0.0290448, 2;
0.0285475, 2;
0.029057, 2;
0.0290352, 2;
0.0290493, 2;
0.0295402, 2;
0.0290455, 2;
0.029048, 2;
0.0290736, 2;
0.0295248, 2;
0.0290403, 2;
0.0290512, 2;
0.0290423, 2;
0.0290487, 2;
0.0290429, 2;
0.0290512, 2;
0.0290397, 2;
0.0290467, 2;
0.0290493, 2;
0.0290429, 2;
0.0295575, 2;
0.0290339, 2;
0.029048, 2;
0.0290493, 2;
0.0292311, 2;
0.0293732, 2;
0.0290301, 2;
0.0290544, 2;
0.0295492, 2;
0.0295504, 2;
0.0295351, 2;
0.0290403, 2;
0.0290499, 2;
0.0290442, 2;
0.0290467, 2;
0.0290455, 2;
0.0290487, 2;
0.0295472, 2;
0.0290448, 2;
0.0290762, 2;
0.0290167, 2;
0.0290455, 2;
0.0290461, 2;
0.029048, 2;
0.0290743, 2;
0.0290147, 2;
0.0290493, 2;
0.0290487, 2;
0.0290455, 2;
0.0290397, 2;
0.0290448, 2;
0.0295472, 2;
0.0290467, 2;
0.0290544, 2;
0.029048, 2;
0.0290378, 2;
0.0290487, 2;
0.0290416, 2;
0.0290487, 2;
0.0290435, 2;
0.0290442, 2;
0.0290467, 2;
0.0290819, 2;
0.0290192, 2;
0.0295447, 2;
0.0290416, 2;
0.0295652, 2;
0.0295479, 2;
0.0290371, 2;
0.0290442, 2;
0.0295383, 2;
0.0290461, 2;
0.0290871, 2;
0.0290013, 2;
0.0290499, 2;
0.0290448, 2;
0.0290531, 2;
0.0290397, 2;
0.0290442, 2;
0.0290474, 2;
0.0290416, 2;
0.0290576, 2;
0.0285386, 2;
0.029048, 2;
0.0290448, 2;
0.0290416, 2;
0.0290615, 2;
0.0290359, 2;
0.0290442, 2;
0.0290583, 2;
0.0290435, 2;
0.0295376, 2;
0.0290442, 2;
0.029048, 2;
0.0290474, 2;
0.0290512, 2;
0.0290333, 2;
0.0292272, 2;
0.0298794, 2;
0.0290384, 2;
0.029057, 2;
0.0290384, 2;
0.029041, 2;
0.0290493, 2;
0.0290416, 2;
0.0295498, 2;
0.0299345, 2;
0.0296586, 2;
0.0290531, 2;
0.0290531, 2;
0.0300676, 2;
0.0290122, 2;
0.0290499, 2;
0.0290877, 2;
0.0290109, 2;
0.0290403, 2;
0.0290467, 2;
0.0290429, 2;
0.0290455, 2;
0.0290499, 2;
0.0290487, 2;
0.0290435, 2;
0.029041, 2;
0.0300612, 2;
0.0290314, 2;
0.0290493, 2;
0.0290448, 2;
0.0292861, 2;
0.0290474, 2;
0.0290583, 2;
0.0290371, 2;
0.0290493, 2;
0.0290551, 2;
0.0295351, 2;
0.0290429, 2;
0.0290455, 2;
0.029048, 2;
0.0290666, 2;
0.0290314, 2;
0.0290435, 2;
0.0290493, 2;
0.0295415, 2;
0.0290455, 2;
0.0290455, 2;
0.0290499, 2;
0.0290423, 2;
0.0290429, 2;
0.0290551, 2;
0.029041, 2;
0.0290493, 2;
0.0295568, 2;
0.0295376, 3;
0.0290711, 3;
0.0295146, 3;
0.0295511, 3;
0.0295447, 3;
0.0295389, 3;
0.0295549, 3;
0.0290448, 3;
0.0295536, 3;
0.0295396, 3;
0.0295504, 3;
0.029544, 3;
0.0290461, 3;
0.029537, 3;
0.0295447, 3;
0.0295716, 3;
0.0300202, 3;
0.0290506, 3;
0.0290378, 3;
0.0290487, 3;
0.0295562, 3;
0.0295511, 3;
0.029528, 3;
0.029562, 3;
0.029594, 3;
0.0294903, 3;
0.0295504, 3;
0.0295453, 3;
0.0295504, 3;
0.0295536, 3;
0.0295415, 3;
0.029544, 3;
0.0295511, 3;
0.0295434, 3;
0.0295453, 3;
0.0295453, 3;
0.0295492, 3;
0.0300593, 3;
0.0295364, 3;
0.029553, 3;
0.0295562, 3;
0.0290397, 3;
0.029537, 3;
0.0295472, 3;
0.0290461, 3;
0.0295466, 3;
0.0295472, 3;
0.0295498, 3;
0.0295447, 3;
0.029553, 3;
0.0295428, 3;
0.0295453, 3;
0.029546, 3;
0.0295517, 3;
0.0295428, 3;
0.0295479, 3;
0.0295837, 3;
0.0296618, 3;
0.0294032, 3;
0.0295472, 3;
0.0295498, 3;
0.029617, 3;
0.0294653, 3;
0.029546, 3;
0.0295447, 3;
0.0295562, 3;
0.0290423, 3;
0.0295472, 3;
0.0295428, 3;
0.029553, 3;
0.0290423, 3;
0.0295453, 3;
0.0296266, 3;
0.0294608, 3;
0.0295536, 3;
0.0295466, 3;
0.0295466, 3;
0.0295664, 3;
0.0295357, 3;
0.0290378, 3;
0.029608, 3;
0.0294864, 3;
0.0295549, 3;
0.0295383, 3;
0.0295485, 3;
0.0295453, 3;
0.0295466, 3;
0.0295511, 3;
0.0295415, 3;
0.0295517, 3;
0.0295376, 3;
0.0295549, 3;
0.0290442, 3;
0.029546, 3;
0.0295453, 3;
0.0295472, 3;
0.0295492, 3;
0.0290576, 3;
0.0295357, 3;
0.0295696, 3;
0.0295364, 3;
0.0290429, 3;
0.0295645, 3;
0.0295306, 3;
0.0295447, 3;
0.0290704, 4;
0.0295376, 4;
0.0295268, 4;
0.0295504, 4;
0.0295485, 4;
0.0290442, 4;
0.0290467, 4;
0.0290551, 4;
0.0290429, 4;
0.0290455, 4;
0.0290423, 4;
0.0290538, 4;
0.0290551, 4;
0.0285322, 4;
0.0295447, 4;
0.0290429, 4;
0.0290589, 4;
0.0290455, 4;
0.0295472, 4;
0.0290384, 4;
0.0295549, 4;
0.0295389, 4;
0.0295408, 4;
0.0295504, 4;
0.0295466, 4;
0.0290723, 4;
0.0295184, 4;
0.0290506, 4;
0.0290448, 4;
0.0290442, 4;
0.0295453, 4;
0.029048, 4;
0.0290448, 4;
0.0290519, 4;
0.0290487, 4;
0.0295415, 4;
0.0290435, 4;
0.0290627, 4;
0.029544, 4;
0.0295556, 4;
0.0295261, 4;
0.029048, 4;
0.0290448, 4;
0.029546, 4;
0.0290461, 4;
0.0295703, 4;
0.0295242, 4;
0.0290493, 4;
0.0290416, 4;
0.0291114, 4;
0.0294826, 4;
0.0290467, 4;
0.0290448, 4;
0.0290698, 4;
0.0290314, 4;
0.0290384, 4;
0.0285501, 4;
0.0295472, 4;
0.0295415, 4;
0.0295479, 4;
0.0295536, 4;
0.0290365, 4;
0.029048, 4;
0.0295492, 4;
0.0295434, 4;
0.0290467, 4;
0.0290499, 4;
0.029544, 4;
0.0290435, 4;
0.029048, 4;
0.0290423, 4;
0.0295517, 4;
0.0295588, 4;
0.0290371, 4;
0.0290397, 4;
0.0290583, 4;
0.0290423, 4;
0.0290346, 4;
0.0290595, 4;
0.0295524, 4;
0.0295357, 4;
0.0295472, 4;
0.0290416, 4;
0.0290461, 4;
0.0295472, 4;
0.0295869, 4;
0.0295069, 4;
0.0295543, 4;
0.0295447, 4;
0.0297028, 4;
0.0293853, 4;
0.0295485, 4;
0.0336536, 4;
0.0305105, 4;
0.0291831, 4;
0.0314577, 4;
0.0289296, 4;
0.0285635, 4;
0.0290333, 4;
0.0295453, 4;
0.0295472, 4;
0.0295703, 4;
0.0295383, 4;
0.0295504, 4;
0.0290416, 4;
0.0295504, 4;
0.0295504, 4;
0.0290416, 4;
0.0295428, 4;
0.0290493, 4;
0.0290423, 4;
0.0295453, 4;
0.0295504, 4;
0.0295415, 4;
0.0295895, 4;
0.029512, 4;
0.0290474, 4;
0.029544, 4;
0.0290544, 4;
0.0295434, 4;
0.0295415, 4;
0.0290455, 4;
0.0295511, 4;
0.0295645, 4;
0.0295261, 4;
0.0290448, 4;
0.0295479, 4;
0.0290442, 4;
0.0295536, 4;
0.0295351, 4;
0.0295517, 4;
0.0295511, 4;
0.0295504, 4;
0.0290442, 4;
0.0295428, 4;
0.0295434, 4;
0.0295498, 4;
0.0295415, 4;
0.0285533, 4;
0.0290416, 4;
0.0290563, 4;
0.0295434, 4;
0.0290467, 4;
0.0290538, 4;
0.0295863, 4;
0.0295031, 4;
0.0295549, 4;
0.0295402, 4;
0.0290551, 4;
0.0295415, 4;
0.0295421, 4;
0.0295485, 4;
0.0290461, 4;
0.0295498, 4;
0.0295498, 4;
0.0295472, 4;
0.0295447, 4;
0.0295556, 4;
0.0295319, 4;
0.0295562, 4;
0.0295594, 4;
0.0295261, 4;
0.0290525, 4;
0.0297047, 4;
0.0288951, 4;
0.0290461, 4;
0.0295389, 4;
0.0295479, 4;
0.029546, 4;
0.0290403, 4;
0.0295536, 4;
0.0295402, 4;
0.0295588, 4;
0.0295408, 4;
0.0290794, 4;
0.0290103, 4;
0.0295415, 4;
0.0295556, 4;
0.029546, 4;
0.0321201, 2;
0.0299837, 2;
0.0295415, 2;
0.0295472, 2;
0.0295549, 2;
0.0295485, 2;
0.0295351, 2;
0.0290435, 2;
0.0290467, 2;
0.0290448, 2;
0.0290455, 2;
0.0295517, 2;
0.0295447, 2;
0.0295402, 2;
0.0295671, 2;
0.0295312, 2;
0.0295511, 2;
0.029544, 2;
0.029546, 2;
0.0295645, 2;
0.0295312, 2;
0.0290467, 2;
0.0295402, 2;
0.0295536, 2;
0.0290493, 2;
0.0295581, 2;
0.0295268, 2;
0.0295472, 2;
0.0295472, 2;
0.0295485, 2;
0.0295492, 2;
0.0295466, 2;
0.0295421, 2;
0.0295472, 2;
0.0295479, 2;
0.0295466, 2;
0.029553, 2;
0.0296548, 2;
0.0299351, 2;
0.0295498, 2;
0.0295428, 2;
0.0295556, 2;
0.029537, 2;
0.0295485, 2;
0.0295524, 2;
0.0290467, 2;
0.029048, 2;
0.0295376, 2;
0.0295492, 2;
0.0295472, 2;
0.0295479, 2;
0.0295447, 2;
0.0295504, 2;
0.0295376, 2;
0.0295517, 2;
0.0290455, 2;
0.02956, 2;
0.0295389, 2;
0.0295421, 2;
0.0295485, 2;
0.029546, 2;
0.0295562, 2;
0.0295421, 2;
0.0295581, 2;
0.0290307, 2;
0.0295588, 2;
0.029544, 2;
0.0295383, 2;
0.029546, 2;
0.0295447, 2;
0.0290557, 2;
0.0295408, 2;
0.0285469, 2;
0.0295466, 2;
0.029544, 2;
0.0295472, 2;
0.0295447, 2;
0.0295479, 2;
0.0295415, 2;
0.0295517, 2;
0.0295466, 2;
0.0295511, 2;
0.0295869, 2;
0.0295031, 2;
0.0295492, 2;
0.0295466, 2;
0.0295588, 2;
0.0295364, 2;
0.029048, 2;
0.0295472, 2;
0.0295408, 2;
0.0295485, 2;
0.029546, 2;
0.0290531, 2;
0.0295402, 2;
0.0295472, 2;
0.029546, 2;
0.0295472, 2;
0.0295575, 2;
0.029537, 2;
0.0295479, 2;
0.0290442, 2;
0.0295472, 2;
0.0290499, 2;
0.0295472, 2;
0.0295453, 2;
0.0295511, 2;
0.0295428, 2;
0.0295421, 2;
0.0295472, 2;
0.0295517, 2;
0.0290429, 2;
0.0295703, 2;
0.0295236, 2;
0.0295575, 2;
0.0290346, 2;
0.0295479, 2;
0.0295536, 2;
0.0295389, 2;
0.0295447, 2;
0.029553, 2;
0.0296503, 2;
0.0308407, 2;
0.0296503, 2;
0.0290506, 2;
0.0295671, 2;
0.0296125, 2;
0.0289661, 2;
0.0295351, 2;
0.0295485, 2;
0.029553, 2;
0.0295581, 2;
0.0290301, 2;
0.0295511, 2;
0.029544, 2;
0.0295466, 2;
0.0290525, 2;
0.0295466, 2;
0.029546, 2;
0.02956, 2;
0.0295504, 2;
0.0290288, 2;
0.0295434, 2;
0.0295543, 2;
0.0295479, 2;
0.0290391, 2;
0.0295504, 2;
0.0290557, 2;
0.0295389, 2;
0.0295389, 2;
0.0295447, 2;
0.0295543, 2;
0.0295447, 2;
0.029544, 2;
0.0295498, 2;
0.029544, 2;
0.0290973, 2;
0.0294973, 2;
0.0295485, 2;
0.029544, 2;
0.0295498, 2;
0.0295485, 2;
0.0295428, 2;
0.0295562, 2;
0.0295364, 2;
0.0295658, 2;
0.0295402, 2;
0.0297648, 2;
0.0298212, 2;
0.0295428, 2;
0.0295549, 2;
0.0295428, 2;
0.0295498, 2;
0.0295645, 2;
0.0295274, 2;
0.0295447, 2;
0.0290455, 2;
0.0295472, 2;
0.0295472, 2;
0.0295428, 2;
0.0295549, 2;
0.0295421, 2;
0.0290487, 2;
0.0295492, 2;
0.0295485, 2;
0.0295402, 2;
0.0295568, 2;
0.0295773, 2;
0.029009, 2;
0.0295408, 2;
0.0285526, 2;
0.029544, 2;
0.0295472, 2;
0.0295402, 2;
0.0295492, 2;
0.0295517, 2;
0.0295664, 2;
0.0295255, 2;
0.0295556, 2;
0.0295492, 2;
0.0290359, 2;
0.0295472, 2;
0.0290448, 2;
0.0302359, 2;
0.0288362, 2;
0.0295472, 2;
0.030058, 2;
0.0290563, 2;
0.029041, 2;
0.0295319, 2;
0.0295396, 2;
0.029553, 2;
0.0295485, 2;
0.0295447, 2;
0.0295479, 2;
0.0295517, 2;
0.0295498, 2;
0.0290397, 2;
0.0295472, 2;
0.0295408, 2;
0.0290519, 2;
0.0295447, 2;
0.0295485, 2;
0.0295524, 2;
0.0295536, 2;
0.0290627, 2;
0.0295159, 2;
0.0295652, 2;
0.0296586, 2;
0.0289232, 2;
0.0295428, 2;
0.0295492, 2;
0.0295466, 2;
0.0290435, 2;
0.0290461, 2;
0.029546, 2;
0.0295472, 2;
0.0295498, 2;
0.0295466, 2;
0.0295466, 2;
0.0295472, 2;
0.0290455, 2;
0.0290448, 2;
0.0295517, 2;
0.0295434, 2;
0.0295498, 2;
0.0290506, 2;
0.0290359, 2;
0.0295504, 2;
0.0295549, 2;
0.0295466, 2;
0.0290365, 2;
0.0295447, 2;
0.0295447, 2;
0.0295511, 2;
0.0295492, 2;
0.0295434, 2;
0.0295671, 2;
0.0297021, 2;
0.0293789, 2;
0.033452, 2;
0.0298596, 2;
0.0288266, 2;
0.0290563, 2;
0.0295357, 2;
0.0295575, 2;
0.0295831, 2;
0.0313259, 2;
0.0287159, 2;
0.0295511, 2;
0.0295466, 2;
0.0295671, 2;
0.0290378, 2;
0.0290423, 2;
0.0295376, 2;
0.0290506, 2;
0.0295434, 2;
0.0295498, 2;
0.0295472, 2;
0.029546, 2;
0.0295504, 2;
0.0295453, 2;
0.0290403, 2;
0.0285507, 2;
0.0295556, 2;
0.0300394, 2;
0.0295434, 2;
0.0285443, 2;
0.0295485, 2;
0.0295504, 2;
0.0295504, 2;
0.0290378, 2;
0.0300689, 2;
0.029041, 2;
0.0295332, 2;
0.0295524, 2;
0.0295447, 2;
0.028543, 2;
0.0295492, 2;
0.0295485, 2;
0.0298045, 2;
0.0297642, 2;
0.0290448, 2;
0.0295415, 2;
0.0290442, 2;
0.0295485, 2;
0.0295466, 2;
0.029546, 2;
0.0295498, 2;
0.0296202, 2;
0.0291479, 2;
0.0293732, 2;
0.0285379, 2;
0.029553, 2;
0.0290583, 2;
0.0290301, 2;
0.0295472, 2;
0.0290455, 2;
0.0295568, 2;
0.0290403, 2;
0.0296804, 2;
0.029498, 2;
0.029553, 2;
0.0296599, 2;
0.0293456, 2;
0.0291127, 2;
0.0290775, 2;
0.0294429, 2;
0.0295306, 2;
0.0290435, 2;
0.0293591, 2;
0.0292509, 2;
0.0295319, 2;
0.0290455, 2;
0.0295568, 2;
0.0295978, 2;
0.0294845, 2;
0.0295626, 2;
0.0290365, 2;
0.0290487, 2;
0.029537, 2;
0.0295472, 2;
0.0295421, 2;
0.0290634, 2;
0.029032, 2;
0.0285507, 2;
0.0295396, 2;
0.029553, 2;
0.029544, 2;
0.0295498, 2;
0.0296951, 2;
0.0293988, 2;
0.0295498, 2;
0.0290461, 2;
0.0295383, 2;
0.0290544, 2;
0.0290647, 2;
0.0290224, 2;
0.0290698, 2;
0.029032, 2;
0.0290615, 2;
0.029512, 2;
0.0295453, 2;
0.0295421, 2;
0.0285456, 2;
0.0285533, 2;
0.0295466, 2;
0.0295402, 2;
0.0295536, 2;
0.0295575, 2;
0.0295319, 2;
0.0295492, 2;
0.029544, 2;
0.0285443, 2;
0.0290499, 2;
0.0295402, 2;
0.0295536, 2;
0.0295613, 2;
0.0290378, 2;
0.0295434, 2;
0.0291517, 2;
0.0294352, 2;
0.0295517, 2;
0.0295581, 2;
0.0297322, 2;
0.0332325, 2;
0.030531, 2;
0.029777, 2;
0.028961, 2;
0.0307287, 2;
0.0293853, 2;
0.0290275, 2;
0.0290333, 2;
0.029553, 2;
0.0290659, 2;
0.0290346, 2;
0.0295434, 2;
0.0290359, 2;
0.0290493, 2;
0.0295453, 2;
0.0295498, 2;
0.0295492, 2;
0.0295428, 2;
0.0295703, 2;
0.0295364, 2;
0.029537, 2;
0.0295466, 2;
0.0295434, 2;
0.0290467, 2;
0.0295453, 2;
0.0300452, 2;
0.0295562, 2;
0.0295434, 2;
0.0290461, 2;
0.0290455, 2;
0.0290442, 2;
0.0295479, 2;
0.0295479, 2;
0.0290435, 2;
0.0290493, 2;
0.0287389, 2;
0.0293527, 2;
0.0295524, 2;
0.0290391, 2;
0.0290461, 2;
0.0295517, 2;
0.0290442, 2;
0.0295428, 2;
0.0300676, 2;
0.029969, 2;
0.0291139, 2;
0.0296208, 2;
0.028961, 2;
0.0295485, 2;
0.0285469, 2;
0.0285424, 2;
0.0295511, 2;
0.0297367, 2;
0.029354, 2;
0.0295472, 2;
0.0290448, 2;
0.0295466, 2;
0.0295485, 2;
0.0290455, 2;
0.0290461, 2;
0.0291434, 2;
0.0294525, 2;
0.0295466, 2;
0.029544, 2;
0.0290538, 2;
0.0295453, 2;
0.0295396, 2;
0.0295498, 2;
0.0295511, 2;
0.0295652, 2;
0.0297706, 2;
0.0293034, 2;
0.0295447, 2;
0.0294032, 2;
0.0296925, 2;
0.0308785, 2;
0.0292176, 2;
0.0295485, 2;
0.0290455, 2;
0.0295351, 2;
0.0290455, 2;
0.0295453, 2;
0.0295466, 2;
0.0290474, 2;
0.0285494, 2;
0.0285469, 2;
0.0291107, 2;
0.0306225, 2;
0.0289149, 2;
0.0290327, 2;
0.0285443, 2;
0.0295485, 2;
0.0295466, 2;
0.0285469, 2;
0.0290922, 2;
0.0290083, 2;
0.0290371, 2;
0.0295517, 2;
0.0295575, 2;
0.0290327, 2;
0.0290474, 2;
0.0295658, 2;
0.0347641, 2;
0.0299754, 2;
0.0293981, 2;
0.0295344, 2;
0.0289194, 2;
0.0295517, 2;
0.0337042, 2;
0.0294167, 2;
0.0318827, 2;
0.0291914, 2;
0.0285424, 2;
0.029144, 2;
0.0304068, 2;
0.0298506, 2;
0.029258, 2;
0.0295434, 2;
0.029048, 2;
0.0290474, 2;
0.0295447, 2;
0.0290455, 2;
0.0290499, 2;
0.029546, 2;
0.0295453, 2;
0.0290506, 2;
0.0290423, 2;
0.0295453, 2;
0.0295479, 2;
0.0295472, 2;
0.0295543, 2;
0.0290467, 2;
0.029041, 2;
0.0295447, 2;
0.0295447, 2;
0.0290493, 2;
0.0295402, 2;
0.0290595, 2;
0.0290269, 2;
0.0295485, 2;
0.0290467, 2;
0.0290423, 2;
0.0290448, 2;
0.0295472, 2;
0.0290467, 2;
0.0295504, 2;
0.0295536, 2;
0.029073, 2;
0.0290103, 2;
0.0295479, 2;
0.0295396, 2;
0.0295524, 2;
0.029064, 2;
0.0295338, 2;
0.0298193, 2;
0.0297764, 2;
0.029546, 2;
0.0291408, 2;
0.0289405, 2;
0.0303357, 2;
0.029256, 2;
0.0290563, 2;
0.0290378, 2;
0.0316529, 2;
0.0289386, 2;
0.0290653, 2;
0.0290666, 2;
0.0305265, 2;
0.0290339, 2;
0.0397914, 2;
0.0396724, 2;
0.0302404, 2;
0.0289514, 2;
0.0326488, 2;
0.0289117, 2;
0.0300164, 2;
0.0295786, 2;
0.0295472, 2;
0.029057, 2;
0.0295357, 2;
0.0295722, 2;
0.0295408, 2;
0.0295389, 2;
0.0290295, 2;
0.0290467, 2;
0.0290448, 2;
0.0290519, 2;
0.0290442, 2;
0.0295626, 2;
0.0295389, 2;
0.0290403, 2;
0.0290435, 2;
0.0285443, 2;
0.0295479, 2;
0.0295466, 2;
0.0290455, 2;
0.0290467, 2;
0.0290474, 2;
0.029048, 2;
0.0295434, 2;
0.0290499, 2;
0.0290499, 2;
0.0290423, 2;
0.0295466, 2;
0.0290455, 2;
0.0290519, 2;
0.0318622, 2;
0.0340728, 2;
0.0297079, 2;
0.0290467, 2;
0.0295434, 2;
0.0295543, 2;
0.0290378, 2;
0.0383213, 2;
0.0298538, 2;
0.0295735, 2;
0.0294602, 2;
0.0290519, 2;
0.0290461, 2;
0.0296228, 2;
0.0294615, 2;
0.0449314, 2;
0.0296765, 2;
0.0295664, 2;
0.0291472, 2;
0.0294378, 2;
0.029041, 2;
0.0290589, 2;
0.0292778, 2;
0.0298097, 2;
0.029601, 2;
0.0299889, 2;
0.0295684, 2;
0.0306999, 2;
0.0293898, 2;
0.030963, 2;
0.0293636, 2;
0.0481648, 2;
0.029233, 2;
0.0295255, 2;
0.0295434, 2;
0.0290416, 2;
0.0290423, 2;
0.0290896, 2;
0.0295063, 2;
0.0295863, 2;
0.0290141, 2;
0.0295677, 2;
0.0290167, 2;
0.0290506, 2;
0.0290429, 2;
0.0290538, 2;
0.0285392, 2;
0.0290455, 2;
0.0290467, 2;
0.0295581, 3;
0.0295364, 3;
0.0290442, 3;
0.0290461, 3;
0.0290506, 3;
0.0290455, 3;
0.029048, 3;
0.0290397, 3;
0.0290525, 3;
0.0295479, 3;
0.0295402, 3;
0.0290525, 3;
0.0290487, 3;
0.0295344, 3;
0.0290487, 3;
0.0290474, 3;
0.0290442, 3;
0.0290455, 3;
0.0290525, 3;
0.0295408, 3;
0.0290487, 3;
0.0290474, 3;
0.0290461, 3;
0.029544, 3;
0.0290525, 3;
0.0290352, 3;
0.0295524, 3;
0.0295472, 3;
0.0290551, 3;
0.0290429, 3;
0.0291306, 3;
0.0294653, 3;
0.0290397, 3;
0.0290487, 3;
0.0290531, 3;
0.0292503, 3;
0.029345, 3;
0.0289917, 3;
0.0295338, 3;
0.0295447, 3;
0.0290467, 3;
0.0290493, 3;
0.0290429, 3;
0.0295511, 3;
0.0295485, 3;
0.0290448, 3;
0.029544, 3;
0.0290448, 3;
0.029546, 3;
0.0295479, 3;
0.0290461, 3;
0.0300541, 3;
0.0295594, 3;
0.0290288, 3;
0.0290474, 3;
0.0290442, 3;
0.0290608, 3;
0.0295453, 3;
0.0295364, 3;
0.0290538, 3;
0.0290755, 3;
0.0293866, 3;
0.0291709, 3;
0.029553, 3;
0.0290346, 3;
0.0296266, 3;
0.0289802, 3;
0.0290455, 3;
0.029537, 3;
0.0290525, 3;
0.0295485, 3;
0.0290506, 3;
0.0295357, 3;
0.029048, 3;
0.0290487, 3;
0.0295402, 3;
0.0295479, 3;
0.0295568, 3;
0.0290512, 3;
0.0290371, 3;
0.0295594, 3;
0.0290391, 3;
0.0295933, 3;
0.0290026, 3;
0.0290986, 3;
0.028984, 3;
0.0290391, 3;
0.0295466, 3;
0.0290467, 3;
0.0290685, 3;
0.0290256, 3;
0.0295447, 3;
0.0290474, 3;
0.0290448, 3;
0.0290621, 3;
0.0290346, 3;
0.0285405, 3;
0.029048, 3;
0.0290602, 3;
0.029537, 3;
0.0290474, 3;
0.0290544, 3;
0.0295325, 3;
0.0300765, 3;
0.0300439, 3;
0.02953, 3;
0.0295485, 3;
0.0290365, 3;
0.029512, 3;
0.0290448, 3;
0.0290467, 3;
0.0290442, 3;
0.0291082, 3;
0.0289821, 3;
0.0295492, 3;
0.0295575, 3;
0.0295351, 3;
0.0290608, 3;
0.0295447, 3;
0.0290384, 3;
0.029544, 3;
0.02956, 3;
0.029176, 3;
0.0294199, 3;
0.0290455, 3;
0.0295428, 3;
0.0297271, 3;
0.0288599, 3;
0.0295485, 3;
0.0295517, 3;
0.0296298, 3;
0.0289853, 3;
0.0295319, 3;
0.0290269, 3;
0.0295517, 3;
0.0295485, 3;
0.029112, 3;
0.0294768, 3;
0.0290551, 3;
0.0295594, 3;
0.0290269, 3;
0.0295652, 3;
0.0290403, 3;
0.0295223, 3;
0.0285526, 3;
0.0295844, 3;
0.0295184, 3;
0.0290487, 3;
0.029601, 3;
0.0295946, 3;
0.0294608, 3;
0.0290403, 3;
0.0290218, 3;
0.0290474, 3;
0.0295556, 3;
0.0290461, 3;
0.0295325, 3;
0.0295466, 3;
0.029546, 3;
0.0290487, 3;
0.0290435, 3;
0.0290442, 3;
0.0290544, 3;
0.0295664, 3;
0.0295204, 3;
0.0295466, 3;
0.0290493, 3;
0.0290423, 3;
0.0295498, 3;
0.0290474, 3;
0.0290525, 3;
0.0290576, 3;
0.0295268, 3;
0.0290448, 3;
0.0290563, 3;
0.0295863, 3;
0.0294948, 3;
0.0295511, 3;
0.0290467, 3;
0.0295562, 3;
0.0295389, 3;
0.0295415, 3;
0.029048, 3;
0.0295504, 3;
0.0295408, 3;
0.0295511, 3;
0.0290519, 3;
0.0290403, 3;
0.0290487, 3;
0.0296157, 3;
0.029978, 3;
0.0295511, 3;
0.0295511, 3;
0.02956, 3;
0.0295344, 3;
0.0290544, 3;
0.0301098, 3;
0.0295063, 3;
0.0295888, 3;
0.0294794, 3;
0.029546, 3;
0.0300413, 3;
0.0295594, 3;
0.0295293, 3;
0.0290551, 3;
0.0295434, 3;
0.029048, 3;
0.029537, 3;
0.0295492, 3;
0.0295568, 3;
0.0295831, 3;
0.0295114, 3;
0.0296388, 3;
0.0294416, 3;
0.0296848, 3;
0.0293604, 3;
0.029608, 3;
0.0295613, 3;
0.0290723, 3;
0.0296042, 3;
0.0289335, 3;
0.0290474, 3;
0.0297085, 3;
0.0293892, 3;
0.0295511, 3;
0.0290371, 3;
0.029546, 3;
0.0290455, 3;
0.0295466, 3;
0.0290474, 3;
0.0295581, 3;
0.0290551, 3;
0.0295261, 3;
0.0295549, 3;
0.0295396, 3;
0.0295447, 3;
0.0295504, 3;
0.029544, 3;
0.0295498, 3;
0.0295504, 3;
0.0290403, 3;
0.0295536, 3;
0.0295415, 3;
0.0295556, 3;
0.0295479, 3;
0.0295652, 3;
0.0295248, 3;
0.0295504, 3;
0.0295453, 3;
0.0295383, 3;
0.0295645, 3;
0.0295242, 3;
0.0295594, 3;
0.0290327, 3;
0.0295524, 3;
0.0295453, 3;
0.0295504, 3;
0.0295479, 3;
0.029546, 3;
0.0295479, 3;
0.0290992, 3;
0.0289885, 3;
0.0290461, 3;
0.02956, 3;
0.0295485, 3;
0.0290327, 3;
0.0295479, 3;
0.0295959, 3;
0.0294986, 3;
0.0296087, 3;
0.0294871, 3;
0.0295472, 3;
0.0295472, 3;
0.0291908, 3;
0.0294032, 3;
0.0290423, 3;
0.0290531, 3;
0.0290461, 3;
0.0297911, 3;
0.0297956, 3;
0.0295549, 3;
0.0291914, 3;
0.0294999, 3;
0.0294999, 3;
0.0294948, 3;
0.029537, 3;
0.0296471, 3;
0.0294679, 3;
0.0295383, 3;
0.029041, 3;
0.0300413, 3;
0.036368, 3;
0.0323998, 3;
0.0334731, 3;
0.030499, 3;
0.0295325, 3;
0.029722, 3;
0.0288771, 3;
0.0295357, 3;
0.0290403, 3;
0.0290429, 3;
0.0290467, 3;
0.0295703, 3;
0.0295293, 3;
0.0290461, 3;
0.029546, 3;
0.0295383, 3;
0.0295504, 3;
0.0290448, 3;
0.0290461, 3;
0.0290493, 3;
0.0290589, 3;
0.0295364, 3;
0.0295447, 3;
0.0290416, 3;
0.029041, 3;
0.029057, 3;
0.0290416, 3;
0.0290531, 3;
0.0290493, 3;
0.0299735, 3;
0.0308202, 3;
0.0300113, 3;
0.0293751, 3;
0.0290442, 3;
0.0290455, 3;
0.0295485, 3;
0.0290429, 3;
0.0297341, 3;
0.0288611, 3;
0.0290435, 3;
0.0290448, 3;
0.0290442, 3;
0.0290499, 3;
0.0290448, 3;
0.0295543, 3;
0.0301751, 3;
0.0290634, 3;
0.0293962, 3;
0.029048, 3;
0.0290455, 3;
0.02956, 3;
0.0300682, 3;
0.0290122, 3;
0.0290448, 3;
0.0290448, 3;
0.0290448, 3;
0.0290499, 3;
0.0290448, 3;
0.0290429, 3;
0.0295511, 3;
0.0290442, 3;
0.0300497, 3;
0.0295447, 3;
0.0295472, 3;
0.0290461, 3;
0.0290474, 3;
0.029048, 3;
0.0290506, 3;
0.0300484, 3;
0.0290365, 3;
0.0295511, 3;
0.0290423, 3;
0.0290467, 3;
0.0290461, 3;
0.0290442, 3;
0.029553, 3;
0.0296036, 3;
0.0299914, 3;
0.0295408, 3;
0.0290442, 3;
0.0290512, 3;
0.0295479, 3;
0.0290301, 3;
0.0290487, 3;
0.0295568, 3;
0.0295357, 3;
0.0290602, 3;
0.029537, 3;
0.0295485, 3;
0.0290416, 3;
0.0295434, 3;
0.0290512, 3;
0.0295485, 3;
0.0295696, 3;
0.0295133, 3;
0.0295517, 3;
0.029048, 3;
0.0290442, 3;
0.0295492, 3;
0.029048, 3;
0.0290461, 3;
0.0290467, 3;
0.0290538, 3;
0.0295319, 3;
0.0290365, 3;
0.029546, 3;
0.0295511, 3;
0.0296157, 3;
0.0289847, 3;
0.0290352, 3;
0.0290493, 3;
0.0295479, 3;
0.029544, 3;
0.0290506, 3;
0.029544, 3;
0.0290455, 3;
0.0290455, 3;
0.0290442, 3;
0.0290544, 3;
0.0295639, 3;
0.0295255, 3;
0.0290461, 3;
0.0290448, 3;
0.0295492, 3;
0.0295421, 3;
0.0295562, 3;
0.0290365, 3;
0.0298852, 3;
0.029217, 3;
0.0295504, 3;
0.029546, 3;
0.0290423, 3;
0.0295485, 3;
0.0290442, 3;
0.0290423, 3;
0.0290531, 3;
0.029544, 3;
0.029544, 3;
0.0290442, 3;
0.0295479, 3;
0.0290467, 3;
0.0290442, 3;
0.0290474, 3;
0.0290448, 3;
0.0295549, 3;
0.0290448, 3;
0.0290499, 3;
0.0290371, 3;
0.0290544, 3;
0.0295466, 3;
0.0295421, 3;
0.0290429, 3;
0.0285437, 3;
0.030058, 3;
0.0295396, 3;
0.0290455, 3;
0.0290435, 3;
0.0290467, 3;
0.0290467, 3;
0.0290474, 3;
0.0290493, 3;
0.0290442, 3;
0.029048, 3;
0.0290442, 3;
0.029048, 3;
0.0290551, 3;
0.0290339, 3;
0.0295536, 3;
0.0290391, 3;
0.0290627, 3;
0.0300202, 3;
0.0300605, 3;
0.0290423, 3;
0.0290512, 3;
0.029544, 3;
0.0290429, 3;
0.0290499, 3;
0.0290461, 3;
0.0295485, 3;
0.0300657, 3;
0.0290275, 3;
0.0290448, 3;
0.029048, 3;
0.0290435, 3;
0.0290506, 3;
0.0295428, 3;
0.0291287, 3;
0.0289655, 3;
0.0290493, 3;
0.0295421, 3;
0.0290762, 3;
0.0295172, 3;
0.0290493, 3;
0.029041, 3;
0.0295524, 3;
0.0290461, 3;
0.0290474, 3;
0.0290429, 3;
0.029048, 3;
0.0290416, 3;
0.0290493, 3;
0.0290467, 3;
0.029544, 3;
0.0290442, 3;
0.0290563, 3;
0.0295408, 3;
0.0290487, 3;
0.0295978, 3;
0.0290058, 3;
0.0290371, 3;
0.0290499, 3;
0.0296535, 3;
0.0289335, 3;
0.0295466, 3;
0.0290397, 3;
0.0295472, 3;
0.0290467, 3;
0.0290461, 3;
0.0290467, 3;
0.0290474, 3;
0.0295428, 3;
0.0290442, 3;
0.0290576, 3;
0.0295428, 3;
0.029544, 3;
0.0295479, 3;
0.0290474, 3;
0.0295536, 3;
0.0295364, 3;
0.0290435, 3;
0.029633, 3;
0.0289751, 3;
0.0290448, 3;
0.0290359, 3;
0.0295415, 3;
0.0290499, 3;
0.0290442, 3;
0.0285674, 3;
0.0290346, 3;
0.0295389, 3;
0.0295472, 3;
0.0290467, 3;
0.0290442, 3;
0.0290461, 3;
0.0295485, 3;
0.0295472, 3;
0.0290455, 3;
0.0290467, 3;
0.0291485, 3;
0.0294436, 3;
0.0295536, 3;
0.0290499, 3;
0.0290512, 3;
0.0295319, 3;
0.0295453, 3;
0.029553, 3;
0.0295408, 3;
0.0290512, 3;
0.0290467, 3;
0.029544, 3;
0.0295492, 3;
0.0290435, 3;
0.0295466, 3;
0.0290474, 3;
0.0290487, 3;
0.0295364, 3;
0.0295543, 3;
0.0290455, 3;
0.0290423, 3;
0.0290519, 3;
0.0290435, 3;
0.0290493, 3;
0.029553, 3;
0.0290493, 3;
0.0295376, 3;
0.0295428, 3;
0.0290467, 3;
0.0290493, 3;
0.0290455, 3;
0.029544, 3;
0.0295479, 3;
0.0290499, 3;
0.0290525, 3;
0.0295357, 3;
0.0290525, 3;
0.0295453, 3;
0.0295447, 3;
0.029041, 3;
0.0290493, 3;
0.0290499, 3;
0.0296055, 3;
0.0300337, 3;
0.0295063, 3;
0.0290416, 3;
0.0295613, 3;
0.0295268, 3;
0.0295524, 3;
0.0290499, 3;
0.0290416, 3;
0.0295607, 3;
0.0290365, 3;
0.0290371, 3;
0.029546, 3;
0.0290531, 3;
0.0295472, 3;
0.029569, 3;
0.0290192, 3;
0.0295524, 3;
0.0290487, 3;
0.0295485, 3;
0.0295626, 3;
0.0295191, 3;
0.0290442, 3;
0.0290531, 3;
0.0300586, 3;
0.0295306, 3;
0.0295568, 3;
0.0290365, 3;
0.0295562, 3;
0.0295389, 3;
0.029546, 3;
0.0290512, 3;
0.0295415, 3;
0.0290487, 3;
0.0295556, 3;
0.029729, 3;
0.0293565, 3;
0.0285456, 3;
0.0290455, 3;
0.0295492, 3;
0.0295536, 3;
0.0290423, 3;
0.0290403, 3;
0.0290512, 3;
0.0295421, 3;
0.0295556, 3;
0.0290832, 3;
0.0290019, 3;
0.0290397, 3;
0.029546, 3;
0.0295472, 3;
0.0295466, 3;
0.0295575, 3;
0.0295402, 3;
0.0295421, 3;
0.0295472, 3;
0.0290506, 3;
0.0290442, 3;
0.0290448, 3;
0.0295466, 3;
0.0295485, 3;
0.0292349, 3;
0.0288605, 3;
0.029048, 3;
0.0295773, 3;
0.0290205, 3;
0.0295344, 3;
0.0295517, 3;
0.0295805, 3;
0.0295108, 3;
0.0290474, 3;
0.0295447, 3;
0.0295479, 3;
0.029546, 3;
0.0295485, 3;
0.0295472, 3;
0.029546, 3;
0.0295447, 3;
0.0295658, 3;
0.0295274, 3;
0.0295549, 3;
0.0295498, 3;
0.0295415, 3;
0.0290371, 3;
0.0296189, 3;
0.0289879, 3;
0.0295703, 3;
0.029016, 3;
0.0295504, 3;
0.0295453, 3;
0.0295428, 3;
0.0295536, 3;
0.0295447, 3;
0.0295428, 3;
0.0290493, 3;
0.0295447, 3;
0.0295485, 3;
0.0295549, 3;
0.0295396, 3;
0.029546, 3;
0.0295485, 3;
0.0290493, 3;
0.0295408, 3;
0.029064, 3;
0.0295287, 3;
0.0290563, 3;
0.029592, 3;
0.0295005, 3;
0.0295402, 3;
0.0295453, 3;
0.029553, 3;
0.0295703, 3;
0.0295408, 3;
0.0295261, 3;
0.0295472, 3;
0.0295447, 3;
0.0295901, 3;
0.0300119, 3;
0.0295364, 3;
0.02956, 3;
0.0290359, 3;
0.0295517, 3;
0.0295639, 3;
0.0290256, 3;
0.029544, 3;
0.029546, 3;
0.0295588, 3;
0.0300497, 3;
0.0295364, 3;
0.0297117, 3;
0.0293815, 3;
0.0295492, 3;
0.0295447, 3;
0.029592, 3;
0.0295024, 3;
0.0295965, 3;
0.0300132, 3;
0.0296528, 3;
0.0299306, 3;
0.0295434, 3;
0.0295479, 3;
0.0295447, 3;
0.0295562, 3;
0.0295652, 3;
0.0295248, 3;
0.0290416, 3;
0.0295466, 3;
0.029546, 3;
0.029553, 3;
0.029546, 3;
0.0290512, 3;
0.0295428, 3;
0.0295453, 3;
0.0295485, 3;
0.0300612, 3;
0.0295236, 3;
0.0295466, 3;
0.0285469, 3;
0.0295562, 3;
0.0295869, 3;
0.0295024, 3;
0.0295524, 3;
0.0295364, 3;
0.0295536, 3;
0.0290397, 3;
0.0295549, 3;
0.0295703, 3;
0.0290205, 3;
0.0290384, 3;
0.0296048, 3;
0.0290051, 3;
0.0295536, 3;
0.0290314, 3;
0.0290442, 3;
0.0295396, 3;
0.0295517, 3;
0.029553, 3;
0.0295415, 3;
0.0295728, 3;
0.0295152, 3;
0.0290506, 3;
0.0295479, 3;
0.0295434, 3;
0.0295504, 3;
0.0295453, 3;
0.0295492, 3;
0.0295581, 3;
0.0295338, 3;
0.0291037, 3;
0.028993, 3;
0.0290499, 3;
0.0285443, 3;
0.0295466, 3;
0.0295415, 3;
0.0295479, 3;
0.0295447, 3;
0.0295511, 3;
0.0295485, 3;
0.0364326, 3;
0.029178, 3;
0.0290339, 3;
0.0295492, 3;
0.0295434, 3;
0.0295479, 3;
0.0300541, 3;
0.0290391, 3;
0.0295428, 3;
0.0290666, 3;
0.0295453, 3;
0.0290288, 3;
0.0295479, 3;
0.029546, 3;
0.0295562, 3;
0.0300804, 3;
0.0295178, 3;
0.0295389, 3;
0.0290442, 3;
0.0290487, 3;
0.0295415, 3;
0.0295504, 3;
0.0295511, 3;
0.0290538, 3;
0.029354, 3;
0.0297316, 3;
0.029546, 3;
0.0295434, 3;
0.029546, 3;
0.0295466, 3;
0.0285462, 3;
0.0295428, 3;
0.0294864, 3;
0.0291152, 3;
0.0295421, 3;
0.0295556, 3;
0.0295511, 3;
0.0295434, 3;
0.0290378, 3;
0.0295517, 3;
0.029544, 3;
0.0290506, 3;
0.0290397, 3;
0.029546, 3;
0.0295492, 3;
0.0295492, 3;
0.0295434, 3;
0.0290512, 3;
0.0295415, 3;
0.030058, 3;
0.0295383, 3;
0.0295466, 3;
0.0285443, 3;
0.0295524, 3;
0.0295402, 3;
0.029553, 3;
0.0295485, 3;
0.0290487, 3;
0.0291287, 3;
0.0299645, 3;
0.0295364, 3;
0.0290487, 3;
0.0295524, 3;
0.0290416, 3;
0.0295492, 3;
0.0290442, 3;
0.0295504, 3;
0.0295588, 3;
0.0295293, 3;
0.0290493, 3;
0.0295485, 3;
0.0295453, 3;
0.0295524, 3;
0.0295421, 3;
0.0290557, 3;
0.0290435, 3;
0.0290371, 3;
0.0295568, 3;
0.0290531, 3;
0.0295312, 3;
0.029546, 3;
0.0295472, 3;
0.0295901, 3;
0.0295012, 3;
0.0290602, 3;
0.0295325, 3;
0.0295504, 3;
0.0290448, 3;
0.0295466, 3;
0.0295466, 3;
0.0295434, 3;
0.0292157, 3;
0.0298852, 3;
0.0295485, 3;
0.0295466, 3;
0.0297456, 3;
0.0288419, 3;
0.0295492, 3;
0.0295492, 3;
0.0290455, 3;
0.0290474, 3;
0.0290435, 3;
0.0295498, 3;
0.0295402, 3;
0.0295492, 3;
0.0295453, 3;
0.0295472, 3;
0.029546, 3;
0.0295536, 3;
0.029544, 3;
0.0295556, 3;
0.0295344, 3;
0.0295472, 3;
0.0295479, 3;
0.0295479, 3;
0.0295485, 3;
0.0295511, 3;
0.0290423, 3;
0.029626, 3;
0.0289821, 3;
0.0290384, 3;
0.0290352, 3;
0.0295447, 3;
0.0290519, 3;
0.0290864, 3;
0.0295044, 3;
0.0290525, 3;
0.0290384, 3;
0.0295447, 3;
0.029553, 3;
0.0290416, 3;
0.0290467, 3;
0.0285456, 3;
0.0290487, 3;
0.0295428, 3;
0.0295613, 3;
0.0295338, 3;
0.0295434, 3;
0.029546, 3;
0.029048, 3;
0.0290583, 3;
0.0295492, 3;
0.0290339, 3;
0.0290448, 3;
0.0295524, 3;
0.0290403, 3;
0.029048, 3;
0.0290467, 3;
0.0295479, 3;
0.0290461, 3;
0.0290583, 3;
0.029032, 3;
0.0290845, 3;
0.0290083, 3;
0.0295447, 3;
0.029064, 3;
0.0295261, 3;
0.0290672, 3;
0.0295351, 3;
0.028536, 3;
0.0290557, 3;
0.0290519, 3;
0.0290391, 3;
0.0295402, 3;
0.029544, 3;
0.0295524, 3;
0.0290448, 3;
0.0290499, 3;
0.0285411, 3;
0.0290525, 3;
0.0290461, 3;
0.0290384, 3;
0.0295524, 3;
0.0290423, 3;
0.029546, 3;
0.0290487, 3;
0.0295511, 3;
0.0290423, 3;
0.0290621, 3;
0.0290346, 3;
0.0290378, 3;
0.0300522, 3;
0.0295453, 3;
0.0295588, 3;
0.0290365, 3;
0.0295434, 3;
0.0290666, 3;
0.0295504, 3;
0.0292816, 3;
0.0287984, 3;
0.0295396, 3;
0.0295396, 3;
0.029553, 3;
0.0290403, 3;
0.0290474, 3;
0.0290416, 3;
0.0285546, 3;
0.0290442, 3;
0.0290423, 3;
0.029096, 3;
0.0295492, 3;
0.0294992, 3;
0.0290403, 3;
0.0290531, 3;
0.0290909, 3;
0.0294922, 3;
0.0290467, 3;
0.029048, 3;
0.0290525, 3;
0.0290391, 3;
0.0295479, 3;
0.0290352, 3;
0.0291555, 3;
0.0298173, 3;
0.0290423, 3;
0.0290461, 3;
0.0290474, 3;
0.0295472, 3;
0.029546, 3;
0.0295472, 3;
0.029048, 3;
0.0330456, 3;
0.0295498, 3;
0.0290653, 3;
0.0290307, 3;
0.0295594, 3;
0.0295402, 3;
0.0295396, 3;
0.0295613, 3;
0.0290403, 3;
0.0285354, 3;
0.0285482, 3;
0.0290442, 3;
0.0290474, 3;
0.0290493, 3;
0.0295383, 3;
0.0295549, 3;
0.0295466, 3;
0.0290461, 3;
0.0290416, 3;
0.0290429, 3;
0.0290525, 3;
0.029057, 3;
0.0291133, 3;
0.0295165, 3;
0.0290109, 3;
0.0290346, 3;
0.0290627, 3;
0.029528, 3;
0.0290461, 3;
0.0290455, 3;
0.0290531, 3;
0.0295389, 3;
0.0295479, 3;
0.0295498, 3;
0.0295447, 3;
0.0290531, 3;
0.0295357, 3;
0.0290519, 3;
0.0290519, 3;
0.0290691, 3;
0.029016, 3;
0.02908, 3;
0.0295223, 3;
0.029553, 3;
0.0295344, 3;
0.0290423, 3;
0.0290474, 3;
0.0290576, 3;
0.0290461, 3;
0.0290423, 3;
0.0289123, 3;
0.029546, 3;
0.0295453, 3;
0.029041, 3;
0.0290525, 3;
0.0290423, 3;
0.0290512, 3;
0.0290371, 3;
0.0290531, 3;
0.029546, 3;
0.0295568, 3;
0.0290339, 3;
0.0290512, 3;
0.0290416, 3;
0.0301655, 3;
0.0330008, 3;
0.0289789, 3;
0.0295588, 3;
0.0294615, 3;
0.0287171, 3;
0.0294487, 3;
0.0290487, 3;
0.0290525, 3;
0.0290365, 3;
0.0290563, 3;
0.0290339, 3;
0.0295485, 3;
0.0290666, 3;
0.0295197, 3;
0.0295492, 3;
0.0295453, 3;
0.0290512, 3;
0.0290474, 3;
0.0290467, 3;
0.0290992, 3;
0.0295152, 3;
0.0290186, 3;
0.0295511, 3;
0.0290499, 3;
0.029041, 3;
0.0295472, 3;
0.0296074, 3;
0.0289847, 3;
0.0290499, 3;
0.029064, 3;
0.0290218, 3;
0.0295511, 3;
0.0290403, 3;
0.0290455, 3;
0.0290525, 3;
0.0290467, 3;
0.0290461, 3;
0.0290416, 3;
0.029553, 3;
0.0295421, 3;
0.0295575, 3;
0.0300932, 3;
0.0294941, 3;
0.0295472, 3;
0.0290461, 3;
0.0290416, 3;
0.0290493, 3;
0.0295357, 3;
0.029576, 3;
0.0290211, 3;
0.029553, 3;
0.0291037, 3;
0.0289834, 3;
0.0290666, 3;
0.0290256, 3;
0.0297021, 3;
0.0293936, 3;
0.0295408, 3;
0.029553, 3;
0.0295504, 3;
0.0290423, 3;
0.0290442, 3;
0.0290506, 3;
0.029649, 3;
0.0294365, 3;
0.0290551, 3;
0.0295517, 3;
0.0290442, 3;
0.029546, 3;
0.029041, 3;
0.0285475, 3;
0.0295479, 3;
0.0290557, 3;
0.0295338, 3;
0.0290461, 3;
0.0295447, 3;
0.0295472, 3;
0.0295511, 3;
0.0290429, 3;
0.0290429, 3;
0.029048, 3;
0.0295434, 3;
0.0290551, 3;
0.0290512, 3;
0.0295344, 3;
0.0290493, 3;
0.0295479, 3;
0.0290525, 3;
0.0290666, 3;
0.0290391, 3;
0.0290384, 3;
0.0290525, 3;
0.0295447, 3;
0.0285501, 3;
0.0295344, 3;
0.0290595, 3;
0.0291844, 3;
0.0292912, 3;
0.0299671, 3;
0.029057, 3;
0.0290384, 3;
0.0290506, 3;
0.0295421, 3;
0.0295498, 3;
0.0295344, 3;
0.0290474, 3;
0.0290499, 3;
0.0295664, 3;
0.0290167, 3;
0.0290519, 3;
0.0290474, 3;
0.0295447, 3;
0.029041, 3;
0.0295581, 3;
0.0290371, 3;
0.0295517, 3;
0.0295415, 3;
0.029048, 3;
0.0290493, 3;
0.0290442, 3;
0.0295472, 3;
0.0295607, 3;
0.0290359, 3;
0.0290563, 3;
0.0290333, 3;
0.029048, 3;
0.0295632, 3;
0.0290263, 3;
0.0290435, 3;
0.029048, 3;
0.0296925, 3;
0.0299025, 3;
0.0290487, 3;
0.029048, 3;
0.0290583, 3;
0.0290307, 3;
0.0290448, 3;
0.0290519, 3;
0.0295472, 3;
0.0290442, 3;
0.0290698, 3;
0.0295197, 3;
0.0290455, 3;
0.029048, 3;
0.0290474, 3;
0.0290576, 3;
0.0293431, 3;
0.029738, 3;
0.0297642, 3;
0.0298346, 3;
0.029608, 3;
0.0294941, 3;
0.0290384, 3;
0.0295434, 3;
0.0295504, 3;
0.0285462, 3;
0.0307716, 3;
0.0293354, 3;
0.0291415, 3;
0.0289296, 3;
0.0295568, 3;
0.0290327, 3;
0.0290544, 3;
0.0295517, 3;
0.0295408, 3;
0.0290883, 3;
0.0290192, 3;
0.0294135, 3;
0.029704, 3;
0.0290077, 3;
0.0295837, 3;
0.0295076, 3;
0.0295492, 3;
0.0295504, 3;
0.0560819, 3;
0.0290647, 3;
0.030033, 3;
0.0296016, 3;
0.0300061, 3;
0.0295319, 3;
0.0291882, 3;
0.0303434, 3;
0.0310123, 3;
0.0298903, 3;
0.0306308, 3;
0.0297296, 3;
0.0290359, 3;
0.0293431, 3;
0.0292541, 3;
0.031114, 3;
0.0294832, 3;
0.0300529, 3;
0.028881, 3;
0.0295543, 3;
0.029025, 3;
0.0295562, 3;
0.0290461, 3;
0.0290397, 3;
0.0298941, 3;
0.0292535, 3;
0.0289911, 3;
0.0295415, 3;
0.0290768, 3;
0.0295178, 3;
0.0290435, 3;
0.0295492, 3;
0.0297431, 3;
0.029352, 3;
0.0290576, 3;
0.0295492, 3;
0.0295517, 3;
0.02953, 3;
0.0290512, 3;
0.0300394, 3;
0.0300516, 3;
0.0290397, 3;
0.0290839, 3;
0.0295114, 3;
0.0295722, 3;
0.0290327, 3;
0.0295383, 3;
0.0295498, 3;
0.0295671, 3;
0.0292682, 3;
0.0288042, 3;
0.0295472, 3;
0.0295575, 3;
0.0290499, 3;
0.0295248, 3;
0.0295536, 3;
0.0290986, 3;
0.0301687, 3;
0.0298615, 3;
0.0298551, 3;
0.0297476, 3;
0.0290416, 3;
0.0290531, 3;
0.0290698, 3;
0.0295268, 3;
0.0290371, 3;
0.029434, 3;
0.029706, 3;
0.0300125, 3;
0.0290327, 3;
0.0305847, 3;
0.0295191, 3;
0.0291511, 3;
0.0299357, 3;
0.0295485, 3;
0.0290455, 3;
0.0291184, 3;
0.0299786, 3;
0.0292804, 3;
0.0299703, 3;
0.0289315, 3;
0.029496, 3;
0.0290448, 3;
0.0295389, 3;
0.0295581, 3;
0.0295421, 3;
0.0290474, 3;
0.0290551, 3;
0.0290384, 3;
0.029048, 3;
0.0290371, 3;
0.0290499, 3;
0.029546, 3;
0.0290551, 3;
0.0295396, 3;
0.0290416, 3;
0.0290474, 3;
0.0291063, 3;
0.0289885, 3;
0.0290455, 3;
0.0290448, 3;
0.0295856, 3;
0.0295114, 3;
0.0290429, 3;
0.0290442, 3;
0.0290474, 3;
0.0290474, 3;
0.0290442, 3;
0.0295472, 3;
0.0295626, 3;
0.0295581, 3;
0.0290263, 3;
0.0290423, 3;
0.0290435, 3;
0.0290423, 3;
0.0290487, 3;
0.0290474, 3;
0.0295517, 3;
0.0295415, 3;
0.0290621, 3;
0.0295306, 3;
0.0290525, 3;
0.0290384, 3;
0.0291888, 3;
0.0289085, 3;
0.029048, 3;
0.0290448, 3;
0.029674, 3;
0.0289136, 3;
0.0295492, 3;
0.0290519, 3;
0.0291018, 3;
0.0289859, 3;
0.0290423, 3;
0.0295479, 3;
0.0295575, 3;
0.0290474, 3;
0.0290314, 3;
0.0295549, 3;
0.0290397, 3;
0.0290461, 3;
0.0290455, 3;
0.0290474, 3;
0.0290448, 3;
0.0295492, 3;
0.0295511, 3;
0.0290461, 3;
0.0295549, 3;
0.029032, 3;
0.029553, 3;
0.0290391, 3;
0.0290467, 3;
0.0290487, 3;
0.0290832, 3;
0.0295152, 3;
0.0300401, 3;
0.0295492, 3;
0.0290455, 3;
0.0290519, 3;
0.0290448, 3;
0.0290442, 3;
0.0290589, 3;
0.0295408, 3;
0.0290359, 3;
0.0295415, 3;
0.0290487, 3;
0.0290493, 3;
0.0290448, 3;
0.0290531, 3;
0.0290455, 3;
0.0295498, 3;
0.0295357, 3;
0.0295549, 3;
0.0290429, 3;
0.0295472, 3;
0.0290794, 3;
0.0290263, 3;
0.0295319, 3;
0.0291178, 3;
0.0294852, 3;
0.0295376, 3;
0.0290455, 3;
0.0295472, 3;
0.0290448, 3;
0.0290499, 3;
0.0290435, 3;
0.029169, 3;
0.0294301, 3;
0.0290429, 3;
0.0290627, 3;
0.0290263, 3;
0.029546, 3;
0.0285533, 3;
0.0295466, 3;
0.0290461, 3;
0.0290474, 3;
0.029064, 3;
0.0290327, 3;
0.0290346, 3;
0.0290448, 3;
0.0295536, 3;
0.0295428, 3;
0.029048, 3;
0.0290378, 3;
0.0295543, 3;
0.029546, 3;
0.0290448, 3;
0.0295536, 3;
0.0295453, 3;
0.0295428, 3;
0.0295357, 3;
0.0290429, 3;
0.0290634, 3;
0.0295447, 3;
0.0295408, 3;
0.0295396, 3;
0.0290589, 3;
0.029537, 3;
0.0290583, 3;
0.029025, 3;
0.0290493, 3;
0.0290499, 3;
0.0295549, 3;
0.0290352, 3;
0.0290538, 3;
0.0295415, 3;
0.0290487, 3;
0.029544, 3;
0.0295485, 3;
0.0290525, 3;
0.029057, 3;
0.0290269, 3;
0.0290525, 3;
0.0290378, 3;
0.0290743, 3;
0.0290231, 3;
0.0290487, 3;
0.0295568, 3;
0.0297188, 3;
0.0293706, 3;
0.029537, 3;
0.0290429, 3;
0.0290474, 3;
0.0290474, 3;
0.0290493, 3;
0.0295434, 3;
0.0295549, 3;
0.0290403, 3;
0.0290493, 3;
0.0290429, 3;
0.0290455, 3;
0.0290448, 3;
0.029546, 3;
0.0290512, 3;
0.0295466, 3;
0.029553, 3;
0.0295671, 3;
0.0295165, 3;
0.0291159, 3;
0.0289783, 3;
0.0290602, 3;
0.0295351, 3;
0.0295466, 3;
0.0295472, 3;
0.0292983, 3;
0.0292919, 3;
0.0290435, 3;
0.0290461, 3;
0.0295543, 3;
0.0290442, 3;
0.0290448, 3;
0.0290506, 3;
0.0290391, 3;
0.0291255, 3;
0.0294711, 3;
0.0290487, 3;
0.0290487, 3;
0.029544, 3;
0.0300202, 3;
0.0290775, 3;
0.0380576, 3;
0.031987, 3;
0.0291613, 3;
0.029242, 3;
0.0288893, 3;
0.0299524, 3;
0.0290474, 3;
0.0290455, 3;
0.0290455, 3;
0.0290595, 3;
