0.0149875, 6;
0.015036, 6;
0.0177401, 6;
0.0132399, 6;
0.0151149, 6;
0.0154426, 6;
0.0164783, 6;
0.0159465, 6;
0.0156048, 6;
0.0153996, 6;
0.0156732, 6;
0.0150511, 6;
0.0162788, 6;
0.0141096, 6;
0.0159431, 6;
0.016915, 6;
0.0145706, 6;
0.0158191, 6;
0.0180253, 6;
0.0129212, 6;
0.0150575, 6;
0.0149246, 6;
0.015211, 6;
0.0159306, 6;
0.015889, 6;
0.0173703, 6;
0.0153837, 6;
0.0160271, 6;
0.0169269, 6;
0.0126453, 6;
0.0170426, 6;
0.0158532, 6;
0.0163158, 6;
0.0265922, 6;
0.0196939, 6;
0.0315583, 6;
0.020064, 6;
0.0163859, 6;
0.009866, 6;
0.0195815, 6;
0.0176719, 6;
0.0173158, 6;
0.0080223, 6;
0.015688, 6;
0.0221388, 6;
0.0082565, 6;
0.0302719, 6;
0.0320782, 6;
0.0157744, 6;
0.0156806, 6;
0.0139744, 6;
0.015313, 6;
0.0243884, 6;
0.0201293, 6;
0.0240479, 6;
0.0067414, 6;
0.0281831, 6;
0.0212783, 6;
0.0138443, 6;
0.0176394, 6;
0.0383575, 6;
0.0336506, 6;
0.018556, 6;
0.0155284, 6;
0.0155452, 6;
0.0156361, 6;
0.0149315, 6;
0.0150451, 6;
0.0167254, 6;
0.0144316, 6;
0.0158746, 6;
0.0219959, 6;
0.0104834, 6;
0.0149824, 6;
0.0157719, 6;
0.0189673, 6;
0.0207912, 6;
0.0219829, 6;
0.0150874, 6;
0.0167402, 6;
0.0147993, 6;
0.0139608, 6;
0.0182662, 6;
0.013364, 6;
0.0169879, 6;
0.013946, 6;
0.0164098, 6;
0.0214441, 6;
0.0106114, 6;
0.0129756, 6;
0.0164212, 6;
0.016431, 6;
0.0155448, 6;
0.0143258, 6;
0.0158589, 6;
0.016608, 6;
0.0145788, 6;
0.0176009, 6;
0.0126018, 6;
0.0167073, 6;
0.0183209, 6;
0.0157373, 6;
0.0267769, 6;
0.0189326, 6;
0.0137345, 6;
0.0184078, 6;
0.0118153, 6;
0.0142718, 6;
0.0171002, 6;
0.0157034, 6;
0.0152113, 6;
0.0149562, 6;
0.0170315, 6;
0.0162237, 6;
0.0141736, 6;
0.0169514, 6;
0.0149481, 6;
0.0148065, 6;
0.0160547, 6;
0.0139958, 6;
0.0159748, 6;
0.0150401, 6;
0.0191325, 6;
0.012826, 6;
0.014985, 6;
0.0244031, 6;
0.0087623, 6;
0.0152419, 6;
0.013138, 6;
0.0159795, 6;
0.0175333, 6;
0.013806, 6;
0.0158505, 6;
0.0148113, 6;
0.0161591, 6;
0.0170354, 6;
0.0221866, 6;
0.0188577, 6;
0.0200668, 6;
0.0156645, 6;
0.0149453, 6;
0.0150466, 6;
0.0153536, 6;
0.0160603, 6;
0.0155694, 6;
0.0145523, 6;
0.0158005, 6;
0.0157063, 6;
0.0160841, 6;
0.0161372, 6;
0.0153723, 6;
0.0156109, 6;
0.0154358, 6;
0.0160489, 6;
0.0148673, 6;
0.0156259, 6;
0.0149436, 6;
0.0155243, 6;
0.0200687, 6;
0.0115339, 6;
0.0171358, 6;
0.0124434, 6;
0.0145468, 6;
0.0152466, 6;
0.0149412, 6;
0.0159118, 6;
0.0150497, 6;
0.0162407, 6;
0.0145135, 6;
0.0153078, 6;
0.016183, 6;
0.0154609, 6;
0.0164475, 6;
0.0146451, 6;
0.0152466, 6;
0.0150487, 6;
0.0151775, 6;
0.01625, 6;
0.0144416, 6;
0.0167558, 6;
0.0148826, 6;
0.0149849, 6;
0.0162895, 6;
0.0151265, 6;
0.0153183, 6;
0.0169197, 6;
0.0152822, 6;
0.0147869, 6;
0.0163894, 6;
0.0149053, 6;
0.0135865, 6;
0.0159537, 6;
0.0149358, 6;
0.0152364, 6;
0.015561, 6;
0.0184152, 6;
0.0138401, 6;
0.015579, 6;
0.014349, 6;
0.0164292, 6;
0.0142991, 6;
0.0168743, 6;
0.013509, 6;
0.0157207, 6;
0.015611, 6;
0.0160646, 6;
0.0156945, 6;
0.0163999, 6;
0.0149535, 6;
0.0149871, 6;
0.0157332, 6;
0.0153001, 6;
0.0168117, 6;
0.0151237, 6;
0.0145965, 6;
0.0149957, 6;
0.0161228, 6;
0.0163087, 6;
0.0146722, 6;
0.015888, 6;
0.0153003, 6;
0.0159553, 6;
0.0146859, 6;
0.0147033, 6;
0.0157219, 6;
0.0156501, 6;
0.0156261, 6;
0.0149399, 6;
0.0162497, 6;
0.0147183, 6;
0.017003, 6;
0.014196, 6;
0.0152016, 6;
0.0155129, 6;
0.0153646, 6;
0.0163318, 6;
0.0155624, 6;
0.0175867, 6;
0.0155593, 6;
0.0146057, 6;
0.0166485, 6;
0.0164013, 6;
0.016844, 6;
0.0157792, 6;
0.0136031, 6;
0.0150456, 6;
0.0151316, 6;
0.0158657, 6;
0.0161129, 6;
0.0166199, 6;
0.0131887, 6;
0.0150165, 6;
0.0149321, 6;
0.0151863, 6;
0.0182139, 6;
0.0126921, 6;
0.0166208, 6;
0.0150514, 6;
0.0149759, 6;
0.0159453, 6;
0.014924, 6;
0.0151161, 6;
0.014984, 6;
0.0157763, 6;
0.0154045, 6;
0.0157835, 6;
0.0176651, 6;
0.0137895, 6;
0.0150491, 6;
0.0153184, 6;
0.0158148, 6;
0.0151149, 6;
0.0152176, 6;
0.014844, 6;
0.0150882, 6;
0.0157621, 6;
0.0158453, 6;
0.0159289, 6;
0.0151069, 6;
0.0160884, 6;
0.0153379, 6;
0.0160033, 6;
0.0189109, 6;
0.0107698, 6;
0.0168827, 6;
0.0143855, 6;
0.0155675, 6;
0.015695, 6;
0.0150341, 6;
0.0162432, 6;
0.0167868, 6;
0.0145604, 6;
0.0152458, 6;
0.0145372, 6;
0.0151466, 6;
0.0204237, 6;
0.0091726, 6;
0.0166472, 6;
0.0151309, 6;
0.0154087, 6;
0.0160882, 6;
0.0158585, 6;
0.0167281, 6;
0.0157836, 6;
0.0141518, 6;
0.0177995, 6;
0.0138015, 6;
0.0154993, 6;
0.0156734, 6;
0.015863, 6;
0.0159576, 6;
0.0140367, 6;
0.0171977, 6;
0.0136691, 6;
0.0158175, 6;
0.0155535, 6;
0.0160737, 6;
0.0149209, 6;
0.0154367, 6;
0.0164267, 6;
0.0157319, 6;
0.0158276, 6;
0.0149812, 6;
0.0171991, 6;
0.0149353, 6;
0.0163971, 6;
0.0162919, 6;
0.0135892, 6;
0.0155406, 6;
0.0159017, 6;
0.0155545, 6;
0.0151376, 6;
0.01456, 6;
0.0162215, 6;
0.0151222, 6;
0.0160668, 6;
0.0156687, 6;
0.0156327, 6;
0.0138664, 6;
0.0176489, 6;
0.013976, 6;
0.0157469, 6;
0.0150476, 6;
0.0152758, 6;
0.0150783, 6;
0.0151585, 6;
0.0150315, 6;
0.0164816, 6;
0.014214, 6;
0.0159153, 6;
0.0151957, 6;
0.0167179, 6;
0.016099, 6;
0.013662, 6;
0.015777, 6;
0.0153574, 6;
0.0157099, 6;
0.0141364, 6;
0.0149349, 6;
0.0153398, 6;
0.0159643, 6;
0.0151448, 6;
0.0158476, 6;
0.0167896, 6;
0.0152698, 6;
0.0161001, 6;
0.0123588, 6;
0.0166886, 6;
0.0144328, 6;
0.0158406, 6;
0.0149572, 6;
0.0151525, 6;
0.0177656, 6;
0.0140695, 6;
0.0171234, 6;
0.0142254, 6;
0.0154865, 6;
0.0150576, 6;
0.0189331, 6;
0.0124239, 6;
0.0155083, 6;
0.0155802, 6;
0.0156467, 6;
0.0162057, 6;
0.0149972, 6;
0.0171594, 6;
0.0141843, 6;
0.0154812, 6;
0.0167431, 6;
0.0148135, 6;
0.0151634, 6;
0.0158777, 6;
0.019339, 6;
0.0121111, 6;
0.0187444, 6;
0.0129137, 6;
0.0159594, 6;
0.0155128, 6;
0.0149587, 6;
0.0149525, 6;
0.0148964, 6;
0.015165, 6;
0.0154094, 6;
0.0157127, 6;
0.0157188, 6;
0.015784, 6;
0.0154544, 6;
0.0157158, 6;
0.0161124, 6;
0.0137316, 6;
0.0159198, 6;
0.0163154, 6;
0.0151122, 6;
0.0159345, 6;
0.0156528, 6;
0.0148148, 6;
0.0151654, 6;
0.0162274, 6;
0.0153484, 6;
0.0161276, 6;
0.0159404, 6;
0.015554, 6;
0.0151643, 6;
0.0142802, 6;
0.0155178, 6;
0.016196, 6;
0.0150821, 6;
0.0152845, 6;
0.0158177, 6;
0.0162188, 6;
0.0147313, 6;
0.0165725, 6;
0.0140992, 6;
0.0158994, 6;
0.0156983, 6;
0.0158178, 6;
0.0159226, 6;
0.0161534, 6;
0.0180744, 6;
0.0138136, 6;
0.0152941, 6;
0.0156089, 6;
0.0152608, 6;
0.015711, 6;
0.015257, 6;
0.0149941, 6;
0.015099, 6;
0.0156098, 6;
0.0151731, 6;
0.0163467, 6;
0.0152622, 6;
0.0157018, 6;
0.0177225, 6;
0.0127634, 6;
0.015778, 6;
0.0155885, 6;
0.0159355, 6;
0.016436, 6;
0.0150226, 6;
0.0160461, 6;
0.0149525, 6;
0.0167822, 6;
0.01402, 6;
0.0149955, 6;
0.0160053, 6;
0.0164184, 6;
0.0157376, 6;
0.0152108, 6;
0.0151272, 6;
0.0153526, 6;
0.0157105, 6;
0.0152311, 6;
0.0160122, 6;
0.0157532, 6;
0.0151574, 6;
0.0158844, 6;
0.0152456, 6;
0.0165177, 6;
0.0146386, 6;
0.015608, 6;
0.0170338, 6;
0.014046, 6;
0.0171306, 6;
0.0133535, 6;
0.0153037, 6;
0.0162218, 6;
0.0151068, 6;
0.0152537, 6;
0.0156799, 6;
0.0155261, 6;
0.0149334, 6;
0.0164434, 6;
0.014323, 6;
0.01563, 6;
0.0175493, 6;
0.013395, 6;
0.0169193, 6;
0.0137649, 6;
0.0150798, 6;
0.0160893, 6;
0.0158552, 6;
0.0159002, 6;
0.0144655, 6;
0.0164653, 6;
0.0155386, 6;
0.0152153, 6;
0.0161491, 6;
0.0144457, 6;
0.0164379, 6;
0.0143182, 6;
0.0159558, 6;
0.0169148, 6;
0.0152701, 6;
0.0150886, 6;
0.0150578, 6;
0.0183362, 6;
0.0133162, 6;
0.0154339, 6;
0.0154929, 6;
0.0156682, 6;
0.0151444, 6;
0.0156289, 6;
0.0166693, 6;
0.0142692, 6;
0.0184136, 6;
0.0152181, 6;
0.0138941, 6;
0.0208303, 6;
0.0095827, 6;
0.0162508, 6;
0.0150031, 6;
0.0151317, 6;
0.0144436, 6;
0.0151816, 6;
0.0158411, 6;
0.0171678, 6;
0.0140152, 6;
0.0158623, 6;
0.0146677, 6;
0.0153326, 6;
0.0150298, 6;
0.0149179, 6;
0.0160616, 6;
0.0164094, 6;
0.0154225, 6;
0.0167028, 6;
0.0151872, 6;
0.0154675, 6;
0.0147982, 6;
0.015726, 6;
0.0148614, 6;
0.0156006, 6;
0.0142142, 6;
0.0158654, 6;
0.0149442, 6;
0.0149022, 6;
0.0161242, 6;
0.0172251, 6;
0.0149699, 6;
0.0153692, 6;
0.0157311, 6;
0.0153074, 6;
0.0150757, 6;
0.0159637, 6;
0.0161746, 6;
0.0158068, 6;
0.0168832, 6;
0.0130131, 6;
0.0149439, 6;
0.0163282, 6;
0.0136877, 6;
0.0160278, 6;
0.0153473, 6;
0.0156157, 6;
0.0151579, 6;
0.0160462, 6;
0.0152038, 6;
0.0151949, 6;
0.0195704, 6;
0.0156029, 6;
0.0117123, 6;
0.0155896, 6;
0.0154282, 6;
0.0152036, 6;
0.0158243, 6;
0.0168833, 6;
0.0139233, 6;
0.0162017, 6;
0.0166535, 6;
0.0139997, 6;
0.0158022, 6;
0.0152597, 6;
0.016367, 6;
0.0143667, 6;
0.0149548, 6;
0.0160333, 6;
0.0162189, 6;
0.0168488, 6;
0.0138427, 6;
0.0167111, 6;
0.0142625, 6;
0.0153167, 6;
0.0154771, 6;
0.0153873, 6;
0.0156599, 6;
0.0179441, 6;
0.0144566, 6;
0.0145148, 6;
0.0165388, 6;
0.0143536, 6;
0.014441, 6;
0.0153438, 6;
0.0155716, 6;
0.0160064, 6;
0.0151411, 6;
0.016046, 6;
0.0152029, 6;
0.0164038, 6;
0.0146864, 6;
0.0145311, 6;
0.016668, 6;
0.0144869, 6;
0.0160922, 6;
0.0161859, 6;
0.0143237, 6;
0.0153067, 6;
0.0149479, 6;
0.0152105, 6;
0.0165543, 6;
0.0156788, 6;
0.0144776, 6;
0.0152483, 6;
0.015342, 6;
0.0180568, 6;
0.0134881, 6;
0.0144851, 6;
0.0153476, 6;
0.0157345, 6;
0.0156583, 6;
0.0152424, 6;
0.0158913, 6;
0.0156618, 6;
0.0153028, 6;
0.0162062, 6;
0.0150527, 6;
0.0157059, 6;
0.0146737, 6;
0.0153447, 6;
0.0163192, 6;
0.0150863, 6;
0.0156363, 6;
0.0166553, 6;
0.0138966, 6;
0.0152446, 6;
0.0158058, 6;
0.0162804, 6;
0.0146354, 6;
0.0150002, 6;
0.0149954, 6;
0.0154057, 6;
0.0160339, 6;
0.018468, 6;
0.0127632, 6;
0.0165225, 6;
0.0155732, 6;
0.0146527, 6;
0.0144207, 6;
0.0161841, 6;
0.0149337, 6;
0.0157164, 6;
0.015737, 6;
0.0157203, 6;
0.016006, 6;
0.0151956, 6;
0.0159964, 6;
0.015219, 6;
0.0152248, 6;
0.0154543, 6;
0.0160445, 6;
0.0151036, 6;
0.0156066, 6;
0.0151361, 6;
0.0158877, 6;
0.0156034, 6;
0.0153738, 6;
0.0159215, 6;
0.0152716, 6;
0.015661, 6;
0.0158198, 6;
0.0155699, 6;
0.0155108, 6;
0.0149661, 6;
0.0152616, 6;
0.0156969, 6;
0.0153523, 6;
0.015565, 6;
0.0155473, 6;
0.0148716, 6;
0.0149136, 6;
0.0160197, 6;
0.0150086, 6;
0.0159913, 6;
0.0156386, 6;
0.0150783, 6;
0.0155596, 6;
0.015742, 6;
0.015224, 6;
0.0150547, 6;
0.0151256, 6;
0.0156952, 6;
0.0160231, 6;
0.0158173, 6;
0.0150635, 6;
0.0149656, 6;
0.0150346, 6;
0.0156541, 6;
0.0153776, 6;
0.0161015, 6;
0.0156653, 6;
0.015945, 6;
0.014643, 6;
0.0152775, 6;
0.0155467, 6;
0.0154073, 6;
0.0156516, 6;
0.015271, 6;
0.0159219, 6;
0.0154355, 6;
0.0151052, 6;
0.0153419, 6;
0.0159468, 6;
0.0159432, 6;
0.0160531, 6;
0.0159576, 6;
0.0157606, 6;
0.0151789, 6;
0.0156252, 6;
0.0150101, 6;
0.0158982, 6;
0.0153309, 6;
0.0147119, 6;
0.0151438, 6;
0.0157824, 6;
0.0157747, 6;
0.0157685, 6;
0.0155465, 6;
0.015753, 6;
0.0153335, 6;
0.0148597, 6;
0.0151787, 6;
0.0160597, 6;
0.0160254, 6;
0.0151051, 6;
0.0148987, 6;
0.0151015, 6;
0.015137, 6;
0.0155637, 6;
0.0159951, 6;
0.0159575, 6;
0.0155292, 6;
0.0156309, 6;
0.0153649, 6;
0.015925, 6;
0.01572, 6;
0.0152198, 6;
0.0158508, 6;
0.015095, 6;
0.0158557, 6;
0.0157015, 6;
0.0149256, 6;
0.0147316, 6;
0.0150067, 6;
0.015546, 6;
0.0159496, 6;
0.0153868, 6;
0.0160784, 6;
0.0154587, 6;
0.0159722, 6;
0.015159, 6;
0.0147631, 6;
0.0152962, 6;
0.0156462, 6;
0.0149833, 6;
0.0159881, 6;
0.0152343, 6;
0.0153556, 6;
0.0158415, 6;
0.0149966, 6;
0.0159377, 6;
0.0156926, 6;
0.0158374, 6;
0.0155019, 6;
0.0160001, 6;
0.0157744, 6;
0.0150134, 6;
0.0152986, 6;
0.0158623, 6;
0.0161311, 6;
0.0150084, 6;
0.0148583, 6;
0.0151968, 6;
0.014796, 6;
0.0159932, 6;
0.0159632, 6;
0.0160691, 6;
0.0157, 6;
0.015545, 6;
0.0147977, 6;
0.0156435, 6;
0.0152732, 6;
0.0156859, 6;
0.015346, 6;
0.0155941, 6;
0.0154214, 6;
0.0155153, 6;
0.0157362, 6;
0.0157471, 6;
0.015457, 6;
0.015196, 6;
0.0157039, 6;
0.0157109, 6;
0.0151916, 6;
0.0158293, 6;
0.0151402, 6;
0.0151953, 6;
0.0155137, 6;
0.0160799, 6;
0.015373, 6;
0.015139, 6;
0.0154528, 6;
0.0158013, 6;
0.0153679, 6;
0.0147711, 6;
0.0149787, 6;
0.0154923, 6;
0.0151236, 6;
0.0157009, 6;
0.0154829, 6;
0.0150292, 6;
0.0148738, 6;
0.0155441, 6;
0.0153957, 6;
0.0149997, 6;
0.0155048, 6;
0.0156, 6;
0.0160749, 6;
0.0155861, 6;
0.0154736, 6;
0.015217, 6;
0.0154783, 6;
0.0156024, 6;
0.0157087, 6;
0.0151665, 6;
0.0160276, 6;
0.0161163, 6;
0.0153576, 6;
0.0157694, 6;
0.0157543, 6;
0.0156696, 6;
0.0152965, 6;
0.0150479, 6;
0.0148612, 6;
0.0149897, 6;
0.0150283, 6;
0.0149653, 6;
0.015902, 6;
0.0159773, 6;
0.0149935, 6;
0.0159288, 6;
0.0151032, 6;
0.0145468, 6;
0.0152526, 6;
0.0159897, 6;
0.0159407, 6;
0.0159398, 6;
0.0155806, 6;
0.0160064, 6;
0.0149305, 6;
0.0152636, 6;
0.0160771, 6;
0.0148665, 6;
0.0156985, 6;
0.015708, 6;
0.0155453, 6;
0.0158162, 6;
0.015128, 6;
0.0153177, 6;
0.0146882, 6;
0.0149329, 6;
0.0157607, 6;
0.0149565, 6;
0.0160138, 6;
0.015462, 6;
0.0156395, 6;
0.0153424, 6;
0.0155357, 6;
0.0152431, 6;
0.0159028, 6;
0.0148052, 6;
0.0151387, 6;
0.0157654, 6;
0.0153161, 6;
0.0152938, 6;
0.0152734, 6;
0.0159275, 6;
0.0160375, 6;
0.0155176, 6;
0.0153325, 6;
0.0157779, 6;
0.0157177, 6;
0.0157971, 6;
0.0156404, 6;
0.0158556, 6;
0.0148147, 6;
0.0151255, 6;
0.0159396, 6;
0.0150783, 6;
0.0149452, 6;
0.0151185, 6;
0.0157517, 6;
0.0150425, 6;
0.0160278, 6;
0.0149423, 6;
0.0159451, 6;
0.0148973, 6;
0.0159523, 6;
0.0150192, 6;
0.0148553, 6;
0.0152415, 6;
0.0155103, 6;
0.0156375, 6;
0.0154455, 6;
0.0155173, 6;
0.0152389, 6;
0.0156995, 6;
0.0153168, 6;
0.0160908, 6;
0.0160834, 6;
0.0167518, 6;
0.0151141, 6;
0.0159771, 6;
0.0161725, 6;
0.0157252, 6;
0.0159343, 6;
0.0163822, 6;
0.0159833, 6;
0.0139237, 6;
0.0152594, 6;
0.016974, 6;
0.0144557, 6;
0.0159015, 6;
0.0159684, 6;
0.0153625, 6;
0.0172758, 6;
0.014047, 6;
0.0153213, 6;
0.0157732, 6;
0.016036, 6;
0.0180518, 6;
0.011908, 6;
0.0152514, 6;
0.0155508, 6;
0.0166309, 6;
0.0150134, 6;
0.0153577, 6;
0.0158597, 6;
0.0149955, 6;
0.0153169, 6;
0.0155695, 6;
0.0149141, 6;
0.0158179, 6;
0.0160921, 6;
0.0148896, 6;
0.0150351, 6;
0.0150257, 6;
0.015586, 6;
0.0160453, 6;
0.0152501, 6;
0.0161083, 6;
0.0159015, 6;
0.0165234, 6;
0.0156063, 6;
0.0152074, 6;
0.0145685, 6;
0.0164018, 6;
0.0149058, 6;
0.0159589, 6;
0.0153427, 6;
0.0161253, 6;
0.0158442, 6;
0.0144314, 6;
0.016324, 6;
0.0148549, 6;
0.0147019, 6;
0.0160599, 6;
0.0150467, 6;
0.0151227, 6;
0.0163089, 6;
0.0155782, 6;
0.0152656, 6;
0.0164016, 6;
0.0144945, 6;
0.0158563, 6;
0.0151284, 6;
0.0161289, 6;
0.0147458, 6;
0.0150214, 6;
0.0150787, 6;
0.0148246, 6;
0.0154834, 6;
0.01634, 6;
0.0147427, 6;
0.0153634, 6;
0.0148648, 6;
0.01509, 6;
0.0156393, 6;
0.0151849, 6;
0.0153156, 6;
0.0153151, 6;
0.0155097, 6;
0.0154586, 6;
0.0157052, 6;
0.0152024, 6;
0.0151359, 6;
0.0162961, 6;
0.0143221, 6;
0.0182829, 6;
0.0126812, 1;
0.0150888, 1;
0.0159214, 1;
0.0160752, 1;
0.0148481, 1;
0.0160887, 1;
0.0162931, 1;
0.0147659, 1;
0.015848, 1;
0.0162393, 1;
0.0157565, 1;
0.0159788, 1;
0.0154882, 1;
0.0159701, 1;
0.0160207, 1;
0.0149607, 1;
0.0160241, 1;
0.0148498, 1;
0.0159516, 1;
0.0153923, 1;
0.015528, 1;
0.0160268, 1;
0.0149752, 1;
0.0158856, 1;
0.0159861, 1;
0.0148195, 1;
0.018927, 1;
0.0125998, 1;
0.0154997, 1;
0.0149728, 1;
0.0160826, 1;
0.0163254, 1;
0.0152375, 1;
0.016159, 1;
0.0169665, 1;
0.0154595, 1;
0.0119094, 1;
0.0162306, 1;
0.0147887, 1;
0.0171814, 1;
0.0171941, 1;
0.0151131, 1;
0.0164879, 1;
0.0153412, 1;
0.0157093, 1;
0.0157704, 1;
0.0149838, 1;
0.0277642, 1;
0.0204823, 1;
0.0149793, 1;
0.0313856, 1;
0.0189177, 1;
0.0121886, 1;
0.0155184, 1;
0.0154516, 1;
0.013346, 1;
0.0169366, 1;
0.0143085, 1;
0.0157601, 1;
0.0157876, 1;
0.0156694, 1;
0.0187848, 1;
0.0127192, 1;
0.101829, 1;
0.0794882, 1;
0.0756962, 1;
0.026049, 1;
0.0710155, 1;
0.0525855, 1;
0.0277817, 1;
0.0346895, 1;
0.0250294, 1;
0.0214857, 1;
0.0353942, 1;
0.0380174, 1;
0.0341253, 1;
0.039586, 1;
0.0190826, 1;
0.0489531, 1;
0.049395, 1;
0.0215324, 1;
0.0264681, 1;
0.0229891, 1;
0.0132054, 1;
0.0242013, 1;
0.0396347, 1;
0.0269677, 1;
0.0181192, 1;
0.0155298, 1;
0.0141312, 1;
0.0167008, 1;
0.0147097, 1;
0.0152213, 1;
0.0146703, 1;
0.0153359, 1;
0.0170343, 1;
0.0145581, 1;
0.017333, 1;
0.0126329, 1;
0.0173188, 1;
0.0146975, 1;
0.014924, 1;
0.0150977, 1;
0.0167125, 1;
0.0153929, 1;
0.0164171, 1;
0.0124518, 1;
0.0170497, 1;
0.015421, 1;
0.0152398, 1;
0.0170333, 1;
0.0166909, 1;
0.0127043, 1;
0.016131, 1;
0.0135804, 1;
0.0154719, 1;
0.0160593, 1;
0.0151996, 1;
0.0142852, 1;
0.0154573, 1;
0.0146625, 1;
0.0180797, 1;
0.0132818, 1;
0.0174235, 1;
0.0174824, 1;
0.0127823, 1;
0.0156788, 1;
0.0159812, 1;
0.0153593, 1;
0.014651, 1;
0.0150383, 1;
0.0168526, 1;
0.0145305, 1;
0.0154707, 1;
0.0151228, 1;
0.0153687, 1;
0.0158462, 1;
0.0171723, 1;
0.0150395, 1;
0.0193359, 1;
0.010274, 1;
0.0147524, 1;
0.0161141, 1;
0.0154633, 1;
0.0178628, 1;
0.0144368, 1;
0.0135441, 1;
0.0191393, 1;
0.0143525, 1;
0.0144647, 1;
0.0199166, 1;
0.0114404, 1;
0.0241163, 1;
0.075883, 2;
0.0472269, 2;
0.0495169, 2;
0.0548114, 2;
0.0444509, 2;
0.0512536, 2;
0.0436218, 2;
0.0462556, 2;
0.0352222, 2;
0.0550642, 2;
0.032243, 2;
0.0301432, 2;
0.0519896, 2;
0.0539702, 2;
0.0560289, 2;
0.04473, 2;
0.0296983, 2;
0.0320036, 2;
0.0446325, 2;
0.0325537, 2;
0.0459578, 2;
0.0449915, 2;
0.0442166, 2;
0.0302809, 2;
0.0331772, 2;
0.0455854, 2;
0.0295487, 2;
0.0301256, 2;
0.0295988, 2;
0.031581, 2;
0.0302848, 2;
0.0408667, 2;
0.0376017, 2;
0.0309486, 2;
0.0301726, 2;
0.0309303, 2;
0.0330786, 2;
0.0439857, 2;
0.0299014, 2;
0.030276, 2;
0.0308693, 2;
0.0316708, 2;
0.0309804, 2;
0.031612, 2;
0.0307056, 2;
0.0301215, 2;
0.0315153, 2;
0.0312622, 2;
0.0309049, 2;
0.0306105, 2;
0.030837, 2;
0.0322267, 2;
0.0296472, 2;
0.0324506, 2;
0.0303326, 2;
0.0308434, 2;
0.0310806, 2;
0.0304214, 2;
0.031685, 2;
0.0310151, 2;
0.0309049, 2;
0.0308528, 2;
0.0305116, 2;
0.0351394, 2;
0.0435009, 2;
0.0316474, 2;
0.0316578, 2;
0.0314385, 2;
0.0459034, 2;
0.0291688, 2;
0.0307791, 2;
0.032547, 2;
0.0314812, 2;
0.0308703, 2;
0.0319738, 2;
0.0302376, 2;
0.0309843, 2;
0.0331318, 2;
0.0450179, 2;
0.0319499, 2;
0.0294413, 2;
0.0311408, 2;
0.0318771, 2;
0.0300078, 2;
0.03307, 2;
0.0466136, 2;
0.0296667, 2;
0.0310043, 2;
0.0384718, 2;
0.0391443, 2;
0.0320636, 2;
0.0295948, 2;
0.0305267, 2;
0.0322582, 2;
0.0331632, 2;
0.0428798, 2;
0.0315659, 2;
0.0305768, 2;
0.0303031, 2;
0.0313307, 2;
0.0299807, 2;
0.0310358, 2;
0.0305001, 2;
0.0302064, 2;
0.0314975, 2;
0.0293456, 2;
0.031898, 2;
0.0299693, 2;
0.0358934, 2;
0.0418541, 2;
0.0314461, 2;
0.030477, 2;
0.0306741, 2;
0.031436, 2;
0.0307218, 2;
0.034999, 2;
0.0438643, 2;
0.0309321, 2;
0.0313308, 2;
0.0326047, 2;
0.0448645, 2;
0.0303286, 2;
0.0313042, 2;
0.0311897, 2;
0.0316206, 2;
0.0442003, 2;
0.031658, 2;
0.0303632, 2;
0.0316473, 2;
0.0317028, 2;
0.0311739, 2;
0.0303671, 2;
0.0313339, 2;
0.0308775, 2;
0.0322575, 2;
0.0300601, 2;
0.0303649, 2;
0.0318596, 2;
0.0300103, 2;
0.0313805, 2;
0.0308545, 2;
0.0307397, 2;
0.0306477, 2;
0.0310831, 2;
0.0317454, 2;
0.0292126, 2;
0.0298762, 2;
0.0306921, 2;
0.0320036, 2;
0.029166, 2;
0.0309278, 2;
0.0316057, 2;
0.0329877, 2;
0.0294204, 2;
0.0303874, 2;
0.031409, 2;
0.0296913, 2;
0.0309719, 2;
0.0312273, 2;
0.0311341, 2;
0.0305668, 2;
0.0304434, 2;
0.0327403, 2;
0.0461965, 2;
0.0308762, 2;
0.0312965, 2;
0.0310514, 2;
0.0330321, 2;
0.0506673, 2;
0.0403074, 2;
0.030877, 2;
0.0337374, 2;
0.0456928, 2;
0.0457471, 2;
0.0307129, 2;
0.029651, 2;
0.0308795, 2;
0.0309775, 2;
0.0299567, 2;
0.0308831, 2;
0.0326023, 2;
0.031159, 2;
0.0319611, 2;
0.029446, 2;
0.0309945, 2;
0.030484, 2;
0.0328085, 2;
0.0301338, 2;
0.0301944, 2;
0.0307397, 2;
0.0319985, 2;
0.0329052, 2;
0.0457119, 2;
0.0440783, 2;
0.0313726, 2;
0.0318296, 2;
0.0573674, 2;
0.0385969, 2;
0.0440507, 2;
0.0323699, 2;
0.0434642, 2;
0.0304649, 2;
0.0307356, 2;
0.0320697, 2;
0.0295476, 2;
0.033176, 2;
0.0333126, 2;
0.043227, 2;
0.0319341, 2;
0.0313914, 2;
0.0345996, 2;
0.0295112, 2;
0.0316582, 2;
0.0319474, 2;
0.0345083, 2;
0.0435201, 2;
0.0451413, 2;
0.0445904, 2;
0.0299577, 2;
0.033462, 2;
0.0446635, 2;
0.0308115, 2;
0.0304001, 2;
0.0306487, 2;
0.034456, 2;
0.047766, 2;
0.0433468, 2;
0.0314792, 2;
0.0315626, 2;
0.0310716, 2;
0.0294806, 2;
0.0356948, 2;
0.0422995, 2;
0.0297835, 2;
0.0308507, 2;
0.0310725, 2;
0.0303678, 2;
0.0355861, 2;
0.0436154, 2;
0.0442092, 2;
0.0318075, 2;
0.0315245, 2;
0.0317957, 2;
0.0493842, 2;
0.0419963, 2;
0.030063, 2;
0.0313237, 2;
0.0380636, 2;
0.0664774, 2;
0.0355702, 2;
0.0423444, 2;
0.0332002, 2;
0.0309971, 2;
0.0324174, 2;
0.0296404, 2;
0.032451, 2;
0.0460183, 2;
0.0459281, 2;
0.0518068, 2;
0.0401337, 2;
0.0309209, 2;
0.0324404, 2;
0.0312884, 2;
0.0323321, 2;
0.0649155, 2;
0.0487418, 2;
0.0452602, 2;
0.0511713, 2;
0.0451939, 2;
0.0466126, 2;
0.0447243, 2;
0.0599111, 2;
0.0545437, 2;
0.0400928, 2;
0.0450408, 2;
0.0382619, 2;
0.0739931, 2;
0.0822593, 2;
0.140919, 2;
0.153312, 2;
0.0546231, 2;
0.108425, 2;
0.0899223, 2;
0.0970437, 2;
0.169574, 2;
0.218511, 2;
0.0687129, 2;
0.124273, 2;
0.086709, 2;
0.0790455, 2;
0.0941595, 2;
0.0381822, 2;
0.0445332, 2;
0.0455863, 2;
0.046449, 2;
0.0461983, 2;
0.0431069, 2;
0.0306811, 2;
0.0311427, 2;
0.030888, 2;
0.0299458, 2;
0.0320896, 2;
0.0308606, 2;
0.0289583, 2;
0.0310597, 2;
0.0360478, 2;
0.0404135, 2;
0.0316092, 2;
0.0311348, 2;
0.045563, 2;
0.0305411, 2;
0.0301615, 2;
0.0312384, 2;
0.0301506, 2;
0.0304687, 2;
0.0317387, 2;
0.0308954, 2;
0.0322038, 2;
0.0344361, 2;
0.0426299, 2;
0.0309115, 2;
0.0306255, 2;
0.0306551, 2;
0.0304617, 2;
0.0361343, 2;
0.0418919, 2;
0.030956, 2;
0.0313128, 2;
0.0317109, 2;
0.0306083, 2;
0.0377211, 2;
0.0423217, 2;
0.045374, 2;
0.0305652, 2;
0.0309944, 2;
0.0301783, 2;
0.0326216, 2;
0.0295317, 2;
0.0313905, 2;
0.0309253, 2;
0.0318933, 2;
0.0327913, 2;
0.0335022, 2;
0.0442302, 2;
0.0355573, 2;
0.0417926, 2;
0.0304323, 2;
0.0306114, 2;
0.0291995, 2;
0.0306744, 2;
0.0319391, 2;
0.0299313, 2;
0.030231, 2;
0.0306582, 2;
0.0298134, 2;
0.0311221, 2;
0.0347713, 2;
0.043948, 2;
0.0453329, 2;
0.0296428, 2;
0.0308182, 2;
0.0336876, 2;
0.0438658, 2;
0.0304497, 2;
0.0319975, 2;
0.0305359, 2;
0.0294574, 2;
0.0326372, 2;
0.030847, 2;
0.0320707, 2;
0.0315521, 2;
0.0300702, 2;
0.0310279, 2;
0.0447614, 2;
0.0325562, 2;
0.0362509, 2;
0.0424536, 2;
0.04483, 2;
0.0321187, 2;
0.0439808, 2;
0.0298567, 2;
0.0311224, 2;
0.0326013, 2;
0.0306346, 2;
0.0302106, 2;
0.0303963, 2;
0.0304981, 2;
0.0307371, 2;
0.0306449, 2;
0.0333516, 2;
0.0292167, 2;
0.0316325, 2;
0.0300048, 2;
0.0312711, 2;
0.0316402, 2;
0.0308904, 2;
0.031615, 2;
0.0321126, 2;
0.0303934, 2;
0.0310469, 2;
0.029512, 2;
0.0310218, 2;
0.0319286, 2;
0.029304, 2;
0.0311775, 2;
0.031119, 2;
0.0328459, 2;
0.0324362, 2;
0.0461778, 2;
0.0294863, 2;
0.0310295, 2;
0.0313718, 2;
0.0304816, 2;
0.0307708, 2;
0.0309006, 2;
0.0319101, 2;
0.0326215, 2;
0.0447, 2;
0.0304918, 2;
0.0312436, 2;
0.031476, 2;
0.0306726, 2;
0.0311202, 2;
0.0304942, 2;
0.0309967, 2;
0.0309365, 2;
0.0308804, 2;
0.03026, 2;
0.0306696, 2;
0.0310247, 2;
0.0307164, 2;
0.0317322, 2;
0.0386322, 2;
0.0395887, 2;
0.0299729, 2;
0.0315469, 2;
0.0330899, 2;
0.0447358, 2;
0.0323471, 2;
0.0298701, 2;
0.0315613, 2;
0.0303163, 2;
0.031072, 2;
0.0311457, 2;
0.031169, 2;
0.0312689, 2;
0.0306374, 2;
0.0311527, 2;
0.0315679, 2;
0.0321493, 2;
0.0307538, 2;
0.0331009, 2;
0.0297639, 2;
0.0313843, 2;
0.0297927, 2;
0.030414, 2;
0.0309665, 2;
0.0323397, 2;
0.0325398, 2;
0.0450546, 2;
0.0302855, 2;
0.0316082, 2;
0.0306504, 2;
0.0311342, 2;
0.0300239, 2;
0.0304592, 2;
0.0320721, 2;
0.0314927, 2;
0.0310601, 2;
0.0302467, 2;
0.0302777, 2;
0.0317845, 2;
0.0316043, 2;
0.0450356, 2;
0.0308135, 2;
0.031539, 2;
0.0307248, 2;
0.0311054, 2;
0.0317243, 2;
0.031074, 2;
0.0310513, 2;
0.0301164, 2;
0.0296673, 2;
0.031039, 2;
0.0299821, 2;
0.0318887, 2;
0.0309645, 2;
0.0310578, 2;
0.0331315, 2;
0.0305289, 2;
0.0298886, 2;
0.0313158, 2;
0.0314181, 2;
0.0311662, 2;
0.0309226, 2;
0.0304011, 2;
0.0315874, 2;
0.0330743, 2;
0.0294858, 2;
0.0316512, 2;
0.030286, 2;
0.0328111, 2;
0.0458486, 2;
0.0305413, 2;
0.0295546, 2;
0.03302, 2;
0.0451088, 2;
0.0311633, 2;
0.0301942, 2;
0.0298526, 2;
0.0299565, 2;
0.0311172, 2;
0.0300867, 2;
0.030789, 2;
0.0306554, 2;
0.0312666, 2;
0.030908, 2;
0.0323645, 2;
0.0294791, 2;
0.0310385, 2;
0.0299301, 2;
0.030047, 2;
0.0297726, 2;
0.0325023, 2;
0.0310345, 2;
0.0308689, 2;
0.0299348, 2;
0.0311727, 2;
0.0311742, 2;
0.0304893, 2;
0.0333463, 2;
0.0444098, 2;
0.0310836, 2;
0.0300776, 2;
0.0307611, 2;
0.0311646, 2;
0.0316764, 2;
0.0302356, 2;
0.0311, 2;
0.0304437, 2;
0.0333244, 2;
0.0431939, 2;
0.0304768, 2;
0.0304271, 2;
0.0309232, 2;
0.0311378, 2;
0.0317311, 2;
0.0319542, 2;
0.0298582, 2;
0.0311165, 2;
0.0302179, 2;
0.0325059, 2;
0.0301795, 2;
0.0310741, 2;
0.032096, 2;
0.0306381, 2;
0.0348684, 2;
0.0414388, 2;
0.0311371, 2;
0.0302449, 2;
0.0315458, 2;
0.0312812, 2;
0.0296411, 2;
0.0315302, 2;
0.0319434, 2;
0.030841, 2;
0.0312843, 4;
0.0155366, 9;
0.0161966, 9;
0.0157913, 9;
0.0157768, 9;
0.0157469, 9;
0.0155813, 9;
0.0163036, 9;
0.0147248, 9;
0.0159379, 9;
0.0150709, 9;
0.0149437, 9;
0.0150727, 9;
0.0147197, 9;
0.0154265, 9;
0.015991, 9;
0.0152417, 9;
0.0166073, 9;
0.0144316, 9;
0.0150159, 9;
0.0161288, 9;
0.0155759, 9;
0.0150863, 9;
0.0160184, 9;
0.0163451, 9;
0.0155544, 9;
0.0162832, 9;
0.0147989, 9;
0.0158831, 9;
0.0149802, 9;
0.0160698, 9;
0.015351, 9;
0.0159366, 9;
0.0154357, 9;
0.014479, 9;
0.0160632, 9;
0.0153256, 9;
0.0154158, 9;
0.0144838, 9;
0.0157619, 9;
0.0154624, 9;
0.0150899, 9;
0.0161234, 9;
0.014314, 9;
0.0151771, 9;
0.0158992, 9;
0.0154943, 9;
0.0160604, 9;
0.0168669, 9;
0.0166167, 9;
0.0145661, 9;
0.0150795, 9;
0.0146329, 9;
0.0153573, 9;
0.0159474, 9;
0.0153388, 9;
0.0156127, 9;
0.0157985, 9;
0.0159527, 9;
0.0159623, 9;
0.014786, 9;
0.0153271, 9;
0.0160821, 9;
0.0159093, 9;
0.0157853, 9;
0.0159903, 9;
0.0162028, 9;
0.0150845, 9;
0.015969, 9;
0.0165092, 9;
0.0151298, 9;
0.0152599, 9;
0.0159235, 9;
0.0150374, 9;
0.016189, 9;
0.0156851, 9;
0.0152735, 9;
0.0163332, 9;
0.0169978, 9;
0.0130343, 9;
0.0154967, 9;
0.0156673, 9;
0.0168165, 9;
0.0138379, 9;
0.0155369, 9;
0.0152447, 9;
0.0152274, 9;
0.0150692, 9;
0.0144598, 9;
0.0152655, 9;
0.0166257, 9;
0.0142193, 9;
0.0162758, 9;
0.0160398, 9;
0.0155555, 9;
0.0157885, 9;
0.0153995, 9;
0.0146458, 9;
0.0148016, 9;
0.0151076, 9;
0.0155746, 9;
0.0146299, 9;
0.0157965, 9;
0.0161016, 9;
0.0157216, 9;
0.0167435, 9;
0.0141854, 9;
0.0155245, 9;
0.0167993, 9;
0.0146615, 9;
0.014902, 9;
0.017035, 9;
0.0139907, 9;
0.016055, 9;
0.0153446, 9;
0.0157266, 9;
0.0156112, 9;
0.0149419, 9;
0.0154226, 9;
0.0154794, 9;
0.0151233, 9;
0.0158432, 9;
0.0165659, 9;
0.0145527, 9;
0.0162844, 9;
0.0143205, 9;
0.0185143, 9;
0.0126593, 9;
0.015119, 9;
0.015771, 9;
0.0150438, 9;
0.0162874, 9;
0.0151069, 9;
0.0149897, 9;
0.0157577, 9;
0.016395, 9;
0.0151215, 9;
0.0144318, 9;
0.0156619, 9;
0.015338, 9;
0.0153475, 9;
0.0150723, 9;
0.016156, 9;
0.014966, 9;
0.0155563, 9;
0.0152793, 9;
0.0176821, 9;
0.0131657, 9;
0.0157458, 9;
0.0152544, 9;
0.016297, 9;
0.0135779, 9;
0.0167415, 9;
0.0143898, 9;
0.0154611, 9;
0.016585, 9;
0.0150176, 9;
0.0163008, 9;
0.0132589, 9;
0.018366, 9;
0.0133444, 9;
0.0153124, 9;
0.0159428, 9;
0.0150491, 9;
0.0153669, 9;
0.0157552, 9;
0.015647, 9;
0.0165762, 9;
0.0153862, 9;
0.0153829, 9;
0.0157174, 9;
0.0172434, 9;
0.0139393, 9;
0.0171801, 9;
0.013358, 9;
0.0157387, 9;
0.0157164, 9;
0.0164708, 9;
0.0137229, 9;
0.0159044, 9;
0.0163216, 9;
0.0153429, 9;
0.0150347, 9;
0.0156946, 9;
0.0159127, 9;
0.0156586, 9;
0.0159793, 9;
0.0160685, 9;
0.0150841, 9;
0.0147832, 9;
0.0149711, 9;
0.0166707, 9;
0.0142591, 9;
0.0159367, 9;
0.0160879, 9;
0.0155134, 9;
0.0159993, 9;
0.0146377, 9;
0.0157116, 9;
0.0155324, 9;
0.0150497, 9;
0.0159919, 9;
0.0152637, 9;
0.0153685, 9;
0.0163195, 9;
0.0150505, 9;
0.0156909, 9;
0.0154253, 9;
0.0155519, 9;
0.0153058, 9;
0.0164816, 9;
0.0142491, 9;
0.0166036, 9;
0.0158988, 9;
0.0134377, 9;
0.0149191, 9;
0.0154127, 9;
0.0154762, 9;
0.015497, 9;
0.0165169, 9;
0.0140389, 9;
0.0156591, 9;
0.0151778, 9;
0.0146951, 9;
0.0158724, 9;
0.0148691, 9;
0.0160444, 9;
0.0157622, 9;
0.0173822, 9;
0.015364, 9;
0.0145618, 9;
0.015746, 9;
0.0151807, 9;
0.015146, 9;
0.014735, 9;
0.0158262, 9;
0.0153197, 9;
0.0149974, 9;
0.0158855, 9;
0.0158146, 9;
0.0151816, 9;
0.0158431, 9;
0.0171016, 9;
0.0150086, 9;
0.014956, 9;
0.0149162, 9;
0.016578, 9;
0.0142448, 9;
0.0149983, 9;
0.0150749, 9;
0.0151659, 9;
0.0152366, 9;
0.0174573, 9;
0.0138676, 9;
0.0155923, 9;
0.0158737, 9;
0.0149691, 9;
0.0155076, 9;
0.0156975, 9;
0.0150886, 9;
0.0154424, 9;
0.0154115, 9;
0.0145886, 9;
0.0160655, 9;
0.0155779, 9;
0.0147892, 9;
0.0158967, 9;
0.0147984, 9;
0.0156535, 9;
0.0146587, 9;
0.016885, 9;
0.0146215, 9;
0.0151015, 9;
0.0160884, 9;
0.0170494, 9;
0.0148975, 9;
0.0153414, 9;
0.0161195, 9;
0.0156694, 9;
0.0147626, 9;
0.0149902, 9;
0.0150552, 9;
0.0149796, 9;
0.0160113, 9;
0.0168052, 9;
0.0146054, 9;
0.0169458, 9;
0.0135713, 9;
0.0154889, 9;
0.0157377, 9;
0.0152323, 9;
0.0152208, 9;
0.0156902, 9;
0.0158755, 9;
0.0169523, 9;
0.0140247, 9;
0.0165631, 9;
0.0144108, 9;
0.0165049, 9;
0.0142317, 9;
0.0152776, 9;
0.01598, 9;
0.0150573, 9;
0.015797, 9;
0.0163179, 9;
0.0146056, 9;
0.0149164, 9;
0.0156765, 9;
0.0142502, 9;
0.0162913, 9;
0.0147646, 9;
0.0154513, 9;
0.0171954, 9;
0.0134141, 9;
0.0156456, 9;
0.0154276, 9;
0.0154541, 9;
0.0157381, 9;
0.0168867, 9;
0.013384, 9;
0.0182855, 9;
0.0142954, 9;
0.0149337, 9;
0.0156507, 9;
0.0157763, 9;
0.0158643, 9;
0.0142845, 9;
0.0157491, 9;
0.0148302, 9;
0.0165254, 9;
0.0147454, 9;
0.0160558, 9;
0.0153627, 9;
0.016183, 9;
0.0154262, 9;
0.0143791, 9;
0.0151318, 9;
0.0159539, 9;
0.0160303, 9;
0.0144274, 9;
0.0145485, 9;
0.0157455, 9;
0.0163874, 9;
0.0146855, 9;
0.0152812, 9;
0.0162146, 9;
0.0175146, 9;
0.0127294, 9;
0.0157438, 9;
0.0152357, 9;
0.0149601, 9;
0.0157731, 9;
0.0159695, 9;
0.0219911, 9;
0.0111414, 9;
0.0151953, 9;
0.0169328, 9;
0.0146818, 9;
0.0159072, 9;
0.0137654, 9;
0.0162627, 9;
0.0148739, 9;
0.0151095, 9;
0.0150161, 9;
0.016707, 9;
0.0148407, 9;
0.0154148, 9;
0.0156913, 9;
0.0159731, 9;
0.0158717, 9;
0.0151033, 9;
0.0152575, 9;
0.015772, 9;
0.015483, 9;
0.0153647, 9;
0.0161464, 9;
0.0153047, 9;
0.0160239, 9;
0.015106, 9;
0.0154027, 9;
0.0151648, 9;
0.0164838, 9;
0.0145034, 9;
0.0145414, 9;
0.0159291, 9;
0.0159401, 9;
0.0150411, 9;
0.0165693, 9;
0.0142597, 9;
0.0149994, 9;
0.0150215, 9;
0.0160342, 9;
0.0160271, 9;
0.0156356, 9;
0.0152719, 9;
0.0160838, 9;
0.0149463, 9;
0.0158029, 9;
0.0183962, 9;
0.0140808, 9;
0.0149283, 9;
0.0155699, 9;
0.0164026, 9;
0.0143044, 9;
0.0153856, 9;
0.0167583, 9;
0.0146843, 9;
0.0155949, 9;
0.0154325, 9;
0.0154307, 9;
0.0154237, 9;
0.0159196, 9;
0.0154743, 9;
0.0181939, 9;
0.0134261, 9;
0.0158514, 9;
0.0157852, 9;
0.015399, 9;
0.0171936, 9;
0.0143273, 9;
0.0162014, 9;
0.0147973, 9;
0.0148799, 9;
0.0168904, 9;
0.0150421, 9;
0.0153058, 9;
0.0152091, 9;
0.0159725, 9;
0.0143515, 9;
0.015277, 9;
0.0155579, 9;
0.0151274, 9;
0.0156948, 9;
0.0151133, 9;
0.0156522, 9;
0.0149675, 9;
0.0151465, 9;
0.0153522, 9;
0.016655, 9;
0.0152307, 9;
0.0162964, 9;
0.0154803, 9;
0.0136448, 9;
0.0156897, 9;
0.0161469, 9;
0.0150141, 9;
0.0161069, 9;
0.0147521, 9;
0.0155238, 9;
0.0161859, 9;
0.0156836, 9;
0.0162357, 9;
0.0153594, 9;
0.0154178, 9;
0.0167767, 9;
0.0142411, 9;
0.0147592, 9;
0.016014, 9;
0.0155619, 9;
0.0155747, 9;
0.014889, 9;
0.0152284, 9;
0.0160412, 9;
0.0149876, 9;
0.015382, 9;
0.0169718, 9;
0.0140544, 9;
0.0146422, 9;
0.0165725, 9;
0.0141495, 9;
0.015442, 9;
0.0157027, 9;
0.0157165, 9;
0.0151662, 9;
0.0153903, 9;
0.0149823, 9;
0.0159569, 9;
0.0147781, 9;
0.0158394, 9;
0.0145349, 9;
0.0149069, 9;
0.0156346, 9;
0.0159655, 9;
0.0160283, 9;
0.0164462, 9;
0.015346, 9;
0.0154454, 9;
0.0145807, 9;
0.0159926, 9;
0.0169554, 9;
0.0152401, 9;
0.0150935, 9;
0.0148848, 9;
0.015963, 9;
0.0152724, 9;
0.0152813, 9;
0.0160065, 9;
0.0141796, 9;
0.0168159, 9;
0.0138159, 9;
0.0151218, 9;
0.0155058, 9;
0.0144267, 9;
0.0158743, 9;
0.0165071, 9;
0.0146879, 9;
0.016708, 9;
0.0144758, 9;
0.0151519, 9;
0.0192916, 9;
0.0126415, 9;
0.0141382, 9;
0.0160426, 9;
0.0170257, 9;
0.0150806, 9;
0.0158326, 9;
0.0149751, 9;
0.0149645, 9;
0.0154192, 9;
0.0157078, 9;
0.0152224, 9;
0.0143244, 9;
0.0151749, 9;
0.0159132, 9;
0.0155141, 9;
0.0154249, 9;
0.0161482, 9;
0.0138377, 9;
0.0150825, 9;
0.0160617, 9;
0.0156406, 9;
0.0150509, 9;
0.0174071, 9;
0.0130068, 9;
0.0149426, 9;
0.0150828, 9;
0.0158376, 9;
0.0154983, 9;
0.0161724, 9;
0.0165061, 9;
0.0167407, 9;
0.0137477, 9;
0.0156965, 9;
0.0161135, 9;
0.017008, 9;
0.0148469, 9;
0.0161149, 9;
0.0138477, 9;
0.0155833, 9;
0.0161914, 9;
0.0167101, 9;
0.0143389, 9;
0.0150486, 9;
0.0153123, 9;
0.0156332, 9;
0.0162167, 9;
0.015187, 9;
0.0151349, 9;
0.0152263, 9;
0.0151548, 9;
0.0152385, 9;
0.0154716, 9;
0.0160401, 9;
0.0158235, 9;
0.0165421, 9;
0.0156089, 9;
0.0147019, 9;
0.0156563, 9;
0.0143346, 9;
0.0150217, 9;
0.0150152, 9;
0.0150038, 9;
0.0150457, 9;
0.0158841, 9;
0.0157912, 9;
0.014647, 9;
0.0187788, 9;
0.0123155, 9;
0.0153161, 9;
0.0181394, 9;
0.0137881, 9;
0.015163, 9;
0.0153042, 9;
0.0153156, 9;
0.0161161, 9;
0.0149323, 9;
0.0155631, 9;
0.0153651, 9;
0.0162751, 9;
0.0145851, 9;
0.0173321, 9;
0.0137434, 9;
0.0155258, 9;
0.0152656, 9;
0.0159968, 9;
0.0149991, 9;
0.0156186, 9;
0.0152233, 9;
0.0150651, 9;
0.0161279, 9;
0.0146611, 9;
0.0148922, 9;
0.015747, 9;
0.0166886, 9;
0.015221, 9;
0.0158482, 9;
0.0146265, 9;
0.0152919, 9;
0.0144796, 9;
0.0155583, 9;
0.0157055, 9;
0.0146123, 9;
0.0150273, 9;
0.015229, 9;
0.0152188, 9;
0.0160215, 9;
0.0173088, 9;
0.0138738, 9;
0.0208773, 9;
0.0089118, 9;
0.0163469, 9;
0.0153346, 9;
0.0152522, 9;
0.0155474, 9;
0.0150605, 9;
0.0144329, 9;
0.0160417, 9;
0.015442, 9;
0.016756, 9;
0.0136729, 9;
0.0201894, 9;
0.0144213, 9;
0.0125523, 9;
0.0175444, 9;
0.0134954, 9;
0.0152011, 9;
0.0159517, 9;
0.0152829, 9;
0.0157529, 9;
0.0147976, 9;
0.015953, 9;
0.0144474, 9;
0.0176988, 9;
0.0131339, 9;
0.0158352, 9;
0.0161286, 9;
0.0156547, 9;
0.01409, 9;
0.0162541, 9;
0.0150357, 9;
0.0154737, 9;
0.0171932, 9;
0.0137804, 9;
0.0157876, 9;
0.0153634, 9;
0.0176339, 9;
0.0131131, 9;
0.0157881, 9;
0.0156624, 9;
0.0160515, 9;
0.0162965, 9;
0.0139973, 9;
0.0167476, 9;
0.0142018, 9;
0.0160181, 9;
0.0149634, 9;
0.0151072, 9;
0.0158838, 9;
0.0148448, 9;
0.0158176, 9;
0.0145777, 9;
0.0155194, 9;
0.0160302, 9;
0.0152896, 9;
0.0156044, 9;
0.0153429, 9;
0.0149526, 9;
0.0153393, 9;
0.0151815, 9;
0.0154995, 9;
0.0154607, 9;
0.0154744, 9;
0.0169776, 9;
0.0143706, 9;
0.0155807, 9;
0.0154038, 9;
0.0158041, 9;
0.015072, 9;
0.015834, 9;
0.0154725, 9;
0.0165127, 9;
0.0148828, 9;
0.0151381, 9;
0.0160466, 9;
0.0151264, 9;
0.0158713, 9;
0.0160899, 9;
0.0162954, 9;
0.0146542, 9;
0.0155697, 9;
0.0149658, 9;
0.0161231, 9;
0.0152628, 9;
0.0171393, 9;
0.0135849, 9;
0.0160665, 9;
0.0150021, 9;
0.0151383, 9;
0.0156168, 9;
0.0152936, 9;
0.0163873, 9;
0.016515, 9;
0.0126021, 9;
0.0153573, 9;
0.015897, 9;
0.0153207, 9;
0.0152646, 9;
0.0157967, 9;
0.0151903, 9;
0.0156051, 9;
0.0152955, 9;
0.0166182, 9;
0.0153944, 9;
0.0160147, 9;
0.015815, 9;
0.0149813, 9;
0.0152937, 9;
0.0157285, 9;
0.0149741, 9;
0.0162904, 9;
0.0147154, 9;
0.0161444, 9;
0.0149547, 9;
0.0145014, 9;
0.015495, 9;
0.0163935, 9;
0.0140649, 9;
0.0157656, 9;
0.0174021, 9;
0.0132791, 9;
0.0156048, 9;
0.0152167, 9;
0.0149592, 9;
0.0148109, 9;
0.0163834, 9;
0.014913, 9;
0.0147982, 9;
0.0161316, 9;
0.0164577, 9;
0.0151145, 9;
0.0159124, 9;
0.0152144, 9;
0.0152824, 9;
0.0148465, 9;
0.0158291, 9;
0.0150271, 9;
0.0167591, 9;
0.0142072, 9;
0.0149104, 9;
0.0172779, 9;
0.0146148, 9;
0.0149264, 9;
0.0152988, 9;
0.0153548, 9;
0.0157196, 9;
0.0155974, 9;
0.0154119, 9;
0.0153114, 9;
0.015084, 9;
0.0159688, 9;
0.0156122, 9;
0.0152716, 9;
0.0156633, 9;
0.0153748, 9;
0.0156266, 9;
0.0163215, 9;
0.0154904, 9;
0.0149065, 9;
0.0157625, 9;
0.0144486, 9;
0.0151472, 9;
0.0155055, 9;
0.0154474, 9;
0.0157279, 9;
0.0152317, 9;
0.0157963, 9;
0.0158551, 9;
0.0152654, 9;
0.0159454, 9;
0.015076, 9;
0.0149602, 9;
0.0162162, 9;
0.0160612, 9;
0.0162899, 9;
0.0143324, 9;
0.0157167, 9;
0.0144712, 9;
0.0154093, 9;
0.0163618, 9;
0.0146382, 9;
0.0149768, 9;
0.0168393, 9;
0.0143119, 9;
0.0153249, 9;
0.0159414, 9;
0.0151684, 9;
0.0152516, 9;
0.0148075, 9;
0.0151201, 9;
0.017036, 9;
0.0139062, 9;
0.0156883, 9;
0.0166976, 9;
0.014441, 9;
0.0166039, 9;
0.0143573, 9;
0.0167754, 9;
0.0139373, 9;
0.0155902, 9;
0.0173158, 9;
0.0142901, 9;
0.0152554, 9;
0.0146992, 9;
0.0159705, 9;
0.017127, 9;
0.0158321, 9;
0.013833, 9;
0.0149274, 9;
0.0153235, 9;
0.0169073, 9;
0.0128843, 9;
0.0162578, 9;
0.016617, 9;
0.0136053, 9;
0.0151886, 9;
0.0156392, 9;
0.0151827, 9;
0.0161156, 9;
0.0161643, 9;
0.0147149, 9;
0.016816, 9;
0.0141618, 9;
0.0159845, 9;
0.0155015, 9;
0.0154865, 9;
0.0161701, 9;
0.0162362, 9;
0.0162909, 9;
0.0139296, 9;
0.0153675, 9;
0.0163435, 9;
0.0134382, 9;
0.0155106, 9;
0.0158716, 9;
0.0154634, 9;
0.0148501, 9;
0.0154071, 9;
0.0151105, 9;
0.0169889, 9;
0.0133942, 9;
0.0152903, 9;
0.0166036, 9;
0.0150008, 9;
0.0163639, 9;
0.0157386, 9;
0.0137418, 9;
0.0157333, 9;
0.0157043, 9;
0.0156071, 9;
0.0156096, 9;
0.0157275, 9;
0.0166252, 9;
0.0142708, 9;
0.0170836, 9;
0.0154959, 9;
0.0140155, 9;
0.0159463, 9;
0.01574, 9;
0.0159928, 9;
0.016452, 9;
0.0146442, 9;
0.0148236, 9;
0.0160089, 9;
0.0148269, 9;
0.0151465, 9;
0.0158411, 9;
0.0149389, 9;
0.0160807, 9;
0.0170281, 9;
0.016284, 9;
0.0134106, 9;
0.0161469, 9;
0.015209, 9;
0.015442, 9;
0.0153248, 9;
0.0154244, 9;
0.0155639, 9;
0.016143, 9;
0.0157954, 9;
0.0143414, 9;
0.0167231, 9;
0.0138345, 9;
0.0158029, 9;
0.0173397, 9;
0.0141708, 9;
0.0151587, 9;
0.0162834, 9;
0.0147721, 9;
0.0160985, 9;
0.0165088, 9;
0.0147433, 9;
0.015702, 9;
0.014868, 9;
0.0157782, 9;
0.0167408, 9;
0.0153086, 9;
0.0147973, 9;
0.0162504, 9;
0.0159856, 9;
0.0137611, 9;
0.0155692, 9;
0.0155771, 9;
0.0155751, 9;
0.0153639, 9;
0.0151455, 9;
0.0164939, 9;
0.0140681, 9;
0.015423, 9;
0.0161465, 9;
0.0156687, 9;
0.0148275, 9;
0.0160151, 9;
0.0147767, 9;
0.0159021, 9;
0.0160387, 9;
0.0160368, 9;
0.0166064, 9;
0.0132039, 9;
0.0169857, 9;
0.0149662, 9;
0.0151107, 9;
0.0152788, 9;
0.0154491, 9;
0.01579, 9;
0.0151761, 9;
0.0154038, 9;
0.0161075, 9;
0.0143186, 9;
0.0150095, 9;
0.0148818, 9;
0.0162143, 9;
0.0169102, 9;
0.0138556, 9;
0.0155982, 9;
0.0153433, 9;
0.0154055, 9;
0.015311, 9;
0.0165961, 9;
0.0146741, 9;
0.0158607, 9;
0.0157486, 9;
0.0164146, 9;
0.0142678, 9;
0.0157734, 9;
0.0172347, 9;
0.014011, 9;
0.015372, 9;
0.0147412, 9;
0.016052, 9;
0.0166333, 9;
0.0154359, 9;
0.0149304, 9;
0.0158147, 9;
0.0145701, 9;
0.0159383, 9;
0.0162372, 9;
0.0151614, 9;
0.0175676, 9;
0.0163242, 9;
0.0129866, 9;
0.0189516, 9;
0.011363, 9;
0.0153305, 9;
0.0147322, 9;
0.0164998, 9;
0.0147302, 9;
0.0164656, 9;
0.0170584, 9;
0.013512, 9;
0.0154181, 9;
0.0155668, 9;
0.015916, 9;
0.0156673, 9;
0.0156305, 9;
0.0156947, 9;
0.0157074, 9;
0.0153451, 9;
0.0153243, 9;
0.0167309, 9;
0.0146931, 9;
0.0151328, 9;
0.0149915, 9;
0.0167308, 9;
0.0145182, 9;
0.0152758, 9;
0.015583, 9;
0.015204, 9;
0.015034, 9;
0.0158704, 9;
0.0162373, 9;
0.0153591, 9;
0.0164366, 9;
0.0154433, 9;
0.015604, 9;
0.015721, 9;
0.0152567, 9;
0.0171829, 9;
0.0137115, 9;
0.015842, 9;
0.0152679, 9;
0.015133, 9;
0.0145157, 9;
0.0152783, 9;
0.0154508, 9;
0.0150359, 9;
0.0163819, 9;
0.0166069, 9;
0.0139691, 9;
0.0162045, 9;
0.0161827, 9;
0.0134802, 9;
0.0161538, 9;
0.0158155, 9;
0.0156858, 9;
0.0152292, 9;
0.0159966, 9;
0.0166143, 9;
0.0142441, 9;
0.0155296, 9;
0.0154651, 9;
0.0155097, 9;
0.0155702, 9;
0.0154214, 9;
0.0160874, 9;
0.0155992, 9;
0.0151482, 9;
0.0153803, 9;
0.0165079, 9;
0.0141843, 9;
0.0169656, 9;
0.0142117, 9;
0.0145771, 9;
0.0161601, 9;
0.0150338, 9;
0.0160418, 9;
0.0149955, 9;
0.0157331, 9;
0.0171614, 9;
0.0144108, 9;
0.014719, 9;
0.0157527, 9;
0.0150505, 9;
0.0155413, 9;
0.0154709, 9;
0.0150802, 9;
0.0159436, 9;
0.0158219, 9;
0.01588, 9;
0.014731, 9;
0.0152043, 9;
0.0161644, 9;
0.0171536, 9;
0.0166979, 9;
0.013266, 9;
0.0149863, 9;
0.0167389, 9;
0.0143743, 9;
0.0153894, 9;
0.017198, 9;
0.013705, 9;
0.0158212, 9;
0.0153666, 9;
0.0148151, 9;
0.016907, 9;
0.0155554, 9;
0.015444, 9;
0.0153708, 9;
0.0155235, 9;
0.0155551, 9;
0.0153937, 9;
0.0158898, 9;
0.0155268, 9;
0.0159539, 9;
0.0143687, 9;
0.0149929, 9;
0.0166021, 9;
0.0155998, 9;
0.0142807, 9;
0.0158408, 9;
0.0157408, 9;
0.0157912, 9;
0.0166151, 9;
0.0143405, 9;
0.0151882, 9;
0.0150805, 9;
0.0158707, 9;
0.0159755, 9;
0.0160713, 9;
0.0155119, 9;
0.0158915, 9;
0.0163912, 9;
0.0156607, 9;
0.0174211, 9;
0.0141159, 9;
0.0151854, 9;
0.0157159, 9;
0.0160251, 9;
0.015931, 9;
0.0152289, 9;
0.0185638, 9;
0.0134317, 9;
0.0161087, 9;
0.0164163, 9;
0.0163585, 9;
0.0140476, 9;
0.0175821, 9;
0.0146662, 9;
0.0144837, 9;
0.0154791, 9;
0.0155423, 9;
0.0156664, 9;
0.015679, 9;
0.0155881, 9;
0.0155293, 9;
0.017343, 9;
0.0133154, 9;
0.015156, 9;
0.0180499, 9;
0.0142063, 9;
0.0152358, 9;
0.0165612, 9;
0.0141713, 9;
0.0153368, 9;
0.0157105, 9;
0.0157356, 9;
0.014132, 9;
0.0156946, 9;
0.0152644, 9;
0.01614, 9;
0.0157678, 9;
0.014963, 9;
0.0160243, 9;
0.0149993, 9;
0.0161527, 9;
0.0156292, 9;
0.0180092, 9;
0.0130709, 9;
0.0153556, 9;
0.0156017, 9;
0.0156838, 9;
0.0161331, 9;
0.0161387, 9;
0.0160074, 9;
0.0146216, 9;
0.0172892, 9;
0.0139936, 9;
0.0148264, 9;
0.0160099, 9;
0.0162236, 9;
0.0151176, 9;
0.0159178, 9;
0.0153861, 9;
0.0158732, 9;
0.0165747, 9;
0.0146856, 9;
0.0144798, 9;
0.0161905, 9;
0.016019, 9;
0.0138974, 9;
0.0150238, 9;
0.0153029, 9;
0.0145527, 9;
0.0150746, 9;
0.0166211, 9;
0.0154864, 9;
0.0147654, 9;
0.0164369, 9;
0.0144545, 9;
0.0155693, 9;
0.0158182, 9;
0.0145634, 9;
0.0155093, 9;
0.0157463, 9;
0.0154481, 9;
0.0151757, 9;
0.0154685, 9;
0.015094, 9;
0.0165427, 9;
0.0145604, 9;
0.0157529, 9;
0.0161338, 9;
0.0147127, 9;
0.0151769, 9;
0.0176147, 9;
0.013116, 9;
0.0159881, 9;
0.0171654, 9;
0.0142629, 9;
0.0163598, 9;
0.0141351, 9;
0.0153716, 9;
0.0156449, 9;
0.0154858, 9;
0.0152993, 9;
0.0160448, 9;
0.0152486, 9;
0.0148404, 9;
0.0194347, 9;
0.0130605, 9;
0.0145531, 9;
0.0147739, 9;
0.0173726, 9;
0.0145613, 9;
0.0134274, 9;
0.016089, 9;
0.0150329, 9;
0.0155784, 9;
0.0145383, 9;
0.0166623, 9;
0.0172176, 9;
0.0150276, 9;
0.0137426, 9;
0.0157473, 9;
0.0156989, 9;
0.0155549, 9;
0.0159758, 9;
0.0159953, 9;
0.0170695, 9;
0.0145606, 9;
0.0164986, 9;
0.0139177, 9;
0.0149601, 9;
0.016264, 9;
0.0146979, 9;
0.0147603, 9;
0.0156674, 9;
0.0162384, 9;
0.0149149, 9;
0.0155399, 9;
0.0151821, 9;
0.0164634, 9;
0.0148045, 9;
0.0154458, 9;
0.0158643, 9;
0.0156138, 9;
0.0160732, 9;
0.0144098, 9;
0.015339, 9;
0.0165973, 9;
0.0151845, 9;
0.0152024, 9;
0.0155172, 9;
0.0154533, 9;
0.0157938, 9;
0.0160679, 9;
0.0158172, 9;
0.0176988, 9;
0.0142656, 9;
0.0151608, 9;
0.0159269, 9;
0.0155866, 9;
0.0153045, 9;
0.0155477, 9;
0.0160182, 9;
0.0155776, 9;
0.0159671, 9;
0.0159533, 9;
0.0152131, 9;
0.0154136, 9;
0.014887, 9;
0.0149833, 9;
0.0166165, 9;
0.014997, 9;
0.0153029, 9;
0.0154866, 9;
0.0158982, 9;
0.0157744, 9;
0.0155043, 9;
0.0152534, 9;
0.0166153, 9;
0.0156489, 9;
0.0143246, 9;
0.0161721, 9;
0.0158786, 9;
0.0160121, 9;
0.0141431, 9;
0.0146664, 9;
0.0151985, 9;
0.0159837, 9;
0.0158897, 9;
0.0150503, 9;
0.0153525, 9;
0.0156817, 9;
0.0161601, 9;
0.0139375, 9;
0.0154504, 9;
0.0168849, 9;
0.0150775, 9;
0.0153623, 9;
0.0147403, 9;
0.0150559, 9;
0.0157825, 9;
0.0172303, 9;
0.013683, 9;
0.0156557, 9;
0.015209, 9;
0.0150115, 9;
0.0182965, 9;
0.012313, 9;
0.0160631, 9;
0.015907, 9;
0.0141708, 9;
0.0150104, 9;
0.0171394, 9;
0.0135984, 9;
0.0194541, 9;
0.0134197, 9;
0.016727, 9;
0.0126531, 9;
0.016722, 9;
0.0158574, 9;
0.0134837, 9;
0.0160926, 9;
0.0166733, 9;
0.0148269, 9;
0.017374, 9;
0.0144915, 9;
0.015031, 9;
0.0159859, 9;
0.0154383, 9;
0.0158522, 9;
0.0158698, 9;
0.0143286, 9;
0.016141, 9;
0.0408359, 9;
0.0182148, 9;
0.0316933, 9;
0.022544, 9;
0.040755, 9;
0.0550365, 9;
0.0161839, 9;
0.0124398, 9;
0.0203759, 9;
0.0142007, 9;
0.0083258, 9;
0.0174796, 9;
0.0153684, 9;
0.0142571, 9;
0.0237981, 9;
0.0071432, 9;
0.0172432, 9;
0.0124935, 9;
0.01712, 9;
0.0155468, 9;
0.0155188, 9;
0.0136237, 9;
0.0176804, 9;
0.0147595, 9;
0.0149602, 9;
0.0146597, 9;
0.017374, 9;
0.0157887, 9;
0.0141766, 9;
0.0191196, 9;
0.022745, 9;
0.0267649, 9;
0.0100362, 9;
0.0191189, 9;
0.0112542, 9;
0.0194675, 9;
0.0122494, 9;
0.016583, 9;
0.0132461, 9;
0.0229048, 9;
0.0086808, 9;
0.0137692, 9;
0.0198262, 9;
0.0136383, 9;
0.014074, 9;
0.0157993, 9;
0.0145669, 9;
0.0162743, 9;
0.0135913, 9;
0.0175189, 9;
0.0144908, 9;
0.0154187, 9;
0.0149172, 9;
0.0158344, 9;
0.0162921, 9;
0.0153899, 9;
0.0159409, 9;
0.0150918, 9;
0.0160292, 9;
0.0139466, 9;
0.015386, 9;
0.0148762, 9;
0.0161402, 9;
0.0180321, 9;
0.0128809, 9;
0.0155176, 9;
0.0160304, 9;
0.0146768, 9;
0.0147663, 9;
0.015428, 9;
0.020991, 9;
0.0100232, 9;
0.0170426, 9;
0.0151927, 9;
0.0145638, 9;
0.0163004, 9;
0.0186615, 9;
0.0145106, 9;
0.0126602, 9;
0.0149324, 9;
0.0142748, 9;
0.0157252, 9;
0.0161854, 9;
0.0138196, 9;
0.0152662, 9;
0.0148755, 9;
0.0157475, 9;
0.0159367, 9;
0.0157538, 9;
0.0191416, 9;
0.0105248, 9;
0.0168655, 9;
0.0131296, 9;
0.0174482, 9;
0.0127937, 9;
0.0158561, 9;
0.0148095, 9;
0.0166466, 9;
0.0136252, 9;
0.0153577, 9;
0.014675, 9;
0.0165012, 9;
0.0146163, 9;
0.0157183, 9;
0.0147867, 9;
0.0171374, 9;
0.0152496, 9;
0.0166924, 9;
0.01758, 9;
0.0106792, 9;
0.0161566, 9;
0.0155902, 9;
0.0182243, 9;
0.0138473, 9;
0.0167593, 9;
0.0197033, 9;
0.010593, 9;
0.0176718, 9;
0.0137214, 9;
0.0293393, 9;
0.0313515, 9;
0.0288392, 9;
0.0192323, 9;
0.0193222, 9;
0.011504, 9;
0.0177802, 9;
0.0118372, 9;
0.0244943, 9;
0.0079298, 9;
0.0167603, 9;
0.0129788, 9;
0.0157687, 9;
0.0168721, 9;
0.0182161, 9;
0.015117, 9;
0.0279215, 9;
0.0207156, 9;
0.0131869, 9;
0.0179484, 9;
0.0141055, 9;
0.0160676, 9;
0.0157933, 9;
0.0180001, 9;
0.014257, 9;
0.0159319, 9;
0.0133215, 9;
0.0161934, 9;
0.0158158, 9;
0.0164258, 9;
0.0152685, 9;
0.0146339, 9;
0.0160679, 9;
0.0162377, 9;
0.0136329, 9;
0.0163312, 9;
0.0160831, 9;
0.0162714, 9;
0.0147894, 9;
0.0177578, 9;
0.0131205, 9;
0.0147501, 9;
0.0149685, 9;
0.0187921, 9;
0.0127217, 9;
0.0150727, 9;
0.0165368, 9;
0.0154915, 9;
0.0142998, 9;
0.01591, 9;
0.0156981, 9;
0.015801, 9;
0.0161204, 9;
0.0164243, 9;
0.0144957, 9;
0.0145479, 9;
0.0154993, 9;
0.0155865, 9;
0.0156156, 9;
0.0152102, 9;
0.015884, 9;
0.0162045, 9;
0.015164, 9;
0.0157952, 9;
0.0162837, 9;
0.0156917, 9;
0.0151668, 9;
0.0150935, 9;
0.0157976, 9;
0.0168958, 9;
0.0137648, 9;
0.0157068, 9;
0.0157109, 9;
0.0155734, 9;
0.0151947, 9;
0.0153483, 9;
0.0158613, 9;
0.0192539, 9;
0.0127755, 9;
0.0179752, 9;
0.0142551, 9;
0.0164675, 9;
0.0152731, 9;
0.0181969, 9;
0.010952, 9;
0.0162611, 9;
0.0147508, 9;
0.0170558, 9;
0.0139215, 9;
0.0170199, 9;
0.0161286, 9;
0.0178838, 9;
0.0127428, 9;
0.0162703, 9;
0.0159575, 9;
0.0153949, 9;
0.0137434, 9;
0.0158474, 9;
0.0172678, 9;
0.0136235, 9;
0.0162041, 9;
0.0207927, 9;
0.0106072, 9;
0.0170193, 9;
0.0156663, 9;
0.0155568, 9;
0.0147981, 9;
0.0151728, 9;
0.0156006, 9;
0.0143456, 9;
0.0174214, 9;
0.0136552, 9;
0.0165176, 9;
0.0189181, 9;
0.0133116, 9;
0.013041, 9;
0.0161779, 9;
0.0143939, 9;
0.0411059, 9;
0.0366941, 9;
0.017962, 9;
0.0234652, 9;
0.0066096, 9;
0.0157426, 9;
0.0163198, 9;
0.0136777, 9;
0.0180749, 9;
0.0127107, 9;
0.0159137, 9;
0.0160478, 9;
0.0150825, 9;
0.0152116, 9;
0.0159749, 9;
0.0155423, 9;
0.0155476, 9;
0.0157661, 9;
0.0150365, 9;
0.0148326, 9;
0.0152553, 9;
0.0155214, 9;
0.0163431, 9;
0.0140545, 9;
0.0157959, 9;
0.0148173, 9;
0.0163247, 9;
0.014521, 9;
0.0157114, 9;
0.016075, 9;
0.0148675, 9;
0.0151271, 9;
0.016648, 9;
0.0159234, 9;
0.0143563, 9;
0.0166416, 9;
0.0141965, 9;
0.0150268, 9;
0.0150033, 9;
0.0148997, 9;
0.0151779, 9;
0.0150237, 9;
0.0160017, 9;
0.0162163, 9;
0.0142821, 9;
0.0183271, 9;
0.0121271, 9;
0.0151, 9;
0.0151356, 9;
0.0217956, 9;
0.0089669, 9;
0.0165208, 9;
0.0153699, 9;
0.0149206, 9;
0.0153179, 9;
0.0151276, 9;
0.0159798, 9;
0.0154329, 9;
0.0171129, 9;
0.0167026, 9;
0.012535, 9;
0.0149129, 9;
0.0152209, 9;
0.0154991, 9;
0.0153792, 9;
0.0162459, 9;
0.0136442, 9;
0.0160596, 9;
0.0151705, 9;
0.0146958, 9;
0.0159821, 9;
0.0150736, 9;
0.0158062, 9;
0.0154338, 9;
0.0165215, 9;
0.0149938, 9;
0.0168683, 9;
0.0156923, 9;
0.0142553, 9;
0.0157764, 9;
0.0145159, 9;
0.0158446, 9;
0.0154305, 9;
0.015763, 9;
0.0161643, 9;
0.0187889, 9;
0.0131957, 9;
0.0211614, 9;
0.0216141, 9;
0.0205694, 9;
0.0141294, 9;
0.0246568, 9;
0.0065234, 9;
0.0146912, 9;
0.0151458, 9;
0.0154181, 9;
0.0176123, 9;
0.0151581, 9;
0.0143317, 9;
0.0146959, 9;
0.0150191, 9;
0.0160638, 9;
0.0165568, 9;
0.0131677, 9;
0.0156464, 9;
0.0157938, 9;
0.0155479, 9;
0.0158559, 9;
0.0158153, 9;
0.0141678, 9;
0.0175944, 9;
0.0137497, 9;
0.016933, 9;
0.0131216, 9;
0.0154867, 9;
0.0199579, 9;
0.0118878, 9;
0.0175143, 9;
0.014444, 9;
0.0164786, 9;
0.0135375, 9;
0.0161108, 9;
0.0151035, 9;
0.0171678, 9;
0.0152966, 9;
0.0142762, 9;
0.019311, 9;
0.0115162, 9;
0.0164936, 9;
0.0193018, 9;
0.0106042, 9;
0.0159518, 9;
0.014998, 9;
0.0163522, 9;
0.0153329, 9;
0.0156984, 9;
0.0151675, 9;
0.0164572, 9;
0.0191822, 9;
0.011042, 9;
0.0221719, 9;
0.0071451, 9;
0.0159815, 9;
0.0161932, 9;
0.0152533, 9;
0.015484, 9;
0.0164816, 9;
0.0143341, 9;
0.0176173, 9;
0.017811, 9;
0.0124307, 9;
0.0153375, 9;
0.0286542, 9;
0.0215623, 9;
0.0107843, 9;
0.0150951, 9;
0.0156001, 9;
0.0153438, 9;
0.0151648, 9;
0.0159355, 9;
0.0167595, 9;
0.0162394, 9;
0.0137826, 9;
0.0175084, 9;
0.0143942, 9;
0.0154583, 9;
0.0160324, 9;
0.0165796, 9;
0.0189923, 9;
0.0154783, 9;
0.0147169, 9;
0.0129874, 9;
0.0176311, 9;
0.0130943, 9;
0.0166632, 9;
0.0152279, 9;
0.0152035, 9;
0.0149899, 9;
0.0153455, 9;
0.0170861, 9;
0.0153444, 9;
0.0174671, 9;
0.0120954, 9;
0.0176648, 9;
0.0131421, 9;
0.0163704, 9;
0.0146205, 9;
0.0156741, 9;
0.015892, 9;
0.0151144, 9;
0.0160239, 9;
0.0152541, 9;
0.0155655, 9;
0.0154999, 9;
0.0181078, 9;
0.0140004, 9;
0.0166473, 9;
0.0134096, 9;
0.0161093, 9;
0.0153583, 9;
0.0157605, 9;
0.0157696, 9;
0.0135479, 9;
0.0161641, 9;
0.0149381, 9;
0.0157183, 9;
0.0152864, 9;
0.014921, 9;
0.0148444, 9;
0.0168133, 9;
0.0147698, 9;
0.0147887, 9;
0.0150135, 9;
0.0151148, 9;
0.0173001, 9;
0.0148929, 9;
0.0150754, 9;
0.016812, 9;
0.014456, 9;
0.0155707, 9;
0.0156432, 9;
0.0164226, 9;
0.0168135, 9;
0.0155333, 9;
0.0147241, 9;
0.0295724, 9;
0.0243916, 9;
0.0136903, 9;
0.0110555, 9;
0.0184534, 9;
0.0140373, 9;
0.0268561, 9;
0.0208276, 9;
0.0133293, 9;
0.0167869, 9;
0.0127477, 9;
0.018769, 9;
0.0143846, 9;
0.0160129, 9;
0.0231415, 9;
0.0057428, 9;
0.0211138, 9;
0.0168813, 9;
0.0087343, 9;
0.0311775, 9;
0.0200877, 9;
0.0118398, 9;
0.0253097, 9;
0.0324112, 9;
0.0213168, 9;
0.0221244, 9;
0.0108204, 9;
0.0169767, 9;
0.0239889, 9;
0.0228074, 9;
0.0137327, 9;
0.0174914, 9;
0.0309643, 9;
0.0368174, 9;
0.039016, 9;
0.0176649, 9;
0.0153827, 9;
0.0194967, 9;
0.0131347, 9;
0.0191524, 9;
0.0124782, 9;
0.0393737, 9;
0.0219481, 9;
0.0175836, 9;
0.0129371, 9;
0.0298489, 9;
0.0224101, 9;
0.0157522, 9;
0.0238841, 9;
0.0451639, 9;
0.0409876, 9;
0.0159584, 9;
0.0159162, 9;
0.0239502, 9;
0.0249096, 9;
0.0133301, 9;
0.021129, 9;
0.0274222, 9;
0.0086876, 9;
0.0424182, 9;
0.0489339, 9;
0.0226418, 9;
0.0121389, 9;
0.0214578, 9;
0.0162962, 9;
0.0092971, 9;
0.0153459, 9;
0.0201412, 9;
0.0134823, 9;
0.0156038, 9;
0.0130476, 9;
0.0187635, 9;
0.0126381, 9;
0.0200512, 9;
0.0175647, 9;
0.020423, 9;
0.0363903, 9;
0.0184153, 9;
0.0208419, 9;
0.0179194, 9;
0.0229676, 9;
0.0219317, 9;
0.0075381, 9;
0.0161097, 9;
0.0155666, 9;
0.0141703, 9;
0.0176225, 9;
0.0142825, 9;
0.015011, 9;
0.0170904, 9;
0.0134807, 9;
0.0152691, 9;
0.016153, 9;
0.0217481, 9;
0.0107487, 9;
0.0115616, 9;
0.0180369, 9;
0.0133981, 9;
0.0269017, 9;
0.0217933, 9;
0.0145758, 9;
0.0122459, 9;
0.0164136, 9;
0.0151129, 9;
0.0160029, 9;
0.014172, 9;
0.0180577, 9;
0.0143083, 9;
0.01499, 9;
0.0151945, 9;
0.0194771, 9;
0.0130434, 9;
0.0181265, 9;
0.0165198, 9;
0.0218898, 9;
0.010362, 9;
0.0146292, 9;
0.0130093, 9;
0.0156382, 9;
0.0171635, 9;
0.0169782, 9;
0.015326, 9;
0.0149835, 9;
0.0142392, 9;
0.0161436, 9;
0.0165097, 9;
0.0144289, 9;
0.0154194, 9;
0.0172303, 9;
0.0152399, 9;
0.0142543, 9;
0.0179183, 9;
0.0144795, 9;
0.0159702, 9;
0.0168837, 9;
0.0133424, 9;
0.0204997, 9;
0.0106534, 9;
0.0152577, 9;
0.0162818, 9;
0.0151232, 9;
0.0149992, 9;
0.0159609, 9;
0.0153255, 9;
0.0162391, 9;
0.0177679, 9;
0.0152413, 9;
0.0110096, 9;
0.0154525, 9;
0.0165829, 9;
0.0160858, 9;
0.0208117, 9;
0.0086888, 9;
0.0158367, 9;
0.0129423, 9;
0.0202422, 9;
0.0129616, 9;
0.0153627, 9;
0.0173184, 9;
0.0160837, 9;
0.0192667, 9;
0.0177992, 9;
0.0108173, 9;
0.0170624, 9;
0.0100799, 9;
0.0192944, 9;
0.0210124, 9;
0.0241508, 9;
0.0153715, 9;
0.0158147, 9;
0.0157582, 9;
0.018926, 9;
0.020694, 9;
0.032175, 9;
0.0359507, 9;
0.0309822, 9;
0.0295087, 9;
0.0300517, 9;
0.0211229, 9;
0.0132498, 9;
0.0159948, 9;
0.0171826, 9;
0.0260605, 9;
0.0238204, 9;
0.0297192, 9;
0.0129489, 9;
0.0129179, 9;
0.0218146, 9;
0.0545766, 9;
0.060913, 9;
0.0474457, 9;
0.0306876, 9;
0.0322772, 9;
0.0495683, 9;
0.0175386, 9;
0.0129999, 9;
0.0162745, 9;
0.0140626, 9;
0.0212445, 9;
0.0117101, 9;
0.0124819, 9;
0.0170802, 9;
0.0166887, 9;
0.0170647, 9;
0.0263075, 9;
0.0186114, 9;
0.038455, 9;
0.0209806, 9;
0.020642, 9;
0.0130204, 9;
0.014452, 9;
0.01683, 9;
0.018429, 9;
0.0122086, 9;
0.0171643, 9;
0.0156335, 9;
0.0149264, 9;
0.0175446, 9;
0.0127046, 9;
0.0158307, 9;
0.0162235, 9;
0.0137272, 9;
0.0157684, 9;
0.0169036, 9;
0.0156683, 9;
0.0154889, 9;
0.015103, 9;
0.0143174, 9;
0.015601, 9;
0.0208017, 9;
0.0107248, 9;
0.0193255, 9;
0.0189583, 9;
0.0113049, 9;
0.0124742, 9;
0.0168356, 9;
0.0159283, 9;
0.0174202, 9;
0.012004, 9;
0.0165803, 9;
0.0137701, 9;
0.0177354, 9;
0.0132139, 9;
0.0181268, 9;
0.0133715, 9;
0.0162637, 9;
0.0139565, 9;
0.0180601, 9;
0.0140292, 9;
0.015472, 9;
0.0146315, 9;
0.0191215, 9;
0.011591, 9;
0.020407, 9;
0.0106075, 9;
0.0170765, 9;
0.0149336, 9;
0.0198542, 9;
0.0120547, 9;
0.0168492, 9;
0.0161865, 9;
0.0136319, 9;
0.0163022, 9;
0.0136186, 9;
0.0148718, 9;
0.0153381, 9;
0.0163797, 9;
0.014297, 9;
0.0155079, 9;
0.0190078, 9;
0.0124573, 9;
0.0157682, 9;
0.015175, 9;
0.0170633, 9;
0.0150792, 9;
0.0157376, 9;
0.0153071, 9;
0.0156097, 9;
0.0150838, 9;
0.0160738, 9;
0.0154284, 9;
0.0170895, 9;
0.0153921, 9;
0.0133158, 9;
0.0286583, 9;
0.0193204, 9;
0.0146191, 9;
0.0181632, 9;
0.0140447, 9;
0.0165687, 9;
0.0145921, 9;
0.01725, 9;
0.0155658, 9;
0.0156337, 9;
0.0158384, 9;
0.0146276, 9;
0.0155063, 9;
0.0158283, 9;
0.0144516, 9;
0.0158148, 9;
0.0156532, 9;
0.015177, 9;
0.0153823, 9;
0.0171613, 9;
0.0137514, 9;
0.0162856, 9;
0.0154038, 9;
0.0161321, 9;
0.0142334, 9;
0.016134, 9;
0.0157068, 9;
0.0157444, 9;
0.0153772, 9;
0.0166984, 9;
0.0140377, 9;
0.0160351, 9;
0.0158306, 9;
0.0157436, 9;
0.0158368, 9;
0.0162688, 9;
0.0155911, 9;
0.0154963, 9;
0.015151, 9;
0.0156543, 9;
0.0148815, 9;
0.017087, 9;
0.0159181, 9;
0.0173663, 9;
0.0107126, 9;
0.0157217, 9;
0.0166039, 9;
0.0142037, 9;
0.015886, 9;
0.0136918, 9;
0.0161815, 9;
0.0185682, 9;
0.011885, 9;
0.0188026, 9;
0.0123122, 9;
0.0161291, 9;
0.018557, 9;
0.0121202, 9;
0.015631, 9;
0.0165266, 9;
0.0160187, 9;
0.0164923, 9;
0.0147041, 9;
0.0245335, 9;
0.0064133, 9;
0.0178196, 9;
0.0134928, 9;
0.0165025, 9;
0.0150916, 9;
0.0171849, 9;
0.0175949, 9;
0.0110778, 9;
0.0171706, 9;
0.0133711, 9;
0.0153308, 9;
0.015163, 9;
0.0164312, 9;
0.0159322, 9;
0.0170038, 9;
0.0137127, 9;
0.0148433, 9;
0.0153017, 9;
0.0148535, 9;
0.0162331, 9;
0.015854, 9;
0.0182369, 9;
0.0141075, 9;
0.0155466, 9;
0.0149042, 9;
0.0148715, 9;
0.0153948, 9;
0.0166691, 9;
0.0147285, 9;
0.0168602, 9;
0.0131522, 9;
0.0167633, 9;
0.014358, 9;
0.0150755, 9;
0.0163059, 9;
0.0147706, 9;
0.0150425, 9;
0.0161134, 9;
0.0145895, 9;
0.0161511, 9;
0.0153452, 9;
0.0153413, 9;
0.0160041, 9;
0.0148826, 9;
0.014865, 9;
0.0154996, 9;
0.0149587, 9;
0.0181396, 9;
0.0125071, 9;
0.0159847, 9;
0.0154152, 9;
0.0157608, 9;
0.0159939, 9;
0.0155095, 9;
0.0156092, 9;
0.0168393, 9;
0.0151192, 9;
0.0171234, 9;
0.0137359, 9;
0.0189472, 9;
0.0162097, 9;
0.011861, 9;
0.0178791, 9;
0.0139953, 9;
0.0185976, 9;
0.0118304, 9;
0.01614, 9;
0.0163617, 9;
0.0259282, 9;
0.0233807, 9;
0.0163743, 9;
0.0153266, 9;
0.0123042, 9;
0.0152069, 9;
0.0160099, 9;
0.02025, 9;
0.0117274, 9;
0.0162465, 9;
0.0169823, 9;
0.0143607, 9;
0.015808, 9;
0.0257124, 9;
0.020685, 9;
0.0166641, 9;
0.0151378, 9;
0.0146647, 9;
0.015419, 9;
0.0151503, 9;
0.015463, 9;
0.0155459, 9;
0.0185392, 9;
0.0152313, 9;
0.0132971, 9;
0.053601, 9;
0.0164029, 9;
0.0143945, 9;
0.0284568, 9;
0.011341, 9;
0.0310488, 9;
0.0149781, 9;
0.0144103, 9;
0.0161137, 9;
0.0154334, 9;
0.0222729, 9;
0.0076661, 9;
0.0164316, 9;
0.0146752, 9;
0.0156591, 9;
0.0152764, 9;
0.0143358, 9;
0.0175393, 9;
0.0131459, 9;
0.0160261, 9;
0.0157827, 9;
0.0165899, 9;
0.0149986, 9;
0.0154184, 9;
0.0158312, 9;
0.0149864, 9;
0.0165204, 9;
0.0155443, 9;
0.014907, 9;
0.0158768, 9;
0.0166397, 9;
0.0141724, 9;
0.0151447, 9;
0.0155808, 9;
0.0161473, 9;
0.0152273, 9;
0.0143961, 9;
0.0201304, 9;
0.0171323, 9;
0.0167677, 9;
0.008995, 9;
0.0151463, 9;
0.0162413, 9;
0.0154404, 9;
0.0158306, 9;
0.0157014, 9;
0.0146409, 9;
0.0157334, 9;
0.0172103, 9;
0.0137997, 9;
0.0168243, 9;
0.0211542, 9;
0.0120781, 9;
0.0168237, 9;
0.0107971, 9;
0.0152549, 9;
0.0164219, 9;
0.0168706, 9;
0.0135391, 9;
0.0167014, 9;
0.0152676, 9;
0.0155233, 9;
0.0149551, 9;
0.0179306, 9;
0.0148665, 9;
0.0145733, 9;
0.0149116, 9;
0.0162081, 9;
0.0195799, 9;
0.0155622, 9;
0.0105627, 9;
0.0172624, 9;
0.0144317, 9;
0.0161124, 9;
0.015153, 9;
0.0147952, 9;
0.0148177, 9;
0.0154816, 9;
0.0154643, 9;
0.0171201, 9;
0.0147201, 9;
0.0163357, 9;
0.0157763, 9;
0.0150316, 9;
0.015169, 9;
0.0159559, 9;
0.0170474, 9;
0.0131255, 9;
0.015004, 9;
0.0164307, 9;
0.0144289, 9;
0.0157375, 9;
0.0162269, 9;
0.015954, 9;
0.0143634, 9;
0.0153632, 9;
0.0174985, 9;
0.016399, 9;
0.0132009, 9;
0.0155238, 9;
0.0157221, 9;
0.0152615, 9;
0.015136, 9;
0.0158773, 9;
0.0151984, 9;
0.0158585, 9;
0.0151806, 9;
0.0158564, 9;
0.0167353, 9;
0.0142725, 9;
0.0161476, 9;
0.0155814, 9;
0.0143283, 9;
0.0159357, 9;
0.0153063, 9;
0.0163082, 9;
0.0147291, 9;
0.0150769, 9;
0.0170176, 9;
0.0151712, 9;
0.0151195, 9;
0.0154954, 9;
0.0155369, 9;
0.0152581, 9;
0.0154541, 9;
0.0165042, 9;
0.0144311, 9;
0.0158543, 9;
0.0177432, 9;
0.0150106, 9;
0.0135938, 9;
0.0151281, 9;
0.0151572, 9;
0.015338, 9;
0.0158288, 9;
0.0152046, 9;
0.0165679, 9;
0.0154702, 9;
0.014594, 9;
0.0164966, 9;
0.0146195, 9;
0.0148329, 9;
0.0161316, 9;
0.014962, 9;
0.0148638, 9;
0.0160962, 9;
0.0150599, 9;
0.0153955, 9;
0.0153635, 9;
0.0155994, 9;
0.0154086, 9;
0.0157039, 9;
0.0151787, 9;
0.0160207, 9;
0.0159825, 9;
0.0148109, 9;
0.0151673, 9;
0.0147874, 9;
0.0154933, 9;
0.0154541, 9;
0.0155108, 9;
0.0157734, 9;
0.0154373, 9;
0.0148761, 9;
0.0157362, 9;
0.0190512, 9;
0.0112463, 9;
0.0169709, 9;
0.0151207, 9;
0.0160863, 9;
0.0174785, 9;
0.0143096, 9;
0.0164503, 9;
0.0157956, 9;
0.0145053, 9;
0.0149859, 9;
0.0157063, 9;
0.0147039, 9;
0.0159935, 9;
0.0158505, 9;
0.0159538, 9;
0.0168094, 9;
0.0159815, 9;
0.0142822, 9;
0.015426, 9;
0.0149577, 9;
0.0159719, 9;
0.0148235, 9;
0.0151425, 9;
0.0154977, 9;
0.0160922, 9;
0.0158601, 9;
0.0167221, 9;
0.0136136, 9;
0.0158078, 9;
0.016257, 9;
0.0143508, 9;
0.0154419, 9;
0.0149807, 9;
0.0150596, 9;
0.0156563, 9;
0.0162492, 9;
0.0138737, 9;
0.0169508, 9;
0.0141182, 9;
0.0157482, 9;
0.0158405, 9;
0.0157342, 9;
0.015739, 9;
0.0167824, 9;
0.0138461, 9;
0.0174933, 9;
0.0150989, 9;
0.0146047, 9;
0.015829, 9;
0.014721, 9;
0.0155686, 9;
0.0157524, 9;
0.0152056, 9;
0.0164951, 9;
0.0148324, 9;
0.0150008, 9;
0.0167776, 9;
0.0151348, 9;
0.0147664, 9;
0.015133, 9;
0.0155854, 9;
0.0162346, 9;
0.0136815, 9;
0.0153028, 9;
0.0156879, 9;
0.0165386, 9;
0.0147657, 9;
0.0149894, 9;
0.0161482, 9;
0.0147822, 9;
0.015127, 9;
0.0156653, 9;
0.0160089, 9;
0.0155544, 9;
0.0158026, 9;
0.0168839, 9;
0.0145963, 9;
0.0172911, 9;
0.0144455, 9;
0.0154659, 9;
0.0140983, 9;
0.0160572, 9;
0.0155301, 9;
0.0161629, 9;
0.016812, 9;
0.015308, 9;
0.0143004, 9;
0.0159932, 9;
0.0159764, 9;
0.0159642, 9;
0.0150908, 9;
0.0168141, 9;
0.0150747, 9;
0.0161224, 9;
0.0155599, 9;
0.0153702, 9;
0.0161667, 9;
0.0154036, 9;
0.0148786, 9;
0.015915, 9;
0.0153772, 9;
0.0157467, 9;
0.0144806, 9;
0.0163754, 9;
0.0154938, 9;
0.0145626, 9;
0.0151792, 9;
0.0159765, 9;
0.0156989, 9;
0.0176017, 9;
0.013523, 9;
0.0156921, 9;
0.0151348, 9;
0.0162175, 9;
0.015293, 9;
0.0166086, 9;
0.0148098, 9;
0.0161406, 9;
0.0151312, 9;
0.0154707, 9;
0.0158092, 9;
0.0152271, 9;
0.0164323, 9;
0.0145839, 9;
0.0159493, 9;
0.0148001, 9;
0.0154676, 9;
0.0160279, 9;
0.0148962, 9;
0.0157126, 9;
0.0146721, 9;
0.0154073, 9;
0.0156099, 9;
0.0166463, 9;
0.0139532, 9;
0.0153894, 9;
0.0147983, 9;
0.0184527, 9;
0.012883, 9;
0.0150649, 9;
0.0174124, 9;
0.0144496, 9;
0.0157266, 9;
0.0151791, 9;
0.0142846, 9;
0.0158951, 9;
0.0149036, 9;
0.0149025, 9;
0.0156979, 9;
0.0155149, 9;
0.0153854, 9;
0.014429, 9;
0.0159989, 9;
0.0173626, 9;
0.0146362, 9;
0.0156559, 9;
0.0178159, 9;
0.0130943, 9;
0.0160273, 9;
0.0154278, 9;
0.0155976, 9;
0.0159004, 9;
0.0150633, 9;
0.0160191, 9;
0.0158906, 9;
0.013926, 9;
0.0165123, 9;
0.0143283, 9;
0.0156998, 9;
0.0155079, 9;
0.0165469, 9;
0.0141987, 9;
0.0160956, 9;
0.0158523, 9;
0.0158073, 9;
0.0153419, 9;
0.0158985, 9;
0.0165376, 9;
0.0132104, 9;
0.0151863, 9;
0.0162535, 9;
0.0144465, 9;
0.015453, 9;
0.0151689, 9;
0.015014, 9;
0.015444, 9;
0.0158261, 9;
0.0146665, 9;
0.0167427, 9;
0.0154283, 9;
0.0152825, 9;
0.0161264, 9;
0.0155251, 9;
0.0162308, 9;
0.0144214, 9;
0.0197499, 9;
0.0113395, 9;
0.0164998, 9;
0.0138423, 9;
0.0159687, 9;
0.0143541, 9;
0.0162902, 9;
0.01616, 9;
0.0154442, 9;
0.0152042, 9;
0.0171363, 9;
0.0134892, 9;
0.0150893, 9;
0.0149996, 9;
0.0148498, 9;
0.0165867, 9;
0.0144168, 9;
0.0152318, 9;
0.0156937, 9;
0.0151395, 9;
0.0155723, 9;
0.0144834, 9;
0.0157124, 9;
0.01611, 9;
0.0148072, 9;
0.0156892, 9;
0.0167129, 9;
0.0141194, 9;
0.0152714, 9;
0.0149663, 9;
0.0156685, 9;
0.0153745, 9;
0.0156374, 9;
0.015415, 9;
0.0161018, 9;
0.0135417, 9;
0.0160223, 9;
0.0160174, 9;
0.0149175, 9;
0.015192, 9;
0.0161811, 9;
0.0177513, 9;
0.0128876, 9;
0.0164269, 9;
0.0141525, 9;
0.0153182, 9;
0.015464, 9;
0.0158136, 9;
0.0166866, 9;
0.0152739, 9;
0.0150729, 9;
0.0146924, 9;
0.0182162, 9;
0.0137817, 9;
0.0149778, 9;
0.0153908, 9;
0.0157623, 9;
0.0155485, 9;
0.0162214, 9;
0.0144629, 9;
0.0147335, 9;
0.0160791, 9;
0.017032, 9;
0.0144477, 9;
0.0147084, 9;
0.0153466, 9;
0.0152882, 9;
0.015668, 9;
0.0177458, 9;
0.0133418, 9;
0.0186118, 9;
0.0124998, 9;
0.0150111, 9;
0.0148996, 9;
0.0152845, 9;
0.0155883, 9;
0.016544, 9;
0.0155125, 9;
0.0154178, 9;
0.0153965, 9;
0.0168468, 9;
0.0145879, 9;
0.0156793, 9;
0.0152975, 9;
0.0153722, 9;
0.0160139, 9;
0.0135723, 9;
0.016063, 9;
0.0152665, 9;
0.0157307, 9;
0.0152692, 9;
0.0148413, 9;
0.0150387, 9;
0.0154883, 9;
0.0148312, 9;
0.0145628, 9;
0.0159469, 9;
0.015191, 9;
0.0149465, 9;
0.0148231, 9;
0.0154901, 9;
0.0153328, 9;
0.0168054, 9;
0.0150913, 9;
0.0153779, 9;
0.0152443, 9;
0.0156776, 9;
0.0154067, 9;
0.0151113, 9;
0.0156613, 9;
0.0152831, 9;
0.0157336, 9;
0.0147537, 9;
0.0161364, 9;
0.0150404, 9;
0.0155263, 9;
0.0165083, 9;
0.0133969, 9;
0.0158735, 9;
0.0159009, 9;
0.0155192, 9;
0.0146889, 9;
0.0173574, 9;
0.0133831, 9;
0.0175918, 9;
0.0133868, 9;
0.0159649, 9;
0.0149777, 9;
0.0152455, 9;
0.0149643, 9;
0.0150716, 9;
0.0144363, 9;
0.0152584, 9;
0.0151478, 9;
0.0155546, 9;
0.0161288, 9;
0.0158012, 9;
0.0172876, 9;
0.0127079, 9;
0.0153988, 9;
0.0162749, 9;
0.0153373, 9;
0.0161418, 9;
0.0132027, 9;
0.0166456, 9;
0.0174199, 9;
0.0117935, 9;
0.0147737, 9;
0.0154188, 9;
0.0157918, 9;
0.0160269, 9;
0.0141682, 9;
0.0159257, 9;
0.0169011, 9;
0.0159381, 9;
0.0162007, 9;
0.0144132, 9;
0.0156809, 9;
0.0162782, 9;
0.0142867, 9;
0.015723, 9;
0.0160466, 9;
0.015171, 9;
0.016313, 9;
0.0137184, 9;
0.014831, 9;
0.0149029, 9;
0.0157198, 9;
0.0151909, 9;
0.0165658, 9;
0.0142853, 9;
0.0173297, 9;
0.013714, 9;
0.0156417, 9;
0.015323, 9;
0.0162566, 9;
0.0143408, 9;
0.0153224, 9;
0.0166229, 9;
0.0143156, 9;
0.016032, 9;
0.016529, 9;
0.014231, 9;
0.0150395, 9;
0.0174609, 9;
0.0165598, 9;
0.0117879, 9;
0.015344, 9;
0.0157393, 9;
0.0150037, 9;
0.0161884, 9;
0.0149863, 9;
0.0155037, 9;
0.0150071, 9;
0.016085, 9;
0.0141922, 9;
0.0158646, 9;
0.0145739, 9;
0.0151511, 9;
0.015625, 9;
0.0160932, 9;
0.0151549, 9;
0.016034, 9;
0.0145063, 9;
0.0150324, 9;
0.015286, 9;
0.0157601, 9;
0.0155293, 9;
0.0198095, 9;
0.0097617, 9;
0.0172688, 9;
0.0141509, 9;
0.0153772, 9;
0.019466, 9;
0.0115834, 9;
0.0165433, 9;
0.0145568, 9;
0.0152332, 9;
0.0152228, 9;
0.0141217, 9;
0.0159044, 9;
0.0152693, 9;
0.019128, 9;
0.0123581, 9;
0.0160505, 9;
0.0143767, 9;
0.0160383, 9;
0.0155666, 9;
0.0158566, 9;
0.0176835, 9;
0.0127227, 9;
0.0147813, 9;
0.0152238, 9;
0.0150059, 9;
0.0159419, 9;
0.0163288, 9;
0.0138293, 9;
0.0158496, 9;
0.0149091, 9;
0.0159446, 9;
0.0157066, 9;
0.0143168, 9;
0.0160668, 9;
0.0147475, 9;
0.0149667, 9;
0.0153268, 9;
0.0157409, 9;
0.0163663, 9;
0.0147414, 9;
0.0149942, 9;
0.0168218, 9;
0.0154001, 9;
0.0144668, 9;
0.0146452, 9;
0.0209491, 9;
0.0099661, 9;
0.015743, 9;
0.0160465, 9;
0.0161502, 9;
0.0152468, 9;
0.0151409, 9;
0.0155884, 9;
0.0149571, 9;
0.0160095, 9;
0.0156445, 9;
0.0153304, 9;
0.016088, 9;
0.0167054, 9;
0.0150065, 9;
0.0151128, 9;
0.0159821, 9;
0.0158396, 9;
0.0157608, 9;
0.0142424, 9;
0.0148553, 9;
0.0153986, 9;
0.0156191, 9;
0.0192444, 9;
0.0119524, 9;
0.0156776, 9;
0.0153746, 9;
0.0149065, 9;
0.0153712, 9;
0.0151633, 9;
0.0157424, 9;
0.015356, 9;
0.015485, 9;
0.0166991, 9;
0.0147874, 9;
0.0155211, 9;
0.016484, 9;
0.0144074, 9;
0.0149528, 9;
0.0149101, 9;
0.0153262, 9;
0.0160722, 9;
0.0154059, 9;
0.0154073, 9;
0.0160206, 9;
0.0159821, 9;
0.0158666, 9;
0.015302, 9;
0.015663, 9;
0.0155328, 9;
0.015194, 9;
0.0147556, 9;
0.0153474, 9;
0.0160856, 9;
0.0145128, 9;
0.017163, 9;
0.01439, 9;
0.015283, 9;
0.0157681, 9;
0.0147987, 9;
0.016212, 9;
0.0146849, 9;
0.0154669, 9;
0.0159011, 9;
0.0167638, 9;
0.0140374, 9;
0.0158217, 9;
0.015282, 9;
0.0151342, 9;
0.0149076, 9;
0.0152135, 9;
0.0157146, 9;
0.0149339, 9;
0.0162423, 9;
0.0160575, 9;
0.0157551, 9;
0.0150637, 9;
0.017868, 9;
0.0143059, 9;
0.0142344, 9;
0.018594, 9;
0.0159734, 9;
0.0123887, 9;
