0.0135754, 0.0, 0,110,110,9.47107e-07,0.00146738,0,0.0029357
0.0109768, 0.0, 110,217,107,9.47107e-07,0.00146738,0,0.0029357
0.0043872, 0.0, 217,246,29,9.47107e-07,0.00146738,0,0.0029357
0.00529875, 0.0, 246,275,29,9.47107e-07,0.00146738,0,0.0029357
0.00166577, 0.0, 275,304,29,9.47107e-07,0.00146738,0,0.0029357
0.00313969, 0.0, 304,333,29,9.47107e-07,0.00146738,0,0.0029357
0.00139354, 0.0, 333,362,29,9.47107e-07,0.00146738,0,0.0029357
0.00140774, 0.0, 362,391,29,9.47107e-07,0.00146738,0,0.0029357
0.00079657, 0.0, 391,420,29,9.47107e-07,0.00146738,0,0.0029357
0.00120545, 0.0, 420,449,29,9.47107e-07,0.00146738,0,0.0029357
0.000811312, 0.0, 449,478,29,9.47107e-07,0.00146738,0,0.0029357
0.000877246, 0.0, 478,507,29,9.47107e-07,0.00146738,0,0.0029357
0.00172025, 0.0, 507,537,30,9.47107e-07,0.00146738,0,0.0029357
0.00157744, 0.0, 537,566,29,9.47107e-07,0.00146738,0,0.0029357
0.000714618, 0.0, 566,595,29,9.47107e-07,0.00146738,0,0.0029357
0.000609428, 0.0, 595,624,29,9.47107e-07,0.00146738,0,0.0029357
0.000509494, 0.0, 624,653,29,9.47107e-07,0.00146738,0,0.0029357
0.000691918, 0.0, 653,682,29,9.47107e-07,0.00146738,0,0.0029357
0.000261838, 0.0, 682,712,30,9.47107e-07,0.00146738,0,0.0029357
0.000569659, 0.0, 712,741,29,9.47107e-07,0.00146738,0,0.0029357
0.000291033, 0.0, 741,770,29,9.47107e-07,0.00146738,0,0.0029357
0.000579659, 0.0, 770,799,29,9.47107e-07,0.00146738,0,0.0029357
0.000467521, 0.0, 799,828,29,9.47107e-07,0.00146738,0,0.0029357
0.000510936, 0.0, 828,857,29,9.47107e-07,0.00146738,0,0.0029357
0.000647075, 0.0, 857,886,29,9.47107e-07,0.00146738,0,0.0029357
0.00105606, 0.0, 886,915,29,9.47107e-07,0.00146738,0,0.0029357
0.000905512, 0.0, 915,944,29,9.47107e-07,0.00146738,0,0.0029357
0.000678625, 0.0, 944,975,31,9.47107e-07,0.00146738,0,0.0029357
0.000651606, 0.0, 975,1004,29,9.47107e-07,0.00146738,0,0.0029357
0.000392842, 0.0, 1004,1033,29,9.47107e-07,0.00146738,0,0.0029357
0.000955805, 0.0, 1033,1063,30,9.47107e-07,0.00146738,0,0.0029357
0.000353096, 0.0, 1063,1092,29,9.47107e-07,0.00146738,0,0.0029357
0.000691378, 0.0, 1092,1121,29,9.47107e-07,0.00146738,0,0.0029357
0.000937873, 0.0, 1121,1150,29,9.47107e-07,0.00146738,0,0.0029357
0.000661647, 0.0, 1150,1179,29,9.47107e-07,0.00146738,0,0.0029357
0.00064442, 0.0, 1179,1208,29,9.47107e-07,0.00146738,0,0.0029357
0.000700093, 0.0, 1208,1238,30,9.47107e-07,0.00146738,0,0.0029357
0.000733674, 0.0, 1238,1267,29,9.47107e-07,0.00146738,0,0.0029357
0.000581527, 0.0, 1267,1296,29,9.47107e-07,0.00146738,0,0.0029357
0.000973502, 0.0, 1296,1325,29,9.47107e-07,0.00146738,0,0.0029357
0.00104439, 0.0, 1325,1354,29,9.47107e-07,0.00146738,0,0.0029357
0.00083176, 0.0, 1354,1383,29,9.47107e-07,0.00146738,0,0.0029357
0.000457901, 0.0, 1383,1412,29,9.47107e-07,0.00146738,0,0.0029357
0.000720114, 0.0, 1412,1442,30,9.47107e-07,0.00146738,0,0.0029357
0.00062779, 0.0, 1442,1471,29,9.47107e-07,0.00146738,0,0.0029357
0.000391881, 0.0, 1471,1500,29,9.47107e-07,0.00146738,0,0.0029357
0.000240537, 0.0, 1500,1529,29,9.47107e-07,0.00146738,0,0.0029357
0.000571956, 0.0, 1529,1558,29,9.47107e-07,0.00146738,0,0.0029357
0.000586822, 0.0, 1558,1588,30,9.47107e-07,0.00146738,0,0.0029357
0.000916354, 0.0, 1588,1617,29,9.47107e-07,0.00146738,0,0.0029357
0.000804727, 0.0, 1617,1646,29,9.47107e-07,0.00146738,0,0.0029357
0.000699416, 0.0, 1646,1675,29,9.47107e-07,0.00146738,0,0.0029357
0.000690499, 0.0, 1675,1704,29,9.47107e-07,0.00146738,0,0.0029357
0.00075547, 0.0, 1704,1733,29,9.47107e-07,0.00146738,0,0.0029357
0.0004377, 0.0, 1733,1763,30,9.47107e-07,0.00146738,0,0.0029357
0.000490708, 0.0, 1763,1792,29,9.47107e-07,0.00146738,0,0.0029357
0.000784369, 0.0, 1792,1821,29,9.47107e-07,0.00146738,0,0.0029357
0.000472337, 0.0, 1821,1850,29,9.47107e-07,0.00146738,0,0.0029357
0.000286181, 0.0, 1850,1880,30,9.47107e-07,0.00146738,0,0.0029357
0.000627839, 0.0, 1880,1909,29,9.47107e-07,0.00146738,0,0.0029357
0.000725922, 0.0, 1909,1938,29,9.47107e-07,0.00146738,0,0.0029357
0.000798759, 0.0, 1938,1967,29,9.47107e-07,0.00146738,0,0.0029357
0.000376954, 0.0, 1967,1996,29,9.47107e-07,0.00146738,0,0.0029357
0.000323246, 0.0, 1996,2025,29,9.47107e-07,0.00146738,0,0.0029357
0.000674604, 0.0, 2025,2054,29,9.47107e-07,0.00146738,0,0.0029357
0.000526813, 0.0, 2054,2084,30,9.47107e-07,0.00146738,0,0.0029357
0.000705008, 0.0, 2084,2113,29,9.47107e-07,0.00146738,0,0.0029357
0.000896677, 0.0, 2113,2142,29,9.47107e-07,0.00146738,0,0.0029357
0.000751529, 0.0, 2142,2171,29,9.47107e-07,0.00146738,0,0.0029357
0.000616343, 0.0, 2171,2200,29,9.47107e-07,0.00146738,0,0.0029357
0.00174701, 0.0, 2200,2229,29,9.47107e-07,0.00146738,0,0.0029357
0.000343467, 0.0, 2229,2259,30,9.47107e-07,0.00146738,0,0.0029357
0.000802483, 0.0, 2259,2288,29,9.47107e-07,0.00146738,0,0.0029357
0.00138909, 0.0, 2288,2317,29,9.47107e-07,0.00146738,0,0.0029357
0.00119609, 0.0, 2317,2346,29,9.47107e-07,0.00146738,0,0.0029357
0.000959471, 0.0, 2346,2375,29,9.47107e-07,0.00146738,0,0.0029357
0.000783005, 0.0, 2375,2404,29,9.47107e-07,0.00146738,0,0.0029357
0.000489364, 0.0, 2404,2434,30,9.47107e-07,0.00146738,0,0.0029357
0.000684119, 0.0, 2434,2463,29,9.47107e-07,0.00146738,0,0.0029357
0.000617438, 0.0, 2463,2492,29,9.47107e-07,0.00146738,0,0.0029357
0.00045837, 0.0, 2492,2521,29,9.47107e-07,0.00146738,0,0.0029357
0.000273158, 0.0, 2521,2550,29,9.47107e-07,0.00146738,0,0.0029357
0.000604515, 0.0, 2550,2579,29,9.47107e-07,0.00146738,0,0.0029357
0.000236589, 0.0, 2579,2608,29,9.47107e-07,0.00146738,0,0.0029357
0.000563201, 0.0, 2608,2638,30,9.47107e-07,0.00146738,0,0.0029357
0.000454589, 0.0, 2638,2667,29,9.47107e-07,0.00146738,0,0.0029357
0.00037414, 0.0, 2667,2696,29,9.47107e-07,0.00146738,0,0.0029357
0.000307448, 0.0, 2696,2725,29,9.47107e-07,0.00146738,0,0.0029357
0.000628501, 0.0, 2725,2754,29,9.47107e-07,0.00146738,0,0.0029357
0.00087279, 0.0, 2754,2784,30,9.47107e-07,0.00146738,0,0.0029357
0.000605295, 0.0, 2784,2813,29,9.47107e-07,0.00146738,0,0.0029357
0.000689368, 0.0, 2813,2842,29,9.47107e-07,0.00146738,0,0.0029357
0.000693098, 0.0, 2842,2871,29,9.47107e-07,0.00146738,0,0.0029357
0.00122781, 0.0, 2871,2900,29,9.47107e-07,0.00146738,0,0.0029357
0.00111931, 0.0, 2900,2929,29,9.47107e-07,0.00146738,0,0.0029357
0.000731041, 0.0, 2929,2958,29,9.47107e-07,0.00146738,0,0.0029357
0.000363414, 0.0, 2958,2987,29,9.47107e-07,0.00146738,0,0.0029357
0.000529922, 0.0, 2987,3016,29,9.47107e-07,0.00146738,0,0.0029357
0.000849962, 0.0, 3016,3045,29,9.47107e-07,0.00146738,0,0.0029357
0.000810527, 0.0, 3045,3074,29,9.47107e-07,0.00146738,0,0.0029357
0.00141251, 0.0, 3074,3103,29,9.47107e-07,0.00146738,0,0.0029357
0.00100432, 0.0, 3103,3133,30,9.47107e-07,0.00146738,0,0.0029357
0.000523915, 0.0, 3133,3162,29,9.47107e-07,0.00146738,0,0.0029357
0.000473227, 0.0, 3162,3191,29,9.47107e-07,0.00146738,0,0.0029357
0.000356361, 0.0, 3191,3220,29,9.47107e-07,0.00146738,0,0.0029357
0.000836937, 0.0, 3220,3249,29,9.47107e-07,0.00146738,0,0.0029357
0.00126737, 0.0, 3249,3278,29,9.47107e-07,0.00146738,0,0.0029357
0.000657894, 0.0, 3278,3307,29,9.47107e-07,0.00146738,0,0.0029357
0.000948936, 0.0, 3307,3336,29,9.47107e-07,0.00146738,0,0.0029357
0.00118791, 0.0, 3336,3365,29,9.47107e-07,0.00146738,0,0.0029357
0.00127314, 0.0, 3365,3394,29,9.47107e-07,0.00146738,0,0.0029357
0.00121132, 0.0, 3394,3423,29,9.47107e-07,0.00146738,0,0.0029357
0.000614338, 0.0, 3423,3453,30,9.47107e-07,0.00146738,0,0.0029357
0.000938487, 0.0, 3453,3482,29,9.47107e-07,0.00146738,0,0.0029357
0.00104915, 0.0, 3482,3511,29,9.47107e-07,0.00146738,0,0.0029357
0.00124218, 0.0, 3511,3540,29,9.47107e-07,0.00146738,0,0.0029357
0.000837892, 0.0, 3540,3569,29,9.47107e-07,0.00146738,0,0.0029357
0.000568747, 0.0, 3569,3599,30,9.47107e-07,0.00146738,0,0.0029357
0.00105115, 0.0, 3599,3628,29,9.47107e-07,0.00146738,0,0.0029357
0.000585958, 0.0, 3628,3657,29,9.47107e-07,0.00146738,0,0.0029357
0.000296394, 0.0, 3657,3686,29,9.47107e-07,0.00146738,0,0.0029357
0.000725657, 0.0, 3686,3715,29,9.47107e-07,0.00146738,0,0.0029357
0.000621197, 0.0, 3715,3744,29,9.47107e-07,0.00146738,0,0.0029357
0.000447784, 0.0, 3744,3773,29,9.47107e-07,0.00146738,0,0.0029357
0.000652957, 0.0, 3773,3803,30,9.47107e-07,0.00146738,0,0.0029357
0.000421024, 0.0, 3803,3832,29,9.47107e-07,0.00146738,0,0.0029357
0.000756132, 0.0, 3832,3861,29,9.47107e-07,0.00146738,0,0.0029357
0.000408843, 0.0, 3861,3890,29,9.47107e-07,0.00146738,0,0.0029357
0.00074618, 0.0, 3890,3919,29,9.47107e-07,0.00146738,0,0.0029357
0.000561451, 0.0, 3919,3948,29,9.47107e-07,0.00146738,0,0.0029357
0.00115896, 0.0, 3948,3977,29,9.47107e-07,0.00146738,0,0.0029357
0.000514005, 0.0, 3977,4006,29,9.47107e-07,0.00146738,0,0.0029357
0.000767093, 0.0, 4006,4035,29,9.47107e-07,0.00146738,0,0.0029357
0.000570187, 0.0, 4035,4065,30,9.47107e-07,0.00146738,0,0.0029357
0.00100479, 0.0, 4065,4093,28,9.47107e-07,0.00146738,0,0.0029357
0.000414921, 0.0, 4093,4123,30,9.47107e-07,0.00146738,0,0.0029357
0.00109145, 0.0, 4123,4152,29,9.47107e-07,0.00146738,0,0.0029357
0.000832219, 0.0, 4152,4181,29,9.47107e-07,0.00146738,0,0.0029357
0.000556159, 0.0, 4181,4210,29,9.47107e-07,0.00146738,0,0.0029357
0.000400146, 0.0, 4210,4239,29,9.47107e-07,0.00146738,0,0.0029357
0.000733023, 0.0, 4239,4268,29,9.47107e-07,0.00146738,0,0.0029357
0.000397395, 0.0, 4268,4297,29,9.47107e-07,0.00146738,0,0.0029357
0.000478165, 0.0, 4297,4326,29,9.47107e-07,0.00146738,0,0.0029357
0.00122097, 0.0, 4326,4356,30,9.47107e-07,0.00146738,0,0.0029357
0.00106598, 0.0, 4356,4385,29,9.47107e-07,0.00146738,0,0.0029357
0.000791704, 0.0, 4385,4414,29,9.47107e-07,0.00146738,0,0.0029357
0.000775208, 0.0, 4414,4443,29,9.47107e-07,0.00146738,0,0.0029357
0.000595867, 0.0, 4443,4472,29,9.47107e-07,0.00146738,0,0.0029357
0.000866266, 0.0, 4472,4501,29,9.47107e-07,0.00146738,0,0.0029357
0.000646126, 0.0, 4501,4530,29,9.47107e-07,0.00146738,0,0.0029357
0.000304509, 0.0, 4530,4559,29,9.47107e-07,0.00146738,0,0.0029357
0.00104138, 0.0, 4559,4588,29,9.47107e-07,0.00146738,0,0.0029357
0.000533404, 0.0, 4588,4617,29,9.47107e-07,0.00146738,0,0.0029357
0.000479327, 0.0, 4617,4647,30,9.47107e-07,0.00146738,0,0.0029357
0.000446995, 0.0, 4647,4676,29,9.47107e-07,0.00146738,0,0.0029357
0.000264336, 0.0, 4676,4705,29,9.47107e-07,0.00146738,0,0.0029357
0.000564474, 0.0, 4705,4734,29,9.47107e-07,0.00146738,0,0.0029357
0.000304594, 0.0, 4734,4763,29,9.47107e-07,0.00146738,0,0.0029357
0.000785284, 0.0, 4763,4792,29,9.47107e-07,0.00146738,0,0.0029357
0.000313156, 0.0, 4792,4821,29,9.47107e-07,0.00146738,0,0.0029357
0.000396755, 0.0, 4821,4851,30,9.47107e-07,0.00146738,0,0.0029357
0.000415705, 0.0, 4851,4880,29,9.47107e-07,0.00146738,0,0.0029357
0.000757594, 0.0, 4880,4909,29,9.47107e-07,0.00146738,0,0.0029357
0.000630846, 0.0, 4909,4938,29,9.47107e-07,0.00146738,0,0.0029357
0.000535119, 0.0, 4938,4968,30,9.47107e-07,0.00146738,0,0.0029357
0.000880373, 0.0, 4968,4997,29,9.47107e-07,0.00146738,0,0.0029357
0.00135356, 0.0, 4997,5026,29,9.47107e-07,0.00146738,0,0.0029357
0.00101114, 0.0, 5026,5055,29,9.47107e-07,0.00146738,0,0.0029357
0.00188101, 0.0, 5055,5084,29,9.47107e-07,0.00146738,0,0.0029357
0.000381982, 0.0, 5084,5113,29,9.47107e-07,0.00146738,0,0.0029357
0.00089182, 0.0, 5113,5142,29,9.47107e-07,0.00146738,0,0.0029357
0.000397627, 0.0, 5142,5172,30,9.47107e-07,0.00146738,0,0.0029357
0.000352602, 0.0, 5172,5200,28,9.47107e-07,0.00146738,0,0.0029357
0.000785113, 0.0, 5200,5229,29,9.47107e-07,0.00146738,0,0.0029357
0.000947491, 0.0, 5229,5258,29,9.47107e-07,0.00146738,0,0.0029357
0.000247265, 0.0, 5258,5287,29,9.47107e-07,0.00146738,0,0.0029357
0.000164025, 0.0, 5287,5316,29,9.47107e-07,0.00146738,0,0.0029357
0.000582405, 0.0, 5316,5346,30,9.47107e-07,0.00146738,0,0.0029357
0.000613925, 0.0, 5346,5375,29,9.47107e-07,0.00146738,0,0.0029357
0.000403165, 0.0, 5375,5404,29,9.47107e-07,0.00146738,0,0.0029357
0.00072423, 0.0, 5404,5433,29,9.47107e-07,0.00146738,0,0.0029357
0.000508183, 0.0, 5433,5462,29,9.47107e-07,0.00146738,0,0.0029357
0.00071547, 0.0, 5462,5491,29,9.47107e-07,0.00146738,0,0.0029357
0.000979793, 0.0, 5491,5521,30,9.47107e-07,0.00146738,0,0.0029357
0.000555034, 0.0, 5521,5550,29,9.47107e-07,0.00146738,0,0.0029357
0.000287609, 0.0, 5550,5579,29,9.47107e-07,0.00146738,0,0.0029357
0.00037846, 0.0, 5579,5608,29,9.47107e-07,0.00146738,0,0.0029357
0.000286077, 0.0, 5608,5637,29,9.47107e-07,0.00146738,0,0.0029357
0.00016763, 0.0, 5637,5666,29,9.47107e-07,0.00146738,0,0.0029357
0.000367537, 0.0, 5666,5695,29,9.47107e-07,0.00146738,0,0.0029357
0.000615872, 0.0, 5695,5724,29,9.47107e-07,0.00146738,0,0.0029357
0.000607448, 0.0, 5724,5753,29,9.47107e-07,0.00146738,0,0.0029357
0.00110375, 0.0, 5753,5782,29,9.47107e-07,0.00146738,0,0.0029357
0.000511179, 0.0, 5782,5811,29,9.47107e-07,0.00146738,0,0.0029357
0.000769541, 0.0, 5811,5840,29,9.47107e-07,0.00146738,0,0.0029357
0.000779738, 0.0, 5840,5869,29,9.47107e-07,0.00146738,0,0.0029357
0.00083253, 0.0, 5869,5899,30,9.47107e-07,0.00146738,0,0.0029357
0.000824412, 0.0, 5899,5928,29,9.47107e-07,0.00146738,0,0.0029357
0.00111947, 0.0, 5928,5957,29,9.47107e-07,0.00146738,0,0.0029357
0.000669557, 0.0, 5957,5986,29,9.47107e-07,0.00146738,0,0.0029357
0.00138909, 0.0, 5986,6015,29,9.47107e-07,0.00146738,0,0.0029357
0.00107496, 0.0, 6015,6044,29,9.47107e-07,0.00146738,0,0.0029357
0.000555321, 0.0, 6044,6074,30,9.47107e-07,0.00146738,0,0.0029357
0.000233939, 0.0, 6074,6103,29,9.47107e-07,0.00146738,0,0.0029357
0.000198906, 0.0, 6103,6132,29,9.47107e-07,0.00146738,0,0.0029357
0.000261084, 0.0, 6132,6161,29,9.47107e-07,0.00146738,0,0.0029357
0.000110832, 0.0, 6161,6190,29,9.47107e-07,0.00146738,0,0.0029357
0.000112451, 0.0, 6190,6220,30,9.47107e-07,0.00146738,0,0.0029357
0.000448559, 0.0, 6220,6249,29,9.47107e-07,0.00146738,0,0.0029357
0.000265743, 0.0, 6249,6278,29,9.47107e-07,0.00146738,0,0.0029357
0.000328886, 0.0, 6278,6307,29,9.47107e-07,0.00146738,0,0.0029357
0.000757618, 0.0, 6307,6336,29,9.47107e-07,0.00146738,0,0.0029357
0.00143575, 0.0, 6336,6365,29,9.47107e-07,0.00146738,0,0.0029357
0.000724061, 0.0, 6365,6394,29,9.47107e-07,0.00146738,0,0.0029357
0.00195722, 0.0, 6394,6424,30,9.47107e-07,0.00146738,0,0.0029357
0.0241788, 0.0, 6424,6453,29,9.47107e-07,0.00146738,0,0.0029357
0.0332198, 0.0, 6453,6482,29,9.47107e-07,0.00146738,0,0.0029357
0.0341226, 0.0, 6482,6511,29,9.47107e-07,0.00146738,0,0.0029357
0.0237985, 0.0, 6511,6540,29,9.47107e-07,0.00146738,0,0.0029357
0.074113, 0.0, 6540,6570,30,9.47107e-07,0.00146738,0,0.0029357
0.0698065, 0.0, 6570,6599,29,9.47107e-07,0.00146738,0,0.0029357
0.0508811, 0.0, 6599,6628,29,9.47107e-07,0.00146738,0,0.0029357
0.0595844, 0.0, 6628,6657,29,9.47107e-07,0.00146738,0,0.0029357
0.0277791, 0.0, 6657,6686,29,9.47107e-07,0.00146738,0,0.0029357
0.0581199, 0.0, 6686,6715,29,9.47107e-07,0.00146738,0,0.0029357
0.0488106, 0.0, 6715,6744,29,9.47107e-07,0.00146738,0,0.0029357
0.036821, 0.0, 6744,6773,29,9.47107e-07,0.00146738,0,0.0029357
0.0181522, 0.0, 6773,6802,29,9.47107e-07,0.00146738,0,0.0029357
0.0124804, 0.0, 6802,6831,29,9.47107e-07,0.00146738,0,0.0029357
0.00985377, 0.0, 6831,6860,29,9.47107e-07,0.00146738,0,0.0029357
0.00452694, 0.0, 6860,6890,30,9.47107e-07,0.00146738,0,0.0029357
0.00351946, 0.0, 6890,6919,29,9.47107e-07,0.00146738,0,0.0029357
0.00203296, 0.0, 6919,6948,29,9.47107e-07,0.00146738,0,0.0029357
0.00382753, 0.0, 6948,6977,29,9.47107e-07,0.00146738,0,0.0029357
0.00621957, 0.0, 6977,7007,30,9.47107e-07,0.00146738,0,0.0029357
0.00324417, 0.0, 7007,7037,30,9.47107e-07,0.00146738,0,0.0029357
0.00179004, 0.0, 7037,7067,30,9.47107e-07,0.00146738,0,0.0029357
0.000832128, 0.0, 7067,7096,29,9.47107e-07,0.00146738,0,0.0029357
0.00208526, 0.0, 7096,7125,29,9.47107e-07,0.00146738,0,0.0029357
0.00171832, 0.0, 7125,7155,30,9.47107e-07,0.00146738,0,0.0029357
0.00134107, 0.0, 7155,7184,29,9.47107e-07,0.00146738,0,0.0029357
0.00111862, 0.0, 7184,7213,29,9.47107e-07,0.00146738,0,0.0029357
0.000314092, 0.0, 7213,7243,30,9.47107e-07,0.00146738,0,0.0029357
0.000901872, 0.0, 7243,7273,30,9.47107e-07,0.00146738,0,0.0029357
0.00118016, 0.0, 7273,7302,29,9.47107e-07,0.00146738,0,0.0029357
0.000543345, 0.0, 7302,7331,29,9.47107e-07,0.00146738,0,0.0029357
0.00108955, 0.0, 7331,7360,29,9.47107e-07,0.00146738,0,0.0029357
0.000903734, 0.0, 7360,7390,30,9.47107e-07,0.00146738,0,0.0029357
0.000966023, 0.0, 7390,7420,30,9.47107e-07,0.00146738,0,0.0029357
0.000782911, 0.0, 7420,7449,29,9.47107e-07,0.00146738,0,0.0029357
0.000967333, 0.0, 7449,7478,29,9.47107e-07,0.00146738,0,0.0029357
0.000701335, 0.0, 7478,7507,29,9.47107e-07,0.00146738,0,0.0029357
0.000824469, 0.0, 7507,7536,29,9.47107e-07,0.00146738,0,0.0029357
0.00105912, 0.0, 7536,7565,29,9.47107e-07,0.00146738,0,0.0029357
0.000606088, 0.0, 7565,7595,30,9.47107e-07,0.00146738,0,0.0029357
0.000592201, 0.0, 7595,7624,29,9.47107e-07,0.00146738,0,0.0029357
0.000648082, 0.0, 7624,7654,30,9.47107e-07,0.00146738,0,0.0029357
0.00119289, 0.0, 7654,7683,29,9.47107e-07,0.00146738,0,0.0029357
0.000842529, 0.0, 7683,7712,29,9.47107e-07,0.00146738,0,0.0029357
0.000395053, 0.0, 7712,7742,30,9.47107e-07,0.00146738,0,0.0029357
0.000491545, 0.0, 7742,7772,30,9.47107e-07,0.00146738,0,0.0029357
0.000426606, 0.0, 7772,7801,29,9.47107e-07,0.00146738,0,0.0029357
0.000774874, 0.0, 7801,7830,29,9.47107e-07,0.00146738,0,0.0029357
0.000368883, 0.0, 7830,7859,29,9.47107e-07,0.00146738,0,0.0029357
0.000634235, 0.0, 7859,7888,29,9.47107e-07,0.00146738,0,0.0029357
0.000440929, 0.0, 7888,7918,30,9.47107e-07,0.00146738,0,0.0029357
0.000483166, 0.0, 7918,7948,30,9.47107e-07,0.00146738,0,0.0029357
0.000294691, 0.0, 7948,7977,29,9.47107e-07,0.00146738,0,0.0029357
0.00102057, 0.0, 7977,8006,29,9.47107e-07,0.00146738,0,0.0029357
0.00156525, 0.0, 8006,8036,30,9.47107e-07,0.00146738,0,0.0029357
0.000694032, 0.0, 8036,8065,29,9.47107e-07,0.00146738,0,0.0029357
0.000627277, 0.0, 8065,8094,29,9.47107e-07,0.00146738,0,0.0029357
0.000998823, 0.0, 8094,8124,30,9.47107e-07,0.00146738,0,0.0029357
0.00102859, 0.0, 8124,8153,29,9.47107e-07,0.00146738,0,0.0029357
0.00126136, 0.0, 8153,8182,29,9.47107e-07,0.00146738,0,0.0029357
0.000422681, 0.0, 8182,8212,30,9.47107e-07,0.00146738,0,0.0029357
0.000569786, 0.0, 8212,8241,29,9.47107e-07,0.00146738,0,0.0029357
0.00104738, 0.0, 8241,8270,29,9.47107e-07,0.00146738,0,0.0029357
0.0010538, 0.0, 8270,8300,30,9.47107e-07,0.00146738,0,0.0029357
0.000708103, 0.0, 8300,8329,29,9.47107e-07,0.00146738,0,0.0029357
0.00107014, 0.0, 8329,8358,29,9.47107e-07,0.00146738,0,0.0029357
0.000753556, 0.0, 8358,8388,30,9.47107e-07,0.00146738,0,0.0029357
0.00111454, 0.0, 8388,8418,30,9.47107e-07,0.00146738,0,0.0029357
0.00157263, 0.0, 8418,8448,30,9.47107e-07,0.00146738,0,0.0029357
0.00106684, 0.0, 8448,8477,29,9.47107e-07,0.00146738,0,0.0029357
0.000963636, 0.0, 8477,8506,29,9.47107e-07,0.00146738,0,0.0029357
0.00111592, 0.0, 8506,8536,30,9.47107e-07,0.00146738,0,0.0029357
0.000969822, 0.0, 8536,8565,29,9.47107e-07,0.00146738,0,0.0029357
0.000677023, 0.0, 8565,8595,30,9.47107e-07,0.00146738,0,0.0029357
0.00106186, 0.0, 8595,8625,30,9.47107e-07,0.00146738,0,0.0029357
0.00132198, 0.0, 8625,8654,29,9.47107e-07,0.00146738,0,0.0029357
0.000544795, 0.0, 8654,8683,29,9.47107e-07,0.00146738,0,0.0029357
0.00134438, 0.0, 8683,8712,29,9.47107e-07,0.00146738,0,0.0029357
0.00124919, 0.0, 8712,8742,30,9.47107e-07,0.00146738,0,0.0029357
0.00100909, 0.0, 8742,8772,30,9.47107e-07,0.00146738,0,0.0029357
0.000669172, 0.0, 8772,8801,29,9.47107e-07,0.00146738,0,0.0029357
0.000753632, 0.0, 8801,8830,29,9.47107e-07,0.00146738,0,0.0029357
0.00101838, 0.0, 8830,8860,30,9.47107e-07,0.00146738,0,0.0029357
0.000640952, 0.0, 8860,8889,29,9.47107e-07,0.00146738,0,0.0029357
0.000581654, 0.0, 8889,8918,29,9.47107e-07,0.00146738,0,0.0029357
0.000571416, 0.0, 8918,8947,29,9.47107e-07,0.00146738,0,0.0029357
0.000692221, 0.0, 8947,8977,30,9.47107e-07,0.00146738,0,0.0029357
0.000990822, 0.0, 8977,9006,29,9.47107e-07,0.00146738,0,0.0029357
0.000588964, 0.0, 9006,9036,30,9.47107e-07,0.00146738,0,0.0029357
0.000561123, 0.0, 9036,9065,29,9.47107e-07,0.00146738,0,0.0029357
0.00111122, 0.0, 9065,9094,29,9.47107e-07,0.00146738,0,0.0029357
0.00065896, 0.0, 9094,9124,30,9.47107e-07,0.00146738,0,0.0029357
0.00100958, 0.0, 9124,9153,29,9.47107e-07,0.00146738,0,0.0029357
0.000826881, 0.0, 9153,9182,29,9.47107e-07,0.00146738,0,0.0029357
0.000831402, 0.0, 9182,9212,30,9.47107e-07,0.00146738,0,0.0029357
0.00167673, 0.0, 9212,9241,29,9.47107e-07,0.00146738,0,0.0029357
0.00121386, 0.0, 9241,9270,29,9.47107e-07,0.00146738,0,0.0029357
0.0006303, 0.0, 9270,9299,29,9.47107e-07,0.00146738,0,0.0029357
0.000389407, 0.0, 9299,9328,29,9.47107e-07,0.00146738,0,0.0029357
0.00062371, 0.0, 9328,9366,38,9.47107e-07,0.00146738,0,0.0029357
0.00084853, 0.0, 9366,9410,44,9.47107e-07,0.00146738,0,0.0029357
0.00103431, 0.0, 9410,9438,28,9.47107e-07,0.00146738,0,0.0029357
0.000530034, 0.0, 9438,9468,30,9.47107e-07,0.00146738,0,0.0029357
0.000572909, 0.0, 9468,9497,29,9.47107e-07,0.00146738,0,0.0029357
0.000427581, 0.0, 9497,9526,29,9.47107e-07,0.00146738,0,0.0029357
0.000381558, 0.0, 9526,9555,29,9.47107e-07,0.00146738,0,0.0029357
0.0012486, 0.0, 9555,9584,29,9.47107e-07,0.00146738,0,0.0029357
0.000887308, 0.0, 9584,9613,29,9.47107e-07,0.00146738,0,0.0029357
0.00098289, 0.0, 9613,9643,30,9.47107e-07,0.00146738,0,0.0029357
0.00182314, 0.0, 9643,9672,29,9.47107e-07,0.00146738,0,0.0029357
0.000772965, 0.0, 9672,9701,29,9.47107e-07,0.00146738,0,0.0029357
0.000498669, 0.0, 9701,9731,30,9.47107e-07,0.00146738,0,0.0029357
0.00071341, 0.0, 9731,9760,29,9.47107e-07,0.00146738,0,0.0029357
0.000393081, 0.0, 9760,9789,29,9.47107e-07,0.00146738,0,0.0029357
0.000583106, 0.0, 9789,9818,29,9.47107e-07,0.00146738,0,0.0029357
0.000940414, 0.0, 9818,9847,29,9.47107e-07,0.00146738,0,0.0029357
0.000550988, 0.0, 9847,9876,29,9.47107e-07,0.00146738,0,0.0029357
0.00091294, 0.0, 9876,9905,29,9.47107e-07,0.00146738,0,0.0029357
0.00091171, 0.0, 9905,9934,29,9.47107e-07,0.00146738,0,0.0029357
0.00040518, 0.0, 9934,9964,30,9.47107e-07,0.00146738,0,0.0029357
0.00031967, 0.0, 9964,9993,29,9.47107e-07,0.00146738,0,0.0029357
0.00104782, 0.0, 9993,10023,30,9.47107e-07,0.00146738,0,0.0029357
0.000903829, 0.0, 10023,10052,29,9.47107e-07,0.00146738,0,0.0029357
0.00139328, 0.0, 10052,10081,29,9.47107e-07,0.00146738,0,0.0029357
0.000492896, 0.0, 10081,10110,29,9.47107e-07,0.00146738,0,0.0029357
0.000393715, 0.0, 10110,10139,29,9.47107e-07,0.00146738,0,0.0029357
0.000283979, 0.0, 10139,10169,30,9.47107e-07,0.00146738,0,0.0029357
0.000317382, 0.0, 10169,10198,29,9.47107e-07,0.00146738,0,0.0029357
0.00103547, 0.0, 10198,10227,29,9.47107e-07,0.00146738,0,0.0029357
0.00118513, 0.0, 10227,10256,29,9.47107e-07,0.00146738,0,0.0029357
0.000671116, 0.0, 10256,10285,29,9.47107e-07,0.00146738,0,0.0029357
0.00149856, 0.0, 10285,10315,30,9.47107e-07,0.00146738,0,0.0029357
0.000703347, 0.0, 10315,10344,29,9.47107e-07,0.00146738,0,0.0029357
0.00185872, 0.0, 10344,10373,29,9.47107e-07,0.00146738,0,0.0029357
0.0019506, 0.0, 10373,10402,29,9.47107e-07,0.00146738,0,0.0029357
0.000615613, 0.0, 10402,10432,30,9.47107e-07,0.00146738,0,0.0029357
0.000457571, 0.0, 10432,10461,29,9.47107e-07,0.00146738,0,0.0029357
0.000564535, 0.0, 10461,10490,29,9.47107e-07,0.00146738,0,0.0029357
0.000862506, 0.0, 10490,10520,30,9.47107e-07,0.00146738,0,0.0029357
0.000781875, 0.0, 10520,10549,29,9.47107e-07,0.00146738,0,0.0029357
0.000693449, 0.0, 10549,10578,29,9.47107e-07,0.00146738,0,0.0029357
0.000473117, 0.0, 10578,10608,30,9.47107e-07,0.00146738,0,0.0029357
0.00040966, 0.0, 10608,10637,29,9.47107e-07,0.00146738,0,0.0029357
0.000295086, 0.0, 10637,10666,29,9.47107e-07,0.00146738,0,0.0029357
0.000692641, 0.0, 10666,10696,30,9.47107e-07,0.00146738,0,0.0029357
0.000922466, 0.0, 10696,10725,29,9.47107e-07,0.00146738,0,0.0029357
0.000963522, 0.0, 10725,10755,30,9.47107e-07,0.00146738,0,0.0029357
0.00121161, 0.0, 10755,10784,29,9.47107e-07,0.00146738,0,0.0029357
0.00109458, 0.0, 10784,10813,29,9.47107e-07,0.00146738,0,0.0029357
0.00029912, 0.0, 10813,10842,29,9.47107e-07,0.00146738,0,0.0029357
0.000204444, 0.0, 10842,10871,29,9.47107e-07,0.00146738,0,0.0029357
0.000513762, 0.0, 10871,10901,30,9.47107e-07,0.00146738,0,0.0029357
0.000498083, 0.0, 10901,10930,29,9.47107e-07,0.00146738,0,0.0029357
0.00170491, 0.0, 10930,10959,29,9.47107e-07,0.00146738,0,0.0029357
0.00486395, 0.0, 10959,10988,29,9.47107e-07,0.00146738,0,0.0029357
0.0035479, 0.0, 10988,11017,29,9.47107e-07,0.00146738,0,0.0029357
0.00189926, 0.0, 11017,11047,30,9.47107e-07,0.00146738,0,0.0029357
0.00087443, 0.0, 11047,11076,29,9.47107e-07,0.00146738,0,0.0029357
0.000227331, 0.0, 11076,11105,29,9.47107e-07,0.00146738,0,0.0029357
0.00104086, 0.0, 11105,11134,29,9.47107e-07,0.00146738,0,0.0029357
0.00201572, 0.0, 11134,11163,29,9.47107e-07,0.00146738,0,0.0029357
0.00146555, 0.0, 11163,11193,30,9.47107e-07,0.00146738,0,0.0029357
0.00081779, 0.0, 11193,11222,29,9.47107e-07,0.00146738,0,0.0029357
0.000529891, 0.0, 11222,11251,29,9.47107e-07,0.00146738,0,0.0029357
0.000992736, 0.0, 11251,11280,29,9.47107e-07,0.00146738,0,0.0029357
0.00121178, 0.0, 11280,11309,29,9.47107e-07,0.00146738,0,0.0029357
0.0013919, 0.0, 11309,11338,29,9.47107e-07,0.00146738,0,0.0029357
0.00111964, 0.0, 11338,11368,30,9.47107e-07,0.00146738,0,0.0029357
0.00135542, 0.0, 11368,11397,29,9.47107e-07,0.00146738,0,0.0029357
0.000822877, 0.0, 11397,11426,29,9.47107e-07,0.00146738,0,0.0029357
0.00031821, 0.0, 11426,11455,29,9.47107e-07,0.00146738,0,0.0029357
0.000503904, 0.0, 11455,11485,30,9.47107e-07,0.00146738,0,0.0029357
0.0010227, 0.0, 11485,11514,29,9.47107e-07,0.00146738,0,0.0029357
0.00168369, 0.0, 11514,11544,30,9.47107e-07,0.00146738,0,0.0029357
0.0013882, 0.0, 11544,11573,29,9.47107e-07,0.00146738,0,0.0029357
0.000783522, 0.0, 11573,11602,29,9.47107e-07,0.00146738,0,0.0029357
0.000888024, 0.0, 11602,11631,29,9.47107e-07,0.00146738,0,0.0029357
0.00143017, 0.0, 11631,11661,30,9.47107e-07,0.00146738,0,0.0029357
0.000786818, 0.0, 11661,11690,29,9.47107e-07,0.00146738,0,0.0029357
0.00141046, 0.0, 11690,11719,29,9.47107e-07,0.00146738,0,0.0029357
0.000961428, 0.0, 11719,11748,29,9.47107e-07,0.00146738,0,0.0029357
0.000242654, 0.0, 11748,11777,29,9.47107e-07,0.00146738,0,0.0029357
0.000644428, 0.0, 11777,11806,29,9.47107e-07,0.00146738,0,0.0029357
0.00117752, 0.0, 11806,11835,29,9.47107e-07,0.00146738,0,0.0029357
0.00107283, 0.0, 11835,11864,29,9.47107e-07,0.00146738,0,0.0029357
0.000706247, 0.0, 11864,11894,30,9.47107e-07,0.00146738,0,0.0029357
0.0004339, 0.0, 11894,11924,30,9.47107e-07,0.00146738,0,0.0029357
0.00042362, 0.0, 11924,11953,29,9.47107e-07,0.00146738,0,0.0029357
0.000521327, 0.0, 11953,11982,29,9.47107e-07,0.00146738,0,0.0029357
0.00126374, 0.0, 11982,12011,29,9.47107e-07,0.00146738,0,0.0029357
0.000495784, 0.0, 12011,12040,29,9.47107e-07,0.00146738,0,0.0029357
0.000929273, 0.0, 12040,12070,30,9.47107e-07,0.00146738,0,0.0029357
0.000934085, 0.0, 12070,12099,29,9.47107e-07,0.00146738,0,0.0029357
0.000633093, 0.0, 12099,12128,29,9.47107e-07,0.00146738,0,0.0029357
0.000579763, 0.0, 12128,12157,29,9.47107e-07,0.00146738,0,0.0029357
0.000880324, 0.0, 12157,12186,29,9.47107e-07,0.00146738,0,0.0029357
0.00054974, 0.0, 12186,12216,30,9.47107e-07,0.00146738,0,0.0029357
0.000941452, 0.0, 12216,12245,29,9.47107e-07,0.00146738,0,0.0029357
0.000846143, 0.0, 12245,12274,29,9.47107e-07,0.00146738,0,0.0029357
0.00122253, 0.0, 12274,12303,29,9.47107e-07,0.00146738,0,0.0029357
0.000732129, 0.0, 12303,12332,29,9.47107e-07,0.00146738,0,0.0029357
0.00120323, 0.0, 12332,12362,30,9.47107e-07,0.00146738,0,0.0029357
0.0005441, 0.0, 12362,12391,29,9.47107e-07,0.00146738,0,0.0029357
0.00101393, 0.0, 12391,12421,30,9.47107e-07,0.00146738,0,0.0029357
0.000368141, 0.0, 12421,12450,29,9.47107e-07,0.00146738,0,0.0029357
0.000242849, 0.0, 12450,12479,29,9.47107e-07,0.00146738,0,0.0029357
0.000904147, 0.0, 12479,12508,29,9.47107e-07,0.00146738,0,0.0029357
0.00110382, 0.0, 12508,12538,30,9.47107e-07,0.00146738,0,0.0029357
0.000448837, 0.0, 12538,12567,29,9.47107e-07,0.00146738,0,0.0029357
0.000496865, 0.0, 12567,12596,29,9.47107e-07,0.00146738,0,0.0029357
0.0012118, 0.0, 12596,12625,29,9.47107e-07,0.00146738,0,0.0029357
0.0010907, 0.0, 12625,12654,29,9.47107e-07,0.00146738,0,0.0029357
0.000699977, 0.0, 12654,12683,29,9.47107e-07,0.00146738,0,0.0029357
0.000774745, 0.0, 12683,12712,29,9.47107e-07,0.00146738,0,0.0029357
0.00093749, 0.0, 12712,12742,30,9.47107e-07,0.00146738,0,0.0029357
0.00171282, 0.0, 12742,12771,29,9.47107e-07,0.00146738,0,0.0029357
0.000902836, 0.0, 12771,12800,29,9.47107e-07,0.00146738,0,0.0029357
0.0010941, 0.0, 12800,12829,29,9.47107e-07,0.00146738,0,0.0029357
0.000896247, 0.0, 12829,12858,29,9.47107e-07,0.00146738,0,0.0029357
0.000704224, 0.0, 12858,12887,29,9.47107e-07,0.00146738,0,0.0029357
0.000446051, 0.0, 12887,12917,30,9.47107e-07,0.00146738,0,0.0029357
0.000566451, 0.0, 12917,12946,29,9.47107e-07,0.00146738,0,0.0029357
0.00049884, 0.0, 12946,12975,29,9.47107e-07,0.00146738,0,0.0029357
0.000457192, 0.0, 12975,13004,29,9.47107e-07,0.00146738,0,0.0029357
0.000939324, 0.0, 13004,13033,29,9.47107e-07,0.00146738,0,0.0029357
0.00120221, 0.0, 13033,13062,29,9.47107e-07,0.00146738,0,0.0029357
0.00118271, 0.0, 13062,13092,30,9.47107e-07,0.00146738,0,0.0029357
0.000942467, 0.0, 13092,13121,29,9.47107e-07,0.00146738,0,0.0029357
0.000877039, 0.0, 13121,13150,29,9.47107e-07,0.00146738,0,0.0029357
0.000616755, 0.0, 13150,13179,29,9.47107e-07,0.00146738,0,0.0029357
0.00199487, 0.0, 13179,13208,29,9.47107e-07,0.00146738,0,0.0029357
0.00239015, 0.0, 13208,13238,30,9.47107e-07,0.00146738,0,0.0029357
0.012456, 0.0, 13238,13267,29,9.47107e-07,0.00146738,0,0.0029357
0.00998123, 0.0, 13267,13297,30,9.47107e-07,0.00146738,0,0.0029357
0.0196895, 0.0, 13297,13327,30,9.47107e-07,0.00146738,0,0.0029357
0.0343544, 0.0, 13327,13356,29,9.47107e-07,0.00146738,0,0.0029357
0.0515326, 0.0, 13356,13385,29,9.47107e-07,0.00146738,0,0.0029357
0.102377, 0.0, 13385,13415,30,9.47107e-07,0.00146738,0,0.0029357
0.0811476, 0.0, 13415,13444,29,9.47107e-07,0.00146738,0,0.0029357
0.0726615, 0.0, 13444,13473,29,9.47107e-07,0.00146738,0,0.0029357
0.0793737, 0.0, 13473,13502,29,9.47107e-07,0.00146738,0,0.0029357
0.0364352, 0.0, 13502,13532,30,9.47107e-07,0.00146738,0,0.0029357
0.0461213, 0.0, 13532,13561,29,9.47107e-07,0.00146738,0,0.0029357
0.0306253, 0.0, 13561,13590,29,9.47107e-07,0.00146738,0,0.0029357
0.0644304, 0.0, 13590,13620,30,9.47107e-07,0.00146738,0,0.0029357
0.0518747, 0.0, 13620,13649,29,9.47107e-07,0.00146738,0,0.0029357
0.0171086, 0.0, 13649,13679,30,9.47107e-07,0.00146738,0,0.0029357
0.010943, 0.0, 13679,13708,29,9.47107e-07,0.00146738,0,0.0029357
0.00584576, 0.0, 13708,13737,29,9.47107e-07,0.00146738,0,0.0029357
0.0035369, 0.0, 13737,13766,29,9.47107e-07,0.00146738,0,0.0029357
0.00286558, 0.0, 13766,13795,29,9.47107e-07,0.00146738,0,0.0029357
0.00277889, 0.0, 13795,13825,30,9.47107e-07,0.00146738,0,0.0029357
0.00504925, 0.0, 13825,13854,29,9.47107e-07,0.00146738,0,0.0029357
0.00229139, 0.0, 13854,13883,29,9.47107e-07,0.00146738,0,0.0029357
0.00120447, 0.0, 13883,13913,30,9.47107e-07,0.00146738,0,0.0029357
0.00166865, 0.0, 13913,13943,30,9.47107e-07,0.00146738,0,0.0029357
0.00107971, 0.0, 13943,13972,29,9.47107e-07,0.00146738,0,0.0029357
0.000688667, 0.0, 13972,14002,30,9.47107e-07,0.00146738,0,0.0029357
0.00075978, 0.0, 14002,14031,29,9.47107e-07,0.00146738,0,0.0029357
0.0012496, 0.0, 14031,14060,29,9.47107e-07,0.00146738,0,0.0029357
0.000651502, 0.0, 14060,14089,29,9.47107e-07,0.00146738,0,0.0029357
0.000596109, 0.0, 14089,14120,31,9.47107e-07,0.00146738,0,0.0029357
0.00070203, 0.0, 14120,14149,29,9.47107e-07,0.00146738,0,0.0029357
0.00090607, 0.0, 14149,14178,29,9.47107e-07,0.00146738,0,0.0029357
0.000742429, 0.0, 14178,14207,29,9.47107e-07,0.00146738,0,0.0029357
0.000300834, 0.0, 14207,14237,30,9.47107e-07,0.00146738,0,0.0029357
0.000752465, 0.0, 14237,14267,30,9.47107e-07,0.00146738,0,0.0029357
0.00106177, 0.0, 14267,14296,29,9.47107e-07,0.00146738,0,0.0029357
0.000659332, 0.0, 14296,14325,29,9.47107e-07,0.00146738,0,0.0029357
0.000279756, 0.0, 14325,14355,30,9.47107e-07,0.00146738,0,0.0029357
0.000286798, 0.0, 14355,14384,29,9.47107e-07,0.00146738,0,0.0029357
0.000531018, 0.0, 14384,14414,30,9.47107e-07,0.00146738,0,0.0029357
0.000337163, 0.0, 14414,14443,29,9.47107e-07,0.00146738,0,0.0029357
0.000408752, 0.0, 14443,14473,30,9.47107e-07,0.00146738,0,0.0029357
0.000484452, 0.0, 14473,14502,29,9.47107e-07,0.00146738,0,0.0029357
0.000519776, 0.0, 14502,14531,29,9.47107e-07,0.00146738,0,0.0029357
0.000676635, 0.0, 14531,14560,29,9.47107e-07,0.00146738,0,0.0029357
0.00112897, 0.0, 14560,14590,30,9.47107e-07,0.00146738,0,0.0029357
0.000413574, 0.0, 14590,14619,29,9.47107e-07,0.00146738,0,0.0029357
0.000586478, 0.0, 14619,14649,30,9.47107e-07,0.00146738,0,0.0029357
0.000405516, 0.0, 14649,14678,29,9.47107e-07,0.00146738,0,0.0029357
0.000253588, 0.0, 14678,14708,30,9.47107e-07,0.00146738,0,0.0029357
0.00031464, 0.0, 14708,14737,29,9.47107e-07,0.00146738,0,0.0029357
0.000273474, 0.0, 14737,14766,29,9.47107e-07,0.00146738,0,0.0029357
0.000186675, 0.0, 14766,14796,30,9.47107e-07,0.00146738,0,0.0029357
0.000311622, 0.0, 14796,14825,29,9.47107e-07,0.00146738,0,0.0029357
0.000473646, 0.0, 14825,14855,30,9.47107e-07,0.00146738,0,0.0029357
0.000680503, 0.0, 14855,14884,29,9.47107e-07,0.00146738,0,0.0029357
0.000399737, 0.0, 14884,14914,30,9.47107e-07,0.00146738,0,0.0029357
0.00048113, 0.0, 14914,14942,28,9.47107e-07,0.00146738,0,0.0029357
0.000609749, 0.0, 14942,14972,30,9.47107e-07,0.00146738,0,0.0029357
0.000449133, 0.0, 14972,15001,29,9.47107e-07,0.00146738,0,0.0029357
0.000563269, 0.0, 15001,15030,29,9.47107e-07,0.00146738,0,0.0029357
0.00277107, 0.0, 15030,15060,30,9.47107e-07,0.00146738,0,0.0029357
0.0161382, 0.0, 15060,15089,29,9.47107e-07,0.00146738,0,0.0029357
0.0174057, 0.0, 15089,15118,29,9.47107e-07,0.00146738,0,0.0029357
0.0374742, 0.0, 15118,15147,29,9.47107e-07,0.00146738,0,0.0029357
0.0283405, 0.0, 15147,15176,29,9.47107e-07,0.00146738,0,0.0029357
0.0304823, 0.0, 15176,15206,30,9.47107e-07,0.00146738,0,0.0029357
0.0399886, 0.0, 15206,15235,29,9.47107e-07,0.00146738,0,0.0029357
0.0550938, 0.0, 15235,15265,30,9.47107e-07,0.00146738,0,0.0029357
0.0541522, 0.0, 15265,15294,29,9.47107e-07,0.00146738,0,0.0029357
0.0321832, 0.0, 15294,15324,30,9.47107e-07,0.00146738,0,0.0029357
0.0153621, 0.0, 15324,15354,30,9.47107e-07,0.00146738,0,0.0029357
0.0389832, 0.0, 15354,15383,29,9.47107e-07,0.00146738,0,0.0029357
0.0255665, 0.0, 15383,15413,30,9.47107e-07,0.00146738,0,0.0029357
0.0740027, 0.0, 15413,15442,29,9.47107e-07,0.00146738,0,0.0029357
0.145141, 0.0, 15442,15471,29,9.47107e-07,0.00146738,0,0.0029357
0.0986027, 0.0, 15471,15501,30,9.47107e-07,0.00146738,0,0.0029357
0.0237154, 0.0, 15501,15530,29,9.47107e-07,0.00146738,0,0.0029357
0.00762776, 0.0, 15530,15560,30,9.47107e-07,0.00146738,0,0.0029357
0.00255735, 0.0, 15560,15589,29,9.47107e-07,0.00146738,0,0.0029357
0.00126908, 0.0, 15589,15619,30,9.47107e-07,0.00146738,0,0.0029357
0.000839891, 0.0, 15619,15648,29,9.47107e-07,0.00146738,0,0.0029357
0.000734398, 0.0, 15648,15678,30,9.47107e-07,0.00146738,0,0.0029357
0.000978666, 0.0, 15678,15707,29,9.47107e-07,0.00146738,0,0.0029357
0.000667344, 0.0, 15707,15737,30,9.47107e-07,0.00146738,0,0.0029357
0.00139512, 0.0, 15737,15766,29,9.47107e-07,0.00146738,0,0.0029357
0.000719329, 0.0, 15766,15795,29,9.47107e-07,0.00146738,0,0.0029357
0.00123466, 0.0, 15795,15825,30,9.47107e-07,0.00146738,0,0.0029357
0.00189017, 0.0, 15825,15855,30,9.47107e-07,0.00146738,0,0.0029357
0.00105773, 0.0, 15855,15884,29,9.47107e-07,0.00146738,0,0.0029357
0.000682661, 0.0, 15884,15913,29,9.47107e-07,0.00146738,0,0.0029357
0.00109059, 0.0, 15913,15943,30,9.47107e-07,0.00146738,0,0.0029357
0.000584012, 0.0, 15943,15972,29,9.47107e-07,0.00146738,0,0.0029357
0.000399826, 0.0, 15972,16002,30,9.47107e-07,0.00146738,0,0.0029357
0.00029977, 0.0, 16002,16032,30,9.47107e-07,0.00146738,0,0.0029357
0.000667466, 0.0, 16032,16061,29,9.47107e-07,0.00146738,0,0.0029357
0.000537027, 0.0, 16061,16090,29,9.47107e-07,0.00146738,0,0.0029357
0.000350658, 0.0, 16090,16120,30,9.47107e-07,0.00146738,0,0.0029357
0.000298773, 0.0, 16120,16149,29,9.47107e-07,0.00146738,0,0.0029357
0.000524614, 0.0, 16149,16178,29,9.47107e-07,0.00146738,0,0.0029357
0.000862115, 0.0, 16178,16207,29,9.47107e-07,0.00146738,0,0.0029357
0.00112891, 0.0, 16207,16237,30,9.47107e-07,0.00146738,0,0.0029357
0.000640347, 0.0, 16237,16266,29,9.47107e-07,0.00146738,0,0.0029357
0.000246634, 0.0, 16266,16295,29,9.47107e-07,0.00146738,0,0.0029357
0.000224272, 0.0, 16295,16325,30,9.47107e-07,0.00146738,0,0.0029357
0.000657422, 0.0, 16325,16355,30,9.47107e-07,0.00146738,0,0.0029357
0.000419737, 0.0, 16355,16384,29,9.47107e-07,0.00146738,0,0.0029357
0.000669512, 0.0, 16384,16414,30,9.47107e-07,0.00146738,0,0.0029357
0.000411566, 0.0, 16414,16443,29,9.47107e-07,0.00146738,0,0.0029357
0.000596136, 0.0, 16443,16472,29,9.47107e-07,0.00146738,0,0.0029357
0.000503013, 0.0, 16472,16502,30,9.47107e-07,0.00146738,0,0.0029357
0.000348648, 0.0, 16502,16531,29,9.47107e-07,0.00146738,0,0.0029357
0.00133691, 0.0, 16531,16561,30,9.47107e-07,0.00146738,0,0.0029357
0.00166962, 0.0, 16561,16590,29,9.47107e-07,0.00146738,0,0.0029357
0.0010325, 0.0, 16590,16618,28,9.47107e-07,0.00146738,0,0.0029357
0.00168347, 0.0, 16618,16648,30,9.47107e-07,0.00146738,0,0.0029357
0.000826539, 0.0, 16648,16678,30,9.47107e-07,0.00146738,0,0.0029357
0.00127953, 0.0, 16678,16707,29,9.47107e-07,0.00146738,0,0.0029357
0.000724615, 0.0, 16707,16737,30,9.47107e-07,0.00146738,0,0.0029357
0.000351766, 0.0, 16737,16766,29,9.47107e-07,0.00146738,0,0.0029357
0.000536256, 0.0, 16766,16795,29,9.47107e-07,0.00146738,0,0.0029357
0.00114533, 0.0, 16795,16825,30,9.47107e-07,0.00146738,0,0.0029357
0.00109336, 0.0, 16825,16854,29,9.47107e-07,0.00146738,0,0.0029357
0.00053901, 0.0, 16854,16884,30,9.47107e-07,0.00146738,0,0.0029357
0.000444108, 0.0, 16884,16913,29,9.47107e-07,0.00146738,0,0.0029357
0.000724735, 0.0, 16913,16943,30,9.47107e-07,0.00146738,0,0.0029357
0.00063968, 0.0, 16943,16972,29,9.47107e-07,0.00146738,0,0.0029357
0.000223842, 0.0, 16972,17002,30,9.47107e-07,0.00146738,0,0.0029357
0.000323055, 0.0, 17002,17031,29,9.47107e-07,0.00146738,0,0.0029357
0.000995027, 0.0, 17031,17061,30,9.47107e-07,0.00146738,0,0.0029357
0.00127156, 0.0, 17061,17090,29,9.47107e-07,0.00146738,0,0.0029357
0.000582129, 0.0, 17090,17120,30,9.47107e-07,0.00146738,0,0.0029357
0.000387457, 0.0, 17120,17149,29,9.47107e-07,0.00146738,0,0.0029357
0.00113155, 0.0, 17149,17179,30,9.47107e-07,0.00146738,0,0.0029357
0.000452596, 0.0, 17179,17208,29,9.47107e-07,0.00146738,0,0.0029357
0.000538883, 0.0, 17208,17238,30,9.47107e-07,0.00146738,0,0.0029357
0.000672983, 0.0, 17238,17267,29,9.47107e-07,0.00146738,0,0.0029357
0.000351262, 0.0, 17267,17297,30,9.47107e-07,0.00146738,0,0.0029357
0.000727091, 0.0, 17297,17325,28,9.47107e-07,0.00146738,0,0.0029357
0.000900177, 0.0, 17325,17355,30,9.47107e-07,0.00146738,0,0.0029357
0.000703443, 0.0, 17355,17385,30,9.47107e-07,0.00146738,0,0.0029357
0.00119075, 0.0, 17385,17414,29,9.47107e-07,0.00146738,0,0.0029357
0.00100124, 0.0, 17414,17443,29,9.47107e-07,0.00146738,0,0.0029357
0.000813193, 0.0, 17443,17473,30,9.47107e-07,0.00146738,0,0.0029357
0.000681571, 0.0, 17473,17502,29,9.47107e-07,0.00146738,0,0.0029357
0.000204437, 0.0, 17502,17531,29,9.47107e-07,0.00146738,0,0.0029357
0.000784035, 0.0, 17531,17561,30,9.47107e-07,0.00146738,0,0.0029357
0.00115904, 0.0, 17561,17591,30,9.47107e-07,0.00146738,0,0.0029357
0.000777832, 0.0, 17591,17620,29,9.47107e-07,0.00146738,0,0.0029357
0.000471595, 0.0, 17620,17649,29,9.47107e-07,0.00146738,0,0.0029357
0.000647115, 0.0, 17649,17681,32,9.47107e-07,0.00146738,0,0.0029357
0.000692292, 0.0, 17681,17710,29,9.47107e-07,0.00146738,0,0.0029357
0.000650403, 0.0, 17710,17740,30,9.47107e-07,0.00146738,0,0.0029357
0.000890699, 0.0, 17740,17770,30,9.47107e-07,0.00146738,0,0.0029357
0.000865694, 0.0, 17770,17799,29,9.47107e-07,0.00146738,0,0.0029357
0.000629069, 0.0, 17799,17829,30,9.47107e-07,0.00146738,0,0.0029357
0.000932026, 0.0, 17829,17858,29,9.47107e-07,0.00146738,0,0.0029357
0.000319711, 0.0, 17858,17888,30,9.47107e-07,0.00146738,0,0.0029357
0.000598095, 0.0, 17888,17917,29,9.47107e-07,0.00146738,0,0.0029357
0.00044121, 0.0, 17917,17946,29,9.47107e-07,0.00146738,0,0.0029357
0.000514938, 0.0, 17946,17976,30,9.47107e-07,0.00146738,0,0.0029357
0.000762139, 0.0, 17976,18005,29,9.47107e-07,0.00146738,0,0.0029357
0.000486544, 0.0, 18005,18035,30,9.47107e-07,0.00146738,0,0.0029357
0.000953073, 0.0, 18035,18064,29,9.47107e-07,0.00146738,0,0.0029357
0.000904753, 0.0, 18064,18093,29,9.47107e-07,0.00146738,0,0.0029357
0.000728122, 0.0, 18093,18122,29,9.47107e-07,0.00146738,0,0.0029357
0.0013705, 0.0, 18122,18151,29,9.47107e-07,0.00146738,0,0.0029357
0.00128219, 0.0, 18151,18181,30,9.47107e-07,0.00146738,0,0.0029357
0.000853288, 0.0, 18181,18210,29,9.47107e-07,0.00146738,0,0.0029357
0.000409948, 0.0, 18210,18240,30,9.47107e-07,0.00146738,0,0.0029357
0.000689582, 0.0, 18240,18269,29,9.47107e-07,0.00146738,0,0.0029357
0.000579544, 0.0, 18269,18298,29,9.47107e-07,0.00146738,0,0.0029357
0.000587626, 0.0, 18298,18328,30,9.47107e-07,0.00146738,0,0.0029357
0.00152581, 0.0, 18328,18357,29,9.47107e-07,0.00146738,0,0.0029357
0.00100505, 0.0, 18357,18386,29,9.47107e-07,0.00146738,0,0.0029357
0.000547729, 0.0, 18386,18416,30,9.47107e-07,0.00146738,0,0.0029357
0.000354497, 0.0, 18416,18446,30,9.47107e-07,0.00146738,0,0.0029357
0.000927626, 0.0, 18446,18475,29,9.47107e-07,0.00146738,0,0.0029357
0.0013812, 0.0, 18475,18505,30,9.47107e-07,0.00146738,0,0.0029357
0.000527238, 0.0, 18505,18534,29,9.47107e-07,0.00146738,0,0.0029357
0.000537599, 0.0, 18534,18564,30,9.47107e-07,0.00146738,0,0.0029357
0.000391209, 0.0, 18564,18593,29,9.47107e-07,0.00146738,0,0.0029357
0.000577093, 0.0, 18593,18623,30,9.47107e-07,0.00146738,0,0.0029357
0.000572203, 0.0, 18623,18653,30,9.47107e-07,0.00146738,0,0.0029357
0.000575365, 0.0, 18653,18683,30,9.47107e-07,0.00146738,0,0.0029357
0.00166881, 0.0, 18683,18711,28,9.47107e-07,0.00146738,0,0.0029357
0.000749478, 0.0, 18711,18741,30,9.47107e-07,0.00146738,0,0.0029357
0.00082834, 0.0, 18741,18770,29,9.47107e-07,0.00146738,0,0.0029357
0.000770507, 0.0, 18770,18799,29,9.47107e-07,0.00146738,0,0.0029357
0.00108626, 0.0, 18799,18828,29,9.47107e-07,0.00146738,0,0.0029357
0.000886121, 0.0, 18828,18858,30,9.47107e-07,0.00146738,0,0.0029357
0.000328157, 0.0, 18858,18887,29,9.47107e-07,0.00146738,0,0.0029357
0.000664477, 0.0, 18887,18917,30,9.47107e-07,0.00146738,0,0.0029357
0.000630991, 0.0, 18917,18947,30,9.47107e-07,0.00146738,0,0.0029357
0.000818413, 0.0, 18947,18976,29,9.47107e-07,0.00146738,0,0.0029357
0.000334368, 0.0, 18976,19006,30,9.47107e-07,0.00146738,0,0.0029357
0.000463383, 0.0, 19006,19035,29,9.47107e-07,0.00146738,0,0.0029357
0.000739819, 0.0, 19035,19065,30,9.47107e-07,0.00146738,0,0.0029357
0.00127226, 0.0, 19065,19094,29,9.47107e-07,0.00146738,0,0.0029357
0.000493219, 0.0, 19094,19123,29,9.47107e-07,0.00146738,0,0.0029357
0.000611493, 0.0, 19123,19153,30,9.47107e-07,0.00146738,0,0.0029357
0.00107761, 0.0, 19153,19182,29,9.47107e-07,0.00146738,0,0.0029357
0.0013526, 0.0, 19182,19212,30,9.47107e-07,0.00146738,0,0.0029357
0.000899141, 0.0, 19212,19241,29,9.47107e-07,0.00146738,0,0.0029357
0.000478784, 0.0, 19241,19270,29,9.47107e-07,0.00146738,0,0.0029357
0.000511717, 0.0, 19270,19300,30,9.47107e-07,0.00146738,0,0.0029357
0.00082403, 0.0, 19300,19329,29,9.47107e-07,0.00146738,0,0.0029357
0.00150713, 0.0, 19329,19359,30,9.47107e-07,0.00146738,0,0.0029357
0.00103973, 0.0, 19359,19388,29,9.47107e-07,0.00146738,0,0.0029357
0.000314925, 0.0, 19388,19418,30,9.47107e-07,0.00146738,0,0.0029357
0.000389023, 0.0, 19418,19447,29,9.47107e-07,0.00146738,0,0.0029357
0.00103079, 0.0, 19447,19477,30,9.47107e-07,0.00146738,0,0.0029357
0.000488225, 0.0, 19477,19506,29,9.47107e-07,0.00146738,0,0.0029357
0.000802345, 0.0, 19506,19536,30,9.47107e-07,0.00146738,0,0.0029357
0.000833475, 0.0, 19536,19566,30,9.47107e-07,0.00146738,0,0.0029357
0.000351455, 0.0, 19566,19596,30,9.47107e-07,0.00146738,0,0.0029357
0.000303706, 0.0, 19596,19625,29,9.47107e-07,0.00146738,0,0.0029357
0.00104148, 0.0, 19625,19655,30,9.47107e-07,0.00146738,0,0.0029357
0.00189192, 0.0, 19655,19684,29,9.47107e-07,0.00146738,0,0.0029357
0.00203668, 0.0, 19684,19714,30,9.47107e-07,0.00146738,0,0.0029357
0.00136923, 0.0, 19714,19743,29,9.47107e-07,0.00146738,0,0.0029357
0.00112828, 0.0, 19743,19773,30,9.47107e-07,0.00146738,0,0.0029357
0.000315488, 0.0, 19773,19803,30,9.47107e-07,0.00146738,0,0.0029357
0.000516788, 0.0, 19803,19832,29,9.47107e-07,0.00146738,0,0.0029357
0.00061437, 0.0, 19832,19861,29,9.47107e-07,0.00146738,0,0.0029357
0.000605845, 0.0, 19861,19891,30,9.47107e-07,0.00146738,0,0.0029357
0.0012075, 0.0, 19891,19920,29,9.47107e-07,0.00146738,0,0.0029357
0.00136223, 0.0, 19920,19950,30,9.47107e-07,0.00146738,0,0.0029357
0.000469451, 0.0, 19950,19979,29,9.47107e-07,0.00146738,0,0.0029357
0.000607234, 0.0, 19979,20008,29,9.47107e-07,0.00146738,0,0.0029357
0.000632218, 0.0, 20008,20038,30,9.47107e-07,0.00146738,0,0.0029357
0.000774461, 0.0, 20038,20068,30,9.47107e-07,0.00146738,0,0.0029357
0.000495038, 0.0, 20068,20097,29,9.47107e-07,0.00146738,0,0.0029357
0.000418077, 0.0, 20097,20126,29,9.47107e-07,0.00146738,0,0.0029357
0.00072756, 0.0, 20126,20155,29,9.47107e-07,0.00146738,0,0.0029357
0.000282164, 0.0, 20155,20185,30,9.47107e-07,0.00146738,0,0.0029357
0.000504877, 0.0, 20185,20215,30,9.47107e-07,0.00146738,0,0.0029357
0.000662438, 0.0, 20215,20244,29,9.47107e-07,0.00146738,0,0.0029357
0.00177512, 0.0, 20244,20273,29,9.47107e-07,0.00146738,0,0.0029357
0.00194641, 0.0, 20273,20302,29,9.47107e-07,0.00146738,0,0.0029357
0.000726956, 0.0, 20302,20332,30,9.47107e-07,0.00146738,0,0.0029357
0.00112063, 0.0, 20332,20361,29,9.47107e-07,0.00146738,0,0.0029357
0.00104847, 0.0, 20361,20391,30,9.47107e-07,0.00146738,0,0.0029357
0.000768611, 0.0, 20391,20420,29,9.47107e-07,0.00146738,0,0.0029357
0.000316589, 0.0, 20420,20449,29,9.47107e-07,0.00146738,0,0.0029357
0.000423269, 0.0, 20449,20479,30,9.47107e-07,0.00146738,0,0.0029357
0.000793107, 0.0, 20479,20509,30,9.47107e-07,0.00146738,0,0.0029357
0.000579777, 0.0, 20509,20538,29,9.47107e-07,0.00146738,0,0.0029357
0.000859307, 0.0, 20538,20567,29,9.47107e-07,0.00146738,0,0.0029357
0.00114925, 0.0, 20567,20597,30,9.47107e-07,0.00146738,0,0.0029357
0.000780803, 0.0, 20597,20626,29,9.47107e-07,0.00146738,0,0.0029357
0.000896816, 0.0, 20626,20656,30,9.47107e-07,0.00146738,0,0.0029357
0.000646782, 0.0, 20656,20686,30,9.47107e-07,0.00146738,0,0.0029357
0.000617827, 0.0, 20686,20715,29,9.47107e-07,0.00146738,0,0.0029357
0.00121033, 0.0, 20715,20744,29,9.47107e-07,0.00146738,0,0.0029357
0.000755705, 0.0, 20744,20774,30,9.47107e-07,0.00146738,0,0.0029357
0.000435394, 0.0, 20774,20803,29,9.47107e-07,0.00146738,0,0.0029357
0.000608685, 0.0, 20803,20833,30,9.47107e-07,0.00146738,0,0.0029357
0.00100347, 0.0, 20833,20862,29,9.47107e-07,0.00146738,0,0.0029357
0.000567765, 0.0, 20862,20892,30,9.47107e-07,0.00146738,0,0.0029357
0.000155129, 0.0, 20892,20921,29,9.47107e-07,0.00146738,0,0.0029357
0.000579055, 0.0, 20921,20951,30,9.47107e-07,0.00146738,0,0.0029357
0.00106206, 0.0, 20951,20980,29,9.47107e-07,0.00146738,0,0.0029357
0.000906334, 0.0, 20980,21009,29,9.47107e-07,0.00146738,0,0.0029357
0.00122718, 0.0, 21009,21039,30,9.47107e-07,0.00146738,0,0.0029357
0.000693865, 0.0, 21039,21068,29,9.47107e-07,0.00146738,0,0.0029357
0.000194325, 0.0, 21068,21098,30,9.47107e-07,0.00146738,0,0.0029357
0.000355479, 0.0, 21098,21127,29,9.47107e-07,0.00146738,0,0.0029357
0.00083964, 0.0, 21127,21156,29,9.47107e-07,0.00146738,0,0.0029357
0.000710811, 0.0, 21156,21186,30,9.47107e-07,0.00146738,0,0.0029357
0.00111561, 0.0, 21186,21215,29,9.47107e-07,0.00146738,0,0.0029357
0.00132845, 0.0, 21215,21245,30,9.47107e-07,0.00146738,0,0.0029357
0.00102835, 0.0, 21245,21274,29,9.47107e-07,0.00146738,0,0.0029357
0.000308465, 0.0, 21274,21304,30,9.47107e-07,0.00146738,0,0.0029357
0.000865757, 0.0, 21304,21333,29,9.47107e-07,0.00146738,0,0.0029357
0.000716442, 0.0, 21333,21362,29,9.47107e-07,0.00146738,0,0.0029357
0.000447995, 0.0, 21362,21392,30,9.47107e-07,0.00146738,0,0.0029357
0.00070622, 0.0, 21392,21422,30,9.47107e-07,0.00146738,0,0.0029357
0.000801605, 0.0, 21422,21451,29,9.47107e-07,0.00146738,0,0.0029357
0.000817129, 0.0, 21451,21480,29,9.47107e-07,0.00146738,0,0.0029357
0.00123908, 0.0, 21480,21509,29,9.47107e-07,0.00146738,0,0.0029357
0.000402922, 0.0, 21509,21539,30,9.47107e-07,0.00146738,0,0.0029357
0.000451798, 0.0, 21539,21569,30,9.47107e-07,0.00146738,0,0.0029357
0.0006678, 0.0, 21569,21598,29,9.47107e-07,0.00146738,0,0.0029357
0.000480408, 0.0, 21598,21627,29,9.47107e-07,0.00146738,0,0.0029357
0.000238719, 0.0, 21627,21657,30,9.47107e-07,0.00146738,0,0.0029357
0.000726972, 0.0, 21657,21687,30,9.47107e-07,0.00146738,0,0.0029357
0.00071701, 0.0, 21687,21716,29,9.47107e-07,0.00146738,0,0.0029357
0.000695025, 0.0, 21716,21745,29,9.47107e-07,0.00146738,0,0.0029357
0.000429565, 0.0, 21745,21774,29,9.47107e-07,0.00146738,0,0.0029357
0.000327712, 0.0, 21774,21804,30,9.47107e-07,0.00146738,0,0.0029357
0.000337371, 0.0, 21804,21833,29,9.47107e-07,0.00146738,0,0.0029357
0.000451667, 0.0, 21833,21862,29,9.47107e-07,0.00146738,0,0.0029357
0.000412267, 0.0, 21862,21891,29,9.47107e-07,0.00146738,0,0.0029357
0.000935715, 0.0, 21891,21921,30,9.47107e-07,0.00146738,0,0.0029357
0.00115096, 0.0, 21921,21950,29,9.47107e-07,0.00146738,0,0.0029357
0.00160802, 0.0, 21950,21979,29,9.47107e-07,0.00146738,0,0.0029357
0.00148577, 0.0, 21979,22009,30,9.47107e-07,0.00146738,0,0.0029357
0.000568059, 0.0, 22009,22038,29,9.47107e-07,0.00146738,0,0.0029357
0.000641731, 0.0, 22038,22069,31,9.47107e-07,0.00146738,0,0.0029357
0.000823996, 0.0, 22069,22097,28,9.47107e-07,0.00146738,0,0.0029357
0.000705688, 0.0, 22097,22127,30,9.47107e-07,0.00146738,0,0.0029357
0.000598886, 0.0, 22127,22156,29,9.47107e-07,0.00146738,0,0.0029357
0.0014277, 0.0, 22156,22185,29,9.47107e-07,0.00146738,0,0.0029357
0.0164757, 0.0, 22185,22215,30,9.47107e-07,0.00146738,0,0.0029357
0.0283778, 0.0, 22215,22244,29,9.47107e-07,0.00146738,0,0.0029357
0.0513652, 0.0, 22244,22274,30,9.47107e-07,0.00146738,0,0.0029357
0.104146, 0.0, 22274,22303,29,9.47107e-07,0.00146738,0,0.0029357
0.159615, 0.0, 22303,22333,30,9.47107e-07,0.00146738,0,0.0029357
0.0653967, 0.0, 22333,22363,30,9.47107e-07,0.00146738,0,0.0029357
0.056877, 0.0, 22363,22392,29,9.47107e-07,0.00146738,0,0.0029357
0.111817, 0.0, 22392,22421,29,9.47107e-07,0.00146738,0,0.0029357
0.0688411, 0.0, 22421,22450,29,9.47107e-07,0.00146738,0,0.0029357
0.122837, 0.0, 22450,22480,30,9.47107e-07,0.00146738,0,0.0029357
0.0941721, 0.0, 22480,22509,29,9.47107e-07,0.00146738,0,0.0029357
0.0624749, 0.0, 22509,22538,29,9.47107e-07,0.00146738,0,0.0029357
0.0601444, 0.0, 22538,22567,29,9.47107e-07,0.00146738,0,0.0029357
0.0611724, 0.0, 22567,22597,30,9.47107e-07,0.00146738,0,0.0029357
0.0332687, 0.0, 22597,22626,29,9.47107e-07,0.00146738,0,0.0029357
0.00661233, 0.0, 22626,22656,30,9.47107e-07,0.00146738,0,0.0029357
0.002907, 0.0, 22656,22685,29,9.47107e-07,0.00146738,0,0.0029357
0.00257296, 0.0, 22685,22714,29,9.47107e-07,0.00146738,0,0.0029357
0.00242179, 0.0, 22714,22743,29,9.47107e-07,0.00146738,0,0.0029357
0.00136454, 0.0, 22743,22773,30,9.47107e-07,0.00146738,0,0.0029357
0.00142976, 0.0, 22773,22802,29,9.47107e-07,0.00146738,0,0.0029357
0.001288, 0.0, 22802,22831,29,9.47107e-07,0.00146738,0,0.0029357
0.00118575, 0.0, 22831,22860,29,9.47107e-07,0.00146738,0,0.0029357
0.000507904, 0.0, 22860,22889,29,9.47107e-07,0.00146738,0,0.0029357
0.000657334, 0.0, 22889,22920,31,9.47107e-07,0.00146738,0,0.0029357
0.000737971, 0.0, 22920,22949,29,9.47107e-07,0.00146738,0,0.0029357
0.0015994, 0.0, 22949,22978,29,9.47107e-07,0.00146738,0,0.0029357
0.000631449, 0.0, 22978,23007,29,9.47107e-07,0.00146738,0,0.0029357
0.00117341, 0.0, 23007,23037,30,9.47107e-07,0.00146738,0,0.0029357
0.000987977, 0.0, 23037,23066,29,9.47107e-07,0.00146738,0,0.0029357
0.000994287, 0.0, 23066,23096,30,9.47107e-07,0.00146738,0,0.0029357
0.00056158, 0.0, 23096,23126,30,9.47107e-07,0.00146738,0,0.0029357
0.000562899, 0.0, 23126,23155,29,9.47107e-07,0.00146738,0,0.0029357
0.000604242, 0.0, 23155,23184,29,9.47107e-07,0.00146738,0,0.0029357
0.00100004, 0.0, 23184,23213,29,9.47107e-07,0.00146738,0,0.0029357
0.000743088, 0.0, 23213,23243,30,9.47107e-07,0.00146738,0,0.0029357
0.000689433, 0.0, 23243,23272,29,9.47107e-07,0.00146738,0,0.0029357
0.000855362, 0.0, 23272,23301,29,9.47107e-07,0.00146738,0,0.0029357
0.000421108, 0.0, 23301,23330,29,9.47107e-07,0.00146738,0,0.0029357
0.000582722, 0.0, 23330,23359,29,9.47107e-07,0.00146738,0,0.0029357
0.000254057, 0.0, 23359,23389,30,9.47107e-07,0.00146738,0,0.0029357
0.00031106, 0.0, 23389,23418,29,9.47107e-07,0.00146738,0,0.0029357
0.000277329, 0.0, 23418,23448,30,9.47107e-07,0.00146738,0,0.0029357
0.000852014, 0.0, 23448,23477,29,9.47107e-07,0.00146738,0,0.0029357
0.00213757, 0.0, 23477,23506,29,9.47107e-07,0.00146738,0,0.0029357
0.00112626, 0.0, 23506,23536,30,9.47107e-07,0.00146738,0,0.0029357
0.00104448, 0.0, 23536,23565,29,9.47107e-07,0.00146738,0,0.0029357
0.00171335, 0.0, 23565,23594,29,9.47107e-07,0.00146738,0,0.0029357
0.000949777, 0.0, 23594,23624,30,9.47107e-07,0.00146738,0,0.0029357
0.000706084, 0.0, 23624,23653,29,9.47107e-07,0.00146738,0,0.0029357
0.000542424, 0.0, 23653,23683,30,9.47107e-07,0.00146738,0,0.0029357
0.000979396, 0.0, 23683,23712,29,9.47107e-07,0.00146738,0,0.0029357
0.000678736, 0.0, 23712,23741,29,9.47107e-07,0.00146738,0,0.0029357
0.000317868, 0.0, 23741,23770,29,9.47107e-07,0.00146738,0,0.0029357
0.000433371, 0.0, 23770,23800,30,9.47107e-07,0.00146738,0,0.0029357
0.000631065, 0.0, 23800,23830,30,9.47107e-07,0.00146738,0,0.0029357
0.00128864, 0.0, 23830,23859,29,9.47107e-07,0.00146738,0,0.0029357
0.000896435, 0.0, 23859,23888,29,9.47107e-07,0.00146738,0,0.0029357
0.00141691, 0.0, 23888,23917,29,9.47107e-07,0.00146738,0,0.0029357
0.000745259, 0.0, 23917,23947,30,9.47107e-07,0.00146738,0,0.0029357
0.00106929, 0.0, 23947,23977,30,9.47107e-07,0.00146738,0,0.0029357
0.000708658, 0.0, 23977,24006,29,9.47107e-07,0.00146738,0,0.0029357
0.000381077, 0.0, 24006,24035,29,9.47107e-07,0.00146738,0,0.0029357
0.000259176, 0.0, 24035,24064,29,9.47107e-07,0.00146738,0,0.0029357
0.000664365, 0.0, 24064,24093,29,9.47107e-07,0.00146738,0,0.0029357
0.000459073, 0.0, 24093,24122,29,9.47107e-07,0.00146738,0,0.0029357
0.00035413, 0.0, 24122,24152,30,9.47107e-07,0.00146738,0,0.0029357
0.00118442, 0.0, 24152,24181,29,9.47107e-07,0.00146738,0,0.0029357
0.0010013, 0.0, 24181,24210,29,9.47107e-07,0.00146738,0,0.0029357
0.00047932, 0.0, 24210,24239,29,9.47107e-07,0.00146738,0,0.0029357
0.00107969, 0.0, 24239,24269,30,9.47107e-07,0.00146738,0,0.0029357
0.000939315, 0.0, 24269,24298,29,9.47107e-07,0.00146738,0,0.0029357
0.00104589, 0.0, 24298,24327,29,9.47107e-07,0.00146738,0,0.0029357
0.000820814, 0.0, 24327,24356,29,9.47107e-07,0.00146738,0,0.0029357
0.00139429, 0.0, 24356,24386,30,9.47107e-07,0.00146738,0,0.0029357
0.000552879, 0.0, 24386,24415,29,9.47107e-07,0.00146738,0,0.0029357
0.000509975, 0.0, 24415,24444,29,9.47107e-07,0.00146738,0,0.0029357
0.00128582, 0.0, 24444,24474,30,9.47107e-07,0.00146738,0,0.0029357
0.00220699, 0.0, 24474,24503,29,9.47107e-07,0.00146738,0,0.0029357
0.000632157, 0.0, 24503,24533,30,9.47107e-07,0.00146738,0,0.0029357
0.00139864, 0.0, 24533,24562,29,9.47107e-07,0.00146738,0,0.0029357
0.00149418, 0.0, 24562,24592,30,9.47107e-07,0.00146738,0,0.0029357
0.0013386, 0.0, 24592,24621,29,9.47107e-07,0.00146738,0,0.0029357
0.0017927, 0.0, 24621,24651,30,9.47107e-07,0.00146738,0,0.0029357
0.00182342, 0.0, 24651,24682,31,9.47107e-07,0.00146738,0,0.0029357
0.00234301, 0.0, 24682,24711,29,9.47107e-07,0.00146738,0,0.0029357
0.00126196, 0.0, 24711,24740,29,9.47107e-07,0.00146738,0,0.0029357
0.000626467, 0.0, 24740,24769,29,9.47107e-07,0.00146738,0,0.0029357
0.000644686, 0.0, 24769,24798,29,9.47107e-07,0.00146738,0,0.0029357
0.000953323, 0.0, 24798,24828,30,9.47107e-07,0.00146738,0,0.0029357
0.000584682, 0.0, 24828,24858,30,9.47107e-07,0.00146738,0,0.0029357
0.000198534, 0.0, 24858,24887,29,9.47107e-07,0.00146738,0,0.0029357
0.0010326, 0.0, 24887,24916,29,9.47107e-07,0.00146738,0,0.0029357
0.00153769, 0.0, 24916,24944,28,9.47107e-07,0.00146738,0,0.0029357
0.000676802, 0.0, 24944,24973,29,9.47107e-07,0.00146738,0,0.0029357
0.000429172, 0.0, 24973,25003,30,9.47107e-07,0.00146738,0,0.0029357
0.000724638, 0.0, 25003,25032,29,9.47107e-07,0.00146738,0,0.0029357
0.000937206, 0.0, 25032,25061,29,9.47107e-07,0.00146738,0,0.0029357
0.000694725, 0.0, 25061,25090,29,9.47107e-07,0.00146738,0,0.0029357
0.000705834, 0.0, 25090,25119,29,9.47107e-07,0.00146738,0,0.0029357
0.000535531, 0.0, 25119,25149,30,9.47107e-07,0.00146738,0,0.0029357
0.000223395, 0.0, 25149,25178,29,9.47107e-07,0.00146738,0,0.0029357
0.00040026, 0.0, 25178,25208,30,9.47107e-07,0.00146738,0,0.0029357
0.000474612, 0.0, 25208,25238,30,9.47107e-07,0.00146738,0,0.0029357
0.00100964, 0.0, 25238,25268,30,9.47107e-07,0.00146738,0,0.0029357
0.00106939, 0.0, 25268,25297,29,9.47107e-07,0.00146738,0,0.0029357
0.000746475, 0.0, 25297,25326,29,9.47107e-07,0.00146738,0,0.0029357
0.00118622, 0.0, 25326,25356,30,9.47107e-07,0.00146738,0,0.0029357
0.000870649, 0.0, 25356,25385,29,9.47107e-07,0.00146738,0,0.0029357
0.000315835, 0.0, 25385,25415,30,9.47107e-07,0.00146738,0,0.0029357
0.00016434, 0.0, 25415,25444,29,9.47107e-07,0.00146738,0,0.0029357
0.000175801, 0.0, 25444,25473,29,9.47107e-07,0.00146738,0,0.0029357
0.000692938, 0.0, 25473,25503,30,9.47107e-07,0.00146738,0,0.0029357
0.00069665, 0.0, 25503,25532,29,9.47107e-07,0.00146738,0,0.0029357
0.000528752, 0.0, 25532,25562,30,9.47107e-07,0.00146738,0,0.0029357
0.000152401, 0.0, 25562,25591,29,9.47107e-07,0.00146738,0,0.0029357
0.000486626, 0.0, 25591,25621,30,9.47107e-07,0.00146738,0,0.0029357
0.00062179, 0.0, 25621,25650,29,9.47107e-07,0.00146738,0,0.0029357
0.00134208, 0.0, 25650,25680,30,9.47107e-07,0.00146738,0,0.0029357
0.000918639, 0.0, 25680,25709,29,9.47107e-07,0.00146738,0,0.0029357
0.00164952, 0.0, 25709,25738,29,9.47107e-07,0.00146738,0,0.0029357
0.000936151, 0.0, 25738,25767,29,9.47107e-07,0.00146738,0,0.0029357
0.000640582, 0.0, 25767,25796,29,9.47107e-07,0.00146738,0,0.0029357
0.000708093, 0.0, 25796,25825,29,9.47107e-07,0.00146738,0,0.0029357
0.000801365, 0.0, 25825,25854,29,9.47107e-07,0.00146738,0,0.0029357
0.00105358, 0.0, 25854,25884,30,9.47107e-07,0.00146738,0,0.0029357
0.000743356, 0.0, 25884,25913,29,9.47107e-07,0.00146738,0,0.0029357
0.000476424, 0.0, 25913,25943,30,9.47107e-07,0.00146738,0,0.0029357
0.000849295, 0.0, 25943,25972,29,9.47107e-07,0.00146738,0,0.0029357
0.000944833, 0.0, 25972,26002,30,9.47107e-07,0.00146738,0,0.0029357
0.000731729, 0.0, 26002,26031,29,9.47107e-07,0.00146738,0,0.0029357
0.000513547, 0.0, 26031,26060,29,9.47107e-07,0.00146738,0,0.0029357
0.000614918, 0.0, 26060,26089,29,9.47107e-07,0.00146738,0,0.0029357
0.000318639, 0.0, 26089,26118,29,9.47107e-07,0.00146738,0,0.0029357
0.000868324, 0.0, 26118,26147,29,9.47107e-07,0.00146738,0,0.0029357
0.000598632, 0.0, 26147,26177,30,9.47107e-07,0.00146738,0,0.0029357
0.000701115, 0.0, 26177,26206,29,9.47107e-07,0.00146738,0,0.0029357
0.000585885, 0.0, 26206,26235,29,9.47107e-07,0.00146738,0,0.0029357
0.000764515, 0.0, 26235,26265,30,9.47107e-07,0.00146738,0,0.0029357
0.00225376, 0.0, 26265,26294,29,9.47107e-07,0.00146738,0,0.0029357
0.00207318, 0.0, 26294,26324,30,9.47107e-07,0.00146738,0,0.0029357
0.000913629, 0.0, 26324,26353,29,9.47107e-07,0.00146738,0,0.0029357
0.0011259, 0.0, 26353,26383,30,9.47107e-07,0.00146738,0,0.0029357
0.00115729, 0.0, 26383,26412,29,9.47107e-07,0.00146738,0,0.0029357
0.00104181, 0.0, 26412,26441,29,9.47107e-07,0.00146738,0,0.0029357
0.000827179, 0.0, 26441,26471,30,9.47107e-07,0.00146738,0,0.0029357
0.000813775, 0.0, 26471,26500,29,9.47107e-07,0.00146738,0,0.0029357
0.000846269, 0.0, 26500,26529,29,9.47107e-07,0.00146738,0,0.0029357
0.000975839, 0.0, 26529,26559,30,9.47107e-07,0.00146738,0,0.0029357
0.000466904, 0.0, 26559,26588,29,9.47107e-07,0.00146738,0,0.0029357
0.000721087, 0.0, 26588,26617,29,9.47107e-07,0.00146738,0,0.0029357
0.00129778, 0.0, 26617,26647,30,9.47107e-07,0.00146738,0,0.0029357
0.00109288, 0.0, 26647,26676,29,9.47107e-07,0.00146738,0,0.0029357
0.0003991, 0.0, 26676,26705,29,9.47107e-07,0.00146738,0,0.0029357
0.000548657, 0.0, 26705,26735,30,9.47107e-07,0.00146738,0,0.0029357
0.000726459, 0.0, 26735,26764,29,9.47107e-07,0.00146738,0,0.0029357
0.000397128, 0.0, 26764,26793,29,9.47107e-07,0.00146738,0,0.0029357
0.000343958, 0.0, 26793,26823,30,9.47107e-07,0.00146738,0,0.0029357
0.00123224, 0.0, 26823,26852,29,9.47107e-07,0.00146738,0,0.0029357
0.00115459, 0.0, 26852,26881,29,9.47107e-07,0.00146738,0,0.0029357
0.000798364, 0.0, 26881,26910,29,9.47107e-07,0.00146738,0,0.0029357
0.0014558, 0.0, 26910,26939,29,9.47107e-07,0.00146738,0,0.0029357
0.0016326, 0.0, 26939,26968,29,9.47107e-07,0.00146738,0,0.0029357
0.00116225, 0.0, 26968,26998,30,9.47107e-07,0.00146738,0,0.0029357
0.000440817, 0.0, 26998,27026,28,9.47107e-07,0.00146738,0,0.0029357
0.000232253, 0.0, 27026,27055,29,9.47107e-07,0.00146738,0,0.0029357
0.00047911, 0.0, 27055,27084,29,9.47107e-07,0.00146738,0,0.0029357
0.00163942, 0.0, 27084,27114,30,9.47107e-07,0.00146738,0,0.0029357
0.0011831, 0.0, 27114,27143,29,9.47107e-07,0.00146738,0,0.0029357
0.00109995, 0.0, 27143,27172,29,9.47107e-07,0.00146738,0,0.0029357
0.000906665, 0.0, 27172,27201,29,9.47107e-07,0.00146738,0,0.0029357
0.00139066, 0.0, 27201,27231,30,9.47107e-07,0.00146738,0,0.0029357
0.00237925, 0.0, 27231,27261,30,9.47107e-07,0.00146738,0,0.0029357
0.00103174, 0.0, 27261,27290,29,9.47107e-07,0.00146738,0,0.0029357
0.00105936, 0.0, 27290,27318,28,9.47107e-07,0.00146738,0,0.0029357
0.00106269, 0.0, 27318,27348,30,9.47107e-07,0.00146738,0,0.0029357
0.00150281, 0.0, 27348,27377,29,9.47107e-07,0.00146738,0,0.0029357
0.0015903, 0.0, 27377,27406,29,9.47107e-07,0.00146738,0,0.0029357
0.00118054, 0.0, 27406,27435,29,9.47107e-07,0.00146738,0,0.0029357
0.000641359, 0.0, 27435,27464,29,9.47107e-07,0.00146738,0,0.0029357
0.000677065, 0.0, 27464,27494,30,9.47107e-07,0.00146738,0,0.0029357
0.000409998, 0.0, 27494,27524,30,9.47107e-07,0.00146738,0,0.0029357
0.000659098, 0.0, 27524,27553,29,9.47107e-07,0.00146738,0,0.0029357
0.00091184, 0.0, 27553,27582,29,9.47107e-07,0.00146738,0,0.0029357
0.000372531, 0.0, 27582,27612,30,9.47107e-07,0.00146738,0,0.0029357
0.00101254, 0.0, 27612,27642,30,9.47107e-07,0.00146738,0,0.0029357
0.00167576, 0.0, 27642,27671,29,9.47107e-07,0.00146738,0,0.0029357
0.00149218, 0.0, 27671,27700,29,9.47107e-07,0.00146738,0,0.0029357
0.00105142, 0.0, 27700,27729,29,9.47107e-07,0.00146738,0,0.0029357
0.00143308, 0.0, 27729,27758,29,9.47107e-07,0.00146738,0,0.0029357
0.00211246, 0.0, 27758,27788,30,9.47107e-07,0.00146738,0,0.0029357
0.00179056, 0.0, 27788,27817,29,9.47107e-07,0.00146738,0,0.0029357
0.000924633, 0.0, 27817,27846,29,9.47107e-07,0.00146738,0,0.0029357
0.000378606, 0.0, 27846,27876,30,9.47107e-07,0.00146738,0,0.0029357
0.00125754, 0.0, 27876,27905,29,9.47107e-07,0.00146738,0,0.0029357
0.000687718, 0.0, 27905,27935,30,9.47107e-07,0.00146738,0,0.0029357
0.00129932, 0.0, 27935,27964,29,9.47107e-07,0.00146738,0,0.0029357
0.0017656, 0.0, 27964,27993,29,9.47107e-07,0.00146738,0,0.0029357
0.000591753, 0.0, 27993,28022,29,9.47107e-07,0.00146738,0,0.0029357
0.00148849, 0.0, 28022,28052,30,9.47107e-07,0.00146738,0,0.0029357
0.00149183, 0.0, 28052,28081,29,9.47107e-07,0.00146738,0,0.0029357
0.000353657, 0.0, 28081,28111,30,9.47107e-07,0.00146738,0,0.0029357
0.00181465, 0.0, 28111,28140,29,9.47107e-07,0.00146738,0,0.0029357
0.00137166, 0.0, 28140,28169,29,9.47107e-07,0.00146738,0,0.0029357
0.0012616, 0.0, 28169,28200,31,9.47107e-07,0.00146738,0,0.0029357
0.00164655, 0.0, 28200,28229,29,9.47107e-07,0.00146738,0,0.0029357
0.000752687, 0.0, 28229,28258,29,9.47107e-07,0.00146738,0,0.0029357
0.00126585, 0.0, 28258,28288,30,9.47107e-07,0.00146738,0,0.0029357
0.000864342, 0.0, 28288,28317,29,9.47107e-07,0.00146738,0,0.0029357
0.000525021, 0.0, 28317,28346,29,9.47107e-07,0.00146738,0,0.0029357
0.000442848, 0.0, 28346,28376,30,9.47107e-07,0.00146738,0,0.0029357
0.00107194, 0.0, 28376,28405,29,9.47107e-07,0.00146738,0,0.0029357
0.000339755, 0.0, 28405,28435,30,9.47107e-07,0.00146738,0,0.0029357
0.000842106, 0.0, 28435,28465,30,9.47107e-07,0.00146738,0,0.0029357
0.000933231, 0.0, 28465,28494,29,9.47107e-07,0.00146738,0,0.0029357
0.000464768, 0.0, 28494,28523,29,9.47107e-07,0.00146738,0,0.0029357
0.000577305, 0.0, 28523,28552,29,9.47107e-07,0.00146738,0,0.0029357
0.000438758, 0.0, 28552,28581,29,9.47107e-07,0.00146738,0,0.0029357
0.0009302, 0.0, 28581,28610,29,9.47107e-07,0.00146738,0,0.0029357
0.0011803, 0.0, 28610,28639,29,9.47107e-07,0.00146738,0,0.0029357
0.00162254, 0.0, 28639,28669,30,9.47107e-07,0.00146738,0,0.0029357
0.00110763, 0.0, 28669,28699,30,9.47107e-07,0.00146738,0,0.0029357
0.0011561, 0.0, 28699,28728,29,9.47107e-07,0.00146738,0,0.0029357
0.00146071, 0.0, 28728,28757,29,9.47107e-07,0.00146738,0,0.0029357
0.000280096, 0.0, 28757,28786,29,9.47107e-07,0.00146738,0,0.0029357
0.000903243, 0.0, 28786,28816,30,9.47107e-07,0.00146738,0,0.0029357
0.000598262, 0.0, 28816,28846,30,9.47107e-07,0.00146738,0,0.0029357
0.00141572, 0.0, 28846,28875,29,9.47107e-07,0.00146738,0,0.0029357
0.00260214, 0.0, 28875,28904,29,9.47107e-07,0.00146738,0,0.0029357
0.00963513, 0.0, 28904,28933,29,9.47107e-07,0.00146738,0,0.0029357
0.0189126, 0.0, 28933,28962,29,9.47107e-07,0.00146738,0,0.0029357
0.0189461, 0.0, 28962,28992,30,9.47107e-07,0.00146738,0,0.0029357
0.0188483, 0.0, 28992,29021,29,9.47107e-07,0.00146738,0,0.0029357
0.0806154, 0.0, 29021,29050,29,9.47107e-07,0.00146738,0,0.0029357
0.087772, 0.0, 29050,29079,29,9.47107e-07,0.00146738,0,0.0029357
0.0414871, 0.0, 29079,29108,29,9.47107e-07,0.00146738,0,0.0029357
0.0647204, 0.0, 29108,29138,30,9.47107e-07,0.00146738,0,0.0029357
0.112642, 0.0, 29138,29168,30,9.47107e-07,0.00146738,0,0.0029357
0.0623511, 0.0, 29168,29197,29,9.47107e-07,0.00146738,0,0.0029357
0.0861313, 0.0, 29197,29226,29,9.47107e-07,0.00146738,0,0.0029357
0.0510857, 0.0, 29226,29255,29,9.47107e-07,0.00146738,0,0.0029357
0.0853482, 0.0, 29255,29284,29,9.47107e-07,0.00146738,0,0.0029357
0.0374152, 0.0, 29284,29314,30,9.47107e-07,0.00146738,0,0.0029357
0.0651934, 0.0, 29314,29343,29,9.47107e-07,0.00146738,0,0.0029357
0.0431712, 0.0, 29343,29372,29,9.47107e-07,0.00146738,0,0.0029357
0.014727, 0.0, 29372,29401,29,9.47107e-07,0.00146738,0,0.0029357
0.0162127, 0.0, 29401,29431,30,9.47107e-07,0.00146738,0,0.0029357
0.00584601, 0.0, 29431,29460,29,9.47107e-07,0.00146738,0,0.0029357
0.00394442, 0.0, 29460,29490,30,9.47107e-07,0.00146738,0,0.0029357
0.00254473, 0.0, 29490,29519,29,9.47107e-07,0.00146738,0,0.0029357
0.00236365, 0.0, 29519,29548,29,9.47107e-07,0.00146738,0,0.0029357
0.00266744, 0.0, 29548,29577,29,9.47107e-07,0.00146738,0,0.0029357
0.00121672, 0.0, 29577,29607,30,9.47107e-07,0.00146738,0,0.0029357
0.00131486, 0.0, 29607,29636,29,9.47107e-07,0.00146738,0,0.0029357
0.000787647, 0.0, 29636,29665,29,9.47107e-07,0.00146738,0,0.0029357
0.000979676, 0.0, 29665,29694,29,9.47107e-07,0.00146738,0,0.0029357
0.000732618, 0.0, 29694,29724,30,9.47107e-07,0.00146738,0,0.0029357
0.000406117, 0.0, 29724,29753,29,9.47107e-07,0.00146738,0,0.0029357
0.00128617, 0.0, 29753,29782,29,9.47107e-07,0.00146738,0,0.0029357
0.00158923, 0.0, 29782,29811,29,9.47107e-07,0.00146738,0,0.0029357
0.000877178, 0.0, 29811,29841,30,9.47107e-07,0.00146738,0,0.0029357
0.000559316, 0.0, 29841,29870,29,9.47107e-07,0.00146738,0,0.0029357
0.00134054, 0.0, 29870,29900,30,9.47107e-07,0.00146738,0,0.0029357
0.00130872, 0.0, 29900,29929,29,9.47107e-07,0.00146738,0,0.0029357
0.000617215, 0.0, 29929,29958,29,9.47107e-07,0.00146738,0,0.0029357
0.000785298, 0.0, 29958,29988,30,9.47107e-07,0.00146738,0,0.0029357
0.000300446, 0.0, 29988,30018,30,9.47107e-07,0.00146738,0,0.0029357
0.000305525, 0.0, 30018,30047,29,9.47107e-07,0.00146738,0,0.0029357
0.000536649, 0.0, 30047,30076,29,9.47107e-07,0.00146738,0,0.0029357
0.000349196, 0.0, 30076,30105,29,9.47107e-07,0.00146738,0,0.0029357
0.00110551, 0.0, 30105,30134,29,9.47107e-07,0.00146738,0,0.0029357
0.001231, 0.0, 30134,30164,30,9.47107e-07,0.00146738,0,0.0029357
0.000373988, 0.0, 30164,30194,30,9.47107e-07,0.00146738,0,0.0029357
0.000342922, 0.0, 30194,30223,29,9.47107e-07,0.00146738,0,0.0029357
0.000869633, 0.0, 30223,30252,29,9.47107e-07,0.00146738,0,0.0029357
0.000538695, 0.0, 30252,30281,29,9.47107e-07,0.00146738,0,0.0029357
0.000497363, 0.0, 30281,30311,30,9.47107e-07,0.00146738,0,0.0029357
0.00070669, 0.0, 30311,30340,29,9.47107e-07,0.00146738,0,0.0029357
0.00076499, 0.0, 30340,30370,30,9.47107e-07,0.00146738,0,0.0029357
0.000888628, 0.0, 30370,30399,29,9.47107e-07,0.00146738,0,0.0029357
0.000392418, 0.0, 30399,30428,29,9.47107e-07,0.00146738,0,0.0029357
0.000306071, 0.0, 30428,30457,29,9.47107e-07,0.00146738,0,0.0029357
0.00116422, 0.0, 30457,30486,29,9.47107e-07,0.00146738,0,0.0029357
0.000954503, 0.0, 30486,30516,30,9.47107e-07,0.00146738,0,0.0029357
0.000334949, 0.0, 30516,30545,29,9.47107e-07,0.00146738,0,0.0029357
0.000457271, 0.0, 30545,30574,29,9.47107e-07,0.00146738,0,0.0029357
0.000351149, 0.0, 30574,30603,29,9.47107e-07,0.00146738,0,0.0029357
0.000363764, 0.0, 30603,30633,30,9.47107e-07,0.00146738,0,0.0029357
0.000821236, 0.0, 30633,30662,29,9.47107e-07,0.00146738,0,0.0029357
0.00058713, 0.0, 30662,30692,30,9.47107e-07,0.00146738,0,0.0029357
0.000445437, 0.0, 30692,30720,28,9.47107e-07,0.00146738,0,0.0029357
0.000543552, 0.0, 30720,30750,30,9.47107e-07,0.00146738,0,0.0029357
0.00041354, 0.0, 30750,30779,29,9.47107e-07,0.00146738,0,0.0029357
0.000709184, 0.0, 30779,30808,29,9.47107e-07,0.00146738,0,0.0029357
0.000742611, 0.0, 30808,30837,29,9.47107e-07,0.00146738,0,0.0029357
0.000974033, 0.0, 30837,30866,29,9.47107e-07,0.00146738,0,0.0029357
0.00131274, 0.0, 30866,30896,30,9.47107e-07,0.00146738,0,0.0029357
0.00150524, 0.0, 30896,30925,29,9.47107e-07,0.00146738,0,0.0029357
0.000663376, 0.0, 30925,30955,30,9.47107e-07,0.00146738,0,0.0029357
0.000930958, 0.0, 30955,30984,29,9.47107e-07,0.00146738,0,0.0029357
0.00182792, 0.0, 30984,31013,29,9.47107e-07,0.00146738,0,0.0029357
0.00109222, 0.0, 31013,31043,30,9.47107e-07,0.00146738,0,0.0029357
0.000286923, 0.0, 31043,31072,29,9.47107e-07,0.00146738,0,0.0029357
0.0010302, 0.0, 31072,31101,29,9.47107e-07,0.00146738,0,0.0029357
0.000621351, 0.0, 31101,31130,29,9.47107e-07,0.00146738,0,0.0029357
0.00127897, 0.0, 31130,31159,29,9.47107e-07,0.00146738,0,0.0029357
0.000993134, 0.0, 31159,31189,30,9.47107e-07,0.00146738,0,0.0029357
0.000576249, 0.0, 31189,31219,30,9.47107e-07,0.00146738,0,0.0029357
0.000417446, 0.0, 31219,31248,29,9.47107e-07,0.00146738,0,0.0029357
0.000697787, 0.0, 31248,31277,29,9.47107e-07,0.00146738,0,0.0029357
0.00045874, 0.0, 31277,31306,29,9.47107e-07,0.00146738,0,0.0029357
0.000672518, 0.0, 31306,31336,30,9.47107e-07,0.00146738,0,0.0029357
0.000671042, 0.0, 31336,31365,29,9.47107e-07,0.00146738,0,0.0029357
0.000635417, 0.0, 31365,31395,30,9.47107e-07,0.00146738,0,0.0029357
0.000772606, 0.0, 31395,31424,29,9.47107e-07,0.00146738,0,0.0029357
0.00147711, 0.0, 31424,31453,29,9.47107e-07,0.00146738,0,0.0029357
0.00171124, 0.0, 31453,31482,29,9.47107e-07,0.00146738,0,0.0029357
0.00076523, 0.0, 31482,31511,29,9.47107e-07,0.00146738,0,0.0029357
0.000444234, 0.0, 31511,31541,30,9.47107e-07,0.00146738,0,0.0029357
0.00157836, 0.0, 31541,31570,29,9.47107e-07,0.00146738,0,0.0029357
0.00102754, 0.0, 31570,31599,29,9.47107e-07,0.00146738,0,0.0029357
0.00109887, 0.0, 31599,31628,29,9.47107e-07,0.00146738,0,0.0029357
0.00120645, 0.0, 31628,31658,30,9.47107e-07,0.00146738,0,0.0029357
0.000301236, 0.0, 31658,31687,29,9.47107e-07,0.00146738,0,0.0029357
0.000386802, 0.0, 31687,31717,30,9.47107e-07,0.00146738,0,0.0029357
0.000796746, 0.0, 31717,31746,29,9.47107e-07,0.00146738,0,0.0029357
0.00159162, 0.0, 31746,31775,29,9.47107e-07,0.00146738,0,0.0029357
0.000928925, 0.0, 31775,31805,30,9.47107e-07,0.00146738,0,0.0029357
0.00173065, 0.0, 31805,31836,31,9.47107e-07,0.00146738,0,0.0029357
0.000974405, 0.0, 31836,31865,29,9.47107e-07,0.00146738,0,0.0029357
0.000957143, 0.0, 31865,31895,30,9.47107e-07,0.00146738,0,0.0029357
0.000709987, 0.0, 31895,31924,29,9.47107e-07,0.00146738,0,0.0029357
0.000947066, 0.0, 31924,31953,29,9.47107e-07,0.00146738,0,0.0029357
0.000824987, 0.0, 31953,31982,29,9.47107e-07,0.00146738,0,0.0029357
0.000727672, 0.0, 31982,32011,29,9.47107e-07,0.00146738,0,0.0029357
0.00112777, 0.0, 32011,32040,29,9.47107e-07,0.00146738,0,0.0029357
0.000922039, 0.0, 32040,32070,30,9.47107e-07,0.00146738,0,0.0029357
0.000992375, 0.0, 32070,32099,29,9.47107e-07,0.00146738,0,0.0029357
0.000905109, 0.0, 32099,32128,29,9.47107e-07,0.00146738,0,0.0029357
0.00095598, 0.0, 32128,32157,29,9.47107e-07,0.00146738,0,0.0029357
0.000571512, 0.0, 32157,32186,29,9.47107e-07,0.00146738,0,0.0029357
0.000211609, 0.0, 32186,32216,30,9.47107e-07,0.00146738,0,0.0029357
0.000377603, 0.0, 32216,32245,29,9.47107e-07,0.00146738,0,0.0029357
0.000388246, 0.0, 32245,32274,29,9.47107e-07,0.00146738,0,0.0029357
0.000701845, 0.0, 32274,32304,30,9.47107e-07,0.00146738,0,0.0029357
0.000388126, 0.0, 32304,32333,29,9.47107e-07,0.00146738,0,0.0029357
0.000572587, 0.0, 32333,32362,29,9.47107e-07,0.00146738,0,0.0029357
0.000605488, 0.0, 32362,32391,29,9.47107e-07,0.00146738,0,0.0029357
0.00102079, 0.0, 32391,32421,30,9.47107e-07,0.00146738,0,0.0029357
0.000301253, 0.0, 32421,32450,29,9.47107e-07,0.00146738,0,0.0029357
0.000726631, 0.0, 32450,32480,30,9.47107e-07,0.00146738,0,0.0029357
0.000790492, 0.0, 32480,32509,29,9.47107e-07,0.00146738,0,0.0029357
0.000588258, 0.0, 32509,32537,28,9.47107e-07,0.00146738,0,0.0029357
0.000383984, 0.0, 32537,32566,29,9.47107e-07,0.00146738,0,0.0029357
0.000528909, 0.0, 32566,32596,30,9.47107e-07,0.00146738,0,0.0029357
0.00125298, 0.0, 32596,32625,29,9.47107e-07,0.00146738,0,0.0029357
0.000746274, 0.0, 32625,32655,30,9.47107e-07,0.00146738,0,0.0029357
0.00112203, 0.0, 32655,32683,28,9.47107e-07,0.00146738,0,0.0029357
0.000680875, 0.0, 32683,32712,29,9.47107e-07,0.00146738,0,0.0029357
0.000589175, 0.0, 32712,32741,29,9.47107e-07,0.00146738,0,0.0029357
0.0011057, 0.0, 32741,32771,30,9.47107e-07,0.00146738,0,0.0029357
0.000703712, 0.0, 32771,32800,29,9.47107e-07,0.00146738,0,0.0029357
0.000824506, 0.0, 32800,32829,29,9.47107e-07,0.00146738,0,0.0029357
0.000679277, 0.0, 32829,32858,29,9.47107e-07,0.00146738,0,0.0029357
0.000573718, 0.0, 32858,32888,30,9.47107e-07,0.00146738,0,0.0029357
0.000565345, 0.0, 32888,32917,29,9.47107e-07,0.00146738,0,0.0029357
0.000869556, 0.0, 32917,32946,29,9.47107e-07,0.00146738,0,0.0029357
0.00116511, 0.0, 32946,32976,30,9.47107e-07,0.00146738,0,0.0029357
0.00124651, 0.0, 32976,33005,29,9.47107e-07,0.00146738,0,0.0029357
0.000748773, 0.0, 33005,33035,30,9.47107e-07,0.00146738,0,0.0029357
0.00064946, 0.0, 33035,33064,29,9.47107e-07,0.00146738,0,0.0029357
0.000300002, 0.0, 33064,33093,29,9.47107e-07,0.00146738,0,0.0029357
0.00083865, 0.0, 33093,33122,29,9.47107e-07,0.00146738,0,0.0029357
0.000884961, 0.0, 33122,33151,29,9.47107e-07,0.00146738,0,0.0029357
0.000788463, 0.0, 33151,33181,30,9.47107e-07,0.00146738,0,0.0029357
0.000982833, 0.0, 33181,33210,29,9.47107e-07,0.00146738,0,0.0029357
0.00166193, 0.0, 33210,33239,29,9.47107e-07,0.00146738,0,0.0029357
0.00111797, 0.0, 33239,33269,30,9.47107e-07,0.00146738,0,0.0029357
0.00070504, 0.0, 33269,33298,29,9.47107e-07,0.00146738,0,0.0029357
0.0012516, 0.0, 33298,33328,30,9.47107e-07,0.00146738,0,0.0029357
0.00102385, 0.0, 33328,33357,29,9.47107e-07,0.00146738,0,0.0029357
0.000269591, 0.0, 33357,33386,29,9.47107e-07,0.00146738,0,0.0029357
0.000633222, 0.0, 33386,33415,29,9.47107e-07,0.00146738,0,0.0029357
0.00130371, 0.0, 33415,33444,29,9.47107e-07,0.00146738,0,0.0029357
0.000379522, 0.0, 33444,33473,29,9.47107e-07,0.00146738,0,0.0029357
0.000821929, 0.0, 33473,33502,29,9.47107e-07,0.00146738,0,0.0029357
0.00112955, 0.0, 33502,33531,29,9.47107e-07,0.00146738,0,0.0029357
0.000601921, 0.0, 33531,33560,29,9.47107e-07,0.00146738,0,0.0029357
0.00143338, 0.0, 33560,33589,29,9.47107e-07,0.00146738,0,0.0029357
0.000620602, 0.0, 33589,33619,30,9.47107e-07,0.00146738,0,0.0029357
0.000266891, 0.0, 33619,33648,29,9.47107e-07,0.00146738,0,0.0029357
0.000297596, 0.0, 33648,33677,29,9.47107e-07,0.00146738,0,0.0029357
0.000337087, 0.0, 33677,33706,29,9.47107e-07,0.00146738,0,0.0029357
0.000281412, 0.0, 33706,33736,30,9.47107e-07,0.00146738,0,0.0029357
0.000362769, 0.0, 33736,33765,29,9.47107e-07,0.00146738,0,0.0029357
0.00140115, 0.0, 33765,33794,29,9.47107e-07,0.00146738,0,0.0029357
0.00145574, 0.0, 33794,33824,30,9.47107e-07,0.00146738,0,0.0029357
0.000672572, 0.0, 33824,33853,29,9.47107e-07,0.00146738,0,0.0029357
0.00125682, 0.0, 33853,33882,29,9.47107e-07,0.00146738,0,0.0029357
0.000909609, 0.0, 33882,33911,29,9.47107e-07,0.00146738,0,0.0029357
0.000886059, 0.0, 33911,33940,29,9.47107e-07,0.00146738,0,0.0029357
0.000552114, 0.0, 33940,33970,30,9.47107e-07,0.00146738,0,0.0029357
0.000780792, 0.0, 33970,33999,29,9.47107e-07,0.00146738,0,0.0029357
0.000934191, 0.0, 33999,34028,29,9.47107e-07,0.00146738,0,0.0029357
0.00081991, 0.0, 34028,34058,30,9.47107e-07,0.00146738,0,0.0029357
0.00158207, 0.0, 34058,34087,29,9.47107e-07,0.00146738,0,0.0029357
0.0019956, 0.0, 34087,34116,29,9.47107e-07,0.00146738,0,0.0029357
0.0028251, 0.0, 34116,34145,29,9.47107e-07,0.00146738,0,0.0029357
0.00126709, 0.0, 34145,34174,29,9.47107e-07,0.00146738,0,0.0029357
0.00076212, 0.0, 34174,34204,30,9.47107e-07,0.00146738,0,0.0029357
0.0012618, 0.0, 34204,34233,29,9.47107e-07,0.00146738,0,0.0029357
0.0012763, 0.0, 34233,34263,30,9.47107e-07,0.00146738,0,0.0029357
0.00193679, 0.0, 34263,34292,29,9.47107e-07,0.00146738,0,0.0029357
0.00086376, 0.0, 34292,34322,30,9.47107e-07,0.00146738,0,0.0029357
0.00220607, 0.0, 34322,34351,29,9.47107e-07,0.00146738,0,0.0029357
0.00105991, 0.0, 34351,34380,29,9.47107e-07,0.00146738,0,0.0029357
0.000590557, 0.0, 34380,34409,29,9.47107e-07,0.00146738,0,0.0029357
0.001132, 0.0, 34409,34438,29,9.47107e-07,0.00146738,0,0.0029357
0.00112725, 0.0, 34438,34468,30,9.47107e-07,0.00146738,0,0.0029357
0.000654151, 0.0, 34468,34497,29,9.47107e-07,0.00146738,0,0.0029357
0.00119255, 0.0, 34497,34526,29,9.47107e-07,0.00146738,0,0.0029357
0.00125717, 0.0, 34526,34555,29,9.47107e-07,0.00146738,0,0.0029357
0.00178503, 0.0, 34555,34584,29,9.47107e-07,0.00146738,0,0.0029357
0.00213457, 0.0, 34584,34614,30,9.47107e-07,0.00146738,0,0.0029357
0.00106328, 0.0, 34614,34643,29,9.47107e-07,0.00146738,0,0.0029357
0.00153175, 0.0, 34643,34673,30,9.47107e-07,0.00146738,0,0.0029357
0.0017377, 0.0, 34673,34702,29,9.47107e-07,0.00146738,0,0.0029357
0.00236428, 0.0, 34702,34731,29,9.47107e-07,0.00146738,0,0.0029357
0.00110354, 0.0, 34731,34760,29,9.47107e-07,0.00146738,0,0.0029357
0.00143758, 0.0, 34760,34790,30,9.47107e-07,0.00146738,0,0.0029357
0.00130295, 0.0, 34790,34820,30,9.47107e-07,0.00146738,0,0.0029357
0.000887725, 0.0, 34820,34849,29,9.47107e-07,0.00146738,0,0.0029357
0.000774822, 0.0, 34849,34878,29,9.47107e-07,0.00146738,0,0.0029357
0.00154539, 0.0, 34878,34908,30,9.47107e-07,0.00146738,0,0.0029357
0.0018787, 0.0, 34908,34938,30,9.47107e-07,0.00146738,0,0.0029357
0.00145672, 0.0, 34938,34967,29,9.47107e-07,0.00146738,0,0.0029357
0.00146305, 0.0, 34967,34996,29,9.47107e-07,0.00146738,0,0.0029357
0.00125512, 0.0, 34996,35026,30,9.47107e-07,0.00146738,0,0.0029357
0.000450472, 0.0, 35026,35055,29,9.47107e-07,0.00146738,0,0.0029357
0.000956313, 0.0, 35055,35085,30,9.47107e-07,0.00146738,0,0.0029357
0.00159451, 0.0, 35085,35114,29,9.47107e-07,0.00146738,0,0.0029357
0.00248298, 0.0, 35114,35143,29,9.47107e-07,0.00146738,0,0.0029357
0.000968792, 0.0, 35143,35173,30,9.47107e-07,0.00146738,0,0.0029357
0.000495267, 0.0, 35173,35202,29,9.47107e-07,0.00146738,0,0.0029357
0.00124729, 0.0, 35202,35232,30,9.47107e-07,0.00146738,0,0.0029357
0.00151335, 0.0, 35232,35261,29,9.47107e-07,0.00146738,0,0.0029357
0.000618011, 0.0, 35261,35290,29,9.47107e-07,0.00146738,0,0.0029357
0.00110413, 0.0, 35290,35319,29,9.47107e-07,0.00146738,0,0.0029357
0.00142923, 0.0, 35319,35349,30,9.47107e-07,0.00146738,0,0.0029357
0.00139608, 0.0, 35349,35379,30,9.47107e-07,0.00146738,0,0.0029357
0.000287711, 0.0, 35379,35408,29,9.47107e-07,0.00146738,0,0.0029357
0.000797832, 0.0, 35408,35437,29,9.47107e-07,0.00146738,0,0.0029357
0.00146468, 0.0, 35437,35466,29,9.47107e-07,0.00146738,0,0.0029357
0.000347916, 0.0, 35466,35495,29,9.47107e-07,0.00146738,0,0.0029357
0.000952581, 0.0, 35495,35524,29,9.47107e-07,0.00146738,0,0.0029357
0.0015872, 0.0, 35524,35554,30,9.47107e-07,0.00146738,0,0.0029357
0.00160294, 0.0, 35554,35583,29,9.47107e-07,0.00146738,0,0.0029357
0.000794729, 0.0, 35583,35612,29,9.47107e-07,0.00146738,0,0.0029357
0.000472707, 0.0, 35612,35641,29,9.47107e-07,0.00146738,0,0.0029357
0.00127464, 0.0, 35641,35671,30,9.47107e-07,0.00146738,0,0.0029357
0.00143762, 0.0, 35671,35701,30,9.47107e-07,0.00146738,0,0.0029357
0.00158928, 0.0, 35701,35730,29,9.47107e-07,0.00146738,0,0.0029357
0.00062287, 0.0, 35730,35760,30,9.47107e-07,0.00146738,0,0.0029357
0.000982429, 0.0, 35760,35789,29,9.47107e-07,0.00146738,0,0.0029357
0.00209109, 0.0, 35789,35818,29,9.47107e-07,0.00146738,0,0.0029357
0.00158288, 0.0, 35818,35847,29,9.47107e-07,0.00146738,0,0.0029357
0.00101871, 0.0, 35847,35876,29,9.47107e-07,0.00146738,0,0.0029357
0.00103422, 0.0, 35876,35906,30,9.47107e-07,0.00146738,0,0.0029357
0.000772692, 0.0, 35906,35935,29,9.47107e-07,0.00146738,0,0.0029357
0.000668501, 0.0, 35935,35965,30,9.47107e-07,0.00146738,0,0.0029357
0.000922092, 0.0, 35965,35994,29,9.47107e-07,0.00146738,0,0.0029357
0.00226479, 0.0, 35994,36023,29,9.47107e-07,0.00146738,0,0.0029357
0.0202819, 0.0, 36023,36052,29,9.47107e-07,0.00146738,0,0.0029357
0.0608685, 0.0, 36052,36082,30,9.47107e-07,0.00146738,0,0.0029357
0.055296, 0.0, 36082,36111,29,9.47107e-07,0.00146738,0,0.0029357
0.0218869, 0.0, 36111,36140,29,9.47107e-07,0.00146738,0,0.0029357
0.0693432, 0.0, 36140,36169,29,9.47107e-07,0.00146738,0,0.0029357
0.021317, 0.0, 36169,36199,30,9.47107e-07,0.00146738,0,0.0029357
0.0188378, 0.0, 36199,36229,30,9.47107e-07,0.00146738,0,0.0029357
0.0585202, 0.0, 36229,36258,29,9.47107e-07,0.00146738,0,0.0029357
0.0541026, 0.0, 36258,36287,29,9.47107e-07,0.00146738,0,0.0029357
0.0809557, 0.0, 36287,36316,29,9.47107e-07,0.00146738,0,0.0029357
0.060013, 0.0, 36316,36345,29,9.47107e-07,0.00146738,0,0.0029357
0.0533508, 0.0, 36345,36375,30,9.47107e-07,0.00146738,0,0.0029357
0.0168091, 0.0, 36375,36405,30,9.47107e-07,0.00146738,0,0.0029357
0.00721749, 0.0, 36405,36434,29,9.47107e-07,0.00146738,0,0.0029357
0.00676242, 0.0, 36434,36464,30,9.47107e-07,0.00146738,0,0.0029357
0.00375527, 0.0, 36464,36493,29,9.47107e-07,0.00146738,0,0.0029357
0.00215539, 0.0, 36493,36522,29,9.47107e-07,0.00146738,0,0.0029357
0.0014962, 0.0, 36522,36552,30,9.47107e-07,0.00146738,0,0.0029357
0.00153583, 0.0, 36552,36582,30,9.47107e-07,0.00146738,0,0.0029357
0.00183577, 0.0, 36582,36611,29,9.47107e-07,0.00146738,0,0.0029357
0.00261591, 0.0, 36611,36640,29,9.47107e-07,0.00146738,0,0.0029357
0.00028046, 0.0, 36640,36669,29,9.47107e-07,0.00146738,0,0.0029357
0.00145746, 0.0, 36669,36698,29,9.47107e-07,0.00146738,0,0.0029357
0.00046008, 0.0, 36698,36728,30,9.47107e-07,0.00146738,0,0.0029357
0.000467825, 0.0, 36728,36758,30,9.47107e-07,0.00146738,0,0.0029357
0.0014061, 0.0, 36758,36787,29,9.47107e-07,0.00146738,0,0.0029357
0.0017227, 0.0, 36787,36816,29,9.47107e-07,0.00146738,0,0.0029357
0.00177291, 0.0, 36816,36846,30,9.47107e-07,0.00146738,0,0.0029357
0.000591726, 0.0, 36846,36875,29,9.47107e-07,0.00146738,0,0.0029357
0.00110354, 0.0, 36875,36904,29,9.47107e-07,0.00146738,0,0.0029357
0.000640848, 0.0, 36904,36934,30,9.47107e-07,0.00146738,0,0.0029357
0.000796731, 0.0, 36934,36963,29,9.47107e-07,0.00146738,0,0.0029357
0.00165021, 0.0, 36963,36992,29,9.47107e-07,0.00146738,0,0.0029357
0.00127771, 0.0, 36992,37021,29,9.47107e-07,0.00146738,0,0.0029357
0.000270633, 0.0, 37021,37050,29,9.47107e-07,0.00146738,0,0.0029357
0.00085044, 0.0, 37050,37079,29,9.47107e-07,0.00146738,0,0.0029357
0.000566665, 0.0, 37079,37109,30,9.47107e-07,0.00146738,0,0.0029357
0.00126143, 0.0, 37109,37139,30,9.47107e-07,0.00146738,0,0.0029357
0.0018118, 0.0, 37139,37168,29,9.47107e-07,0.00146738,0,0.0029357
0.000643906, 0.0, 37168,37198,30,9.47107e-07,0.00146738,0,0.0029357
0.000867719, 0.0, 37198,37227,29,9.47107e-07,0.00146738,0,0.0029357
0.000742809, 0.0, 37227,37257,30,9.47107e-07,0.00146738,0,0.0029357
0.000811049, 0.0, 37257,37287,30,9.47107e-07,0.00146738,0,0.0029357
0.00154645, 0.0, 37287,37316,29,9.47107e-07,0.00146738,0,0.0029357
0.00260696, 0.0, 37316,37345,29,9.47107e-07,0.00146738,0,0.0029357
0.00161672, 0.0, 37345,37375,30,9.47107e-07,0.00146738,0,0.0029357
0.00154694, 0.0, 37375,37404,29,9.47107e-07,0.00146738,0,0.0029357
0.00120766, 0.0, 37404,37434,30,9.47107e-07,0.00146738,0,0.0029357
0.000369077, 0.0, 37434,37464,30,9.47107e-07,0.00146738,0,0.0029357
0.000342452, 0.0, 37464,37493,29,9.47107e-07,0.00146738,0,0.0029357
0.00118691, 0.0, 37493,37522,29,9.47107e-07,0.00146738,0,0.0029357
0.00135169, 0.0, 37522,37551,29,9.47107e-07,0.00146738,0,0.0029357
0.00138537, 0.0, 37551,37580,29,9.47107e-07,0.00146738,0,0.0029357
0.00186185, 0.0, 37580,37610,30,9.47107e-07,0.00146738,0,0.0029357
0.000950608, 0.0, 37610,37640,30,9.47107e-07,0.00146738,0,0.0029357
0.000937737, 0.0, 37640,37669,29,9.47107e-07,0.00146738,0,0.0029357
0.00124841, 0.0, 37669,37699,30,9.47107e-07,0.00146738,0,0.0029357
0.000820859, 0.0, 37699,37727,28,9.47107e-07,0.00146738,0,0.0029357
0.000675308, 0.0, 37727,37757,30,9.47107e-07,0.00146738,0,0.0029357
0.000942258, 0.0, 37757,37786,29,9.47107e-07,0.00146738,0,0.0029357
0.0017951, 0.0, 37786,37816,30,9.47107e-07,0.00146738,0,0.0029357
0.00290013, 0.0, 37816,37845,29,9.47107e-07,0.00146738,0,0.0029357
0.00236867, 0.0, 37845,37875,30,9.47107e-07,0.00146738,0,0.0029357
0.00182574, 0.0, 37875,37904,29,9.47107e-07,0.00146738,0,0.0029357
0.000702709, 0.0, 37904,37933,29,9.47107e-07,0.00146738,0,0.0029357
0.000533886, 0.0, 37933,37962,29,9.47107e-07,0.00146738,0,0.0029357
0.00068968, 0.0, 37962,37992,30,9.47107e-07,0.00146738,0,0.0029357
0.00221454, 0.0, 37992,38021,29,9.47107e-07,0.00146738,0,0.0029357
0.000882165, 0.0, 38021,38050,29,9.47107e-07,0.00146738,0,0.0029357
0.00222246, 0.0, 38050,38080,30,9.47107e-07,0.00146738,0,0.0029357
0.00106585, 0.0, 38080,38109,29,9.47107e-07,0.00146738,0,0.0029357
0.000758135, 0.0, 38109,38138,29,9.47107e-07,0.00146738,0,0.0029357
0.00144665, 0.0, 38138,38168,30,9.47107e-07,0.00146738,0,0.0029357
0.00107384, 0.0, 38168,38197,29,9.47107e-07,0.00146738,0,0.0029357
0.00094756, 0.0, 38197,38227,30,9.47107e-07,0.00146738,0,0.0029357
0.000402081, 0.0, 38227,38256,29,9.47107e-07,0.00146738,0,0.0029357
0.00034769, 0.0, 38256,38285,29,9.47107e-07,0.00146738,0,0.0029357
0.000559496, 0.0, 38285,38314,29,9.47107e-07,0.00146738,0,0.0029357
0.000657604, 0.0, 38314,38344,30,9.47107e-07,0.00146738,0,0.0029357
0.00033907, 0.0, 38344,38374,30,9.47107e-07,0.00146738,0,0.0029357
0.000592537, 0.0, 38374,38403,29,9.47107e-07,0.00146738,0,0.0029357
0.00100984, 0.0, 38403,38432,29,9.47107e-07,0.00146738,0,0.0029357
0.00050606, 0.0, 38432,38464,32,9.47107e-07,0.00146738,0,0.0029357
0.00111347, 0.0, 38464,38491,27,9.47107e-07,0.00146738,0,0.0029357
0.000724956, 0.0, 38491,38521,30,9.47107e-07,0.00146738,0,0.0029357
0.00150525, 0.0, 38521,38550,29,9.47107e-07,0.00146738,0,0.0029357
0.00175118, 0.0, 38550,38579,29,9.47107e-07,0.00146738,0,0.0029357
0.000703374, 0.0, 38579,38609,30,9.47107e-07,0.00146738,0,0.0029357
0.00130715, 0.0, 38609,38639,30,9.47107e-07,0.00146738,0,0.0029357
0.00100963, 0.0, 38639,38668,29,9.47107e-07,0.00146738,0,0.0029357
0.000441911, 0.0, 38668,38704,36,9.47107e-07,0.00146738,0,0.0029357
0.000684789, 0.0, 38704,38733,29,9.47107e-07,0.00146738,0,0.0029357
0.00130973, 0.0, 38733,38762,29,9.47107e-07,0.00146738,0,0.0029357
0.00109637, 0.0, 38762,38792,30,9.47107e-07,0.00146738,0,0.0029357
0.000262115, 0.0, 38792,38821,29,9.47107e-07,0.00146738,0,0.0029357
0.000872089, 0.0, 38821,38851,30,9.47107e-07,0.00146738,0,0.0029357
0.0010225, 0.0, 38851,38880,29,9.47107e-07,0.00146738,0,0.0029357
0.000817898, 0.0, 38880,38910,30,9.47107e-07,0.00146738,0,0.0029357
0.00133755, 0.0, 38910,38939,29,9.47107e-07,0.00146738,0,0.0029357
0.000608659, 0.0, 38939,38969,30,9.47107e-07,0.00146738,0,0.0029357
0.00117463, 0.0, 38969,38998,29,9.47107e-07,0.00146738,0,0.0029357
0.00127001, 0.0, 38998,39028,30,9.47107e-07,0.00146738,0,0.0029357
0.00101822, 0.0, 39028,39057,29,9.47107e-07,0.00146738,0,0.0029357
0.000698663, 0.0, 39057,39087,30,9.47107e-07,0.00146738,0,0.0029357
0.000721196, 0.0, 39087,39116,29,9.47107e-07,0.00146738,0,0.0029357
0.000718578, 0.0, 39116,39145,29,9.47107e-07,0.00146738,0,0.0029357
0.000267066, 0.0, 39145,39174,29,9.47107e-07,0.00146738,0,0.0029357
0.000677, 0.0, 39174,39204,30,9.47107e-07,0.00146738,0,0.0029357
0.00101466, 0.0, 39204,39233,29,9.47107e-07,0.00146738,0,0.0029357
0.00103753, 0.0, 39233,39263,30,9.47107e-07,0.00146738,0,0.0029357
0.000680745, 0.0, 39263,39293,30,9.47107e-07,0.00146738,0,0.0029357
0.00102294, 0.0, 39293,39322,29,9.47107e-07,0.00146738,0,0.0029357
0.000902894, 0.0, 39322,39351,29,9.47107e-07,0.00146738,0,0.0029357
0.000780198, 0.0, 39351,39381,30,9.47107e-07,0.00146738,0,0.0029357
0.000509428, 0.0, 39381,39410,29,9.47107e-07,0.00146738,0,0.0029357
0.000686938, 0.0, 39410,39439,29,9.47107e-07,0.00146738,0,0.0029357
0.000877542, 0.0, 39439,39469,30,9.47107e-07,0.00146738,0,0.0029357
0.00116218, 0.0, 39469,39498,29,9.47107e-07,0.00146738,0,0.0029357
0.000563407, 0.0, 39498,39528,30,9.47107e-07,0.00146738,0,0.0029357
0.000535814, 0.0, 39528,39558,30,9.47107e-07,0.00146738,0,0.0029357
0.000365119, 0.0, 39558,39587,29,9.47107e-07,0.00146738,0,0.0029357
0.000716125, 0.0, 39587,39616,29,9.47107e-07,0.00146738,0,0.0029357
0.000418372, 0.0, 39616,39645,29,9.47107e-07,0.00146738,0,0.0029357
0.00176065, 0.0, 39645,39675,30,9.47107e-07,0.00146738,0,0.0029357
0.00252932, 0.0, 39675,39704,29,9.47107e-07,0.00146738,0,0.0029357
0.000593193, 0.0, 39704,39733,29,9.47107e-07,0.00146738,0,0.0029357
0.000953692, 0.0, 39733,39763,30,9.47107e-07,0.00146738,0,0.0029357
0.000922776, 0.0, 39763,39792,29,9.47107e-07,0.00146738,0,0.0029357
0.00152222, 0.0, 39792,39821,29,9.47107e-07,0.00146738,0,0.0029357
0.00207755, 0.0, 39821,39850,29,9.47107e-07,0.00146738,0,0.0029357
0.00100672, 0.0, 39850,39880,30,9.47107e-07,0.00146738,0,0.0029357
0.000986129, 0.0, 39880,39909,29,9.47107e-07,0.00146738,0,0.0029357
0.000442935, 0.0, 39909,39938,29,9.47107e-07,0.00146738,0,0.0029357
0.000506898, 0.0, 39938,39967,29,9.47107e-07,0.00146738,0,0.0029357
0.00107235, 0.0, 39967,39997,30,9.47107e-07,0.00146738,0,0.0029357
0.00143848, 0.0, 39997,40026,29,9.47107e-07,0.00146738,0,0.0029357
0.000797897, 0.0, 40026,40056,30,9.47107e-07,0.00146738,0,0.0029357
0.00150288, 0.0, 40056,40086,30,9.47107e-07,0.00146738,0,0.0029357
0.000756573, 0.0, 40086,40115,29,9.47107e-07,0.00146738,0,0.0029357
0.00129928, 0.0, 40115,40144,29,9.47107e-07,0.00146738,0,0.0029357
0.000835594, 0.0, 40144,40173,29,9.47107e-07,0.00146738,0,0.0029357
0.000595023, 0.0, 40173,40203,30,9.47107e-07,0.00146738,0,0.0029357
0.00102055, 0.0, 40203,40233,30,9.47107e-07,0.00146738,0,0.0029357
0.000864808, 0.0, 40233,40263,30,9.47107e-07,0.00146738,0,0.0029357
0.00170998, 0.0, 40263,40292,29,9.47107e-07,0.00146738,0,0.0029357
0.000577233, 0.0, 40292,40321,29,9.47107e-07,0.00146738,0,0.0029357
0.00104658, 0.0, 40321,40351,30,9.47107e-07,0.00146738,0,0.0029357
0.00088852, 0.0, 40351,40380,29,9.47107e-07,0.00146738,0,0.0029357
0.0013764, 0.0, 40380,40410,30,9.47107e-07,0.00146738,0,0.0029357
0.00191632, 0.0, 40410,40439,29,9.47107e-07,0.00146738,0,0.0029357
0.00142857, 0.0, 40439,40469,30,9.47107e-07,0.00146738,0,0.0029357
0.000451894, 0.0, 40469,40498,29,9.47107e-07,0.00146738,0,0.0029357
0.00139561, 0.0, 40498,40527,29,9.47107e-07,0.00146738,0,0.0029357
0.000874409, 0.0, 40527,40556,29,9.47107e-07,0.00146738,0,0.0029357
0.000337893, 0.0, 40556,40585,29,9.47107e-07,0.00146738,0,0.0029357
0.000319702, 0.0, 40585,40615,30,9.47107e-07,0.00146738,0,0.0029357
0.000693445, 0.0, 40615,40644,29,9.47107e-07,0.00146738,0,0.0029357
0.00083149, 0.0, 40644,40673,29,9.47107e-07,0.00146738,0,0.0029357
0.000643989, 0.0, 40673,40702,29,9.47107e-07,0.00146738,0,0.0029357
0.000662488, 0.0, 40702,40732,30,9.47107e-07,0.00146738,0,0.0029357
0.000632722, 0.0, 40732,40761,29,9.47107e-07,0.00146738,0,0.0029357
0.00157978, 0.0, 40761,40792,31,9.47107e-07,0.00146738,0,0.0029357
0.00135401, 0.0, 40792,40821,29,9.47107e-07,0.00146738,0,0.0029357
0.00158477, 0.0, 40821,40851,30,9.47107e-07,0.00146738,0,0.0029357
0.00128292, 0.0, 40851,40880,29,9.47107e-07,0.00146738,0,0.0029357
0.000680378, 0.0, 40880,40909,29,9.47107e-07,0.00146738,0,0.0029357
0.00146509, 0.0, 40909,40939,30,9.47107e-07,0.00146738,0,0.0029357
0.00138504, 0.0, 40939,40968,29,9.47107e-07,0.00146738,0,0.0029357
0.00177837, 0.0, 40968,40997,29,9.47107e-07,0.00146738,0,0.0029357
0.000711824, 0.0, 40997,41026,29,9.47107e-07,0.00146738,0,0.0029357
0.00076486, 0.0, 41026,41056,30,9.47107e-07,0.00146738,0,0.0029357
0.000558315, 0.0, 41056,41085,29,9.47107e-07,0.00146738,0,0.0029357
0.000687225, 0.0, 41085,41115,30,9.47107e-07,0.00146738,0,0.0029357
0.000707319, 0.0, 41115,41145,30,9.47107e-07,0.00146738,0,0.0029357
0.00055583, 0.0, 41145,41174,29,9.47107e-07,0.00146738,0,0.0029357
0.00147612, 0.0, 41174,41203,29,9.47107e-07,0.00146738,0,0.0029357
0.00177581, 0.0, 41203,41232,29,9.47107e-07,0.00146738,0,0.0029357
0.000721127, 0.0, 41232,41262,30,9.47107e-07,0.00146738,0,0.0029357
0.000825093, 0.0, 41262,41292,30,9.47107e-07,0.00146738,0,0.0029357
0.00135491, 0.0, 41292,41321,29,9.47107e-07,0.00146738,0,0.0029357
0.000904664, 0.0, 41321,41350,29,9.47107e-07,0.00146738,0,0.0029357
0.00158428, 0.0, 41350,41380,30,9.47107e-07,0.00146738,0,0.0029357
0.00147746, 0.0, 41380,41409,29,9.47107e-07,0.00146738,0,0.0029357
0.00156695, 0.0, 41409,41438,29,9.47107e-07,0.00146738,0,0.0029357
0.00117659, 0.0, 41438,41468,30,9.47107e-07,0.00146738,0,0.0029357
0.000824046, 0.0, 41468,41497,29,9.47107e-07,0.00146738,0,0.0029357
0.00107836, 0.0, 41497,41527,30,9.47107e-07,0.00146738,0,0.0029357
0.0009602, 0.0, 41527,41556,29,9.47107e-07,0.00146738,0,0.0029357
0.000412815, 0.0, 41556,41585,29,9.47107e-07,0.00146738,0,0.0029357
0.000941221, 0.0, 41585,41615,30,9.47107e-07,0.00146738,0,0.0029357
0.00152652, 0.0, 41615,41645,30,9.47107e-07,0.00146738,0,0.0029357
0.000875585, 0.0, 41645,41674,29,9.47107e-07,0.00146738,0,0.0029357
0.000918314, 0.0, 41674,41703,29,9.47107e-07,0.00146738,0,0.0029357
0.00135391, 0.0, 41703,41732,29,9.47107e-07,0.00146738,0,0.0029357
0.00136889, 0.0, 41732,41761,29,9.47107e-07,0.00146738,0,0.0029357
0.00144995, 0.0, 41761,41791,30,9.47107e-07,0.00146738,0,0.0029357
0.000730527, 0.0, 41791,41820,29,9.47107e-07,0.00146738,0,0.0029357
0.00139223, 0.0, 41820,41849,29,9.47107e-07,0.00146738,0,0.0029357
0.00124142, 0.0, 41849,41879,30,9.47107e-07,0.00146738,0,0.0029357
0.00172575, 0.0, 41879,41908,29,9.47107e-07,0.00146738,0,0.0029357
0.00194562, 0.0, 41908,41938,30,9.47107e-07,0.00146738,0,0.0029357
0.00187931, 0.0, 41938,41967,29,9.47107e-07,0.00146738,0,0.0029357
0.00171367, 0.0, 41967,41997,30,9.47107e-07,0.00146738,0,0.0029357
0.00051633, 0.0, 41997,42026,29,9.47107e-07,0.00146738,0,0.0029357
0.00109736, 0.0, 42026,42056,30,9.47107e-07,0.00146738,0,0.0029357
0.000566037, 0.0, 42056,42085,29,9.47107e-07,0.00146738,0,0.0029357
0.000618639, 0.0, 42085,42114,29,9.47107e-07,0.00146738,0,0.0029357
0.00109286, 0.0, 42114,42143,29,9.47107e-07,0.00146738,0,0.0029357
0.000715036, 0.0, 42143,42173,30,9.47107e-07,0.00146738,0,0.0029357
0.000839097, 0.0, 42173,42202,29,9.47107e-07,0.00146738,0,0.0029357
0.001894, 0.0, 42202,42232,30,9.47107e-07,0.00146738,0,0.0029357
0.00304073, 0.0, 42232,42261,29,9.47107e-07,0.00146738,0,0.0029357
0.00161303, 0.0, 42261,42291,30,9.47107e-07,0.00146738,0,0.0029357
0.000838617, 0.0, 42291,42321,30,9.47107e-07,0.00146738,0,0.0029357
0.00130077, 0.0, 42321,42350,29,9.47107e-07,0.00146738,0,0.0029357
0.00158483, 0.0, 42350,42379,29,9.47107e-07,0.00146738,0,0.0029357
0.00096578, 0.0, 42379,42408,29,9.47107e-07,0.00146738,0,0.0029357
0.00133452, 0.0, 42408,42437,29,9.47107e-07,0.00146738,0,0.0029357
0.00118876, 0.0, 42437,42466,29,9.47107e-07,0.00146738,0,0.0029357
0.00124347, 0.0, 42466,42496,30,9.47107e-07,0.00146738,0,0.0029357
0.00110675, 0.0, 42496,42525,29,9.47107e-07,0.00146738,0,0.0029357
0.00158049, 0.0, 42525,42554,29,9.47107e-07,0.00146738,0,0.0029357
0.000986512, 0.0, 42554,42584,30,9.47107e-07,0.00146738,0,0.0029357
0.000740694, 0.0, 42584,42613,29,9.47107e-07,0.00146738,0,0.0029357
0.000483624, 0.0, 42613,42642,29,9.47107e-07,0.00146738,0,0.0029357
0.000457853, 0.0, 42642,42672,30,9.47107e-07,0.00146738,0,0.0029357
0.000452277, 0.0, 42672,42702,30,9.47107e-07,0.00146738,0,0.0029357
0.0010433, 0.0, 42702,42731,29,9.47107e-07,0.00146738,0,0.0029357
0.000705109, 0.0, 42731,42760,29,9.47107e-07,0.00146738,0,0.0029357
0.000949276, 0.0, 42760,42790,30,9.47107e-07,0.00146738,0,0.0029357
0.000446321, 0.0, 42790,42819,29,9.47107e-07,0.00146738,0,0.0029357
0.000815713, 0.0, 42819,42849,30,9.47107e-07,0.00146738,0,0.0029357
0.00137922, 0.0, 42849,42878,29,9.47107e-07,0.00146738,0,0.0029357
0.00117751, 0.0, 42878,42908,30,9.47107e-07,0.00146738,0,0.0029357
0.000681681, 0.0, 42908,42937,29,9.47107e-07,0.00146738,0,0.0029357
0.000818319, 0.0, 42937,42967,30,9.47107e-07,0.00146738,0,0.0029357
0.000806872, 0.0, 42967,42996,29,9.47107e-07,0.00146738,0,0.0029357
0.000644916, 0.0, 42996,43026,30,9.47107e-07,0.00146738,0,0.0029357
0.000788395, 0.0, 43026,43055,29,9.47107e-07,0.00146738,0,0.0029357
0.00119128, 0.0, 43055,43084,29,9.47107e-07,0.00146738,0,0.0029357
0.00135207, 0.0, 43084,43114,30,9.47107e-07,0.00146738,0,0.0029357
0.00132069, 0.0, 43114,43143,29,9.47107e-07,0.00146738,0,0.0029357
0.000706321, 0.0, 43143,43172,29,9.47107e-07,0.00146738,0,0.0029357
0.000642196, 0.0, 43172,43202,30,9.47107e-07,0.00146738,0,0.0029357
0.0011624, 0.0, 43202,43231,29,9.47107e-07,0.00146738,0,0.0029357
0.00164186, 0.0, 43231,43261,30,9.47107e-07,0.00146738,0,0.0029357
0.0010726, 0.0, 43261,43290,29,9.47107e-07,0.00146738,0,0.0029357
0.000586146, 0.0, 43290,43319,29,9.47107e-07,0.00146738,0,0.0029357
0.000918275, 0.0, 43319,43348,29,9.47107e-07,0.00146738,0,0.0029357
0.00083127, 0.0, 43348,43378,30,9.47107e-07,0.00146738,0,0.0029357
0.00092063, 0.0, 43378,43407,29,9.47107e-07,0.00146738,0,0.0029357
0.0012162, 0.0, 43407,43437,30,9.47107e-07,0.00146738,0,0.0029357
0.00127279, 0.0, 43437,43466,29,9.47107e-07,0.00146738,0,0.0029357
0.000502737, 0.0, 43466,43496,30,9.47107e-07,0.00146738,0,0.0029357
0.000650382, 0.0, 43496,43525,29,9.47107e-07,0.00146738,0,0.0029357
0.000933556, 0.0, 43525,43554,29,9.47107e-07,0.00146738,0,0.0029357
0.000622668, 0.0, 43554,43584,30,9.47107e-07,0.00146738,0,0.0029357
0.00173018, 0.0, 43584,43613,29,9.47107e-07,0.00146738,0,0.0029357
0.00292506, 0.0, 43613,43643,30,9.47107e-07,0.00146738,0,0.0029357
0.00147344, 0.0, 43643,43672,29,9.47107e-07,0.00146738,0,0.0029357
0.00134499, 0.0, 43672,43702,30,9.47107e-07,0.00146738,0,0.0029357
0.00275698, 0.0, 43702,43731,29,9.47107e-07,0.00146738,0,0.0029357
0.00270038, 0.0, 43731,43761,30,9.47107e-07,0.00146738,0,0.0029357
0.00138786, 0.0, 43761,43790,29,9.47107e-07,0.00146738,0,0.0029357
