0.0159979, 6;
0.015255, 6;
0.0152037, 6;
0.0153954, 6;
0.0153329, 6;
0.015296, 6;
0.0157605, 6;
0.0156114, 6;
0.0154713, 6;
0.0159041, 6;
0.0156664, 6;
0.0159465, 6;
0.0158953, 6;
0.0149516, 6;
0.0149809, 6;
0.015951, 6;
0.016003, 6;
0.0159972, 6;
0.0156591, 6;
0.0159055, 6;
0.015963, 6;
0.0155136, 6;
0.0160521, 6;
0.0149565, 6;
0.0160609, 6;
0.014879, 6;
0.0154053, 6;
0.015991, 6;
0.0158681, 6;
0.0159584, 6;
0.0159966, 6;
0.0153282, 6;
0.015642, 6;
0.0149388, 6;
0.015348, 6;
0.0152355, 6;
0.0153352, 6;
0.015114, 6;
0.0157855, 6;
0.0157765, 6;
0.0153434, 6;
0.015693, 6;
0.0150194, 6;
0.0149168, 6;
0.0159466, 6;
0.0159547, 6;
0.0159442, 6;
0.016058, 6;
0.0154541, 6;
0.0155264, 6;
0.0149128, 6;
0.0159431, 6;
0.015898, 6;
0.0159919, 6;
0.0158491, 6;
0.0157599, 6;
0.0151677, 6;
0.0150402, 6;
0.0155528, 6;
0.0153597, 6;
0.0150812, 6;
0.0158774, 6;
0.015755, 6;
0.0149057, 6;
0.016098, 6;
0.0150349, 6;
0.0149123, 6;
0.0150044, 6;
0.014947, 6;
0.0164659, 6;
0.0154127, 6;
0.0161124, 6;
0.0159011, 6;
0.0149866, 6;
0.0149402, 6;
0.0150252, 6;
0.0155267, 6;
0.0144705, 6;
0.0159665, 6;
0.0154334, 6;
0.0159822, 6;
0.0154979, 6;
0.0155452, 6;
0.0152125, 6;
0.015861, 6;
0.0160228, 6;
0.0158692, 6;
0.0161514, 6;
0.015821, 6;
0.0158155, 6;
0.0152533, 6;
0.0158592, 6;
0.0159907, 6;
0.0159336, 6;
0.0160257, 6;
0.0158539, 6;
0.0153895, 6;
0.0157452, 6;
0.0156449, 6;
0.0157045, 6;
0.0162871, 6;
0.014992, 6;
0.0148619, 6;
0.016111, 6;
0.0158684, 6;
0.016056, 6;
0.0159594, 6;
0.0159799, 6;
0.0151185, 6;
0.0148382, 6;
0.0160366, 6;
0.0156148, 6;
0.0154248, 6;
0.0155955, 6;
0.0161384, 6;
0.0157779, 6;
0.0160247, 6;
0.01857, 6;
0.0147709, 6;
0.0129136, 6;
0.0151196, 6;
0.0153149, 6;
0.0159905, 6;
0.0159731, 6;
0.0159205, 6;
0.0149505, 6;
0.0149542, 6;
0.0150003, 6;
0.015023, 6;
0.016709, 6;
0.0143876, 6;
0.0157403, 6;
0.0160091, 6;
0.0153505, 6;
0.0150494, 6;
0.0153613, 6;
0.0160302, 6;
0.0148859, 6;
0.01537, 6;
0.0157767, 6;
0.0159427, 6;
0.0149196, 6;
0.0150851, 6;
0.0167517, 6;
0.0156264, 6;
0.014254, 6;
0.0154841, 6;
0.0149946, 6;
0.0154762, 6;
0.0149118, 6;
0.0150562, 6;
0.0155354, 6;
0.0157222, 6;
0.0154098, 6;
0.0160272, 6;
0.0160832, 6;
0.0158986, 6;
0.0154491, 6;
0.0154805, 6;
0.015708, 6;
0.0152217, 6;
0.0159157, 6;
0.0159466, 6;
0.0155379, 6;
0.0155928, 6;
0.0148254, 6;
0.0159263, 6;
0.0150388, 6;
0.0149444, 6;
0.0149161, 6;
0.0150995, 6;
0.0178354, 6;
0.0128196, 6;
0.0179301, 6;
0.0130124, 6;
0.0160225, 6;
0.0159227, 6;
0.0159517, 6;
0.0159959, 6;
0.0158751, 6;
0.0147013, 6;
0.0152745, 6;
0.0160902, 6;
0.0149397, 6;
0.0158994, 6;
0.0160471, 6;
0.0163942, 6;
0.0134092, 6;
0.0157942, 6;
0.0158937, 6;
0.0160345, 6;
0.0157915, 6;
0.016945, 6;
0.014224, 6;
0.0156385, 6;
0.0152258, 6;
0.0159605, 6;
0.0160268, 6;
0.0157325, 6;
0.0181213, 6;
0.0117794, 6;
0.0158353, 6;
0.0172012, 6;
0.0153701, 6;
0.0143826, 6;
0.0159248, 6;
0.0151731, 6;
0.0149036, 6;
0.0159386, 6;
0.0150624, 6;
0.0159003, 6;
0.0161265, 6;
0.0157891, 6;
0.0154322, 6;
0.016126, 6;
0.0154569, 6;
0.0153834, 6;
0.0154386, 6;
0.0158409, 6;
0.0148158, 6;
0.0152953, 6;
0.015848, 6;
0.01501, 6;
0.0151873, 6;
0.0157013, 6;
0.0158026, 6;
0.0156933, 6;
0.0157786, 6;
0.0147296, 6;
0.0154608, 6;
0.0160816, 6;
0.0160695, 6;
0.0166134, 6;
0.0141574, 6;
0.016395, 6;
0.0156704, 6;
0.0159523, 6;
0.016088, 6;
0.0159802, 6;
0.0159827, 6;
0.0160294, 6;
0.015338, 6;
0.0158639, 6;
0.0155239, 6;
0.015942, 6;
0.0148127, 6;
0.0149949, 6;
0.0153804, 6;
0.0154409, 6;
0.0151023, 6;
0.0159692, 6;
0.0159839, 6;
0.0154745, 6;
0.0154844, 6;
0.0149359, 6;
0.0150072, 6;
0.0156309, 6;
0.0152602, 6;
0.0160131, 6;
0.0148283, 6;
0.0150101, 6;
0.0159829, 6;
0.0150095, 6;
0.0159287, 6;
0.0159677, 6;
0.0159817, 6;
0.0158877, 6;
0.0149438, 6;
0.0149693, 6;
0.0151933, 6;
0.0158349, 6;
0.0158187, 6;
0.0160247, 6;
0.0160412, 6;
0.015701, 6;
0.0154848, 6;
0.0164992, 6;
0.0141635, 6;
0.0158718, 6;
0.0156883, 6;
0.0152364, 6;
0.0149807, 6;
0.0149525, 6;
0.0161636, 6;
0.015233, 6;
0.0143942, 6;
0.0152222, 6;
0.01551, 6;
0.0152953, 6;
0.0155278, 6;
0.015135, 6;
0.0159082, 6;
0.015989, 6;
0.0151872, 6;
0.015897, 6;
0.0150066, 6;
0.0149663, 6;
0.0164349, 6;
0.0144895, 6;
0.0150479, 6;
0.014748, 6;
0.0150089, 6;
0.0160466, 6;
0.0183665, 6;
0.0136386, 6;
0.015378, 6;
0.0153656, 6;
0.0159808, 6;
0.0159475, 6;
0.0160365, 6;
0.0158986, 6;
0.014942, 6;
0.0149273, 6;
0.0157288, 6;
0.0153803, 6;
0.0148772, 6;
0.0156888, 6;
0.0181056, 6;
0.0125944, 6;
0.015236, 6;
0.0149295, 6;
0.0151251, 6;
0.0139214, 6;
0.0159618, 6;
0.0149432, 6;
0.0153535, 6;
0.0158256, 6;
0.0157892, 6;
0.0154626, 6;
0.0158145, 6;
0.0154199, 6;
0.0159944, 6;
0.0158669, 6;
0.0158531, 6;
0.0164548, 6;
0.0157931, 6;
0.0158937, 6;
0.0157729, 6;
0.0159801, 6;
0.0153472, 6;
0.0146294, 6;
0.0160593, 6;
0.0159002, 6;
0.015016, 6;
0.0153098, 6;
0.0159728, 6;
0.0154795, 6;
0.0169744, 6;
0.0139911, 6;
0.0158845, 6;
0.0159812, 6;
0.0150032, 6;
0.0149183, 6;
0.0149866, 6;
0.0149167, 6;
0.0149993, 6;
0.0154968, 6;
0.0154005, 6;
0.0159774, 6;
0.0157948, 6;
0.0157998, 6;
0.0154224, 6;
0.0153256, 6;
0.0155419, 6;
0.0159374, 6;
0.015928, 6;
0.0159191, 6;
0.0163166, 6;
0.0148719, 6;
0.0150497, 6;
0.0157286, 6;
0.0159432, 6;
0.016116, 6;
0.0146023, 6;
0.015042, 6;
0.015552, 6;
0.0154086, 6;
0.0159268, 6;
0.0160127, 6;
0.0147782, 6;
0.015763, 6;
0.015408, 6;
0.0147604, 6;
0.0152385, 6;
0.0156917, 6;
0.0149958, 6;
0.0149905, 6;
0.015011, 6;
0.0160009, 6;
0.0139403, 6;
0.0160206, 6;
0.0158089, 6;
0.0159754, 6;
0.015995, 6;
0.0159577, 6;
0.0158918, 6;
0.0158747, 6;
0.0161689, 6;
0.0156353, 6;
0.0192683, 6;
0.0115953, 6;
0.0153189, 6;
0.0159803, 6;
0.0155292, 6;
0.014258, 6;
0.0153525, 6;
0.0156348, 6;
0.0152154, 6;
0.0156711, 6;
0.0160843, 6;
0.016043, 6;
0.0157508, 6;
0.0151371, 6;
0.0160412, 6;
0.0146871, 6;
0.015071, 6;
0.0157304, 6;
0.016059, 6;
0.0160457, 6;
0.0148512, 6;
0.016135, 6;
0.0159338, 6;
0.015708, 6;
0.0149196, 6;
0.0153547, 6;
0.0158012, 6;
0.0149963, 6;
0.0151253, 6;
0.0157743, 6;
0.0159373, 6;
0.0151084, 6;
0.0152234, 6;
0.0156323, 6;
0.0174015, 6;
0.0143674, 6;
0.0160609, 6;
0.015937, 6;
0.0160097, 6;
0.0158841, 6;
0.0160283, 6;
0.0150657, 6;
0.0146736, 6;
0.0160789, 6;
0.0152014, 6;
0.0157994, 6;
0.0158771, 6;
0.0159791, 6;
0.0159359, 6;
0.0165072, 6;
0.0151953, 6;
0.0152265, 6;
0.0155875, 6;
0.0152607, 6;
0.0159789, 6;
0.0159927, 6;
0.0149258, 6;
0.0158972, 6;
0.0160334, 6;
0.0159251, 6;
0.0159854, 6;
0.0159169, 6;
0.0150233, 6;
0.0150166, 6;
0.0149683, 6;
0.0147194, 6;
0.016316, 6;
0.0139707, 6;
0.0149341, 6;
0.0153594, 6;
0.0157771, 6;
0.0152058, 6;
0.0155303, 6;
0.0159934, 6;
0.0150587, 6;
0.0156382, 6;
0.015902, 6;
0.0146518, 6;
0.0157772, 6;
0.0154868, 6;
0.016286, 6;
0.0146023, 6;
0.0150746, 6;
0.0161092, 6;
0.0147409, 6;
0.0149326, 6;
0.0149425, 6;
0.0156224, 6;
0.0153755, 6;
0.0149253, 6;
0.0150882, 6;
0.0157577, 6;
0.0150181, 6;
0.0152487, 6;
0.0160722, 6;
0.0159727, 6;
0.0149807, 6;
0.0150326, 6;
0.0157684, 6;
0.0156665, 6;
0.0159725, 6;
0.0159555, 6;
0.0157754, 6;
0.0151442, 6;
0.0158766, 6;
0.016251, 6;
0.0153437, 6;
0.01586, 6;
0.0166596, 6;
0.0146045, 6;
0.0157317, 6;
0.0153469, 6;
0.0151413, 6;
0.0157712, 6;
0.0150435, 6;
0.0159531, 6;
0.016009, 6;
0.0160644, 6;
0.0158284, 6;
0.0159283, 6;
0.0158335, 6;
0.0169293, 6;
0.0140475, 6;
0.0149008, 6;
0.0159703, 6;
0.0176726, 6;
0.0142712, 6;
0.0149033, 6;
0.0160367, 6;
0.0159024, 6;
0.015133, 6;
0.0149138, 6;
0.0149592, 6;
0.0157403, 6;
0.0163914, 6;
0.0145972, 6;
0.0160156, 6;
0.0197301, 6;
0.0118541, 6;
0.0155546, 6;
0.015677, 6;
0.0150258, 6;
0.0149572, 6;
0.0150259, 6;
0.0148077, 6;
0.0150522, 6;
0.0159714, 6;
0.0154598, 6;
0.0150581, 6;
0.0154775, 6;
0.0162482, 6;
0.0152456, 6;
0.0155252, 6;
0.014701, 6;
0.0149885, 6;
0.0160547, 6;
0.0148808, 6;
0.0149852, 6;
0.0159373, 6;
0.0160189, 6;
0.014825, 6;
0.0151665, 6;
0.0157417, 6;
0.0164606, 6;
0.0155742, 6;
0.0160434, 6;
0.0148514, 6;
0.0159149, 6;
0.0150458, 6;
0.0149794, 6;
0.0159888, 6;
0.0157827, 6;
0.0159578, 6;
0.0149792, 6;
0.0149785, 6;
0.0151677, 6;
0.0148752, 6;
0.0184101, 6;
0.0127327, 6;
0.015691, 6;
0.015842, 6;
0.0159564, 6;
0.014943, 6;
0.0150135, 6;
0.0160039, 6;
0.0159955, 6;
0.0158504, 6;
0.0151371, 6;
0.0152465, 6;
0.0159169, 6;
0.015223, 6;
0.0159771, 6;
0.0152755, 6;
0.0152003, 6;
0.0160019, 6;
0.0156659, 6;
0.0158406, 6;
0.0160688, 6;
0.0159023, 6;
0.016232, 6;
0.015766, 6;
0.0159994, 6;
0.0164021, 6;
0.0146012, 6;
0.0149348, 6;
0.0147732, 6;
0.0152358, 6;
0.0162987, 6;
0.0143371, 6;
0.0155184, 6;
0.0154677, 6;
0.0154161, 6;
0.0154713, 6;
0.0158002, 6;
0.0158574, 6;
0.016, 6;
0.0160043, 6;
0.0151773, 6;
0.0147063, 6;
0.0152836, 6;
0.0159706, 6;
0.0156519, 6;
0.0151259, 6;
0.016004, 6;
0.0149623, 6;
0.015945, 6;
0.0153278, 6;
0.0156587, 6;
0.0159135, 6;
0.0154567, 6;
0.0154767, 6;
0.0159661, 6;
0.0151906, 6;
0.0157901, 6;
0.0157977, 6;
0.0156251, 6;
0.0153765, 6;
0.0150655, 6;
0.0159676, 6;
0.0162259, 6;
0.0157462, 6;
0.0149634, 6;
0.0148892, 6;
0.0150575, 6;
0.0150277, 6;
0.0148529, 6;
0.0149638, 6;
0.01577, 6;
0.0159699, 6;
0.0155349, 6;
0.0153645, 6;
0.0150078, 6;
0.0146095, 6;
0.0153995, 6;
0.0159846, 6;
0.0158293, 6;
0.0157711, 6;
0.0153976, 6;
0.0161291, 6;
0.0148397, 6;
0.0147865, 6;
0.0156125, 6;
0.0157534, 6;
0.0158542, 6;
0.0154512, 6;
0.0155946, 6;
0.0160422, 6;
0.0161525, 6;
0.0159021, 6;
0.0152707, 6;
0.015712, 6;
0.0162481, 6;
0.0159527, 6;
0.0200917, 6;
0.0142939, 6;
0.012716, 6;
0.0148032, 6;
0.0149491, 6;
0.015829, 6;
0.0160302, 6;
0.0162638, 6;
0.0154925, 6;
0.0150668, 6;
0.0160087, 6;
0.0148679, 6;
0.0149848, 6;
0.0178586, 6;
0.0130169, 6;
0.0161054, 6;
0.0148198, 6;
0.0163446, 6;
0.0140413, 6;
0.0154655, 6;
0.0172016, 6;
0.0137269, 6;
0.015869, 6;
0.0150078, 6;
0.0157581, 6;
0.0151297, 6;
0.0151625, 6;
0.0159473, 6;
0.0149133, 6;
0.0149088, 6;
0.0151079, 6;
0.0149213, 6;
0.0148498, 6;
0.0150684, 6;
0.0149167, 6;
0.0149879, 6;
0.0163465, 6;
0.015651, 6;
0.0160882, 6;
0.0147111, 6;
0.0148939, 6;
0.0156642, 6;
0.0159455, 6;
0.0159732, 6;
0.0150682, 6;
0.015551, 6;
0.0154933, 6;
0.0149819, 6;
0.0150617, 6;
0.0148613, 6;
0.015762, 6;
0.015867, 6;
0.0160253, 6;
0.015961, 6;
0.015144, 6;
0.0156194, 6;
0.0159625, 6;
0.0159724, 6;
0.0160161, 6;
0.0160487, 6;
0.0159677, 6;
0.0160037, 6;
0.0159891, 6;
0.01604, 6;
0.0156846, 6;
0.0152416, 6;
0.0159624, 6;
0.0149513, 6;
0.0149806, 6;
0.0149611, 6;
0.0149982, 6;
0.014898, 6;
0.0150508, 6;
0.0156916, 6;
0.0152037, 6;
0.015122, 6;
0.0158517, 6;
0.0160158, 6;
0.0153068, 6;
0.0155503, 6;
0.0159682, 6;
0.0158693, 6;
0.0159552, 6;
0.0159478, 6;
0.0149429, 6;
0.0149916, 6;
0.0153984, 6;
0.0157256, 6;
0.0157211, 6;
0.0159359, 6;
0.0160896, 6;
0.0159753, 6;
0.0149396, 6;
0.014938, 6;
0.0149675, 6;
0.0150081, 6;
0.0155944, 6;
0.0159608, 6;
0.0150038, 6;
0.0152136, 6;
0.0148906, 6;
0.015866, 6;
0.0151548, 6;
0.0160681, 6;
0.0160618, 6;
0.0200045, 6;
0.0107813, 6;
0.0172334, 6;
0.0139642, 6;
0.0158829, 6;
0.015875, 6;
0.0160044, 6;
0.0152618, 6;
0.0153255, 6;
0.0157279, 6;
0.0153288, 6;
0.0160764, 6;
0.0154931, 6;
0.018242, 6;
0.0122361, 6;
0.0158019, 6;
0.0159835, 6;
0.0154867, 6;
0.0158962, 6;
0.0156212, 6;
0.0156641, 6;
0.0161322, 6;
0.0160444, 6;
0.0158073, 6;
0.0149191, 6;
0.0150825, 6;
0.0148047, 6;
0.0156245, 6;
0.0143732, 6;
0.0157312, 6;
0.0158123, 6;
0.0154138, 6;
0.0159172, 6;
0.0160216, 6;
0.0159412, 6;
0.0159469, 6;
0.0155623, 6;
0.0152205, 6;
0.0160297, 6;
0.0151245, 6;
0.0154348, 6;
0.0155142, 6;
0.0157679, 6;
0.0181401, 6;
0.0136902, 6;
0.0185678, 6;
0.0134321, 6;
0.0159912, 6;
0.0149157, 6;
0.0149221, 6;
0.0163445, 6;
0.0146972, 6;
0.0149569, 6;
0.0159485, 6;
0.016011, 6;
0.0159142, 6;
0.0160471, 6;
0.0148434, 6;
0.0155925, 6;
0.0154363, 6;
0.0158895, 6;
0.015861, 6;
0.0149812, 6;
0.0160099, 6;
0.014934, 6;
0.0150439, 6;
0.0150584, 6;
0.0147087, 6;
0.0150938, 6;
0.0149727, 6;
0.0155552, 6;
0.015355, 6;
0.0158344, 6;
0.0149533, 6;
0.0149169, 6;
0.0150099, 6;
0.0150622, 6;
0.0148886, 6;
0.0149874, 6;
0.0156042, 6;
0.0154813, 6;
0.0159374, 6;
0.0147423, 6;
0.0162166, 6;
0.0184399, 6;
0.0132302, 6;
0.0160226, 6;
0.0167832, 6;
0.0151564, 6;
0.0148558, 6;
0.0160359, 6;
0.0159139, 6;
0.0159956, 6;
0.0152828, 6;
0.0150037, 6;
0.0162345, 6;
0.0179875, 6;
0.0158205, 6;
0.0134214, 6;
0.0139274, 6;
0.0149848, 6;
0.0146857, 6;
0.0153169, 6;
0.0150249, 6;
0.0157518, 6;
0.0159358, 6;
0.0160579, 6;
0.0161188, 6;
0.0164742, 6;
0.0150377, 6;
0.0175968, 6;
0.0134012, 6;
0.0148429, 6;
0.0156657, 6;
0.0155118, 6;
0.0151865, 6;
0.0148417, 6;
0.0149132, 6;
0.0151454, 6;
0.0158126, 6;
0.0159204, 6;
0.0160389, 6;
0.0157384, 6;
0.0150368, 6;
0.0195236, 6;
0.0114585, 6;
0.0150922, 6;
0.0147275, 6;
0.0149825, 6;
0.0160845, 6;
0.0153419, 6;
0.0159289, 6;
0.0155352, 6;
0.0158902, 6;
0.0158878, 6;
0.0161772, 6;
0.0158949, 6;
0.0158536, 6;
0.0151012, 6;
0.0155278, 6;
0.0153749, 6;
0.0149289, 6;
0.014966, 6;
0.014981, 6;
0.0149175, 6;
0.0150672, 6;
0.0150781, 6;
0.0155813, 6;
0.0157244, 6;
0.0169182, 6;
0.0153564, 6;
0.0145481, 6;
0.0162875, 6;
0.0146678, 6;
0.0173029, 6;
0.0173392, 6;
0.0126387, 6;
0.0160129, 6;
0.0158189, 6;
0.0159898, 6;
0.0159203, 6;
0.0159778, 6;
0.0160731, 6;
0.0159396, 6;
0.0160051, 6;
0.0160007, 6;
0.0158479, 6;
0.0158125, 6;
0.0152856, 6;
0.0160867, 6;
0.0146995, 1;
0.0166308, 1;
0.0166197, 1;
0.0136131, 1;
0.0159718, 1;
0.0162247, 1;
0.0157566, 1;
0.0159896, 1;
0.0159967, 1;
0.0159833, 1;
0.0150032, 1;
0.0159782, 1;
0.014982, 1;
0.0150235, 1;
0.0159657, 1;
0.014982, 1;
0.0149931, 1;
0.0160105, 1;
0.0159148, 1;
0.0140427, 1;
0.0160001, 1;
0.0151437, 1;
0.0148399, 1;
0.0159975, 1;
0.0150022, 1;
0.0159798, 1;
0.0149749, 1;
0.0149727, 1;
0.0150021, 1;
0.0160053, 1;
0.0149693, 1;
0.0149991, 1;
0.0160048, 1;
0.0149752, 1;
0.0149953, 1;
0.01499, 1;
0.0159767, 1;
0.0150107, 1;
0.0149724, 1;
0.0151059, 1;
0.014928, 1;
0.0159476, 1;
0.0151538, 1;
0.015848, 1;
0.0168327, 1;
0.0141832, 1;
0.0159395, 1;
0.0149678, 1;
0.0149957, 1;
0.0150005, 1;
0.0160164, 1;
0.0158959, 1;
0.0171618, 1;
0.014892, 1;
0.0153655, 1;
0.0146316, 1;
0.0167563, 1;
0.0142258, 1;
0.0151372, 1;
0.0156332, 1;
0.0141847, 1;
0.0160122, 1;
0.0151311, 1;
0.0157982, 1;
0.0155378, 1;
0.014685, 1;
0.0157193, 1;
0.0159525, 1;
0.0219909, 1;
0.0080298, 1;
0.0152927, 1;
0.0157341, 1;
0.0154359, 1;
0.0152879, 1;
0.0152076, 1;
0.0151135, 1;
0.0148558, 1;
0.0160254, 1;
0.0150225, 1;
0.0158168, 1;
0.0149451, 1;
0.0142058, 1;
0.0148572, 1;
0.0227095, 1;
0.0082694, 1;
0.0150327, 1;
0.0155607, 1;
0.0157909, 1;
0.0151599, 1;
0.0155175, 1;
0.015367, 1;
0.0158127, 1;
0.015978, 1;
0.0152075, 1;
0.0148859, 1;
0.015177, 1;
0.0157957, 1;
0.0149648, 1;
0.0146742, 1;
0.0153262, 1;
0.0148823, 1;
0.0161013, 1;
0.0191469, 1;
0.0137444, 1;
0.015808, 1;
0.0140492, 1;
0.0156584, 1;
0.0143382, 1;
0.0156904, 1;
0.0159769, 1;
0.0165365, 1;
0.0152104, 1;
0.0153679, 1;
0.0148538, 1;
0.0147801, 1;
0.0151894, 1;
0.0171486, 1;
0.0149156, 1;
0.0148285, 1;
0.0151569, 1;
0.0162659, 1;
0.0148838, 1;
0.014718, 1;
0.015927, 1;
0.0150404, 1;
0.0150075, 1;
0.0160402, 1;
0.0151243, 1;
0.0152919, 1;
0.0158054, 1;
0.0149731, 1;
0.0149053, 1;
0.0155992, 1;
0.0151681, 1;
0.0157526, 1;
0.0159062, 1;
0.0161251, 1;
0.0157963, 1;
0.0148358, 1;
0.0150805, 1;
0.0160841, 1;
0.015973, 1;
0.0160518, 1;
0.0157798, 1;
0.0160071, 1;
0.0151414, 1;
0.0157893, 1;
0.0155029, 1;
0.0187555, 1;
0.0172757, 1;
0.0152532, 1;
0.0139416, 1;
0.0126584, 1;
0.0160154, 1;
0.0174836, 1;
0.0144696, 1;
0.0164914, 1;
0.0140764, 1;
0.0153232, 1;
0.0164225, 1;
0.0148272, 1;
0.0147054, 1;
0.0162158, 1;
0.015762, 1;
0.0170083, 1;
0.0134282, 1;
0.0161241, 1;
0.0144278, 1;
0.0158378, 1;
0.017121, 1;
0.0130674, 1;
0.0150631, 1;
0.0159216, 1;
0.0160481, 1;
0.0165742, 1;
0.0162967, 1;
0.0130663, 1;
0.0159959, 1;
0.0151629, 1;
0.0151865, 1;
0.015598, 1;
0.0149459, 1;
0.0157266, 1;
0.014263, 1;
0.0161611, 1;
0.0148374, 1;
0.0159724, 1;
0.0150087, 1;
0.0156555, 1;
0.0152517, 1;
0.015512, 1;
0.0144417, 1;
0.0162984, 1;
0.0157767, 1;
0.0149316, 1;
0.0310349, 2;
0.0311292, 2;
0.0301304, 2;
0.0305758, 2;
0.0311616, 2;
0.0299713, 2;
0.0298457, 2;
0.0310211, 2;
0.0384955, 2;
0.0384451, 2;
0.0330518, 2;
0.0291476, 2;
0.0296815, 2;
0.0309987, 2;
0.0326924, 2;
0.032386, 2;
0.0447643, 2;
0.0311809, 2;
0.0311534, 2;
0.0315311, 2;
0.0312362, 2;
0.0304871, 2;
0.0302444, 2;
0.0299104, 2;
0.031154, 2;
0.0318283, 2;
0.0317798, 2;
0.03075, 2;
0.0300923, 2;
0.0298033, 2;
0.030691, 2;
0.030798, 2;
0.0304644, 2;
0.0310931, 2;
0.0339611, 2;
0.0439348, 2;
0.0316767, 2;
0.0319708, 2;
0.0318163, 2;
0.0309705, 2;
0.0309504, 2;
0.0298923, 2;
0.0300286, 2;
0.031795, 2;
0.0317277, 2;
0.0308382, 2;
0.0310392, 2;
0.0310178, 2;
0.0314075, 2;
0.0294581, 2;
0.0318928, 2;
0.0298033, 2;
0.0302032, 2;
0.0310054, 2;
0.0318563, 2;
0.0319854, 2;
0.0310481, 2;
0.0331034, 2;
0.0298145, 2;
0.0308806, 2;
0.030053, 2;
0.0309841, 2;
0.0299534, 2;
0.0309388, 2;
0.0310777, 2;
0.0300052, 2;
0.0308504, 2;
0.0321446, 2;
0.0452587, 2;
0.0295059, 2;
0.0309374, 2;
0.0310407, 2;
0.0300197, 2;
0.0309098, 2;
0.0299737, 2;
0.0310173, 2;
0.030969, 2;
0.0309384, 2;
0.0299808, 2;
0.0317298, 2;
0.0297639, 2;
0.030896, 2;
0.0298312, 2;
0.0299521, 2;
0.0300183, 2;
0.0302236, 2;
0.0311215, 2;
0.0299907, 2;
0.0313341, 2;
0.0370426, 2;
0.0399649, 2;
0.0314784, 2;
0.0314483, 2;
0.0304696, 2;
0.0552924, 2;
0.098422, 2;
0.048885, 2;
0.0389663, 2;
0.0470577, 2;
0.0885116, 2;
0.0436831, 2;
0.0364924, 2;
0.0433459, 2;
0.0309128, 2;
0.0452798, 2;
0.0380214, 2;
0.0380743, 2;
0.0311235, 2;
0.0303696, 2;
0.0353801, 2;
0.0423041, 2;
0.0307852, 2;
0.0319191, 2;
0.0319946, 2;
0.0324178, 2;
0.0299764, 2;
0.0303792, 2;
0.0320196, 2;
0.0443008, 2;
0.0295873, 2;
0.0306911, 2;
0.0319895, 2;
0.0298991, 2;
0.0316074, 2;
0.0312559, 2;
0.031514, 2;
0.0309355, 2;
0.0316482, 2;
0.0316133, 2;
0.0317138, 2;
0.0301319, 2;
0.030353, 2;
0.0316076, 2;
0.0312736, 2;
0.0669513, 2;
0.0541102, 2;
0.0355141, 2;
0.030289, 2;
0.0347117, 2;
0.043956, 2;
0.0440974, 2;
0.030465, 2;
0.0303818, 2;
0.0300975, 2;
0.0337097, 2;
0.0442619, 2;
0.0370194, 2;
0.0426089, 2;
0.0318884, 2;
0.029896, 2;
0.0319812, 2;
0.0320312, 2;
0.0320213, 2;
0.0302002, 2;
0.0314164, 2;
0.0309408, 2;
0.0326846, 2;
0.0300938, 2;
0.0309811, 2;
0.0307954, 2;
0.0340634, 2;
0.043865, 2;
0.0317478, 2;
0.0308038, 2;
0.031291, 2;
0.0298182, 2;
0.0306135, 2;
0.0302027, 2;
0.0309736, 2;
0.0306475, 2;
0.0312261, 2;
0.0318758, 2;
0.0306796, 2;
0.0311589, 2;
0.0319791, 2;
0.0299578, 2;
0.0310948, 2;
0.029606, 2;
0.0296445, 2;
0.0316661, 2;
0.0295782, 2;
0.0307813, 2;
0.0309846, 2;
0.030928, 2;
0.031881, 2;
0.0308454, 2;
0.0310668, 2;
0.0320262, 2;
0.030419, 2;
0.0313305, 2;
0.0297816, 2;
0.0309851, 2;
0.0296395, 2;
0.0301848, 2;
0.0309217, 2;
0.0300055, 2;
0.0313715, 2;
0.030957, 2;
0.0299395, 2;
0.0308462, 2;
0.031074, 2;
0.031314, 2;
0.0319222, 2;
0.0315893, 2;
0.0312246, 2;
0.0307785, 2;
0.0319714, 2;
0.0309705, 2;
0.0310557, 2;
0.031964, 2;
0.0318853, 2;
0.0297535, 2;
0.0297139, 2;
0.0308813, 2;
0.0302711, 2;
0.0299244, 2;
0.0307272, 2;
0.0312737, 2;
0.0308291, 2;
0.0314177, 2;
0.0303412, 2;
0.0309368, 2;
0.0301577, 2;
0.0313214, 2;
0.0316863, 2;
0.0305879, 2;
0.0318029, 2;
0.0300559, 2;
0.0298429, 2;
0.0309573, 2;
0.0308886, 2;
0.0309944, 2;
0.0320024, 2;
0.0324897, 2;
0.030305, 2;
0.0299419, 2;
0.0321222, 2;
0.0303394, 2;
0.0312479, 2;
0.0319062, 2;
0.0317286, 2;
0.0319639, 2;
0.0303459, 2;
0.0306952, 2;
0.0299033, 2;
0.0309946, 2;
0.0307881, 2;
0.0315466, 2;
0.0319805, 2;
0.0312589, 2;
0.030881, 2;
0.0319347, 2;
0.0319702, 2;
0.030909, 2;
0.0299749, 2;
0.0308227, 2;
0.0321151, 2;
0.0309733, 2;
0.0297744, 2;
0.0318442, 2;
0.0306939, 2;
0.0314769, 2;
0.0310658, 2;
0.0320129, 2;
0.0294796, 2;
0.0299644, 2;
0.0298268, 2;
0.0305065, 2;
0.0308489, 2;
0.0327828, 2;
0.0305513, 2;
0.0319703, 2;
0.0318713, 2;
0.0319863, 2;
0.0298726, 2;
0.0300927, 2;
0.0307291, 2;
0.0309576, 2;
0.029909, 2;
0.0298662, 2;
0.0317693, 2;
0.0311604, 2;
0.0302426, 2;
0.0334081, 2;
0.0301629, 2;
0.0308348, 2;
0.0320782, 2;
0.0319761, 2;
0.0306799, 2;
0.0319566, 2;
0.0315978, 2;
0.0304225, 2;
0.0296919, 2;
0.029938, 2;
0.0300023, 2;
0.0319687, 2;
0.0309653, 2;
0.0310258, 2;
0.0295686, 2;
0.0314508, 2;
0.0314872, 2;
0.0308563, 2;
0.0319909, 2;
0.0309112, 2;
0.0308626, 2;
0.029997, 2;
0.031089, 2;
0.0312333, 2;
0.0314528, 2;
0.0319258, 2;
0.0319723, 2;
0.0317294, 2;
0.0318899, 2;
0.0310221, 2;
0.0300606, 2;
0.0312235, 2;
0.0315883, 2;
0.0312464, 2;
0.0295513, 2;
0.0312621, 2;
0.0316103, 2;
0.0304459, 2;
0.0311967, 2;
0.0308245, 2;
0.0302311, 2;
0.0316848, 2;
0.0306745, 2;
0.0313447, 2;
0.0361058, 2;
0.0415069, 2;
0.0308108, 2;
0.0308933, 2;
0.0309769, 2;
0.0304959, 2;
0.031336, 2;
0.0319271, 2;
0.0313329, 2;
0.0312768, 2;
0.029891, 2;
0.0315418, 2;
0.0307038, 2;
0.030827, 2;
0.0405665, 2;
0.04192, 2;
0.045959, 2;
0.044133, 2;
0.0308799, 2;
0.0316312, 2;
0.030379, 2;
0.0310305, 2;
0.0299261, 2;
0.0310183, 2;
0.0321685, 2;
0.0300573, 2;
0.0325576, 2;
0.0294596, 2;
0.0307659, 2;
0.0302083, 2;
0.0308215, 2;
0.0319238, 2;
0.0311196, 2;
0.0297291, 2;
0.0319849, 2;
0.0308748, 2;
0.0302783, 2;
0.0305573, 2;
0.0307188, 2;
0.0317633, 2;
0.0302862, 2;
0.0312976, 2;
0.0296486, 2;
0.0305366, 2;
0.0311273, 2;
0.0301672, 2;
0.0306609, 2;
0.0319076, 2;
0.0319666, 2;
0.0320073, 2;
0.031898, 2;
0.0309904, 2;
0.029819, 2;
0.0319632, 2;
0.0299585, 2;
0.031524, 2;
0.0293613, 2;
0.030771, 2;
0.0339957, 2;
0.043871, 2;
0.0310806, 2;
0.03193, 2;
0.0320635, 2;
0.0319139, 2;
0.0520067, 2;
0.0458764, 2;
0.0420566, 2;
0.0319444, 2;
0.0311962, 2;
0.030382, 2;
0.0311062, 2;
0.0305898, 2;
0.0317598, 2;
0.0305045, 2;
0.0311906, 2;
0.0310547, 2;
0.0311744, 2;
0.0302518, 2;
0.0310902, 2;
0.0309426, 2;
0.0309151, 2;
0.0321657, 2;
0.0298464, 2;
0.0298365, 2;
0.0298935, 2;
0.0310174, 2;
0.0309836, 2;
0.0308964, 2;
0.0314971, 2;
0.0303149, 2;
0.0298994, 2;
0.0319659, 2;
0.0308275, 2;
0.0309082, 2;
0.0319933, 2;
0.0299619, 2;
0.0303062, 2;
0.0306338, 2;
0.0313766, 2;
0.0317836, 2;
0.0310542, 2;
0.0309262, 2;
0.0306073, 2;
0.0305725, 2;
0.0393303, 2;
0.0397855, 2;
0.0651485, 2;
0.0417135, 2;
0.0314555, 2;
0.031538, 2;
0.031357, 2;
0.0317373, 2;
0.030357, 2;
0.0312198, 2;
0.0312318, 2;
0.0319168, 2;
0.0311022, 2;
0.0296639, 2;
0.0311489, 2;
0.0299742, 2;
0.0308813, 2;
0.031044, 2;
0.0307897, 2;
0.0309457, 2;
0.0320279, 2;
0.030751, 2;
0.0301279, 2;
0.0319371, 2;
0.055895, 2;
0.0692785, 2;
0.0341682, 2;
0.0452493, 2;
0.0435643, 2;
0.0306721, 2;
0.0306659, 2;
0.031635, 2;
0.0303934, 2;
0.0306532, 2;
0.0299089, 2;
0.0311423, 2;
0.0308378, 2;
0.0299957, 2;
0.0308836, 2;
0.03092, 2;
0.0309851, 2;
0.029955, 2;
0.0318682, 2;
0.0315722, 2;
0.0303761, 2;
0.0306869, 2;
0.0312001, 2;
0.0334039, 2;
0.0296977, 2;
0.0303891, 2;
0.0299232, 2;
0.0311459, 2;
0.0297152, 2;
0.0370843, 2;
0.0424205, 2;
0.0313655, 2;
0.0307698, 2;
0.03001, 2;
0.0319112, 2;
0.0319652, 2;
0.0296385, 2;
0.0312129, 2;
0.0309392, 2;
0.0309498, 2;
0.0299544, 2;
0.031028, 2;
0.0308716, 2;
0.0299305, 2;
0.0317555, 2;
0.0319013, 2;
0.0312887, 2;
0.030658, 2;
0.0311379, 2;
0.0327683, 2;
0.0304496, 2;
0.0306371, 2;
0.0315425, 2;
0.0319631, 2;
0.0317872, 2;
0.0319787, 2;
0.0298725, 2;
0.0299562, 2;
0.0298967, 2;
0.0299805, 2;
0.0320043, 2;
0.029854, 2;
0.0308497, 2;
0.0308662, 2;
0.0324808, 2;
0.0301483, 2;
0.0312595, 2;
0.0299013, 2;
0.0298967, 2;
0.0299441, 4;
0.0329379, 4;
0.0315739, 4;
0.031267, 4;
0.0307402, 4;
0.0309449, 4;
0.0311509, 4;
0.0299682, 4;
0.0315829, 4;
0.0313937, 4;
0.0297123, 4;
0.0311099, 4;
0.0296637, 4;
0.0310307, 4;
0.0317971, 4;
0.0299136, 4;
0.0311503, 4;
0.029764, 4;
0.0309312, 4;
0.0308872, 4;
0.0309295, 4;
0.0320113, 4;
0.0300019, 4;
0.0297484, 4;
0.029907, 4;
0.0309378, 4;
0.0310744, 4;
0.0307709, 4;
0.0299384, 4;
0.0298629, 4;
0.0299425, 4;
0.0311027, 4;
0.0307434, 4;
0.0317412, 4;
0.0341047, 4;
0.043977, 4;
0.032058, 4;
0.0308175, 4;
0.0309947, 4;
0.0307879, 4;
0.0312859, 4;
0.0299877, 4;
0.0298712, 4;
0.0305572, 4;
0.0319988, 4;
0.0318489, 4;
0.029847, 4;
0.0332318, 4;
0.044811, 4;
0.0309223, 4;
0.0307906, 4;
0.0319684, 4;
0.030957, 4;
0.0299857, 4;
0.030967, 4;
0.0309983, 4;
0.0319673, 4;
0.0300075, 4;
0.0305492, 4;
0.0318227, 2;
0.0306989, 2;
0.0312299, 2;
0.032302, 2;
0.0305846, 2;
0.0300465, 2;
0.0303847, 2;
0.0311323, 2;
0.030082, 2;
0.0309179, 2;
0.0309689, 2;
0.0308965, 2;
0.0299086, 2;
0.0321333, 2;
0.0309955, 2;
0.0307006, 2;
0.0318136, 2;
0.0312173, 2;
0.0307208, 2;
0.030915, 2;
0.0298953, 2;
0.0314399, 2;
0.0313165, 2;
0.0319151, 2;
0.0296218, 2;
0.0312963, 2;
0.0310363, 2;
0.030245, 2;
0.0293955, 2;
0.0320013, 2;
0.031323, 2;
0.0305119, 2;
0.0310529, 2;
0.0299583, 2;
0.0317799, 2;
0.0327144, 2;
0.0442116, 2;
0.0307506, 2;
0.031956, 2;
0.0322151, 2;
0.0309165, 2;
0.0309027, 2;
0.0311463, 2;
0.0304669, 2;
0.0321768, 2;
0.0317683, 4;
0.0319587, 4;
0.0318719, 4;
0.0324816, 4;
0.0302947, 4;
0.0308644, 4;
0.0299833, 4;
0.0313023, 4;
0.0295762, 4;
0.0336563, 4;
0.0296395, 4;
0.0314711, 4;
0.0306629, 4;
0.0316119, 4;
0.030563, 4;
0.0309074, 4;
0.0302389, 4;
0.0303985, 4;
0.031043, 4;
0.0310819, 4;
0.0298527, 4;
0.0309062, 4;
0.0307934, 4;
0.0315699, 4;
0.0317399, 4;
0.0316151, 4;
0.0311186, 4;
0.032394, 4;
0.0312759, 4;
0.030894, 4;
0.0328199, 4;
0.0442978, 4;
0.0314547, 4;
0.0309391, 4;
0.0313116, 4;
0.0296091, 4;
0.0299374, 4;
0.0328946, 4;
0.0300353, 4;
0.0296567, 4;
0.0309553, 4;
0.0310992, 4;
0.0308332, 4;
0.0343665, 4;
0.0288067, 4;
0.0320895, 4;
0.0311313, 4;
0.0297639, 4;
0.0357988, 2;
0.0421795, 2;
0.0303027, 2;
0.0318863, 2;
0.0320182, 2;
0.0314022, 2;
0.0301681, 2;
0.0313758, 2;
0.0314697, 2;
0.0310998, 2;
0.0315311, 2;
0.0312065, 2;
0.0296983, 2;
0.0315228, 2;
0.0327192, 2;
0.0299539, 2;
0.0317024, 2;
0.0309368, 2;
0.0313448, 2;
0.0304861, 2;
0.0321483, 2;
0.030741, 2;
0.0310022, 2;
0.0318086, 2;
0.0300457, 2;
0.0298977, 2;
0.0298795, 2;
0.0301234, 2;
0.029759, 2;
0.0320835, 2;
0.0308377, 2;
0.0317136, 2;
0.0319011, 2;
0.0320627, 2;
0.0319565, 2;
0.0329727, 2;
0.0511285, 2;
0.0417282, 2;
0.0316105, 2;
0.0319546, 2;
0.0320112, 2;
0.0335215, 2;
0.0443074, 2;
0.0308163, 2;
0.031034, 2;
0.0299005, 2;
0.0308904, 2;
0.0306626, 2;
0.0311161, 2;
0.0309116, 2;
0.0313579, 2;
0.0305295, 2;
0.0299354, 2;
0.0308788, 2;
0.0300102, 2;
0.0306995, 2;
0.0309776, 2;
0.0309712, 2;
0.0308676, 4;
0.029842, 9;
0.0150463, 9;
0.0154488, 9;
0.0155936, 9;
0.0148852, 9;
0.0153466, 9;
0.0156121, 9;
0.0158075, 9;
0.0150148, 9;
0.015077, 9;
0.0158563, 9;
0.0161037, 9;
0.0159559, 9;
0.0158758, 9;
0.0160392, 9;
0.0160553, 9;
0.0149975, 9;
0.0161691, 9;
0.0145134, 9;
0.015104, 9;
0.0153777, 9;
0.0156093, 9;
0.0175972, 9;
0.0142858, 9;
0.0157007, 9;
0.0148339, 9;
0.0150924, 9;
0.016007, 9;
0.0160043, 9;
0.0160686, 9;
0.0160622, 9;
0.0165808, 9;
0.0142925, 9;
0.0148507, 9;
0.014935, 9;
0.0159749, 9;
0.0148726, 9;
0.0149173, 9;
0.0150648, 9;
0.0148958, 9;
0.0160572, 9;
0.0158978, 9;
0.0159676, 9;
0.0158887, 9;
0.0181785, 9;
0.0235916, 9;
0.0225255, 9;
0.0131235, 9;
0.0149508, 9;
0.0167665, 9;
0.0145558, 9;
0.0149295, 9;
0.0149025, 9;
0.0151001, 9;
0.016129, 9;
0.0159334, 9;
0.0165354, 9;
0.015629, 9;
0.0165972, 9;
0.014125, 9;
0.0149571, 9;
0.01498, 9;
0.0148709, 9;
0.015731, 9;
0.0160905, 9;
0.016221, 9;
0.0158132, 9;
0.0159909, 9;
0.0150207, 9;
0.0159797, 9;
0.0181419, 9;
0.013529, 9;
0.0152362, 9;
0.0158213, 9;
0.0157562, 9;
0.0159853, 9;
0.0159171, 9;
0.0160913, 9;
0.0156717, 9;
0.0153976, 9;
0.0164501, 9;
0.014239, 9;
0.0160251, 9;
0.0162605, 9;
0.0173093, 9;
0.0122448, 9;
0.0159926, 9;
0.0159212, 9;
0.0159019, 9;
0.0149973, 9;
0.0153897, 9;
0.0151829, 9;
0.0150986, 9;
0.0157206, 9;
0.0152925, 9;
0.0152931, 9;
0.015822, 9;
0.0149783, 9;
0.0150114, 9;
0.0158415, 9;
0.0149727, 9;
0.0149363, 9;
0.014949, 9;
0.0154024, 9;
0.0157494, 9;
0.0156014, 9;
0.0152392, 9;
0.0154929, 9;
0.0158315, 9;
0.0160949, 9;
0.0199399, 9;
0.0109399, 9;
0.0198743, 9;
0.0111112, 9;
0.018005, 9;
0.0160087, 9;
0.013055, 9;
0.0154392, 9;
0.0155607, 9;
0.0147452, 9;
0.0161861, 9;
0.016574, 9;
0.0152991, 9;
0.0140501, 9;
0.0168501, 9;
0.0148851, 9;
0.017848, 9;
0.0121188, 9;
0.0160601, 9;
0.0158993, 9;
0.0160328, 9;
0.0159058, 9;
0.015992, 9;
0.0151903, 9;
0.0152716, 9;
0.015516, 9;
0.0161122, 9;
0.0185324, 9;
0.0173585, 9;
0.0145816, 9;
0.0122576, 9;
0.0152088, 9;
0.0158515, 9;
0.0159928, 9;
0.0145944, 9;
0.0149921, 9;
0.0159333, 9;
0.0161605, 9;
0.0161897, 9;
0.0153816, 9;
0.0152574, 9;
0.0206885, 9;
0.0122109, 9;
0.0148846, 9;
0.0149421, 9;
0.0150805, 9;
0.0149634, 9;
0.0148448, 9;
0.01597, 9;
0.0159937, 9;
0.0149881, 9;
0.0159143, 9;
0.0149557, 9;
0.0150592, 9;
0.015056, 9;
0.0163559, 9;
0.0156631, 9;
0.0158041, 9;
0.0159632, 9;
0.0155048, 9;
0.0154941, 9;
0.0161294, 9;
0.0158019, 9;
0.0159087, 9;
0.0148729, 9;
0.0152226, 9;
0.0154976, 9;
0.0157296, 9;
0.0160503, 9;
0.0154514, 9;
0.0157575, 9;
0.0159145, 9;
0.0186049, 9;
0.0113862, 9;
0.0153534, 9;
0.0150308, 9;
0.0157013, 9;
0.0153825, 9;
0.016001, 9;
0.0153563, 9;
0.0162633, 9;
0.0148046, 9;
0.0160108, 9;
0.0173905, 9;
0.0129486, 9;
0.0166796, 9;
0.014274, 9;
0.015069, 9;
0.0161676, 9;
0.0149879, 9;
0.0148362, 9;
0.0161504, 9;
0.0150851, 9;
0.015268, 9;
0.0154837, 9;
0.0164838, 9;
0.0138966, 9;
0.0157143, 9;
0.0156467, 9;
0.0160437, 9;
0.0157188, 9;
0.0151676, 9;
0.0153376, 9;
0.0154822, 9;
0.0160847, 9;
0.0159755, 9;
0.0157464, 9;
0.0158396, 9;
0.0160847, 9;
0.0146927, 9;
0.0149833, 9;
0.0184268, 9;
0.0123997, 9;
0.0153239, 9;
0.0145925, 9;
0.0153911, 9;
0.0156491, 9;
0.0158972, 9;
0.0153817, 9;
0.0158797, 9;
0.0162477, 9;
0.0159358, 9;
0.0158245, 9;
0.0150222, 9;
0.0169437, 9;
0.0138911, 9;
0.0160198, 9;
0.0149363, 9;
0.0159917, 9;
0.0167794, 9;
0.0145071, 9;
0.0153739, 9;
0.0159038, 9;
0.0151861, 9;
0.0151368, 9;
0.0165772, 9;
0.0144948, 9;
0.0159036, 9;
0.0194545, 9;
0.0143944, 9;
0.0147375, 9;
0.0152617, 9;
0.0149783, 9;
0.0149917, 9;
0.0150424, 9;
0.0160151, 9;
0.0205566, 9;
0.0114355, 9;
0.0149204, 9;
0.0150356, 9;
0.0149809, 9;
0.0152383, 9;
0.0151743, 9;
0.0158529, 9;
0.0159034, 9;
0.0156898, 9;
0.015319, 9;
0.0149582, 9;
0.0151254, 9;
0.0158336, 9;
0.0149772, 9;
0.0160192, 9;
0.0171127, 9;
0.0137139, 9;
0.0161767, 9;
0.0146386, 9;
0.0161368, 9;
0.0159265, 9;
0.0156354, 9;
0.015777, 9;
0.0159462, 9;
0.0155312, 9;
0.0157188, 9;
0.0151699, 9;
0.0151393, 9;
0.0149486, 9;
0.0159313, 9;
0.0149723, 9;
0.0170753, 9;
0.0137815, 9;
0.0158481, 9;
0.0160009, 9;
0.0160729, 9;
0.0158544, 9;
0.0160295, 9;
0.0156464, 9;
0.0153635, 9;
0.0158459, 9;
0.0148686, 9;
0.0153876, 9;
0.0160109, 9;
0.0155406, 9;
0.0187195, 9;
0.0132368, 9;
0.0158593, 9;
0.0160157, 9;
0.0148879, 9;
0.0150134, 9;
0.0149131, 9;
0.0152835, 9;
0.0158491, 9;
0.0148289, 9;
0.0166221, 9;
0.0152217, 9;
0.0157488, 9;
0.0155451, 9;
0.0160417, 9;
0.0149904, 9;
0.0149385, 9;
0.0155602, 9;
0.0151884, 9;
0.0156613, 9;
0.0156895, 9;
0.015368, 9;
0.015928, 9;
0.0164424, 9;
0.0163906, 9;
0.013766, 9;
0.0165509, 9;
0.017374, 9;
0.0123271, 9;
0.0156252, 9;
0.0160959, 9;
0.0165061, 9;
0.0154076, 9;
0.0150066, 9;
0.0149829, 9;
0.0149814, 9;
0.0149509, 9;
0.0150966, 9;
0.0164303, 9;
0.0144591, 9;
0.0150844, 9;
0.0158895, 9;
0.0150731, 9;
0.0153615, 9;
0.0145684, 9;
0.0160151, 9;
0.0149224, 9;
0.0150339, 9;
0.0154601, 9;
0.0161795, 9;
0.0160339, 9;
0.0148835, 9;
0.0149651, 9;
0.0169404, 9;
0.0150769, 9;
0.0150042, 9;
0.0149049, 9;
0.015542, 9;
0.0154757, 9;
0.0150503, 9;
0.0145732, 9;
0.0159596, 9;
0.0158097, 9;
0.015584, 9;
0.0147715, 9;
0.0157219, 9;
0.0153522, 9;
0.015933, 9;
0.0156956, 9;
0.0159239, 9;
0.0160149, 9;
0.0160849, 9;
0.0159394, 9;
0.0147885, 9;
0.0149572, 9;
0.0149469, 9;
0.0151676, 9;
0.0158318, 9;
0.0161414, 9;
0.017716, 9;
0.0162153, 9;
0.013904, 9;
0.0157243, 9;
0.0159434, 9;
0.0159773, 9;
0.0159108, 9;
0.0162942, 9;
0.0159973, 9;
0.0157039, 9;
0.0159864, 9;
0.0159922, 9;
0.0149325, 9;
0.0150884, 9;
0.0160819, 9;
0.017318, 9;
0.0139415, 9;
0.0156868, 9;
0.014613, 9;
0.015814, 9;
0.0150201, 9;
0.0159587, 9;
0.0150364, 9;
0.0149078, 9;
0.0150435, 9;
0.0150008, 9;
0.0149735, 9;
0.0165094, 9;
0.014752, 9;
0.0151209, 9;
0.0143704, 9;
0.0149101, 9;
0.0149665, 9;
0.0154354, 9;
0.0155554, 9;
0.0159407, 9;
0.0159286, 9;
0.01593, 9;
0.0162568, 9;
0.0150634, 9;
0.0156115, 9;
0.0183301, 9;
0.0145407, 9;
0.0191321, 9;
0.0115022, 9;
0.0140315, 9;
0.0160461, 9;
0.0149583, 9;
0.0150121, 9;
0.015991, 9;
0.015532, 9;
0.0160228, 9;
0.0159223, 9;
0.0159897, 9;
0.016331, 9;
0.0165751, 9;
0.0164138, 9;
0.013663, 9;
0.0156912, 9;
0.0152885, 9;
0.0159311, 9;
0.0160312, 9;
0.0149704, 9;
0.0160684, 9;
0.0148525, 9;
0.0149644, 9;
0.0153626, 9;
0.015698, 9;
0.0159807, 9;
0.015313, 9;
0.0149508, 9;
0.0150922, 9;
0.0153427, 9;
0.0165864, 9;
0.0155001, 9;
0.015889, 9;
0.0160584, 9;
0.0158938, 9;
0.0149265, 9;
0.0159401, 9;
0.0156455, 9;
0.0154109, 9;
0.0155649, 9;
0.0147604, 9;
0.0154652, 9;
0.015922, 9;
0.0152296, 9;
0.0156909, 9;
0.0168313, 9;
0.0140793, 9;
0.0160003, 9;
0.0159646, 9;
0.0160677, 9;
0.0158911, 9;
0.0162924, 9;
0.0160741, 9;
0.0146364, 9;
0.0150589, 9;
0.0149155, 9;
0.016073, 9;
0.0148944, 9;
0.0155848, 9;
0.016102, 9;
0.0157103, 9;
0.0157371, 9;
0.0154988, 9;
0.0160959, 9;
0.0157067, 9;
0.0153857, 9;
0.0149995, 9;
0.0155014, 9;
0.0160543, 9;
0.0159379, 9;
0.015161, 9;
0.0148358, 9;
0.014871, 9;
0.0151109, 9;
0.0159526, 9;
0.0159492, 9;
0.0147993, 9;
0.0160191, 9;
0.0160186, 9;
0.0158864, 9;
0.0148761, 9;
0.0149991, 9;
0.0159478, 9;
0.0159789, 9;
0.0152723, 9;
0.0157521, 9;
0.0159668, 9;
0.0150326, 9;
0.0149653, 9;
0.0176685, 9;
0.014261, 9;
0.0164217, 9;
0.0155962, 9;
0.0215682, 9;
0.0096774, 9;
0.0180635, 9;
0.0130094, 9;
0.0144796, 9;
0.0151211, 9;
0.0148794, 9;
0.0154178, 9;
0.0159946, 9;
0.0159492, 9;
0.0160233, 9;
0.0155751, 9;
0.0173186, 9;
0.0152337, 9;
0.0147761, 9;
0.0143883, 9;
0.0211649, 9;
0.0098003, 9;
0.0150009, 9;
0.015964, 9;
0.0152942, 9;
0.0160088, 9;
0.0163255, 9;
0.0157038, 9;
0.0155047, 9;
0.0154533, 9;
0.0152777, 9;
0.0172323, 9;
0.0134654, 9;
0.0163882, 9;
0.0155535, 9;
0.015435, 9;
0.0153069, 9;
0.0150821, 9;
0.0161497, 9;
0.0155918, 9;
0.0158946, 9;
0.016146, 9;
0.0160121, 9;
0.0159674, 9;
0.0173641, 9;
0.0143243, 9;
0.0146543, 9;
0.0152542, 9;
0.0177442, 9;
0.014641, 9;
0.0156184, 9;
0.0164663, 9;
0.0155024, 9;
0.0149731, 9;
0.0150098, 9;
0.0149624, 9;
0.0161228, 9;
0.0149185, 9;
0.0151808, 9;
0.0144224, 9;
0.0153952, 9;
0.0158533, 9;
0.0156648, 9;
0.0159879, 9;
0.0160227, 9;
0.0160104, 9;
0.0159347, 9;
0.0159094, 9;
0.015234, 9;
0.0148034, 9;
0.0163203, 9;
0.0139974, 9;
0.0150394, 9;
0.0154008, 9;
0.0151576, 9;
0.0157022, 9;
0.0171535, 9;
0.0148656, 9;
0.0159316, 9;
0.0162522, 9;
0.0158191, 9;
0.0148369, 9;
0.0159807, 9;
0.0148506, 9;
0.0152654, 9;
0.0178906, 9;
0.0129514, 9;
0.0157141, 9;
0.0159512, 9;
0.0149952, 9;
0.0148191, 9;
0.0151008, 9;
0.0149261, 9;
0.0149665, 9;
0.0150012, 9;
0.0150268, 9;
0.0147567, 9;
0.0155933, 9;
0.0156467, 9;
0.018679, 9;
0.0111358, 9;
0.0171656, 9;
0.0137114, 9;
0.0150692, 9;
0.0148764, 9;
0.0150965, 9;
0.0159488, 9;
0.0159385, 9;
0.0150558, 9;
0.0149102, 9;
0.0150139, 9;
0.0153122, 9;
0.0158434, 9;
0.0152343, 9;
0.0140218, 9;
0.0162772, 9;
0.01579, 9;
0.0160032, 9;
0.0158943, 9;
0.0154875, 9;
0.0153626, 9;
0.0162461, 9;
0.0157325, 9;
0.0149572, 9;
0.01527, 9;
0.0152497, 9;
0.0160418, 9;
0.015443, 9;
0.015021, 9;
0.0157492, 9;
0.0149849, 9;
0.015003, 9;
0.0162291, 9;
0.01465, 9;
0.0149757, 9;
0.0149594, 9;
0.0148675, 9;
0.0159787, 9;
0.0160831, 9;
0.0156735, 9;
0.0153112, 9;
0.0148375, 9;
0.0149658, 9;
0.0159991, 9;
0.0150027, 9;
0.0167586, 9;
0.0141565, 9;
0.0159135, 9;
0.0149689, 9;
0.0147482, 9;
0.0151958, 9;
0.0157304, 9;
0.0156279, 9;
0.0144442, 9;
0.0150455, 9;
0.0147948, 9;
0.0160602, 9;
0.0159247, 9;
0.0149276, 9;
0.0149679, 9;
0.0161665, 9;
0.0159942, 9;
0.0148113, 9;
0.014877, 9;
0.017282, 9;
0.0126454, 9;
0.0160476, 9;
0.0163815, 9;
0.0132411, 9;
0.0152237, 9;
0.0153567, 9;
0.0155578, 9;
0.0159446, 9;
0.0159298, 9;
0.015964, 9;
0.015704, 9;
0.0155726, 9;
0.0147341, 9;
0.0149588, 9;
0.0160049, 9;
0.0153355, 9;
0.015738, 9;
0.0156674, 9;
0.015985, 9;
0.0155444, 9;
0.0153084, 9;
0.016026, 9;
0.0158237, 9;
0.0150902, 9;
0.0148947, 9;
0.014927, 9;
0.0159284, 9;
0.0150947, 9;
0.0161436, 9;
0.0160378, 9;
0.0158858, 9;
0.0153053, 9;
0.0146662, 9;
0.0147814, 9;
0.0159026, 9;
0.0160372, 9;
0.0147949, 9;
0.0150585, 9;
0.0146899, 9;
0.0160999, 9;
0.0178972, 9;
0.0124546, 9;
0.0162293, 9;
0.0152692, 9;
0.0168721, 9;
0.014525, 9;
0.0149655, 9;
0.0149889, 9;
0.0154691, 9;
0.0159706, 9;
0.0160005, 9;
0.0159912, 9;
0.0152421, 9;
0.0153044, 9;
0.0164918, 9;
0.016581, 9;
0.0136645, 9;
0.0158381, 9;
0.0150404, 9;
0.0150102, 9;
0.0154954, 9;
0.0160441, 9;
0.0158113, 9;
0.0160808, 9;
0.0159019, 9;
0.0160912, 9;
0.0159649, 9;
0.0160051, 9;
0.01582, 9;
0.0158266, 9;
0.0151644, 9;
0.0166269, 9;
0.0143679, 9;
0.0150109, 9;
0.0158433, 9;
0.015936, 9;
0.0158388, 9;
0.0160606, 9;
0.016004, 9;
0.0150487, 9;
0.0146454, 9;
0.0151413, 9;
0.0165995, 9;
0.0149256, 9;
0.0158502, 9;
0.0156793, 9;
0.0155534, 9;
0.016838, 9;
0.015219, 9;
0.0148999, 9;
0.0150236, 9;
0.0148679, 9;
0.015185, 9;
0.0158562, 9;
0.0160532, 9;
0.0156951, 9;
0.0157243, 9;
0.0154635, 9;
0.0148708, 9;
0.0147223, 9;
0.0152533, 9;
0.0151794, 9;
0.0158925, 9;
0.0148623, 9;
0.014899, 9;
0.0162576, 9;
0.0146665, 9;
0.0157411, 9;
0.0160682, 9;
0.0167064, 9;
0.0142707, 9;
0.0164675, 9;
0.0134893, 9;
0.016924, 9;
0.0143052, 9;
0.0156322, 9;
0.0160699, 9;
0.0151975, 9;
0.0156231, 9;
0.0150934, 9;
0.014792, 9;
0.0160103, 9;
0.0154496, 9;
0.0158886, 9;
0.0148717, 9;
0.0169608, 9;
0.0141818, 9;
0.0148905, 9;
0.0153877, 9;
0.0159871, 9;
0.0159192, 9;
0.0149964, 9;
0.0150133, 9;
0.015998, 9;
0.0158711, 9;
0.0160056, 9;
0.0173943, 9;
0.0135388, 9;
0.0152762, 9;
0.0158872, 9;
0.0201266, 9;
0.0202262, 9;
0.006123, 9;
0.0154808, 9;
0.0160672, 9;
0.0159478, 9;
0.0153703, 9;
0.0159596, 9;
0.0161715, 9;
0.0152908, 9;
0.0147399, 9;
0.0190278, 9;
0.0127025, 9;
0.0158029, 9;
0.0152513, 9;
0.0150307, 9;
0.0160054, 9;
0.0167483, 9;
0.0150726, 9;
0.015872, 9;
0.0158465, 9;
0.0160468, 9;
0.0160468, 9;
0.0158581, 9;
0.0162291, 9;
0.0147213, 9;
0.0150058, 9;
0.0149695, 9;
0.0148807, 9;
0.0150258, 9;
0.0154382, 9;
0.0162366, 9;
0.0143229, 9;
0.0158862, 9;
0.0160152, 9;
0.0158746, 9;
0.0177928, 9;
0.0131107, 9;
0.0159121, 9;
0.0158166, 9;
0.0160677, 9;
0.015837, 9;
0.0160631, 9;
0.015463, 9;
0.0154861, 9;
0.0160188, 9;
0.0152899, 9;
0.015588, 9;
0.0160961, 9;
0.013905, 9;
0.0166991, 9;
0.0141817, 9;
0.0189722, 9;
0.0129728, 9;
0.0156775, 9;
0.0151526, 9;
0.0153587, 9;
0.0156182, 9;
0.0161052, 9;
0.0159674, 9;
0.0159427, 9;
0.0154013, 9;
0.0153623, 9;
0.017906, 9;
0.021267, 9;
0.0080455, 9;
0.0146239, 9;
0.0159095, 9;
0.0160004, 9;
0.0152244, 9;
0.0157591, 9;
0.0148491, 9;
0.015034, 9;
0.0161353, 9;
0.0148521, 9;
0.0148002, 9;
0.0161924, 9;
0.0142785, 9;
0.0169483, 9;
0.0146358, 9;
0.0143715, 9;
0.0159363, 9;
0.0155136, 9;
0.0148706, 9;
0.0158437, 9;
0.0161365, 9;
0.0158882, 9;
0.0159473, 9;
0.0148868, 9;
0.0151723, 9;
0.016524, 9;
0.0161773, 9;
0.0151244, 9;
0.0152616, 9;
0.0146359, 9;
0.0151464, 9;
0.0157916, 9;
0.0148218, 9;
0.0150306, 9;
0.0150295, 9;
0.0149351, 9;
0.0155953, 9;
0.0158686, 9;
0.0144674, 9;
0.0159804, 9;
0.0159509, 9;
0.0149377, 9;
0.0148258, 9;
0.0150265, 9;
0.0150326, 9;
0.0159673, 9;
0.01579, 9;
0.0152404, 9;
0.014813, 9;
0.014815, 9;
0.0153151, 9;
0.0158451, 9;
0.0150622, 9;
0.0156636, 9;
0.0150729, 9;
0.0185205, 9;
0.0132249, 9;
0.0161145, 9;
0.0159893, 9;
0.0160382, 9;
0.0158982, 9;
0.0150152, 9;
0.0160487, 9;
0.014883, 9;
0.0152211, 9;
0.0146998, 9;
0.016004, 9;
0.0231175, 9;
0.0076325, 9;
0.0160227, 9;
0.0158871, 9;
0.0150564, 9;
0.0148703, 9;
0.0150522, 9;
0.0157764, 9;
0.0150415, 9;
0.0161192, 9;
0.0156917, 9;
0.0187606, 9;
0.0124954, 9;
0.0148723, 9;
0.0160516, 9;
0.016057, 9;
0.014846, 9;
0.0157897, 9;
0.0160431, 9;
0.015868, 9;
0.0159714, 9;
0.0157879, 9;
0.0160229, 9;
0.015843, 9;
0.0151955, 9;
0.014981, 9;
0.0155654, 9;
0.0154, 9;
0.0154862, 9;
0.0142636, 9;
0.0160608, 9;
0.0149836, 9;
0.0149927, 9;
0.0158936, 9;
0.0150378, 9;
0.0148376, 9;
0.0156073, 9;
0.0152865, 9;
0.0156555, 9;
0.0162307, 9;
0.0148111, 9;
0.0147929, 9;
0.0155702, 9;
0.0157766, 9;
0.0160535, 9;
0.0159221, 9;
0.0148612, 9;
0.0149951, 9;
0.0147336, 9;
0.0158113, 9;
0.0147143, 9;
0.0155991, 9;
0.0157858, 9;
0.0166138, 9;
0.0154861, 9;
0.0160191, 9;
0.0151692, 9;
0.0147104, 9;
0.0159695, 9;
0.0159734, 9;
0.0159996, 9;
0.0158431, 9;
0.0152243, 9;
0.0158224, 9;
0.0148577, 9;
0.0148357, 9;
0.0152632, 9;
0.0173622, 9;
0.0152803, 9;
0.0147548, 9;
0.0153697, 9;
0.0156207, 9;
0.0152215, 9;
0.0160313, 9;
0.0164451, 9;
0.0144324, 9;
0.0151347, 9;
0.015873, 9;
0.014873, 9;
0.0150431, 9;
0.0150208, 9;
0.0152563, 9;
0.0158536, 9;
0.0159472, 9;
0.0160364, 9;
0.0155305, 9;
0.0160133, 9;
0.0159934, 9;
0.016085, 9;
0.0159427, 9;
0.015736, 9;
0.0149179, 9;
0.0150205, 9;
0.0151781, 9;
0.0166668, 9;
0.0151523, 9;
0.0156104, 9;
0.0153432, 9;
0.0149237, 9;
0.0146785, 9;
0.0152433, 9;
0.0159789, 9;
0.016068, 9;
0.0160208, 9;
0.0160726, 9;
0.0157, 9;
0.0156247, 9;
0.0201203, 9;
0.0106895, 9;
0.0158464, 9;
0.0157918, 9;
0.0152521, 9;
0.0162018, 9;
0.0165746, 9;
0.0136726, 9;
0.0162417, 9;
0.0148368, 9;
0.0171169, 9;
0.0135073, 9;
0.0162262, 9;
0.0155734, 9;
0.0165855, 9;
0.0155309, 9;
0.0162418, 9;
0.0150831, 9;
0.0153887, 9;
0.0158864, 9;
0.0156379, 9;
0.0161622, 9;
0.0142269, 9;
0.0159749, 9;
0.0160339, 9;
0.014937, 9;
0.0150442, 9;
0.015997, 9;
0.0181602, 9;
0.0135203, 9;
0.0151101, 9;
0.0160178, 9;
0.0165066, 9;
0.0133401, 9;
0.0159027, 9;
0.0151371, 9;
0.0149643, 9;
0.0146465, 9;
0.0149523, 9;
0.0159172, 9;
0.0161143, 9;
0.0176436, 9;
0.0132136, 9;
0.0149955, 9;
0.0149528, 9;
0.015009, 9;
0.0156257, 9;
0.0152632, 9;
0.0158256, 9;
0.0149712, 9;
0.0152246, 9;
0.0167108, 9;
0.0142525, 9;
0.0149859, 9;
0.0156714, 9;
0.0158321, 9;
0.0157803, 9;
0.0155615, 9;
0.0146331, 9;
0.0155256, 9;
0.0155973, 9;
0.0148289, 9;
0.014972, 9;
0.0161658, 9;
0.0147563, 9;
0.0150759, 9;
0.0150906, 9;
0.0154283, 9;
0.0168672, 9;
0.0146685, 9;
0.0156618, 9;
0.0154951, 9;
0.015927, 9;
0.0152817, 9;
0.0170921, 9;
0.0139693, 9;
0.0149774, 9;
0.0160623, 9;
0.0149795, 9;
0.0150796, 9;
0.0149851, 9;
0.0155299, 9;
0.0158386, 9;
0.0140182, 9;
0.0154844, 9;
0.0158756, 9;
0.0167549, 9;
0.0136216, 9;
0.015055, 9;
0.0159783, 9;
0.0149394, 9;
0.0149846, 9;
0.0162159, 9;
0.0166239, 9;
0.0147817, 9;
0.0153955, 9;
0.0151145, 9;
0.0156197, 9;
0.0164729, 9;
0.0146052, 9;
0.0148176, 9;
0.0160132, 9;
0.0149665, 9;
