11.9847,0,1100,69,0
2.47765,0,0,97,0
2.20022,0,0,125,0
1.16862,0,0,159,0
0.407379,0,0,192,0
0.0864959,0,0,231,0
0.108101,0,0,258,0
0.0701594,0,0,299,0
0.0388614,0,0,330,0
0.0393645,0,0,361,0
0.0391351,0,0,393,0
0.034415,0,0,422,0
0.0365193,0,0,454,0
0.0333682,0,0,484,0
0.0365929,0,0,516,0
0.035533,0,0,546,0
0.0396844,0,0,577,0
0.0369428,0,0,619,0
0.0392711,0,0,656,0
0.0363524,0,0,690,0
0.039195,0,0,719,0
0.0352736,0,0,750,0
0.0367277,0,0,787,0
0.0381011,0,0,814,0
0.0330393,0,0,842,0
0.0384738,0,0,874,0
0.0327202,0,0,906,0
0.0374396,0,0,935,0
0.0354652,0,0,968,0
0.038065,0,0,997,0
0.0316598,0,0,1028,0
0.0378728,0,0,1059,0
0.0351236,0,0,1091,0
0.0383248,0.0206522,0,1120,1.41088
0.038688,0.0239341,1.41088,1157,1.87424
0.032898,0.0197519,3.28511,1184,1.1549
0.0380809,0.021171,4.44001,1215,1.50866
0.0353649,0.022397,5.94867,1247,1.49003
0.0371488,0.0271565,7.4387,1277,1.52181
0.0346375,0.0214561,8.96051,1307,1.36097
0.0369052,0.0261177,10.3215,1338,1.54889
0.0340986,0.0224302,11.8704,1368,1.35941
0.0348634,0.0227528,13.2298,1402,1.57215
0.0363462,0.0256002,14.8019,1429,1.32695
0.0381276,0.0253424,16.1289,1460,1.57476
0.0375067,0.0228475,17.7036,1491,1.51684
0.0351861,0.0210416,19.2205,1521,1.37121
0.036009,0.0188389,20.5917,1552,1.40828
0.0332598,0.0244107,22,1582,1.36395
0.0404144,0.019505,23.3639,1613,1.55517
0.0342502,0.023932,24.9191,1644,1.4327
0.037353,0.0223551,26.3518,1675,1.50445
0.0334814,0.0237594,27.8562,1706,1.4062
0.0384742,0.0242981,29.2624,1735,1.46807
0.0350734,0.0247539,30.7305,1767,1.51841
0.0412728,0.0238741,32.2489,1798,1.6495
0.0339313,0.0236086,33.8984,1827,1.32633
0.0389165,0.0234607,35.2248,1861,1.72199
0.0358659,0.0213686,36.9468,1891,1.39651
0.0402984,0.0217948,38.3433,1922,1.58707
0.0376437,0.0230885,39.9303,1954,1.57402
0.0351827,0.0212233,41.5043,1983,1.32804
0.0380281,0.0206835,42.8324,2014,1.49947
0.0376108,0.0232629,44.3318,2046,1.57575
0.0404994,0.0259065,45.9076,2081,1.87084
0.0366746,0.0217005,47.7784,2110,1.37822
0.0408051,0.0256155,49.1567,2140,1.60838
0.036353,0.0219048,50.765,2171,1.46647
0.0418259,0.0233811,52.2315,2202,1.65901
0.0360084,0.0235981,53.8905,2232,1.43422
0.0432974,0.0258349,55.3247,2263,1.74266
0.0369307,0.0211574,57.0674,2294,1.47279
0.0370654,0.0219641,58.5402,2325,1.48947
0.0381081,0.0227168,60.0297,2357,1.58293
0.0367428,0.0192354,61.6126,2389,1.48354
0.0448395,0.0240921,63.0961,2419,1.70657
0.0352263,0.0234001,64.8027,2455,1.68935
0.0354074,0.0285237,66.492,2482,1.34107
0.0377352,0.0232918,67.8331,2518,1.77772
0.0363973,0.0242616,69.6108,2545,1.31026
0.0407575,0.0238798,70.9211,2574,1.52823
0.0356476,0.022552,72.4493,2606,1.50155
0.0381071,0.0253265,73.9509,2636,1.52311
0.0364216,0.0198843,75.474,2668,1.48364
0.0414208,0.0256396,76.9576,2697,1.57298
0.0355273,0.0231492,78.5306,2729,1.50726
0.0366998,0.0198222,80.0379,2771,1.95766
0.0358127,0.0198849,81.9955,2808,1.69294
0.0359608,0.022415,83.6885,2844,1.69806
0.0357721,0.0217093,85.3865,2880,1.67856
0.0350787,0.0258052,87.0651,2918,1.82329
0.0367578,0.0226091,88.8884,2974,2.69149
0.0369533,0.022587,91.5799,3014,1.92987
0.0382508, 0.0, 3014,3078,64
0.0372084, 0.0, 3078,3108,30
0.0371185, 0.0, 3108,3140,32
0.0355175, 0.0, 3140,3170,30
0.0360424, 0.0, 3170,3205,35
0.0360651, 0.0, 3205,3264,59
0.0359076, 0.0, 3264,3302,38
0.0363588, 0.0, 3302,3343,41
0.0353686, 0.0, 3343,3378,35
0.0399346, 0.0, 3378,3423,45
0.0360575, 0.0, 3423,3469,46
0.0386864, 0.0, 3469,3516,47
0.0728682, 0.0, 3516,3565,49
0.0535978, 0.0, 3565,3607,42
0.0527812, 0.0, 3607,3639,32
0.0465448, 0.0, 3639,3682,43
0.0367628, 0.0, 3682,3735,53
0.0411581, 0.0, 3735,3810,75
0.0385487, 0.0, 3810,3873,63
0.0355574, 0.0, 3873,3929,56
0.035285, 0.0, 3929,3964,35
0.0346283, 0.0, 3964,4016,52
0.0588613, 0.0, 4016,4054,38
0.040946, 0.0, 4054,4086,32
0.0533441, 0.0, 4086,4123,37
0.0478291, 0.0, 4123,4162,39
0.0367459, 0.0, 4162,4194,32
0.0405022, 0.0, 4194,4223,29
0.0352873, 0.0, 4223,4255,32
0.0399778, 0.0, 4255,4288,33
0.0390015, 0.0, 4288,4346,58
0.229263, 0.0, 4346,4454,108
3.77817, 0.0, 4454,4547,93
1.30528, 0.0, 4547,4606,59
0.158571, 0.0, 4606,4637,31
0.140086, 0.0, 4637,4682,45
0.0700031, 0.0, 4682,4733,51
0.0414229, 0.0, 4733,4769,36
0.0415904, 0.0, 4769,4819,50
0.0359147, 0.0, 4819,4860,41
0.0374335, 0.0, 4860,4932,72
0.0398551, 0.0, 4932,4987,55
0.0413628, 0.0, 4987,5019,32
0.0362786, 0.0, 5019,5065,46
0.0400063, 0.0, 5065,5152,87
0.0525743, 0.0, 5152,5257,105
4.55227, 0.0, 5257,5296,39
1.582, 0.0, 5296,5326,30
1.97529, 0.0, 5326,5357,31
1.28998, 0.0, 5357,5388,31
0.456209, 0.0, 5388,5420,32
0.104371, 0.0, 5420,5450,30
0.0966433, 0.0, 5450,5483,33
0.0645871, 0.0, 5483,5516,33
0.0538946, 0.0, 5516,5545,29
0.0347698, 0.0, 5545,5575,30
0.0424355, 0.0, 5575,5607,32
0.0345881, 0.0, 5607,5637,30
0.034081, 0.0, 5637,5668,31
0.0360309, 0.0, 5668,5707,39
0.0358856, 0.0, 5707,5749,42
0.034186, 0.0, 5749,5794,45
0.0402795, 0.0, 5794,5825,31
0.0365878, 0.0, 5825,5855,30
0.0364645, 0.0, 5855,5891,36
0.036056, 0.0, 5891,5936,45
0.0348559, 0.0, 5936,5979,43
0.0371585, 0.0, 5979,6010,31
0.0361079, 0.0, 6010,6040,30
0.0337528, 0.0, 6040,6071,31
0.034212, 0.0, 6071,6103,32
0.0352987, 0.0, 6103,6151,48
0.0358064, 0.0, 6151,6195,44
0.040009, 0.0, 6195,6227,32
0.0302615, 0.0, 6227,6257,30
0.03925, 0.0, 6257,6289,32
0.0364979, 0.0, 6289,6325,36
0.0363524, 0.0, 6325,6382,57
0.0376225, 0.0, 6382,6411,29
0.0333711, 0.0, 6411,6442,31
0.034481, 0.0, 6442,6474,32
0.0362196, 0.0, 6474,6505,31
0.0349143, 0.0, 6505,6542,37
0.0376386, 0.0, 6542,6583,41
0.0357308, 0.0, 6583,6613,30
0.0379254, 0.0, 6613,6645,32
0.0379811, 0.0, 6645,6677,32
0.0404411, 0.0, 6677,6708,31
0.0350386, 0.0, 6708,6738,30
0.0430432, 0.0, 6738,6770,32
0.0368598, 0.0, 6770,6800,30
0.0405723, 0.0, 6800,6831,31
0.0354241, 0.0, 6831,6862,31
0.035488, 0.0, 6862,6895,33
0.0397096, 0.0, 6895,6926,31
0.0381875, 0.0, 6926,6971,45
0.0355178, 0.0, 6971,7003,32
0.0361352, 0.0, 7003,7035,32
0.038022, 0.0, 7035,7065,30
0.0379708, 0.0, 7065,7095,30
0.0406345, 0.0, 7095,7126,31
0.0405987, 0.0, 7126,7157,31
0.0447218, 0.0, 7157,7189,32
0.0374487, 0.0, 7189,7219,30
0.040625, 0.0, 7219,7250,31
0.0340449, 0.0, 7250,7281,31
0.0382564, 0.0, 7281,7312,31
0.0339162, 0.0, 7312,7346,34
0.0337489, 0.0, 7346,7377,31
0.0339864, 0.0, 7377,7407,30
0.0331973, 0.0, 7407,7441,34
0.0370171, 0.0, 7441,7474,33
0.0327312, 0.0, 7474,7520,46
0.0367277, 0.0, 7520,7549,29
0.0313462, 0.0, 7549,7581,32
0.0396403, 0.0, 7581,7612,31
0.0332576, 0.0, 7612,7641,29
0.0355081, 0.0, 7641,7673,32
0.0352673, 0.0, 7673,7703,30
0.0341418, 0.0, 7703,7734,31
0.0345008, 0.0, 7734,7764,30
0.0325298, 0.0, 7764,7803,39
0.0324782, 0.0, 7803,7845,42
0.0365458, 0.0, 7845,7875,30
0.0346541, 0.0, 7875,7904,29
0.0368189, 0.0, 7904,7936,32
0.0351861, 0.0, 7936,7965,29
0.0369692, 0.0, 7965,7996,31
0.0379141, 0.0, 7996,8029,33
0.0343158, 0.0, 8029,8058,29
0.037957, 0.0, 8058,8089,31
0.0311646, 0.0, 8089,8121,32
0.0380203, 0.0, 8121,8154,33
0.0322044, 0.0, 8154,8182,28
0.0305268, 0.0, 8182,8217,35
0.0345758, 0.0, 8217,8246,29
0.0324556, 0.0, 8246,8277,31
0.0366774, 0.0, 8277,8309,32
0.0284805, 0.0, 8309,8338,29
0.0366821, 0.0, 8338,8370,32
0.0346021, 0.0, 8370,8402,32
0.0351856, 0.0, 8402,8435,33
0.0341812, 0.0, 8435,8481,46
0.0388274, 0.0, 8481,8512,31
0.0348112, 0.0, 8512,8543,31
0.0373304, 0.0, 8543,8574,31
0.0297777, 0.0, 8574,8604,30
0.0343604, 0.0, 8604,8636,32
0.0321793, 0.0, 8636,8665,29
0.0356445, 0.0, 8665,8695,30
0.0341514, 0.0, 8695,8727,32
0.0347181, 0.0, 8727,8757,30
0.0358245, 0.0, 8757,8789,32
0.0357063, 0.0, 8789,8818,29
0.0406818, 0.0, 8818,8851,33
0.0426597, 0.0, 8851,8883,32
0.0439384, 0.0, 8883,8914,31
0.0328482, 0.0, 8914,8945,31
0.0336207, 0.0, 8945,8975,30
0.0331343, 0.0, 8975,9006,31
0.0352383, 0.0, 9006,9037,31
0.0342082, 0.0, 9037,9069,32
0.034498, 0.0, 9069,9099,30
0.0379353, 0.0, 9099,9130,31
0.0373195, 0.0, 9130,9163,33
0.037175, 0.0, 9163,9207,44
0.0365667, 0.0, 9207,9240,33
0.0401779, 0.0, 9240,9273,33
0.0358296, 0.0, 9273,9302,29
0.0436026, 0.0, 9302,9333,31
0.0349409, 0.0, 9333,9365,32
0.0353622, 0.0, 9365,9397,32
0.0334478, 0.0, 9397,9428,31
0.0372258, 0.0, 9428,9459,31
0.0366089, 0.0, 9459,9489,30
0.0341173, 0.0, 9489,9520,31
0.0373148, 0.0, 9520,9551,31
0.0347718, 0.0, 9551,9581,30
0.0392473, 0.0, 9581,9615,34
0.0355223, 0.0, 9615,9644,29
0.0388199, 0.0, 9644,9677,33
0.0344206, 0.0, 9677,9707,30
0.0365076, 0.0, 9707,9739,32
0.0354697, 0.0, 9739,9768,29
0.0369134, 0.0, 9768,9799,31
0.0338009, 0.0, 9799,9831,32
0.0336899, 0.0, 9831,9861,30
0.0346074, 0.0, 9861,9894,33
0.0310473, 0.0, 9894,9923,29
0.0367168, 0.0, 9923,9957,34
0.0328262, 0.0, 9957,9987,30
0.0347346, 0.0, 9987,10018,31
0.0342067, 0.0, 10018,10048,30
0.0352086, 0.0, 10048,10082,34
0.0362421, 0.0, 10082,10133,51
0.0374418, 0.0, 10133,10174,41
0.0353111, 0.0, 10174,10205,31
0.0375603, 0.0, 10205,10238,33
0.0301932, 0.0, 10238,10268,30
0.0337577, 0.0, 10268,10300,32
0.0310003, 0.0, 10300,10332,32
0.0324537, 0.0, 10332,10365,33
0.0357907, 0.0, 10365,10395,30
0.0322764, 0.0, 10395,10425,30
0.0352021, 0.0, 10425,10456,31
0.0314068, 0.0, 10456,10487,31
0.0379534, 0.0, 10487,10519,32
0.0347892, 0.0, 10519,10550,31
0.0394394, 0.0, 10550,10578,28
0.0293415, 0.0, 10578,10610,32
0.0332062, 0.0, 10610,10641,31
0.0318697, 0.0, 10641,10672,31
0.0322079, 0.0, 10672,10703,31
0.0329473, 0.0, 10703,10734,31
0.0303845, 0.0, 10734,10769,35
0.0332289, 0.0, 10769,10812,43
0.0327259, 0.0, 10812,10844,32
0.0326923, 0.0, 10844,10874,30
0.032512, 0.0, 10874,10904,30
0.0357868, 0.0, 10904,10937,33
0.0323427, 0.0, 10937,10968,31
0.0353585, 0.0, 10968,10997,29
