0.142863;
0.108446;
0.107879;
0.119809;
0.121187;
0.117717;
0.112539;
0.110576;
0.126595;
0.161927;
0.169905;
0.115397;
0.121407;
0.113966;
0.117852;
0.119829;
0.128738;
0.116517;
0.106601;
0.108035;
0.10961;
0.111845;
0.106951;
0.110403;
0.114669;
0.118889;
0.107225;
0.106337;
0.143741;
0.104017;
0.113923;
0.136588;
0.106836;
0.111344;
0.106858;
0.108375;
0.109243;
0.108011;
0.110243;
0.108898;
0.108289;
0.108935;
0.112424;
0.101494;
0.109561;
0.107747;
0.109194;
0.105759;
0.108612;
0.109899;
0.107558;
0.10895;
0.10708;
0.108795;
0.113574;
0.108047;
0.106678;
0.105857;
0.109065;
0.107838;
0.107953;
0.109043;
0.106518;
0.110388;
0.1092;
0.108096;
0.111646;
0.106255;
0.108221;
0.107737;
0.107647;
0.106411;
0.107658;
0.109182;
0.108571;
0.109632;
0.110034;
0.106739;
0.108452;
0.109224;
0.107935;
0.109838;
0.111632;
0.106171;
0.11101;
0.107571;
0.10859;
0.10875;
0.110118;
0.106404;
0.109852;
0.10732;
0.108723;
0.110955;
0.107359;
0.107529;
0.10784;
0.10826;
0.108203;
0.109091;
0.108599;
0.106659;
0.112126;
0.105315;
0.108216;
0.109871;
0.108681;
0.106766;
0.108642;
0.10657;
0.109088;
0.107826;
0.108578;
0.108384;
0.107676;
0.108007;
0.109252;
0.109589;
0.110611;
0.105406;
0.107838;
0.10976;
0.106856;
0.107733;
0.109755;
0.109078;
0.109664;
0.105924;
0.108855;
0.109804;
0.106526;
0.108346;
0.108393;
0.109373;
0.107763;
0.108931;
0.109201;
0.108037;
0.109115;
0.106742;
0.106581;
0.109734;
0.109496;
0.106786;
0.107071;
0.109874;
0.107933;
0.107336;
0.10801;
0.108792;
0.109492;
0.106866;
0.106776;
0.108375;
0.111828;
0.10884;
0.109666;
0.107782;
0.108539;
0.107916;
0.110338;
0.107823;
0.108659;
0.10817;
0.106875;
0.106952;
0.110066;
0.111397;
0.122725;
0.109409;
0.123124;
0.108447;
0.112534;
0.107573;
0.154544;
0.166559;
0.267796;
0.216889;
0.157703;
0.182299;
0.15206;
0.108683;
0.106309;
0.108079;
0.107256;
0.109551;
0.108152;
0.108253;
0.113688;
0.122394;
0.161021;
0.118957;
0.140639;
0.118922;
0.161702;
0.106945;
0.107196;
0.108908;
0.10611;
0.107908;
0.137439;
0.10788;
0.107885;
0.108218;
0.109746;
0.108603;
0.107469;
0.110772;
0.106316;
0.110581;
0.108266;
0.108625;
0.108743;
0.108908;
0.10799;
0.108737;
0.11734;
0.114801;
0.109499;
0.106718;
0.112994;
0.101381;
0.109949;
0.107068;
0.113205;
0.105256;
0.108;
0.107144;
0.108594;
0.109391;
0.108878;
0.108067;
0.108511;
0.107075;
0.107632;
0.109708;
0.105983;
0.108214;
0.10723;
0.110687;
0.109925;
0.108958;
0.107442;
0.106307;
0.108777;
0.108604;
0.108094;
0.109684;
0.106972;
0.11445;
0.117831;
0.109202;
0.107845;
0.110542;
0.111607;
0.105545;
0.106983;
0.109398;
0.111569;
0.106079;
0.11309;
0.102876;
0.107918;
0.109122;
0.107987;
0.108114;
0.116243;
0.114641;
0.108739;
0.125006;
0.107369;
0.123718;
0.172884;
0.168593;
0.161064;
0.116912;
0.218953;
0.324739;
0.580296;
0.427032;
0.1401;
0.106139;
0.109415;
0.10597;
0.106812;
0.107833;
0.107551;
0.106886;
0.108903;
0.107504;
0.109312;
0.109538;
0.110221;
0.107616;
0.107076;
0.111474;
0.114843;
0.116776;
0.107283;
0.1068;
0.10898;
0.105891;
0.123748;
0.107086;
0.110678;
0.107813;
0.123528;
0.106115;
0.108524;
0.107699;
0.10893;
0.109027;
0.110353;
0.107202;
0.107173;
0.109948;
0.108974;
0.107256;
0.110874;
0.107116;
0.107998;
0.10789;
0.108204;
0.108411;
0.110663;
0.107332;
0.109893;
0.108075;
0.11047;
0.106969;
0.108755;
0.109467;
0.108198;
0.108158;
0.108957;
0.107694;
0.108596;
0.106679;
0.108103;
0.110802;
0.109088;
0.108487;
0.10851;
0.107721;
0.107698;
0.10764;
0.10641;
0.108327;
0.107642;
0.107969;
0.106733;
0.10794;
0.107105;
0.109734;
0.110009;
0.103066;
0.109998;
0.106884;
0.109947;
0.107832;
0.108757;
0.107411;
