0.0281789, 6;
0.027903, 6;
0.0255381, 6;
0.0255279, 6;
0.0255298, 6;
0.0265289, 6;
0.0255407, 6;
0.0255285, 6;
0.0255401, 6;
0.0255413, 6;
0.0255452, 6;
0.0260271, 6;
0.0255471, 6;
0.0255337, 6;
0.0255305, 6;
0.0255394, 6;
0.0255426, 6;
0.0255413, 6;
0.0255426, 6;
0.0255631, 6;
0.0255138, 6;
0.0260188, 6;
0.0255426, 6;
0.0255394, 6;
0.0255407, 6;
0.0255746, 6;
0.0255049, 6;
0.0255465, 6;
0.0255356, 6;
0.0255343, 6;
0.0255369, 6;
0.0255413, 6;
0.0255401, 6;
0.0255394, 6;
0.0255439, 6;
0.0255413, 6;
0.0255362, 6;
0.0255759, 6;
0.0255119, 6;
0.0255522, 6;
0.0255215, 6;
0.025542, 6;
0.0255439, 6;
0.0255241, 6;
0.0255407, 6;
0.0257615, 6;
0.0258268, 6;
0.0255394, 6;
0.025533, 6;
0.0255605, 6;
0.0255311, 6;
0.0255343, 6;
0.0260495, 6;
0.0255426, 6;
0.0255413, 6;
0.0255305, 6;
0.0255465, 6;
0.0255426, 6;
0.0255439, 6;
0.0255349, 6;
0.0255458, 6;
0.0255906, 6;
0.0254895, 6;
0.0255407, 6;
0.02551, 6;
0.0255637, 6;
0.0290263, 6;
0.0255567, 6;
0.0255362, 6;
0.0255273, 6;
0.0255401, 6;
0.0255394, 6;
0.0255452, 6;
0.0255458, 6;
0.0256796, 6;
0.0258978, 6;
0.0255445, 6;
0.0255516, 6;
0.0290589, 6;
0.0255068, 6;
0.0255561, 6;
0.0255298, 6;
0.0255388, 6;
0.0255458, 6;
0.0255522, 6;
0.0255266, 6;
0.0255452, 6;
0.025533, 6;
0.0255516, 6;
0.0255311, 6;
0.0255407, 6;
0.0255369, 6;
0.0255426, 6;
0.0255561, 6;
0.025533, 6;
0.025517, 6;
0.0255362, 6;
0.0255484, 6;
0.0255599, 6;
0.0255196, 6;
0.0255497, 6;
0.0255369, 6;
0.0260361, 6;
0.0255401, 6;
0.025542, 6;
0.0255381, 6;
0.0255439, 6;
0.0255567, 6;
0.025526, 6;
0.0255413, 6;
0.0255388, 6;
0.0255369, 6;
0.0255554, 6;
0.0255292, 6;
0.0255407, 6;
0.0255433, 6;
0.025533, 6;
0.0255439, 6;
0.0255433, 6;
0.0255593, 6;
0.0255292, 6;
0.0255343, 6;
0.0255407, 6;
0.0255413, 6;
0.0255401, 6;
0.0255413, 6;
0.0255484, 6;
0.0255343, 6;
0.0255509, 6;
0.0255253, 6;
0.0255497, 6;
0.0255317, 6;
0.025542, 6;
0.0255388, 6;
0.0255394, 6;
0.0255413, 6;
0.0256783, 6;
0.0254178, 6;
0.0255266, 6;
0.0255413, 6;
0.0255426, 6;
0.0255407, 6;
0.0255221, 6;
0.0255465, 6;
0.0255337, 6;
0.0255413, 6;
0.0267299, 6;
0.0262646, 6;
0.025629, 6;
0.0255407, 6;
0.0255375, 6;
0.0255433, 6;
0.0255439, 6;
0.025549, 6;
0.0255407, 6;
0.0256015, 6;
0.0254703, 6;
0.0255407, 6;
0.0255381, 6;
0.0255477, 6;
0.0255458, 6;
0.0255349, 6;
0.0255375, 6;
0.0255407, 6;
0.0255445, 6;
0.0255471, 6;
0.0255311, 6;
0.0255439, 6;
0.0255362, 6;
0.025542, 6;
0.0255445, 6;
0.0255433, 6;
0.025533, 6;
0.0255657, 6;
0.0255138, 6;
0.0255413, 6;
0.0255433, 6;
0.0255349, 6;
0.0255426, 6;
0.025542, 6;
0.025558, 6;
0.0255381, 6;
0.0255369, 6;
0.0255324, 6;
0.0255445, 6;
0.0255356, 6;
0.0255433, 6;
0.0255407, 6;
0.0255407, 6;
0.0255369, 6;
0.025549, 6;
0.0255381, 6;
0.0255394, 6;
0.0255381, 6;
0.0255388, 6;
0.0255471, 6;
0.0255362, 6;
0.0255388, 6;
0.0255426, 6;
0.0255413, 6;
0.0255497, 6;
0.0260399, 6;
0.0255292, 6;
0.0255381, 6;
0.0255413, 6;
0.0255445, 6;
0.0255413, 6;
0.0255548, 6;
0.0255535, 6;
0.0260214, 6;
0.025533, 6;
0.0255413, 6;
0.0255215, 6;
0.0255733, 6;
0.0255049, 6;
0.0255458, 6;
0.0255394, 6;
0.0255516, 6;
0.0255234, 6;
0.0255477, 6;
0.0255362, 6;
0.0255362, 6;
0.0255439, 6;
0.0255401, 6;
0.0255477, 6;
0.0255311, 6;
0.0255426, 6;
0.0255951, 6;
0.0254863, 6;
0.0255477, 6;
0.0255337, 6;
0.0255381, 6;
0.0255484, 6;
0.0255458, 6;
0.0255849, 6;
0.0261986, 6;
0.0258268, 6;
0.0255407, 6;
0.0255433, 6;
0.0255388, 6;
0.0255381, 6;
0.0255413, 6;
0.0255465, 6;
0.0255426, 6;
0.0255529, 6;
0.0270454, 1;
0.0365376, 1;
0.0260457, 1;
0.0255311, 1;
0.0260444, 1;
0.0255497, 1;
0.0280822, 1;
0.0259919, 1;
0.0255541, 1;
0.0275376, 1;
0.0270416, 1;
0.0260406, 1;
0.0260482, 1;
0.0255388, 1;
0.0260514, 1;
0.0255394, 1;
0.0325368, 1;
0.0260585, 1;
0.025533, 1;
0.0265308, 1;
0.0360607, 1;
0.026045, 1;
0.0255369, 1;
0.0266031, 1;
0.0254665, 1;
0.0275446, 1;
0.0260406, 1;
0.0255324, 1;
0.0265366, 1;
0.0270473, 1;
0.0260412, 1;
0.0255369, 1;
0.0260418, 1;
0.0255701, 1;
0.0275721, 1;
0.0259881, 1;
0.025542, 1;
0.0265487, 1;
0.0260335, 1;
0.0255413, 1;
0.0285443, 1;
0.0260354, 1;
0.0255548, 1;
0.0265321, 1;
0.0255516, 1;
0.0280278, 1;
0.0260457, 1;
0.0255426, 1;
0.0275446, 1;
0.0260374, 1;
0.0255522, 1;
0.0265366, 1;
0.0260393, 1;
0.0255343, 1;
0.0270428, 1;
0.0260495, 1;
0.0255349, 1;
0.0265385, 1;
0.0270492, 1;
0.0260335, 1;
0.0255381, 1;
0.0265507, 1;
0.0260527, 1;
0.0255337, 1;
0.0275318, 1;
0.0260495, 1;
0.0255375, 1;
0.0265385, 1;
0.0255439, 1;
0.0275702, 1;
0.0260374, 1;
0.0255189, 1;
0.0265219, 1;
0.0270467, 1;
0.0260527, 1;
0.025542, 1;
0.0265263, 1;
0.0255388, 1;
0.028047, 1;
0.0260374, 1;
0.0255458, 1;
0.0265417, 1;
0.0255413, 1;
0.0275478, 1;
0.0260361, 1;
0.0255452, 1;
0.0270454, 1;
0.0255305, 1;
0.0275619, 1;
0.0260342, 1;
0.0255516, 1;
0.0265212, 1;
0.0255477, 1;
0.0275401, 1;
0.0262063, 1;
0.0259119, 1;
0.0265199, 1;
0.0255317, 1;
0.0275395, 1;
0.0260444, 1;
0.0255394, 1;
0.0360614, 1;
0.0270435, 1;
0.0260361, 1;
0.0260431, 1;
0.0255413, 1;
0.0275574, 1;
0.0260284, 1;
0.025542, 1;
0.0265455, 1;
0.0260367, 1;
0.0255439, 1;
0.0275421, 1;
0.0301841, 2;
0.0289168, 2;
0.0290384, 2;
0.0290461, 2;
0.0290634, 2;
0.0290301, 2;
0.0290448, 2;
0.0290493, 2;
0.0290563, 2;
0.0290461, 2;
0.0290352, 2;
0.0290589, 2;
0.029032, 2;
0.0290499, 2;
0.0290429, 2;
0.0290499, 2;
0.0290525, 2;
0.0290563, 2;
0.0295261, 2;
0.0290499, 2;
0.0291338, 2;
0.0294583, 2;
0.0290467, 2;
0.0290435, 2;
0.0292797, 2;
0.0293168, 2;
0.029048, 2;
0.0290397, 2;
0.0290429, 2;
0.0290499, 2;
0.0290608, 2;
0.0295434, 2;
0.0300401, 2;
0.0295511, 2;
0.0300881, 2;
0.029505, 2;
0.0295498, 2;
0.0295479, 2;
0.0290371, 2;
0.029544, 2;
0.0290455, 2;
0.0290525, 2;
0.0290435, 2;
0.0290467, 2;
0.0290499, 2;
0.0290384, 2;
0.0290506, 2;
0.0290442, 2;
0.0290525, 2;
0.0290499, 2;
0.0290448, 2;
0.0290391, 2;
0.0290442, 2;
0.0290499, 2;
0.029553, 2;
0.0295536, 2;
0.0290333, 2;
0.0290487, 2;
0.0290455, 2;
0.0290544, 2;
0.0290365, 2;
0.0290455, 2;
0.0290755, 2;
0.0290327, 2;
0.0290314, 2;
0.029048, 2;
0.0290442, 2;
0.0290461, 2;
0.0290467, 2;
0.0290474, 2;
0.029546, 2;
0.0290461, 2;
0.0295536, 2;
0.0295472, 2;
0.0295453, 2;
0.0290448, 2;
0.0290455, 2;
0.0290512, 2;
0.0300503, 2;
0.0290499, 2;
0.0295332, 2;
0.0290448, 2;
0.0295453, 2;
0.0290416, 2;
0.0290563, 2;
0.0290416, 2;
0.0290461, 2;
0.0295543, 2;
0.0290403, 2;
0.0295453, 2;
0.0290442, 2;
0.0290487, 2;
0.0295485, 2;
0.0290487, 2;
0.0290538, 2;
0.0295389, 2;
0.0290442, 2;
0.0295492, 2;
0.0295543, 2;
0.0295332, 2;
0.0295421, 2;
0.0290685, 2;
0.0290455, 2;
0.0295434, 2;
0.0290391, 2;
0.0295639, 2;
0.0290282, 2;
0.0295376, 2;
0.0290538, 2;
0.0290595, 2;
0.029032, 2;
0.0295844, 2;
0.029514, 2;
0.0290429, 2;
0.0295498, 2;
0.0290493, 2;
0.0295376, 2;
0.0289898, 2;
0.0295556, 2;
0.0290512, 2;
0.0295408, 2;
0.0295402, 2;
0.0290455, 2;
0.0290467, 2;
0.0290461, 2;
0.0290525, 2;
0.0295543, 2;
0.0295434, 2;
0.0290429, 2;
0.0295396, 2;
0.0290467, 2;
0.0290634, 2;
0.0290346, 2;
0.0290461, 2;
0.029041, 2;
0.0290557, 2;
0.0290506, 2;
0.0300727, 2;
0.0295114, 2;
0.0295492, 2;
0.0290461, 2;
0.0295453, 2;
0.0290627, 2;
0.0295389, 2;
0.0295351, 2;
0.0290493, 2;
0.0295472, 2;
0.0290512, 2;
0.0290583, 2;
0.0290378, 2;
0.0295357, 2;
0.029544, 2;
0.0295556, 2;
0.0295415, 2;
0.0290467, 2;
0.0295504, 2;
0.0295415, 2;
0.0295767, 2;
0.0290173, 2;
0.0295485, 2;
0.0295453, 2;
0.0295434, 2;
0.0290499, 2;
0.0295447, 2;
0.029553, 2;
0.0302193, 2;
0.0293693, 2;
0.0295479, 2;
0.029544, 2;
0.0295466, 2;
0.0290461, 2;
0.0297354, 2;
0.0293732, 2;
0.029546, 2;
0.0290435, 2;
0.0290371, 2;
0.0295479, 2;
0.0295479, 2;
0.0295453, 2;
0.0295517, 2;
0.029041, 2;
0.0295472, 2;
0.0295536, 2;
0.0295696, 2;
0.0295197, 2;
0.029546, 2;
0.0295415, 2;
0.029562, 2;
0.0297232, 2;
0.0293616, 2;
0.0295639, 2;
0.0290295, 2;
0.0295594, 2;
0.0295421, 2;
0.0295402, 2;
0.0295562, 2;
0.029546, 2;
0.0295575, 2;
0.0295332, 2;
0.0300471, 2;
0.0295434, 2;
0.0295479, 2;
0.0295562, 2;
0.0290429, 2;
0.0295658, 2;
0.0295428, 2;
0.0295325, 2;
0.0295376, 2;
0.029576, 2;
0.0295498, 2;
0.029016, 2;
0.0295549, 2;
0.0290474, 2;
0.0295396, 2;
0.0290455, 2;
0.0295485, 2;
0.0295536, 2;
0.0295338, 2;
0.0290595, 2;
0.0295556, 2;
0.0295268, 2;
0.0295607, 2;
0.0300541, 2;
0.0290339, 2;
0.0295421, 2;
0.029546, 2;
0.0295485, 2;
0.0295524, 2;
0.0295466, 2;
0.0295511, 2;
0.0295364, 2;
0.0290551, 2;
0.0295383, 2;
0.0295562, 2;
0.0295357, 2;
0.0295543, 2;
0.0295517, 2;
0.0295376, 2;
0.029546, 2;
0.029562, 2;
0.0295306, 2;
0.0295613, 2;
0.0295498, 2;
0.0295338, 2;
0.0290512, 2;
0.0295434, 2;
0.029546, 2;
0.029546, 2;
0.0290455, 2;
0.0295492, 2;
0.0295524, 2;
0.0295927, 2;
0.029489, 2;
0.0295453, 2;
0.0295479, 2;
0.0295498, 2;
0.029553, 2;
0.0295389, 2;
0.0295562, 2;
0.0295466, 2;
0.0295434, 2;
0.0290416, 2;
0.0295517, 2;
0.0295479, 2;
0.0295472, 2;
0.029544, 2;
0.0295511, 2;
0.0295479, 2;
0.0295428, 2;
0.0290442, 2;
0.0295453, 2;
0.02956, 2;
0.0297053, 2;
0.0293789, 2;
0.0295504, 2;
0.0295389, 2;
0.0295498, 2;
0.0295562, 2;
0.0295383, 2;
0.0295524, 2;
0.0295453, 2;
0.0295485, 2;
0.0295447, 2;
0.0295728, 2;
0.0295242, 2;
0.029537, 2;
0.0295504, 2;
0.0290455, 2;
0.0295728, 2;
0.02953, 2;
0.029569, 2;
0.0295165, 2;
0.029553, 2;
0.0295581, 2;
0.0295287, 2;
0.0295498, 2;
0.0295447, 2;
0.029544, 2;
0.0295549, 2;
0.0290416, 2;
0.029553, 2;
0.0295485, 2;
0.0295383, 2;
0.0295492, 2;
0.029048, 2;
0.0295517, 2;
0.0295517, 2;
0.0295351, 2;
0.0295492, 2;
0.0295408, 2;
0.0295504, 2;
0.029064, 2;
0.0295479, 2;
0.0295332, 2;
0.0295428, 2;
0.0295543, 2;
0.029546, 2;
0.0285405, 2;
0.0295485, 2;
0.0296048, 2;
0.0294884, 2;
0.0290474, 2;
0.0295479, 2;
0.0295453, 2;
0.0295626, 2;
0.0295319, 2;
0.0295408, 2;
0.0295517, 2;
0.0295575, 2;
0.0285354, 2;
0.0295479, 2;
0.0295396, 2;
0.0295536, 2;
0.0295447, 2;
0.0290679, 2;
0.0295408, 2;
0.0290429, 2;
0.0295415, 2;
0.0295428, 2;
0.0295511, 2;
0.0295741, 2;
0.0295229, 2;
0.0295415, 2;
0.0295408, 2;
0.029553, 2;
0.0295498, 2;
0.0295434, 2;
0.0290487, 2;
0.0295421, 2;
0.0295498, 2;
0.0295466, 2;
0.029585, 2;
0.0295114, 2;
0.0295492, 2;
0.0294807, 2;
0.0295479, 2;
0.0295696, 2;
0.0295402, 2;
0.0295396, 2;
0.0295479, 2;
0.0295434, 2;
0.0295728, 2;
0.0295172, 2;
0.0295447, 2;
0.0295466, 2;
0.0295536, 2;
0.0295498, 2;
0.0295376, 2;
0.0295658, 2;
0.02953, 2;
0.0295562, 2;
0.0295351, 2;
0.0295479, 2;
0.0295472, 2;
0.0295447, 2;
0.0295626, 2;
0.0285309, 2;
0.0295479, 2;
0.0295492, 2;
0.0295524, 2;
0.0295415, 2;
0.0295536, 2;
0.0303524, 2;
0.0293885, 2;
0.0288861, 2;
0.0295498, 2;
0.0295472, 2;
0.029546, 2;
0.0295575, 2;
0.0295428, 2;
0.0295536, 2;
0.029537, 2;
0.0295511, 2;
0.0295492, 2;
0.029544, 2;
0.0295428, 2;
0.0295498, 2;
0.0295434, 2;
0.0295472, 2;
0.0296292, 2;
0.0294711, 2;
0.029544, 2;
0.0290448, 2;
0.0295485, 2;
0.0295716, 2;
0.0295786, 2;
0.0294871, 2;
0.0295453, 2;
0.029553, 2;
0.0295524, 2;
0.0295447, 2;
0.0295402, 2;
0.0295492, 2;
0.0295428, 2;
0.0295492, 2;
0.0295492, 2;
0.0295492, 2;
0.0295607, 2;
0.0300311, 2;
0.0295434, 2;
0.0295485, 2;
0.029594, 2;
0.0299473, 2;
0.0295492, 2;
0.0295466, 2;
0.0295428, 2;
0.0295492, 2;
0.0295588, 2;
0.0295504, 2;
0.0295792, 2;
0.029505, 2;
0.0295408, 2;
0.0295485, 2;
0.0300554, 2;
0.0295492, 2;
0.029537, 2;
0.0295536, 2;
0.0290455, 2;
0.0295421, 2;
0.0295581, 2;
0.0295447, 2;
0.0295421, 2;
0.0295376, 2;
0.0295517, 2;
0.0295492, 2;
0.0295472, 2;
0.0295562, 2;
0.0295376, 2;
0.0295511, 2;
0.0295466, 2;
0.0290448, 2;
0.0295575, 2;
0.0290538, 2;
0.0295248, 2;
0.0295524, 2;
0.0295472, 2;
0.029544, 2;
0.0295453, 2;
0.0295466, 2;
0.0295536, 2;
0.029544, 2;
0.0295434, 2;
0.0295466, 2;
0.029553, 2;
0.0295408, 2;
0.0295492, 2;
0.0295447, 2;
0.029562, 2;
0.0295517, 2;
0.0290314, 2;
0.0290423, 2;
0.029544, 2;
0.0295466, 2;
0.0295492, 2;
0.0295767, 2;
0.029521, 2;
0.0295479, 2;
0.0295428, 2;
0.0295453, 2;
0.0295485, 2;
0.0290653, 2;
0.0295274, 2;
0.0295485, 2;
0.0295536, 2;
0.0295568, 2;
0.0295428, 2;
0.0290627, 2;
0.0295229, 2;
0.0295408, 2;
0.0295543, 2;
0.0295479, 2;
0.0295709, 2;
0.0295319, 2;
0.0295613, 2;
0.0290199, 2;
0.0290403, 2;
0.029544, 2;
0.0295492, 2;
0.0295498, 2;
0.0295466, 2;
0.0295562, 2;
0.0295344, 2;
0.0295575, 2;
0.0295383, 2;
0.0295722, 2;
0.0295223, 2;
0.029544, 2;
0.0295588, 2;
0.029537, 2;
0.029546, 2;
0.0295543, 2;
0.0295453, 2;
0.0295428, 2;
0.0296029, 2;
0.0294973, 2;
0.0295415, 2;
0.0295581, 2;
0.0295447, 2;
0.0285334, 2;
0.0295588, 2;
0.0295402, 2;
0.0295472, 2;
0.0295581, 2;
0.0295402, 2;
0.0295428, 2;
0.0295472, 2;
0.0295421, 2;
0.0295504, 2;
0.0295447, 2;
0.0295504, 2;
0.029553, 2;
0.0295357, 2;
0.0295498, 2;
0.0295786, 2;
0.0295082, 2;
0.0295581, 2;
0.0295524, 2;
0.0290352, 2;
0.0295466, 2;
0.0295754, 2;
0.0290218, 2;
0.0295466, 2;
0.0285424, 2;
0.0295498, 2;
0.0295434, 2;
0.0295876, 2;
0.0295095, 2;
0.0295568, 2;
0.0295351, 2;
0.029553, 2;
0.0295524, 2;
0.029544, 2;
0.0295408, 2;
0.0295613, 2;
0.0290659, 2;
0.0295127, 2;
0.0295498, 2;
0.0295428, 2;
0.0295485, 2;
0.0295447, 2;
0.0295498, 2;
0.02956, 2;
0.0295492, 2;
0.0290391, 2;
0.0290391, 2;
0.0295453, 2;
0.0295472, 2;
0.029546, 2;
0.029608, 2;
0.0295018, 2;
0.0290666, 2;
0.0295165, 2;
0.0295434, 2;
0.0295472, 2;
0.0295485, 2;
0.0295415, 2;
0.0295536, 2;
0.0295453, 2;
0.029546, 2;
0.0295485, 2;
0.0295511, 2;
0.0295428, 2;
0.0295492, 2;
0.0295504, 2;
0.0295428, 2;
0.0295434, 2;
0.0295703, 2;
0.0290314, 2;
0.0290429, 2;
0.0290531, 3;
0.029553, 3;
0.0295639, 3;
0.0290301, 3;
0.0290333, 3;
0.0295408, 3;
0.0290512, 3;
0.029073, 3;
0.0290154, 3;
0.0290467, 3;
0.0290474, 3;
0.0290583, 3;
0.0290359, 3;
0.0290416, 3;
0.0290538, 3;
0.029544, 3;
0.0290429, 3;
0.0290659, 3;
0.0290327, 3;
0.0290442, 3;
0.0290397, 3;
0.0290551, 3;
0.0295594, 3;
0.0290506, 3;
0.0290167, 3;
0.0290467, 3;
0.0290506, 3;
0.0291946, 3;
0.0289098, 3;
0.0290384, 3;
0.029048, 3;
0.0290442, 3;
0.0290455, 3;
0.0290461, 3;
0.029048, 3;
0.0290448, 3;
0.0290512, 3;
0.0290391, 3;
0.0295434, 3;
0.0290563, 3;
0.0295402, 3;
0.0290563, 3;
0.0290333, 3;
0.0290493, 3;
0.029041, 3;
0.0290487, 3;
0.0290493, 3;
0.0290378, 3;
0.0290448, 3;
0.0290474, 3;
0.0290544, 3;
0.0285501, 3;
0.0290442, 3;
0.0295466, 3;
0.0290435, 3;
0.0290448, 3;
0.0290403, 3;
0.029553, 3;
0.0295492, 3;
0.0290429, 3;
0.0290416, 3;
0.0290506, 3;
0.0290442, 3;
0.0290525, 3;
0.0290391, 3;
0.0290512, 3;
0.0290448, 3;
0.0290525, 3;
0.0290333, 3;
0.0290634, 3;
0.0290339, 3;
0.0290583, 3;
0.0290282, 3;
0.0290493, 3;
0.0290506, 3;
0.0290531, 3;
0.0290544, 3;
0.0290384, 3;
0.0290378, 3;
0.0290384, 3;
0.0290487, 3;
0.0290583, 3;
0.0290384, 3;
0.0290544, 3;
0.0295344, 3;
0.0290442, 3;
0.0290538, 3;
0.0290423, 3;
0.0290442, 3;
0.0290487, 3;
0.0290435, 3;
0.0290531, 3;
0.029041, 3;
0.0290499, 3;
0.0290499, 3;
0.0290339, 3;
0.0290467, 3;
0.0290781, 3;
0.0290154, 3;
0.0290627, 3;
0.029544, 3;
0.0290499, 3;
0.0290307, 3;
0.0290448, 3;
0.0290493, 3;
0.0290506, 3;
0.0290442, 3;
0.0290467, 3;
0.0290429, 3;
0.0290493, 3;
0.029048, 3;
0.0290403, 3;
0.0290429, 3;
0.0290551, 3;
0.0290352, 3;
0.0290506, 3;
0.0290455, 3;
0.0290499, 3;
0.0295818, 3;
0.0290058, 3;
0.0289667, 3;
0.0290506, 3;
0.0290423, 3;
0.0290538, 3;
0.0290499, 3;
0.0290416, 3;
0.0295479, 3;
0.0290615, 3;
0.0295229, 3;
0.0285507, 3;
0.0290435, 3;
0.029048, 3;
0.0290576, 3;
0.0290371, 3;
0.0290717, 3;
0.0290199, 3;
0.0292618, 4;
0.0293284, 4;
0.0290512, 4;
0.0290429, 4;
0.0290487, 4;
0.0290442, 4;
0.0295492, 4;
0.0305457, 4;
0.0297092, 4;
0.0288829, 4;
0.0305175, 4;
0.0295754, 4;
0.0295613, 4;
0.0290391, 4;
0.0290877, 4;
0.0289975, 4;
0.0295479, 4;
0.0296944, 4;
0.0288976, 4;
0.0295504, 4;
0.0290423, 4;
0.029553, 4;
0.0285386, 4;
0.0295536, 4;
0.0290416, 4;
0.0293072, 4;
0.0292804, 4;
0.0290455, 4;
0.0290493, 4;
0.0290442, 4;
0.0295549, 4;
0.0290455, 4;
0.0290448, 4;
0.0290672, 4;
0.0290173, 4;
0.0290871, 4;
0.0295184, 4;
0.0290506, 4;
0.0290371, 4;
0.029041, 4;
0.0290378, 4;
0.0290538, 4;
0.0290487, 4;
0.0296746, 4;
0.0289335, 4;
0.0290327, 4;
0.0290448, 4;
0.0290474, 4;
0.0290647, 4;
0.0290263, 4;
0.0290442, 4;
0.0296682, 4;
0.029425, 4;
0.0290455, 4;
0.0295562, 4;
0.0290455, 4;
0.0290359, 4;
0.029553, 4;
0.0290455, 4;
0.0290429, 4;
0.0295607, 4;
0.0290474, 4;
0.0291101, 4;
0.0289687, 4;
0.0290455, 4;
0.028543, 4;
0.0290563, 4;
0.0291031, 4;
0.0290487, 4;
0.0289795, 4;
0.0290531, 4;
0.0290506, 4;
0.0295376, 4;
0.0295434, 4;
0.0290544, 4;
0.0290397, 4;
0.0290512, 4;
0.0296695, 4;
0.0294192, 4;
0.0290544, 4;
0.0290384, 4;
0.0290442, 4;
0.0295466, 4;
0.0290467, 4;
0.0290557, 4;
0.0290416, 4;
0.0290679, 4;
0.0290256, 4;
0.0295658, 4;
0.0290211, 4;
0.0290551, 4;
0.0295383, 4;
0.0290442, 4;
0.0291011, 4;
0.0295325, 4;
0.0290083, 4;
0.0290448, 4;
0.0290461, 4;
0.0290474, 4;
0.0285424, 4;
0.0285552, 4;
0.0290403, 4;
0.0291075, 4;
0.0290019, 4;
0.0295293, 4;
0.029041, 4;
0.0290493, 4;
0.0295472, 4;
0.0290461, 4;
0.0290615, 4;
0.0291191, 4;
0.0294679, 4;
0.0295396, 4;
0.0290615, 4;
0.0285315, 4;
0.0290416, 4;
0.0295492, 4;
0.0290442, 4;
0.0290519, 4;
0.0290455, 4;
0.0290544, 4;
0.0295376, 4;
0.0290435, 4;
0.0290512, 4;
0.0290423, 4;
0.029048, 4;
0.0290544, 4;
0.029057, 4;
0.029025, 4;
0.0290474, 4;
0.0290448, 4;
0.0290455, 4;
0.0290467, 4;
0.0290583, 4;
0.0285418, 4;
0.0290467, 4;
0.0290461, 4;
0.0290467, 4;
0.0295402, 4;
0.0290455, 4;
0.0290563, 4;
0.0290359, 4;
0.0295453, 4;
0.0290538, 4;
0.0290455, 4;
0.0290429, 4;
0.0295837, 4;
0.0290064, 4;
0.0290583, 4;
0.0295402, 4;
0.0290467, 4;
0.0295466, 4;
0.0295415, 4;
0.0291863, 4;
0.0289168, 4;
0.0291485, 2;
0.0296068, 2;
0.0288867, 2;
0.0290416, 2;
0.0295434, 2;
0.0290429, 2;
0.0290563, 2;
0.0290762, 2;
0.0290186, 2;
0.0295364, 2;
0.0285418, 2;
0.0290487, 2;
0.0290487, 2;
0.0290416, 2;
0.0290467, 2;
0.0290525, 2;
0.0290391, 2;
0.0295613, 2;
0.0290307, 2;
0.0290576, 2;
0.0290391, 2;
0.0290442, 2;
0.0290493, 2;
0.0295415, 2;
0.029057, 2;
0.0291171, 2;
0.0294845, 2;
0.0295389, 2;
0.0290371, 2;
0.0290461, 2;
0.0285437, 2;
0.0290474, 2;
0.0290487, 2;
0.0290442, 2;
0.0290871, 2;
0.0295044, 2;
0.0290493, 2;
0.0290442, 2;
0.0290538, 2;
0.0290435, 2;
0.0290499, 2;
0.0285366, 2;
0.0295498, 2;
0.029553, 2;
0.0290525, 2;
0.0290333, 2;
0.0295472, 2;
0.0290416, 2;
0.0290448, 2;
0.0290474, 2;
0.0291376, 2;
0.0296279, 2;
0.0298756, 2;
0.0290538, 2;
0.0290378, 2;
0.0290525, 2;
0.0290467, 2;
0.0290461, 2;
0.0290429, 2;
0.0290525, 2;
0.029544, 2;
0.0290416, 2;
0.0290487, 2;
0.0295594, 3;
0.0290647, 3;
0.0295088, 3;
0.0290557, 3;
0.0295498, 3;
0.0300497, 3;
0.0295402, 3;
0.0290448, 3;
0.0290563, 3;
0.0290346, 3;
0.0290506, 3;
0.0290557, 3;
0.0290474, 3;
0.0290467, 3;
0.0290499, 3;
0.0295268, 3;
0.0550892, 3;
0.0290512, 3;
0.0290391, 3;
0.0290538, 3;
0.0290525, 3;
0.0290499, 3;
0.0295396, 3;
0.0290429, 3;
0.0290391, 3;
0.0290512, 3;
0.0290429, 3;
0.0290435, 3;
0.0295543, 3;
0.0290461, 3;
0.0295767, 3;
0.0290115, 3;
0.0295479, 3;
0.0290448, 3;
0.0290512, 3;
0.0290557, 3;
0.0290474, 3;
0.0295344, 3;
0.0294391, 3;
0.0296573, 3;
0.0290391, 3;
0.0295511, 3;
0.0290429, 3;
0.0290506, 3;
0.0290685, 3;
0.0295549, 3;
0.029514, 3;
0.0290519, 3;
0.0295376, 3;
0.0290403, 3;
0.0290551, 3;
0.0295466, 3;
0.0290717, 3;
0.0290243, 3;
0.029544, 3;
0.0290455, 3;
0.0290442, 3;
0.0290487, 3;
0.0290487, 3;
0.0290557, 3;
0.0295543, 3;
0.0295351, 3;
0.0295396, 3;
0.0290544, 3;
0.0295594, 3;
0.0295261, 3;
0.0290512, 3;
0.029041, 3;
0.0290487, 3;
0.0290448, 3;
0.0290442, 3;
0.0290512, 3;
0.0290429, 3;
0.0290474, 3;
0.0295472, 3;
0.0290448, 3;
0.0290551, 3;
0.0295396, 3;
0.0290455, 3;
0.029048, 3;
0.0290403, 3;
0.0290736, 3;
0.0295268, 3;
0.0295517, 3;
0.0290467, 3;
0.029537, 3;
0.0290474, 3;
0.0295466, 3;
0.0290531, 3;
0.0295402, 3;
0.0295639, 3;
0.0300356, 3;
0.029073, 4;
0.0290147, 4;
0.0290538, 4;
0.0290807, 4;
0.0290096, 4;
0.0290442, 4;
0.0295588, 4;
0.0295357, 4;
0.0290621, 4;
0.0290365, 4;
0.0290371, 4;
0.0290442, 4;
0.0290467, 4;
0.0290467, 4;
0.0290512, 4;
0.0290672, 4;
0.0291178, 4;
0.0294487, 4;
0.0290551, 4;
0.0290461, 4;
0.0290435, 4;
0.029048, 4;
0.0290397, 4;
0.0290506, 4;
0.0290551, 4;
0.0290378, 4;
0.0290467, 4;
0.0290442, 4;
0.0295453, 4;
0.0295517, 4;
0.0290378, 4;
0.0295536, 4;
0.029048, 4;
0.0290371, 4;
0.0290615, 4;
0.0295351, 4;
0.0290455, 4;
0.0290499, 4;
0.0290416, 4;
0.029057, 4;
0.0294135, 4;
0.0291939, 4;
0.0295261, 4;
0.0290538, 4;
0.0290339, 4;
0.0290461, 4;
0.0290525, 4;
0.0290416, 4;
0.0290563, 4;
0.0290371, 4;
0.0290461, 4;
0.0290557, 4;
0.029048, 4;
0.0290339, 4;
0.0295511, 4;
0.0290448, 4;
0.0290557, 4;
0.0290608, 4;
0.0290263, 4;
0.0290506, 4;
0.0290327, 4;
0.0290487, 4;
0.0290423, 4;
0.0295549, 4;
0.0295492, 4;
0.0295511, 4;
0.0295434, 4;
0.0295485, 4;
0.0290352, 4;
0.0290461, 4;
0.0290461, 4;
0.0290557, 4;
0.0290416, 4;
0.0290499, 4;
0.029073, 4;
0.029528, 4;
0.0295338, 4;
0.0290461, 4;
0.0290423, 4;
0.0290608, 4;
0.0290403, 4;
0.0290403, 4;
0.0290423, 4;
0.029048, 4;
0.0290519, 4;
0.0290391, 4;
0.0290442, 4;
0.0295773, 4;
0.0290301, 4;
0.0295536, 4;
0.0290301, 4;
0.0290455, 4;
0.0290467, 4;
0.0295504, 4;
0.0290429, 4;
0.0290531, 4;
0.0290384, 4;
0.0295485, 4;
0.0290531, 4;
0.0290384, 4;
0.0290531, 4;
0.0290595, 4;
0.0290256, 4;
0.0290544, 4;
0.0290371, 4;
0.0295594, 4;
0.0290346, 4;
0.0290512, 4;
0.0290442, 4;
0.0290653, 4;
0.0295287, 4;
0.0290551, 4;
0.0290403, 4;
0.0295466, 4;
0.0290487, 4;
0.0290397, 4;
0.0290506, 4;
0.0290493, 4;
0.0290461, 4;
0.0290403, 4;
0.0290474, 4;
0.0290448, 4;
0.0290403, 4;
0.0290608, 4;
0.0290397, 4;
0.0290384, 4;
0.0290627, 4;
0.0295818, 4;
0.0295024, 4;
0.0293546, 4;
0.0292362, 4;
0.0290525, 4;
0.0290359, 4;
0.0295524, 4;
0.029041, 4;
0.0290448, 4;
0.029544, 4;
0.0295613, 4;
0.0290359, 4;
0.0300541, 4;
0.0290327, 4;
0.029057, 4;
0.0290397, 4;
0.0290493, 4;
0.0290487, 4;
0.0295396, 4;
0.0290538, 4;
0.0290442, 4;
0.0290403, 4;
0.0290461, 4;
0.0290589, 4;
0.0290307, 4;
0.02956, 4;
0.0295402, 4;
0.0290531, 4;
0.0290487, 4;
0.0290474, 4;
0.0290423, 4;
0.0290442, 4;
0.0290448, 4;
0.0302109, 4;
0.0302205, 4;
0.0300689, 4;
0.0292016, 4;
0.0290359, 4;
0.0290608, 4;
0.0290263, 4;
0.0295453, 4;
0.0290544, 4;
0.029626, 4;
0.0294736, 4;
0.0290378, 4;
0.029041, 4;
0.0295453, 4;
0.0290538, 4;
0.0295421, 4;
0.0290538, 4;
0.0295389, 4;
0.0290551, 4;
0.0290403, 2;
0.0295607, 2;
0.0290378, 2;
0.0290371, 2;
0.0290448, 2;
0.0290442, 2;
0.0290499, 2;
0.0290467, 2;
0.0295504, 2;
0.0290525, 2;
0.0291043, 2;
0.0294813, 2;
0.0290813, 2;
0.0290083, 2;
0.0290525, 2;
0.0290403, 2;
0.0297584, 2;
0.0293399, 2;
0.0290429, 2;
0.0290448, 2;
0.0290461, 2;
0.0290455, 2;
0.0290493, 2;
0.0290685, 2;
0.0290307, 2;
0.0290429, 2;
0.0290659, 2;
0.0290231, 2;
0.0289827, 2;
0.0295197, 2;
0.0295453, 2;
0.0290474, 2;
0.0290499, 2;
0.0295556, 2;
0.0300708, 2;
0.0290263, 2;
0.029537, 2;
0.0295415, 2;
0.0295479, 2;
0.0295472, 2;
0.0290519, 2;
0.0290429, 2;
0.0295498, 2;
0.029546, 2;
0.0290352, 2;
0.0290538, 2;
0.0290429, 2;
0.0290416, 2;
0.0290563, 2;
0.0290666, 2;
0.0296375, 2;
0.0295146, 2;
0.029528, 2;
0.0289981, 2;
0.0302756, 2;
0.0307671, 2;
0.0301034, 2;
0.0300305, 2;
0.0295748, 2;
0.0318072, 2;
0.0326187, 2;
0.0309278, 2;
0.0300503, 2;
0.0293188, 2;
0.0290391, 2;
0.0290653, 2;
0.0295306, 2;
0.0290557, 2;
0.0304919, 2;
0.0436322, 2;
0.0353785, 2;
0.0293047, 2;
0.02945, 2;
0.0301476, 2;
0.0294416, 2;
0.0302429, 2;
0.0345298, 2;
0.0292541, 2;
0.0286627, 2;
0.0295556, 2;
0.0295415, 2;
0.0290442, 2;
0.0295447, 2;
0.0295549, 2;
0.0290359, 2;
0.029546, 2;
0.0290551, 2;
0.0291184, 2;
0.0294589, 2;
0.0290493, 2;
0.0290487, 2;
0.0290525, 2;
0.0290506, 2;
0.029546, 2;
0.029544, 2;
0.0290397, 2;
0.0290589, 2;
0.0295498, 2;
0.0290346, 2;
0.0295402, 2;
0.0295588, 2;
0.0295421, 2;
0.029544, 2;
0.0295536, 2;
0.0308548, 2;
0.033902, 2;
0.0293386, 2;
0.0296036, 2;
0.0290435, 2;
0.0285469, 2;
0.0290743, 2;
0.0290115, 2;
0.0295568, 2;
0.0290442, 2;
0.0290416, 2;
0.0295453, 2;
0.0295927, 2;
0.0300049, 2;
0.0295677, 2;
0.0295216, 2;
0.0295575, 2;
0.0295364, 2;
0.0290416, 2;
0.0295434, 2;
0.0295556, 2;
0.0290512, 2;
0.0295453, 2;
0.0295408, 2;
0.0290519, 2;
0.0295504, 2;
0.0290909, 2;
0.0294973, 2;
0.0295434, 2;
0.0295492, 2;
0.030129, 2;
0.0294596, 2;
0.0295453, 2;
0.0290448, 2;
0.029576, 2;
0.0295197, 2;
0.0295472, 2;
0.0290429, 2;
0.0295485, 2;
0.0295581, 2;
0.0296388, 2;
0.029457, 2;
0.0295402, 2;
0.0295466, 2;
0.0290442, 2;
0.0290455, 2;
0.0296215, 2;
0.0294871, 2;
0.0295312, 2;
0.029048, 2;
0.029041, 2;
0.0290512, 2;
0.0295453, 2;
0.0290467, 2;
0.0290557, 2;
0.0295914, 2;
0.0295159, 2;
0.029025, 2;
0.0295415, 2;
0.0295517, 2;
0.0295447, 2;
0.0295447, 2;
0.0295472, 2;
0.029544, 2;
0.0295613, 2;
0.0295338, 2;
0.0295492, 2;
0.0295408, 2;
0.0295696, 2;
0.0295332, 2;
0.0295434, 2;
0.0295562, 2;
0.0290627, 2;
0.0290455, 2;
0.0290282, 2;
0.0290429, 2;
0.029544, 2;
0.0295479, 2;
0.0295447, 2;
0.029546, 2;
0.0295639, 2;
0.0295466, 2;
0.0295466, 2;
0.0290301, 2;
0.0295524, 2;
0.029544, 2;
0.0295549, 2;
0.0295447, 2;
0.0285366, 2;
0.0295728, 2;
0.029608, 2;
0.0289853, 2;
0.0290147, 2;
0.029546, 2;
0.0295492, 2;
0.029544, 2;
0.0295485, 2;
0.0290448, 2;
0.0285584, 2;
0.0295351, 2;
0.0295485, 2;
0.0295466, 2;
0.0295479, 2;
0.0295524, 2;
0.0290391, 2;
0.0295498, 2;
0.0295504, 2;
0.0290429, 2;
0.0295492, 2;
0.0295383, 2;
0.0290474, 2;
0.0295485, 2;
0.0295556, 2;
0.0290455, 2;
0.0295485, 2;
0.0295511, 2;
0.0313169, 2;
0.0317284, 2;
0.0407374, 2;
0.0294832, 2;
0.0402286, 2;
0.0502238, 2;
0.0308138, 2;
0.0320913, 2;
0.0300189, 2;
0.0359807, 2;
0.029665, 2;
0.0291837, 2;
0.0289091, 2;
0.0301322, 2;
0.0344645, 2;
0.0896888, 2;
0.0348895, 2;
0.0297316, 2;
0.0330507, 2;
0.0289872, 2;
0.0689067, 2;
0.03318, 2;
0.0296151, 2;
0.0290339, 2;
0.0295517, 2;
0.0295696, 2;
0.0295178, 2;
0.0295511, 2;
0.0297405, 2;
0.0293546, 2;
0.0295748, 2;
0.0290205, 2;
0.0295479, 2;
0.0295396, 2;
0.0295472, 2;
0.0295472, 2;
0.0295543, 2;
0.0295479, 2;
0.0295562, 2;
0.0295415, 2;
0.0295383, 2;
0.0295876, 2;
0.0295197, 2;
0.0290442, 2;
0.0295517, 2;
0.029546, 2;
0.0295332, 2;
0.0295485, 2;
0.0295556, 2;
0.0300375, 2;
0.0295914, 2;
0.029521, 2;
0.0295268, 2;
0.0295498, 2;
0.0295485, 2;
0.0295434, 2;
0.0295876, 2;
0.0295076, 2;
0.0295543, 2;
0.0295408, 2;
0.0290467, 2;
0.0295728, 2;
0.0295408, 2;
0.0295255, 2;
0.0295472, 2;
0.029544, 2;
0.0295479, 2;
0.0295485, 2;
0.0295447, 2;
0.0295498, 2;
0.0290576, 2;
0.0313547, 2;
0.0297322, 2;
0.0295575, 2;
0.0290397, 2;
0.0295434, 2;
0.0295524, 2;
0.0296778, 2;
0.0307614, 2;
0.0300957, 2;
0.0299261, 2;
0.0287594, 2;
0.0295549, 2;
0.0295396, 2;
0.0290461, 2;
0.029544, 2;
0.0295453, 2;
0.0296336, 2;
0.0294698, 2;
0.0290384, 2;
0.0295466, 2;
0.0295396, 2;
0.0295664, 2;
0.0295421, 2;
0.0295389, 2;
0.0295568, 2;
0.0295428, 2;
0.0295421, 2;
0.029544, 2;
0.0295485, 2;
0.0290474, 2;
0.0295543, 2;
0.0295421, 2;
0.0295543, 2;
0.0295402, 2;
0.0295492, 2;
0.0295466, 2;
0.0295434, 2;
0.0290736, 2;
0.0295255, 2;
0.0295415, 2;
0.0295453, 2;
0.0295485, 2;
0.029553, 2;
0.0290557, 2;
0.0295293, 2;
0.0295479, 2;
0.029544, 2;
0.0295536, 2;
0.0290448, 2;
0.0295453, 2;
0.0295639, 2;
0.0290391, 3;
0.0290384, 3;
0.0285386, 3;
0.029553, 3;
0.0290461, 3;
0.0290455, 3;
0.0290493, 3;
0.0290519, 3;
0.0295376, 3;
0.0290538, 3;
0.0295556, 3;
0.0290282, 3;
0.029546, 3;
0.0295888, 3;
0.0290039, 3;
0.0290499, 3;
0.029553, 3;
0.0295396, 3;
0.0295408, 3;
0.0290506, 3;
0.0290493, 3;
0.0290429, 3;
0.0295485, 3;
0.0290672, 3;
0.0290314, 3;
0.029041, 3;
0.0290525, 3;
0.0285366, 3;
0.0290455, 3;
0.0295479, 3;
0.0295466, 3;
0.0290448, 3;
0.029048, 3;
0.0295536, 3;
0.0295652, 3;
0.0295204, 3;
0.0285565, 3;
0.0295364, 3;
0.0290659, 3;
0.0290391, 3;
0.0290346, 3;
0.029544, 3;
0.0290487, 3;
0.029546, 3;
0.0295485, 3;
0.0300567, 3;
0.0295332, 3;
0.0290519, 3;
0.029546, 3;
0.0290768, 3;
0.0290205, 3;
0.0290448, 3;
0.0290397, 3;
0.0295536, 3;
0.0290685, 3;
0.0290365, 3;
0.0290314, 3;
0.0290467, 3;
0.0295447, 3;
0.0290448, 3;
0.0295472, 3;
0.0295479, 3;
0.0290429, 3;
0.029057, 3;
0.0295402, 3;
0.0290474, 3;
0.0295536, 3;
0.0295517, 3;
0.0290346, 3;
0.0290474, 3;
0.0295869, 3;
0.0290045, 3;
0.0290506, 3;
0.029546, 3;
0.0290423, 3;
0.029048, 3;
0.0290595, 3;
0.0290333, 3;
0.0290525, 3;
0.0295383, 3;
0.0290467, 3;
0.0290461, 3;
0.0295466, 3;
0.0285571, 3;
0.0290455, 3;
0.0290467, 3;
0.0295504, 3;
0.0295332, 3;
0.0295517, 4;
0.029041, 4;
0.0295415, 4;
0.0295511, 4;
0.0295498, 4;
0.0295549, 4;
0.0295389, 4;
0.0295479, 4;
0.0295607, 4;
0.0295325, 4;
0.0295472, 4;
0.0295472, 4;
0.0295479, 4;
0.0295536, 4;
0.0296567, 4;
0.0294288, 4;
0.0295472, 4;
0.029546, 4;
0.029546, 4;
0.0295517, 4;
0.0295396, 4;
0.0295498, 4;
0.029544, 4;
0.0290525, 4;
0.0295568, 4;
0.0290391, 4;
0.0290378, 4;
0.02956, 4;
0.0290403, 4;
0.0295754, 4;
0.0295165, 4;
0.0295946, 4;
0.0294973, 4;
0.0295447, 4;
0.0295472, 4;
0.0295703, 4;
0.0295536, 4;
0.0295293, 4;
0.0295344, 4;
0.0295472, 4;
0.0290576, 4;
0.0300465, 4;
0.0290339, 4;
0.0295479, 4;
0.0295492, 4;
0.0295613, 4;
0.0285283, 4;
0.0290474, 4;
0.0290595, 4;
0.0295351, 4;
0.0295479, 4;
0.0295428, 4;
0.0296887, 4;
0.0289027, 4;
0.0300305, 4;
0.0290666, 4;
0.0295479, 4;
0.029553, 4;
0.0295376, 4;
0.0295453, 4;
0.0295498, 4;
0.029546, 4;
0.0295485, 4;
0.029544, 4;
0.0295639, 4;
0.0285526, 4;
0.0295556, 4;
0.0295159, 4;
0.0290506, 4;
0.0290442, 4;
0.0295421, 4;
0.028552, 4;
0.0295434, 4;
0.029562, 4;
0.0290416, 4;
0.0295421, 4;
0.0295466, 4;
0.0295511, 4;
0.0285405, 4;
0.0290455, 4;
0.0295447, 4;
0.0300708, 4;
0.0290333, 4;
0.0295428, 4;
0.029544, 4;
0.029544, 4;
0.0295466, 4;
0.0295466, 4;
0.0295485, 4;
0.0295472, 4;
0.0295588, 4;
0.0295434, 4;
0.0295562, 4;
0.0290346, 4;
0.0295504, 4;
0.0290384, 4;
0.0290461, 4;
0.0295447, 4;
0.0295472, 4;
0.0290467, 4;
0.0290455, 4;
0.0295504, 4;
0.0295536, 4;
0.0295421, 4;
0.0290416, 4;
0.0285462, 4;
0.028543, 4;
0.0285578, 4;
0.0295703, 4;
0.0290109, 4;
0.0290519, 4;
0.0290448, 4;
0.0295421, 4;
0.0285482, 4;
0.0295434, 4;
0.0295434, 4;
0.0295549, 4;
0.0285405, 4;
0.0295543, 4;
0.0295402, 4;
0.0295479, 4;
0.0295594, 4;
0.0295402, 4;
0.0290538, 4;
0.0295344, 4;
0.0290557, 4;
0.0290346, 4;
0.0285494, 4;
0.0295434, 4;
0.0295479, 4;
0.0295888, 4;
0.0295018, 4;
0.0295517, 4;
0.0285488, 4;
0.0295485, 4;
0.0295428, 4;
0.0295453, 4;
0.0290442, 4;
0.0290583, 4;
0.0295428, 4;
0.0295472, 4;
0.0290448, 4;
0.0290506, 4;
0.0290378, 4;
0.0295466, 4;
0.0295511, 4;
0.0295434, 4;
0.0295466, 4;
0.0295632, 4;
0.0295396, 4;
0.0290672, 4;
0.0285514, 4;
0.0290263, 4;
0.028543, 4;
0.0295492, 4;
0.0295485, 4;
0.0295415, 4;
0.0290512, 4;
0.0290429, 4;
0.0295613, 4;
0.0295357, 4;
0.0295479, 4;
0.0290531, 4;
0.0290384, 4;
0.0295485, 4;
0.0295504, 4;
0.0295562, 4;
0.029546, 4;
0.0290435, 4;
0.0295472, 4;
0.0290429, 4;
0.0295716, 4;
0.029514, 4;
0.0295447, 4;
0.0295504, 4;
0.0295568, 4;
0.0295428, 4;
0.0295421, 4;
0.0295504, 2;
0.0290493, 2;
0.0295524, 2;
0.0290339, 2;
0.0290487, 2;
0.0295447, 2;
0.0295485, 2;
0.0295792, 2;
0.0290186, 2;
0.0290467, 2;
0.0285392, 2;
0.0300503, 2;
0.0295447, 2;
0.0295498, 2;
0.0295415, 2;
0.0290506, 2;
0.0290474, 2;
0.0295485, 2;
0.0303934, 2;
0.0296471, 2;
0.0295351, 2;
0.0290493, 2;
0.029544, 2;
0.029546, 2;
0.0295511, 2;
0.029048, 2;
0.0295415, 2;
0.0295479, 2;
0.0295517, 2;
0.0295511, 2;
0.0300477, 2;
0.0295402, 2;
0.0290531, 2;
0.0295364, 2;
0.0290487, 2;
0.029073, 2;
0.029512, 2;
0.0295543, 2;
0.0295447, 2;
0.0290493, 2;
0.029064, 2;
0.0291984, 2;
0.0293776, 2;
0.0295402, 2;
0.0295504, 2;
0.0290487, 2;
0.0290653, 2;
0.0290269, 2;
0.0295408, 2;
0.0293047, 2;
0.0287863, 2;
0.0290506, 2;
0.0295415, 2;
0.0295479, 2;
0.0290512, 2;
0.0290429, 2;
0.0295472, 2;
0.0295543, 2;
0.0296176, 2;
0.0297066, 2;
0.0288157, 2;
0.0290883, 2;
0.0295031, 2;
0.0295543, 2;
0.0290435, 2;
0.0290423, 2;
0.0290461, 2;
0.0295434, 2;
0.0295498, 2;
0.0290448, 2;
0.0295504, 2;
0.0290442, 2;
0.0295543, 2;
0.0295389, 2;
0.0290461, 2;
0.0296951, 2;
0.0294032, 2;
0.0295415, 2;
0.0290474, 2;
0.0295504, 2;
0.0290423, 2;
0.0290429, 2;
0.0295735, 2;
0.0295236, 2;
0.0295485, 2;
0.029546, 2;
0.0295639, 2;
0.0290301, 2;
0.029585, 2;
0.0290096, 2;
0.0290435, 2;
0.0290691, 2;
0.0295351, 2;
0.0290359, 2;
0.0295447, 2;
0.029048, 2;
0.0290551, 2;
0.0290346, 2;
0.029546, 2;
0.0295524, 2;
0.029562, 2;
0.029032, 2;
0.029048, 3;
0.0290423, 3;
0.0295568, 3;
0.0290448, 3;
0.0295396, 3;
0.0290461, 3;
0.0290442, 3;
0.0295613, 3;
0.0295332, 3;
0.0290455, 3;
0.0290474, 3;
0.0290442, 3;
0.0290615, 3;
0.0290416, 3;
0.0295453, 3;
0.0290519, 3;
0.0290512, 3;
0.0290346, 3;
0.0290416, 3;
0.0290531, 3;
0.0295383, 3;
0.0290563, 3;
0.029041, 3;
0.029041, 3;
0.0290499, 3;
0.0290442, 3;
0.0290583, 3;
0.029032, 3;
0.0295709, 3;
0.029032, 3;
0.0290403, 3;
0.0290557, 3;
0.0290359, 3;
0.0290499, 3;
0.0295511, 3;
0.0290397, 3;
0.0290435, 3;
0.0290467, 3;
0.0290461, 3;
0.0290448, 3;
0.0290455, 3;
0.0290448, 3;
0.0295632, 3;
0.0290371, 3;
0.0290576, 3;
0.0290333, 3;
0.0295466, 3;
0.029048, 3;
0.0290448, 3;
0.0290506, 3;
0.0296215, 3;
0.0294679, 3;
0.0290474, 3;
0.0290448, 3;
0.0290448, 3;
0.029048, 3;
0.029048, 3;
0.028545, 3;
0.0285616, 3;
0.0295415, 3;
0.0290576, 3;
0.0295261, 3;
0.029546, 3;
0.0295479, 3;
0.0290429, 3;
0.0290416, 3;
0.0290487, 3;
0.0290525, 3;
0.0290461, 3;
0.0290455, 3;
0.0290493, 3;
0.0290602, 3;
0.028536, 3;
0.0295376, 3;
0.0290435, 3;
0.0290525, 3;
0.029057, 3;
0.0295325, 3;
0.028545, 3;
0.0290455, 3;
0.0290512, 4;
0.0290435, 4;
0.0290423, 4;
0.0290467, 4;
0.0290525, 4;
0.0295428, 4;
0.0290461, 4;
0.0290429, 4;
0.0290627, 4;
0.0295325, 4;
0.029546, 4;
0.0290499, 4;
0.0290685, 4;
0.0290877, 4;
0.0289802, 4;
0.0295562, 4;
0.0290333, 4;
0.0290583, 4;
0.0290333, 4;
0.0295492, 4;
0.0295492, 4;
0.0290589, 4;
0.0296976, 4;
0.0288823, 4;
0.0295581, 4;
0.0295383, 4;
0.0290435, 4;
0.029048, 4;
0.0290544, 4;
0.0295466, 4;
0.0295588, 4;
0.0290263, 4;
0.0290429, 4;
0.0290474, 4;
0.0290474, 4;
0.0295466, 4;
0.0290461, 4;
0.0289328, 4;
0.0290538, 4;
0.0291203, 4;
0.0289667, 4;
0.0290429, 4;
0.0290467, 4;
0.0295415, 4;
0.0295472, 4;
0.0290448, 4;
0.0290423, 4;
0.0290563, 4;
0.0290525, 4;
0.029544, 4;
0.0290487, 4;
0.0290544, 4;
0.02953, 4;
0.0295466, 4;
0.0295568, 4;
0.0290403, 4;
0.0295504, 4;
0.0290403, 4;
0.029048, 4;
0.029544, 4;
0.0290647, 4;
0.0290314, 4;
0.0290519, 4;
0.0290384, 4;
0.0295504, 4;
0.0295447, 4;
0.0290442, 4;
0.0290634, 4;
0.0295312, 4;
0.0295504, 4;
0.0290391, 4;
0.0290467, 4;
0.0290442, 4;
0.0285712, 4;
0.0290314, 4;
0.0295421, 4;
0.0285456, 4;
0.0295466, 4;
0.0285437, 4;
0.029546, 4;
0.029064, 4;
0.0290589, 4;
0.0290435, 4;
0.0290167, 4;
0.029546, 4;
0.029048, 4;
0.0290448, 4;
0.0290455, 4;
0.0290467, 4;
0.0295421, 4;
0.0290666, 4;
0.029537, 4;
0.0290359, 4;
0.0290506, 4;
0.0295466, 4;
0.0295511, 4;
0.0290506, 4;
0.0290474, 4;
0.0292048, 4;
0.0288919, 4;
0.0294871, 4;
0.0290429, 4;
0.0290487, 4;
0.029048, 4;
0.0295466, 4;
0.0290423, 4;
0.0290448, 4;
0.0290506, 4;
0.0290954, 4;
0.0291504, 4;
0.0293988, 4;
0.0290435, 4;
0.0290448, 4;
0.0290883, 4;
0.0295076, 4;
0.029041, 4;
0.0295517, 4;
0.0295511, 4;
0.0285398, 4;
0.0290403, 4;
0.0290493, 4;
0.0290499, 4;
0.0290525, 4;
0.029546, 4;
0.02956, 4;
0.0302692, 4;
0.0298084, 4;
0.0290448, 4;
0.0295485, 4;
0.0295447, 4;
0.0290416, 4;
0.0290499, 4;
0.0290563, 4;
0.0290544, 4;
0.0295319, 4;
0.0290403, 4;
0.0290595, 4;
0.029562, 4;
0.0290224, 4;
0.0295492, 4;
0.0290455, 4;
0.0290461, 4;
0.0290685, 4;
0.0300221, 4;
0.0295472, 4;
0.0285443, 4;
0.029048, 4;
0.0290474, 4;
0.0290448, 4;
0.029544, 4;
0.0292125, 4;
0.0293879, 4;
0.0290429, 4;
0.0296196, 4;
0.0298634, 4;
0.0290365, 4;
0.0290461, 4;
0.029546, 4;
0.0290557, 4;
0.0295498, 4;
0.0290352, 4;
0.0290435, 4;
0.0290467, 4;
0.0290474, 4;
0.0295498, 4;
0.0290583, 4;
0.0290435, 4;
0.0295383, 4;
0.0290544, 4;
0.0290371, 4;
0.0290506, 4;
0.029041, 4;
0.0295549, 4;
0.0290487, 4;
0.029544, 4;
0.0290551, 4;
0.0295421, 4;
0.0295453, 4;
0.0290416, 4;
0.0295408, 2;
0.0295421, 2;
0.0290512, 2;
0.0290538, 2;
0.0295357, 2;
0.0295492, 2;
0.0290442, 2;
0.0290448, 2;
0.0290455, 2;
0.0290455, 2;
0.0295453, 2;
0.0290455, 2;
0.029048, 2;
0.0290506, 2;
0.029048, 2;
0.0290435, 2;
0.0290423, 2;
0.0295581, 2;
0.0290307, 2;
0.029064, 2;
0.0295332, 2;
0.0290455, 2;
0.0290435, 2;
0.0294634, 2;
0.0296285, 2;
0.029514, 2;
0.029048, 2;
0.0290455, 2;
0.0290563, 2;
0.0290346, 2;
0.0291152, 2;
0.0289891, 2;
0.0295338, 2;
0.0290538, 2;
0.0295421, 2;
0.0290461, 2;
0.0290455, 2;
0.0290384, 2;
0.0290506, 2;
0.029048, 2;
0.0295581, 2;
0.0295351, 2;
0.0290461, 2;
0.0295479, 2;
0.0290557, 2;
0.0290595, 2;
0.0290243, 2;
0.0290455, 2;
0.029048, 2;
0.0290519, 2;
0.0290403, 2;
0.0290429, 2;
0.0290487, 2;
0.0290653, 2;
0.0290256, 2;
0.0290448, 2;
0.0290499, 2;
0.0295479, 2;
0.0290435, 2;
0.0290531, 2;
0.0295447, 2;
0.0290506, 2;
0.0295421, 2;
0.0290448, 2;
0.0295453, 2;
0.029592, 2;
0.0290058, 3;
0.0295485, 3;
0.029537, 3;
0.0295466, 3;
0.0295479, 3;
0.0290493, 3;
0.0290461, 3;
0.0290621, 3;
0.0295421, 3;
0.029553, 3;
0.0295287, 3;
0.0290576, 3;
0.0290423, 3;
0.0290435, 3;
0.029546, 3;
0.0290493, 3;
0.029544, 3;
0.0290474, 3;
0.0290442, 3;
0.0295428, 3;
0.0295472, 3;
0.0290467, 3;
0.0290487, 3;
0.0290442, 3;
0.0295658, 3;
0.0295408, 3;
0.029656, 3;
0.0290455, 3;
0.029041, 3;
0.029553, 3;
0.029537, 3;
0.0290461, 3;
0.029048, 3;
0.029041, 3;
0.0295588, 3;
0.0295421, 3;
0.029048, 3;
0.0290576, 3;
0.0290877, 3;
0.0294928, 3;
0.029546, 3;
0.0295447, 3;
0.0295568, 3;
0.0290615, 3;
0.0295274, 3;
0.0295447, 3;
0.0290512, 3;
0.0290448, 3;
0.0290442, 3;
0.0295549, 3;
0.0295447, 3;
0.0295511, 3;
0.0290352, 3;
0.0290698, 3;
0.0295312, 3;
0.0295408, 3;
0.0295466, 3;
0.0295434, 3;
0.0290512, 3;
0.0295453, 3;
0.0295479, 3;
0.0290461, 3;
0.0290435, 3;
0.0290474, 3;
0.0295415, 3;
0.0295664, 3;
0.0295338, 3;
0.0290672, 3;
0.0295543, 3;
0.0290218, 3;
0.0295434, 3;
0.0290499, 3;
0.0290474, 3;
0.0290423, 3;
0.0295773, 3;
0.0295178, 3;
0.029048, 3;
0.0290672, 3;
0.0295216, 3;
0.0295466, 3;
0.0295472, 3;
0.0290512, 3;
0.0291703, 4;
0.0289315, 4;
0.0290423, 4;
0.029064, 4;
0.02953, 4;
0.0290346, 4;
0.0290391, 4;
0.0285488, 4;
0.029048, 4;
0.0290429, 4;
0.0290455, 4;
0.0290499, 4;
0.029585, 4;
0.0295274, 4;
0.0291056, 4;
0.0289763, 4;
0.0290416, 4;
0.0290435, 4;
0.0290461, 4;
0.0295716, 4;
0.0290256, 4;
0.0290435, 4;
0.0295524, 4;
0.0290416, 4;
0.0295543, 4;
0.0290384, 4;
0.0290448, 4;
0.0290455, 4;
0.0290595, 4;
0.0290403, 4;
0.0291312, 4;
0.0289571, 4;
0.0290448, 4;
0.0290435, 4;
0.0295504, 4;
0.0295581, 4;
0.029032, 4;
0.0290442, 4;
0.029569, 4;
0.0290263, 4;
0.0290448, 4;
0.0290467, 4;
0.029057, 4;
0.029048, 4;
0.0295293, 4;
0.0290506, 4;
0.0295504, 4;
0.0290519, 4;
0.0290026, 4;
0.029546, 4;
0.0290467, 4;
0.0290461, 4;
0.0285552, 4;
0.0290416, 4;
0.029546, 4;
0.0295498, 4;
0.0295402, 4;
0.0295485, 4;
0.0290435, 4;
0.0295524, 4;
0.0290461, 4;
0.0290736, 4;
0.0295165, 4;
0.0290602, 4;
0.029032, 4;
0.0290423, 4;
0.0290493, 4;
0.0295447, 4;
0.0290461, 4;
0.0295485, 4;
0.0290499, 4;
0.0290615, 4;
0.0291517, 4;
0.0299287, 4;
0.0295447, 4;
0.0290423, 4;
0.0290544, 4;
0.0290442, 4;
0.0290448, 4;
0.0290416, 4;
0.0295645, 4;
0.0290403, 4;
0.0290378, 4;
0.0290448, 4;
0.0295498, 4;
0.0295466, 4;
0.0290493, 4;
0.0285437, 4;
0.0296765, 4;
0.028929, 4;
0.029041, 4;
0.0290397, 4;
0.0295479, 4;
0.0290423, 4;
0.0295479, 4;
0.0295466, 4;
0.0290455, 4;
0.0295485, 4;
0.0290583, 4;
0.0290397, 4;
0.0295824, 4;
0.0291722, 4;
0.0288797, 4;
0.0290474, 4;
0.0295517, 4;
0.0295396, 4;
0.0295645, 4;
0.0290288, 4;
0.0290455, 4;
0.029601, 4;
0.0294948, 4;
0.029048, 4;
0.029544, 4;
0.0290583, 4;
0.0293629, 4;
0.0297239, 4;
0.0285456, 4;
0.0295434, 4;
0.0290455, 4;
0.0295479, 4;
0.0289808, 4;
0.0290499, 4;
0.0295485, 4;
0.0290455, 4;
0.0290416, 4;
0.0290615, 4;
0.0290288, 4;
0.0295466, 4;
0.029048, 4;
0.0295607, 4;
0.0295524, 4;
0.0290301, 4;
0.0295562, 4;
0.0295389, 4;
0.0295453, 4;
0.0295511, 4;
0.0290416, 4;
0.0295511, 4;
0.0290551, 4;
0.0290384, 4;
0.0295511, 4;
0.0295383, 4;
0.0290461, 4;
0.0290429, 4;
0.0300509, 4;
0.0290455, 4;
0.0290551, 4;
0.0295389, 4;
0.0290519, 4;
0.0295396, 4;
0.0295498, 4;
0.0290736, 4;
0.0295146, 4;
0.0290474, 4;
0.0295479, 4;
0.029546, 4;
0.0290531, 4;
0.0285539, 4;
0.0290378, 4;
0.0296375, 4;
0.0294615, 4;
0.0290352, 4;
0.0290749, 4;
0.0290224, 4;
0.0295428, 4;
0.0295504, 4;
0.0291581, 4;
0.0289399, 4;
0.0292247, 4;
0.0293956, 2;
0.0295216, 2;
0.0295364, 2;
0.0295472, 2;
0.02908, 2;
0.0295184, 2;
0.0295594, 2;
0.0295312, 2;
0.029057, 2;
0.0290339, 2;
0.0306282, 2;
0.0301162, 2;
0.0299005, 2;
0.0295549, 2;
0.0295549, 2;
0.0295274, 2;
0.0296983, 2;
0.0293968, 2;
0.0295543, 2;
0.0290403, 2;
0.029608, 2;
0.0295069, 2;
0.0301917, 2;
0.0288938, 2;
0.0290333, 2;
0.0290455, 2;
0.0295479, 2;
0.0295498, 2;
0.0295408, 2;
0.0290487, 2;
0.0290467, 2;
0.0295543, 2;
0.029537, 2;
0.0290461, 2;
0.029546, 2;
0.029048, 2;
0.0295479, 2;
0.0295504, 2;
0.0295524, 2;
0.0290474, 2;
0.0285411, 2;
0.0295504, 2;
0.0295357, 2;
0.029048, 2;
0.029041, 2;
0.0290487, 2;
0.029546, 2;
0.029057, 2;
0.0290583, 2;
0.0290282, 2;
0.0290538, 2;
0.0285539, 2;
0.0295376, 2;
0.0295402, 2;
0.0290416, 2;
0.0290512, 2;
0.0295485, 2;
0.0295511, 2;
0.029041, 2;
0.0295466, 2;
0.0290467, 2;
0.0295479, 2;
0.0295485, 2;
0.0290442, 2;
0.028559, 2;
0.0290359, 2;
0.0290423, 2;
0.0295479, 2;
0.0290583, 2;
0.0295396, 2;
0.029546, 2;
0.029544, 2;
0.029546, 2;
0.0290487, 2;
0.0295447, 2;
0.0290455, 2;
0.0295498, 2;
0.0295421, 2;
0.0290698, 2;
0.0290365, 2;
0.0291011, 2;
0.0294992, 2;
0.0295338, 2;
0.0295882, 2;
0.0295044, 2;
0.0290391, 2;
0.0295517, 2;
0.0295472, 2;
0.0290557, 2;
0.0295383, 2;
0.0290461, 2;
0.0295485, 2;
0.0299812, 4;
0.0381472, 9;
0.0255317, 9;
0.025542, 9;
0.0260476, 9;
0.0265334, 9;
0.0255433, 9;
0.025533, 9;
0.0260578, 9;
0.0255458, 9;
0.0255221, 9;
0.0255388, 9;
0.0255433, 9;
0.0255401, 9;
0.0255407, 9;
0.0255388, 9;
0.025542, 9;
0.0255426, 9;
0.0255445, 9;
0.0256662, 9;
0.0254121, 9;
0.0255567, 9;
0.0255311, 9;
0.0255356, 9;
0.0255439, 9;
0.0255375, 9;
0.0255337, 9;
0.0255522, 9;
0.0255413, 9;
0.025533, 9;
0.0255413, 9;
0.0255375, 9;
0.0255433, 9;
0.0255401, 9;
0.0255388, 9;
0.025542, 9;
0.0256623, 9;
0.0259273, 9;
0.0255343, 9;
0.0255477, 9;
0.0255375, 9;
0.0255349, 9;
0.0255388, 9;
0.0255381, 9;
0.025565, 9;
0.0255177, 9;
0.02559, 9;
0.0255138, 9;
0.0257295, 9;
0.025334, 9;
0.0255375, 9;
0.0255439, 9;
0.0255439, 9;
0.0255369, 9;
0.0255407, 9;
0.0255433, 9;
0.0255612, 9;
0.0255529, 9;
0.0260092, 9;
0.0255452, 9;
0.0255292, 9;
0.0255445, 9;
0.0255362, 9;
0.0255458, 9;
0.0255356, 9;
0.0255407, 9;
0.0257327, 9;
0.0253538, 9;
0.0255503, 9;
0.0255273, 9;
0.0255381, 9;
0.0255413, 9;
0.0255394, 9;
0.025542, 9;
0.0255509, 9;
0.0255407, 9;
0.0255401, 9;
0.025775, 9;
0.0258006, 9;
0.0255381, 9;
0.0255477, 9;
0.0255324, 9;
0.0255401, 9;
0.0255593, 9;
0.0255234, 9;
0.025549, 9;
0.0255317, 9;
0.0255426, 9;
0.0255388, 9;
0.0255471, 9;
0.0255388, 9;
0.0255349, 9;
0.0260489, 9;
0.0256002, 9;
0.0274832, 9;
0.0255465, 9;
0.0260374, 9;
0.0265379, 9;
0.0255337, 9;
0.0255413, 9;
0.0255401, 9;
0.0255516, 9;
0.0260374, 9;
0.0255362, 9;
0.0255305, 9;
0.0255356, 9;
0.026061, 9;
0.0255273, 9;
0.0255433, 9;
0.0255349, 9;
0.0255375, 9;
0.0255881, 9;
0.0254997, 9;
0.0255407, 9;
0.0255298, 9;
0.0255573, 9;
0.0255279, 9;
0.0255445, 9;
0.0255375, 9;
0.0255445, 9;
0.0255497, 9;
0.0255701, 9;
0.0290115, 9;
0.0255317, 9;
0.0255471, 9;
0.0263369, 9;
0.0257449, 9;
0.0255381, 9;
0.0255599, 9;
0.026022, 9;
0.025549, 9;
0.0256271, 9;
0.0254543, 9;
0.0255253, 9;
0.0255503, 9;
0.025839, 9;
0.0257417, 9;
0.025542, 9;
0.0255381, 9;
0.0255394, 9;
0.0255407, 9;
0.0255695, 9;
0.02551, 9;
0.0255465, 9;
0.0255484, 9;
0.0260502, 9;
0.0260278, 9;
0.0255369, 9;
0.0255407, 9;
0.0255343, 9;
0.025558, 9;
0.0255253, 9;
0.0255477, 9;
0.0255612, 9;
0.0255151, 9;
0.0255689, 9;
0.0255113, 9;
0.0255433, 9;
0.0256533, 9;
0.0254357, 9;
0.0255369, 9;
0.0260374, 9;
0.0255375, 9;
0.025542, 9;
0.0255445, 9;
0.0255484, 9;
0.026031, 9;
0.0255401, 9;
0.025549, 9;
0.025533, 9;
0.0255401, 9;
0.0255458, 9;
0.0255369, 9;
0.0255452, 9;
0.0255413, 9;
0.0255324, 9;
0.0255471, 9;
0.0255381, 9;
0.0257826, 9;
0.0257993, 9;
0.0255458, 9;
0.025533, 9;
0.0255413, 9;
0.0255413, 9;
0.0255522, 9;
0.0255413, 9;
0.0255541, 9;
0.0255145, 9;
0.0255445, 9;
0.0255349, 9;
0.0255721, 9;
0.0255087, 9;
0.0255401, 9;
0.0255548, 9;
0.0255413, 9;
0.0255279, 9;
0.0255349, 9;
0.0255509, 9;
0.0255413, 9;
0.0255349, 9;
0.0255439, 9;
0.0255369, 9;
0.0255561, 9;
0.0255484, 9;
0.0255842, 9;
0.0254754, 9;
0.0255388, 9;
0.0255484, 9;
0.0255298, 9;
0.0255439, 9;
0.0255381, 9;
0.0255548, 9;
0.0255337, 9;
0.0262851, 9;
0.0258166, 9;
0.025517, 9;
0.0255471, 9;
0.0255362, 9;
0.0255439, 9;
0.0255394, 9;
0.0255356, 9;
0.0255452, 9;
0.0255362, 9;
0.025542, 9;
0.0255394, 9;
0.0255426, 9;
0.025558, 9;
0.0255221, 9;
0.0255413, 9;
0.0255445, 9;
0.025542, 9;
0.0255394, 9;
0.0255433, 9;
0.0255381, 9;
0.0255407, 9;
0.0255394, 9;
0.0255465, 9;
0.025533, 9;
0.025542, 9;
0.0255452, 9;
0.0255413, 9;
0.0255305, 9;
0.0256425, 9;
0.025606, 9;
0.025373, 9;
0.0255529, 9;
0.0255618, 9;
0.0260239, 9;
0.0255356, 9;
0.0255407, 9;
0.0255394, 9;
0.0255625, 9;
0.0255196, 9;
0.0255535, 9;
0.0255241, 9;
0.0255394, 9;
0.0255426, 9;
0.0255458, 9;
0.0255497, 9;
0.0255285, 9;
0.0255529, 9;
0.0255362, 9;
