0.100642;
0.10066;
0.100643;
0.100658;
0.100658;
0.10065;
0.100664;
0.100652;
0.100669;
0.100671;
0.100635;
0.100664;
0.100663;
0.100663;
0.10065;
0.100674;
0.100657;
0.100659;
0.100664;
0.100673;
0.100647;
0.100657;
0.100663;
0.100662;
0.100667;
0.100665;
0.100661;
0.100659;
0.100662;
0.100656;
0.10066;
0.100661;
0.100677;
0.10065;
0.100669;
0.100657;
0.100665;
0.10067;
0.100659;
0.10066;
0.100666;
0.100659;
0.100665;
0.100649;
0.100666;
0.10066;
0.100663;
0.100668;
0.100663;
0.100668;
0.101165;
0.100665;
0.100654;
0.100666;
0.100657;
0.100666;
0.100672;
0.100654;
0.100666;
0.100663;
0.100663;
0.100666;
0.100654;
0.100663;
0.100648;
0.100663;
0.100676;
0.100666;
0.100646;
0.100667;
0.100661;
0.100679;
0.100656;
0.100681;
0.100657;
0.100653;
0.100663;
0.100677;
0.100668;
0.100666;
0.100647;
0.100665;
0.100673;
0.100654;
0.100657;
0.100673;
0.10066;
0.100658;
0.100662;
0.100668;
0.101639;
0.100695;
0.100828;
0.100494;
0.101165;
0.100798;
0.100506;
0.100669;
0.100731;
0.113891;
0.108392;
0.10067;
0.100669;
0.100666;
0.101085;
0.104405;
0.108511;
0.100666;
0.100663;
0.100659;
0.100654;
0.10067;
0.100657;
0.100665;
0.100665;
0.100668;
0.100656;
0.101242;
0.101577;
0.100686;
0.100641;
0.101553;
0.10179;
0.101548;
0.103269;
0.10067;
0.100661;
0.100665;
0.100661;
0.100665;
0.100656;
0.10067;
0.100659;
0.100664;
0.100658;
0.100669;
0.100671;
0.100652;
0.100664;
0.10068;
0.100654;
0.102312;
0.106203;
0.10698;
0.107913;
0.132745;
0.151944;
0.146679;
0.103249;
0.100654;
0.101209;
0.100618;
0.100667;
0.100656;
0.100673;
0.101702;
0.107151;
0.104749;
0.116174;
0.102092;
0.100651;
0.100659;
0.100666;
0.100661;
0.100669;
0.100666;
0.100678;
0.100643;
0.100661;
0.100702;
0.100629;
0.10066;
0.100656;
0.100665;
0.100681;
0.100649;
0.100663;
0.100666;
0.100666;
0.100853;
0.101086;
0.100547;
0.100657;
0.100666;
0.100872;
0.10045;
0.100673;
0.100657;
0.100663;
0.100661;
0.100665;
0.100658;
0.100665;
0.100672;
0.101168;
0.100654;
0.100662;
0.100666;
0.100662;
0.103655;
0.100682;
0.10065;
0.100668;
0.100668;
0.100661;
0.100654;
0.100667;
0.100654;
0.100665;
0.100842;
0.100986;
0.100661;
0.100641;
0.100649;
0.100678;
0.100655;
0.100666;
0.100667;
0.100659;
0.100655;
0.100667;
0.100677;
0.100644;
0.100665;
0.100672;
0.100652;
0.100667;
0.100657;
0.100663;
0.1007;
0.100644;
0.100654;
0.100655;
0.100662;
0.100709;
0.100629;
0.100657;
0.100654;
0.100666;
0.10066;
0.100673;
0.100661;
0.100658;
0.10067;
0.100654;
0.100675;
0.100661;
0.100654;
0.100667;
0.100663;
0.100661;
0.100668;
0.100658;
0.10067;
0.100665;
0.100663;
0.100659;
0.100662;
0.100659;
0.100671;
0.100654;
0.100675;
0.100653;
0.100665;
0.100663;
0.100674;
0.100677;
0.100643;
0.100657;
0.100664;
0.100662;
0.100697;
0.100635;
0.10067;
0.100656;
0.100661;
0.10068;
0.100661;
0.100654;
0.100659;
0.10067;
0.100665;
0.10067;
0.100657;
0.100665;
0.100665;
0.100656;
0.100661;
0.10067;
0.100657;
0.100661;
0.100667;
0.100656;
0.100676;
0.100654;
0.100672;
0.100671;
0.10065;
0.100665;
0.10066;
0.100673;
0.100666;
0.100646;
0.100666;
0.100657;
0.100671;
0.100657;
0.10067;
0.100657;
0.100695;
0.100634;
0.100832;
0.100497;
0.100672;
0.100654;
0.100666;
0.100661;
0.100617;
0.100669;
0.100675;
0.100661;
0.100658;
0.100659;
0.100678;
0.10064;
0.100672;
0.100671;
0.100664;
0.100661;
0.100658;
0.100684;
0.100647;
0.100669;
0.100659;
0.100665;
0.100654;
0.100682;
0.100654;
0.100664;
0.100653;
0.100661;
0.100665;
0.100663;
0.100709;
0.100625;
0.100891;
0.100433;
0.100667;
0.100661;
0.100666;
0.100668;
0.100653;
0.100665;
0.100673;
0.10065;
0.100673;
0.100662;
0.100655;
0.100664;
0.100661;
0.100686;
0.101224;
0.100583;
0.100664;
0.100667;
0.100659;
0.100666;
0.100777;
0.100557;
0.100666;
0.100657;
0.100669;
0.100656;
0.100666;
0.100666;
0.100672;
0.10065;
0.100671;
0.100654;
0.100669;
0.100661;
0.100666;
0.100663;
0.100663;
0.100661;
0.100668;
0.100666;
0.10066;
0.100652;
0.100663;
0.100669;
0.10067;
0.100657;
0.100672;
0.100652;
0.100668;
0.100722;
0.100609;
0.100659;
0.100663;
0.100663;
0.100656;
0.100675;
0.100657;
0.100658;
0.100675;
0.100651;
0.100682;
0.101162;
0.100649;
0.100666;
0.100675;
0.100649;
0.100665;
0.10066;
0.100666;
0.100675;
0.100647;
0.100691;
0.100647;
0.100652;
0.100666;
0.100676;
0.100666;
0.100643;
0.100671;
0.100663;
0.100657;
0.100722;
0.100602;
0.100671;
0.100658;
0.100668;
0.100663;
0.100671;
0.100654;
0.100665;
0.100655;
0.100682;
0.100644;
0.101212;
0.101631;
0.100646;
0.100665;
0.100667;
0.100668;
0.101656;
0.10066;
0.100663;
0.100668;
0.100661;
0.100661;
0.100673;
0.100666;
0.100659;
0.100657;
0.100668;
0.100663;
0.100661;
0.100666;
0.100662;
0.10066;
0.100659;
0.100671;
0.10073;
0.101106;
0.10065;
0.100673;
0.100656;
0.100665;
0.100664;
0.101618;
0.100706;
0.100673;
0.100656;
0.100649;
0.100636;
0.100668;
0.100668;
0.100648;
0.100688;
0.101141;
0.100658;
0.100668;
0.100659;
0.100668;
0.10066;
0.100665;
0.100695;
0.100634;
0.100664;
0.100659;
0.100665;
0.100664;
0.100665;
0.100782;
0.101042;
0.100664;
0.100689;
0.100632;
0.100793;
0.101043;
0.100657;
0.10066;
0.100668;
0.10067;
0.100656;
0.100656;
0.100672;
0.100816;
0.100512;
0.100657;
0.100665;
0.100662;
0.10067;
0.102402;
0.105312;
0.102789;
0.100656;
0.10067;
0.100683;
0.100643;
0.100672;
0.100785;
0.101034;
0.100677;
0.100649;
0.100673;
0.100652;
0.100665;
0.100667;
0.100666;
0.100657;
0.100678;
0.100656;
0.100672;
0.101621;
0.104697;
0.100665;
0.100663;
0.10068;
0.100649;
0.100657;
0.103493;
0.100841;
0.102556;
0.100777;
0.101179;
0.100644;
0.100661;
0.100668;
0.100659;
0.100712;
0.101122;
0.100803;
0.100564;
0.100615;
0.10108;
0.10075;
0.100673;
0.100657;
0.100665;
0.10205;
0.100787;
0.100649;
0.101107;
0.102325;
0.103069;
0.100652;
0.100667;
0.100664;
0.100661;
0.10069;
0.100642;
0.10417;
0.100664;
0.100689;
0.108371;
0.102444;
0.100677;
0.100641;
0.100659;
0.100939;
0.100588;
0.10075;
0.100571;
0.100668;
0.101154;
0.100667;
0.100825;
0.101504;
0.100662;
0.100665;
0.10067;
0.101166;
0.100741;
0.100583;
0.100653;
0.100669;
0.100659;
0.100702;
0.100624;
0.100661;
0.100666;
0.100663;
0.100668;
0.100672;
0.102467;
0.102361;
0.100648;
0.100702;
0.100688;
0.100614;
0.101025;
0.100308;
0.101154;
0.100673;
0.100652;
0.100674;
0.100657;
0.100664;
0.100649;
0.100673;
0.100666;
0.102403;
0.101625;
0.100981;
0.100645;
0.101363;
0.100803;
0.100818;
0.100666;
0.100665;
0.100659;
0.100665;
0.100662;
0.100666;
0.100754;
0.100576;
0.100656;
0.100663;
0.100662;
0.100653;
0.10067;
0.100665;
0.100656;
0.100661;
0.100657;
0.100674;
0.100812;
0.100524;
0.100656;
0.100663;
0.101464;
0.100373;
0.100651;
0.100668;
0.10067;
0.100657;
0.100659;
0.100663;
0.100669;
0.100702;
0.100659;
0.100622;
0.100676;
0.10065;
0.100666;
0.100657;
0.100677;
0.100649;
0.100665;
0.100664;
0.100669;
0.100654;
0.100668;
0.100665;
0.100663;
0.100666;
0.100658;
0.100665;
0.100663;
0.100668;
0.100653;
0.10067;
0.100661;
0.100661;
0.100795;
0.100543;
0.100905;
0.101413;
0.10067;
0.100666;
0.100668;
0.100657;
0.10066;
0.100666;
0.100666;
0.10066;
0.100666;
0.100659;
0.100659;
0.100668;
0.100663;
0.100736;
0.101091;
0.100679;
0.100736;
0.101079;
0.100693;
0.100628;
0.10067;
0.100598;
0.100668;
0.100661;
0.100654;
0.100666;
0.100665;
0.100669;
0.100773;
0.100546;
0.100665;
0.100663;
0.100672;
0.100656;
0.10117;
0.100666;
0.100659;
0.100661;
0.100668;
0.100665;
0.100649;
0.10067;
0.100661;
0.100714;
0.100613;
0.100666;
0.100666;
0.100653;
0.100709;
0.10062;
0.100657;
0.100669;
0.100663;
0.100693;
0.100644;
0.100654;
0.100662;
0.10066;
0.100693;
0.100649;
0.100665;
0.100661;
0.100655;
0.100762;
0.100574;
0.100672;
0.100679;
0.100652;
0.100668;
0.100656;
0.100659;
0.100672;
0.100654;
0.10092;
0.101914;
0.100672;
0.100648;
0.100672;
0.100657;
0.100661;
0.100668;
0.100661;
0.100668;
0.100666;
0.100659;
0.100673;
0.100647;
0.100666;
0.100666;
0.100664;
0.10066;
0.100791;
0.10054;
0.100663;
0.100655;
0.100668;
0.100665;
0.100672;
0.100651;
0.100677;
0.100652;
0.10066;
0.10067;
0.100657;
0.100669;
0.101158;
0.10066;
0.100673;
0.100656;
0.100663;
0.100665;
0.100668;
0.100659;
0.100664;
0.100664;
0.100662;
0.100665;
0.100659;
0.100671;
0.100657;
0.100668;
0.100668;
0.100666;
0.100652;
0.100665;
0.100688;
0.10065;
0.100652;
0.100668;
0.100656;
0.100671;
0.100662;
0.100655;
0.100668;
0.100665;
0.100679;
0.100649;
0.100657;
0.100665;
0.10068;
0.100574;
0.100646;
0.100647;
0.100661;
0.100661;
0.100684;
0.100648;
0.100663;
0.100673;
0.100654;
0.100702;
0.100628;
0.100653;
0.100671;
0.100677;
0.100956;
0.100355;
0.100827;
0.100997;
0.100667;
0.100686;
0.100638;
0.100666;
0.10067;
0.100659;
0.101455;
0.103361;
0.100652;
0.100667;
0.100665;
0.100673;
0.100695;
0.100619;
0.100668;
0.100661;
0.100677;
0.100652;
0.101168;
0.100656;
0.100664;
0.100666;
0.100661;
0.100667;
0.100653;
0.100674;
0.100671;
0.100652;
0.100672;
0.100659;
0.100661;
0.10072;
0.100615;
0.101172;
0.100638;
0.100673;
0.100662;
0.100666;
0.101808;
0.101518;
0.100672;
0.100651;
0.100672;
0.10117;
0.100677;
0.100633;
0.100672;
0.101172;
0.100656;
0.10066;
0.100659;
0.100667;
0.100662;
0.100667;
0.100654;
0.100672;
0.100661;
0.100672;
0.100672;
0.100645;
0.100661;
0.100659;
0.100681;
0.100832;
0.100485;
0.100659;
0.100658;
0.100675;
0.102675;
0.101158;
0.100654;
0.100666;
0.100666;
0.100664;
0.100661;
0.100672;
0.100648;
0.100665;
0.100668;
0.10066;
0.100661;
0.100661;
0.100665;
0.10068;
0.100653;
0.100653;
0.100676;
0.100663;
0.100675;
0.112948;
0.101433;
0.100611;
0.100664;
0.10067;
0.100661;
0.100666;
0.100663;
0.100663;
0.100655;
0.100666;
0.100673;
0.100669;
0.10065;
0.100659;
0.10067;
0.100676;
0.100649;
0.100672;
0.100661;
0.10066;
0.100671;
0.100656;
0.10067;
0.100657;
0.100663;
0.100662;
0.100667;
0.100668;
0.100658;
0.100663;
0.100667;
0.100663;
0.100656;
0.100674;
0.100661;
0.100656;
0.100673;
0.100666;
0.100652;
0.100673;
0.10067;
0.100663;
0.100659;
0.10065;
0.100659;
0.100678;
0.100647;
0.100679;
0.100669;
0.100654;
0.100673;
0.100646;
0.100662;
0.10066;
0.100672;
0.100736;
0.100588;
0.100663;
0.100667;
0.100656;
0.100688;
0.100642;
0.100666;
0.100663;
0.100656;
0.100671;
0.100666;
0.10067;
0.100662;
0.10065;
0.100677;
0.100652;
0.100693;
0.100641;
0.100671;
0.1007;
0.100617;
0.100672;
0.100658;
0.100675;
0.10065;
0.100666;
0.100654;
0.100668;
0.100667;
0.10128;
0.100544;
0.100665;
0.100661;
0.100666;
0.101162;
0.10067;
0.100665;
0.100657;
0.100689;
0.100652;
0.100654;
0.100662;
0.100666;
0.100659;
0.10069;
0.100643;
0.100666;
0.100807;
0.100566;
0.101114;
0.100664;
0.100666;
0.100657;
0.100664;
0.100679;
0.100643;
0.100672;
0.100663;
0.100664;
0.100681;
0.100663;
0.100655;
0.100663;
0.100666;
0.100654;
0.100669;
0.100672;
0.100654;
0.100666;
0.100665;
0.10066;
0.100608;
0.100663;
0.100666;
0.100663;
0.100675;
0.100652;
0.101661;
0.100661;
0.100672;
0.100653;
0.100682;
0.100653;
0.100663;
0.100666;
0.100657;
0.100677;
0.100647;
0.100668;
0.100658;
0.100663;
0.100686;
0.100638;
0.10067;
0.100658;
0.100663;
0.100681;
0.100641;
0.100675;
0.100661;
0.100666;
0.100718;
0.100598;
0.100659;
0.100676;
0.100656;
0.100675;
0.100649;
0.100665;
0.100668;
0.100666;
0.100659;
0.100654;
0.100668;
0.100656;
0.100672;
0.100687;
0.100633;
0.100664;
0.100661;
0.100675;
0.100765;
0.100564;
0.100649;
0.100664;
0.100664;
0.10067;
0.100658;
0.100896;
0.100426;
0.100668;
0.100659;
0.100659;
0.100719;
0.100618;
0.100657;
0.100671;
0.100657;
0.10067;
0.100657;
0.10066;
0.100684;
0.100648;
0.100666;
0.10065;
0.10067;
0.100663;
0.100659;
0.100672;
0.100652;
0.100666;
0.100669;
0.100656;
0.100674;
0.100659;
0.100656;
0.100671;
0.100654;
0.100673;
0.100653;
0.100679;
0.100647;
0.100666;
0.10067;
0.100661;
0.100668;
0.10067;
0.100648;
0.101084;
0.100743;
0.100661;
0.10067;
0.100666;
0.100666;
0.100653;
0.100663;
0.100662;
0.10066;
0.100686;
0.101168;
0.100638;
0.100665;
0.100663;
0.102252;
0.10459;
0.100665;
0.100663;
0.100657;
0.100665;
0.100666;
0.100656;
0.100672;
0.100662;
0.10066;
0.101163;
0.100665;
0.100661;
0.100676;
0.100657;
0.100659;
0.100668;
0.100654;
0.100663;
0.100684;
0.100647;
0.100665;
0.100663;
0.100657;
0.10198;
0.10285;
0.100805;
0.100526;
0.100659;
0.100665;
0.100666;
0.100666;
0.100666;
0.100655;
0.100677;
0.100648;
0.100669;
0.10067;
0.101019;
0.100795;
0.100666;
0.100688;
0.100656;
0.100643;
0.100666;
0.100663;
0.100663;
0.100674;
0.10066;
0.100657;
0.100655;
0.100675;
0.100653;
0.100669;
0.100662;
0.100663;
0.10067;
0.100664;
0.100661;
0.100655;
0.100665;
0.100672;
0.100657;
0.100674;
0.100647;
0.100666;
0.100662;
0.100661;
0.100662;
0.100667;
0.100667;
0.100659;
0.100665;
0.100662;
0.100661;
0.100675;
0.100654;
0.100665;
0.100663;
0.100659;
0.100761;
0.101097;
0.10063;
0.100668;
0.10066;
0.100671;
0.100654;
0.100666;
0.100666;
0.100662;
0.100658;
0.10067;
0.100668;
0.100652;
0.100672;
0.100651;
0.100699;
0.100634;
0.100666;
0.10066;
0.100904;
0.100954;
0.100633;
0.100664;
0.101406;
0.10243;
0.100674;
0.10118;
0.100634;
0.100676;
