0.0069271
0.0084532
0.0128656
0.0109063
0.0086967
0.0086831
0.0140342
0.0030905
0.0092081
0.0107119
0.0088999
0.0101064
0.0109323
0.0128696
0.008454
0.0082581
0.0088444
0.008054
0.0080677
0.0139668
0.0058283
0.0099353
0.0119035
0.0080846
0.0084764
0.0090337
0.0105637
0.003041
0.0173498
0.0126428
0.012889
0.0114183
0.008481
0.0091949
0.0109196
0.0048703
0.012983
0.0065423
0.0133453
0.0083477
0.0080947
0.0081434
0.0089763
0.0060873
0.0060825
0.0064249
0.0099667
0.0144443
0.0086934
0.008968
0.0091998
0.0134317
0.0062171
0.008277
0.0057339
0.0101923
0.012657
0.0102235
0.0083304
0.0082461
0.0066553
0.0105333
0.0085012
0.0087012
0.0155972
0.0111333
0.010256
0.008152
0.0086652
0.0068068
0.0063219
0.0094443
0.0133268
0.0114476
0.0092356
0.0081143
0.008078
0.0050565
0.0106243
0.0098699
0.0105688
0.0131322
0.0081324
0.0145099
0.014373
0.0030111
0.0041266
0.0082495
0.0069959
0.0156756
0.0117598
0.0067661
0.0087235
0.0077138
0.0088417
0.0083133
0.0065466
0.0117876
0.0094495
0.0037597
0.0087183
0.00905
0.0042673
0.008693
0.0085161
0.0132852
0.008803
0.0105327
0.0110796
0.012338
0.0087892
0.0082553
0.0080244
0.0092525
0.0119087
0.0124357
0.0104466
0.0052206
0.0087996
0.008393
0.0078792
0.0083623
0.0112965
0.0127425
0.0130209
0.0090827
0.0084022
0.0085604
0.0089114
0.0085375
0.008276
0.0078949
0.0152677
0.0094482
0.0082542
0.0082583
0.0081047
0.0088934
0.0087591
0.0088489
0.0131847
0.0119195
0.0084552
0.0090251
0.008299
0.0083525
0.0125224
0.0067917
0.0118312
0.0125578
0.0132277
0.0140534
0.0083145
0.0082558
0.0092117
0.0090326
0.0074018
0.0152261
0.0099536
0.0119136
0.0122407
0.0090281
0.008187
0.011159
0.0029515
0.0124878
0.0086194
0.0092129
0.0120722
0.0087567
0.0087198
0.0103539
0.0104705
0.015515
0.0080059
0.0110519
0.0103015
0.0126464
0.0084303
0.0083205
0.0094507
0.0054888
0.0104874
0.0099962
0.0122975
0.0107673
0.0090956
0.0093395
0.0135727
0.0071015
0.0084124
0.0079982
0.0098807
0.0122064
0.0096647
0.008122
0.0087993
0.0156499
0.0087142
0.0097543
0.0085714
0.0106706
0.0136057
0.010454
0.0080144
0.009113
0.0083909
0.0086639
0.008702
0.0087045
0.0141345
0.0108093
0.0087358
0.0080681
0.0088456
0.0108937
0.0091761
0.0135011
0.0145941
0.0084436
0.0133813
0.0091862
0.0085132
0.0090106
0.0091615
0.010833
0.0098939
0.0101383
0.011864
0.0081267
0.0081652
0.008536
0.0087174
0.0081845
0.0095112
0.0121097
0.0084728
0.009098
0.0064218
0.0084877
0.0087134
0.0102471
0.0053579
0.0131531
0.0091345
0.0096492
0.0094783
0.0087446
0.0081325
0.0085459
0.0085118
0.0095116
0.0094888
0.0092559
0.0185821
0.0112965
0.0090109
0.0085898
0.009317
0.0091532
0.0094828
0.0100262
0.0133944
0.0116495
0.0119555
0.0122383
0.0084162
0.008589
0.0093332
0.0055435
0.0099815
0.0164777
0.0100572
0.0139321
0.0109925
0.0079908
0.0084583
0.0092734
0.0106736
0.0072878
0.0091795
0.0143578
0.0148243
0.0104548
0.0090274
0.0083323
0.0087538
0.0148217
0.0091185
0.0105839
0.0105074
0.0100161
0.0089791
0.0081757
0.0112499
0.0092464
0.0084961
0.0088831
0.0092106
0.0082839
0.0107118
0.0121192
0.016338
0.0111837
0.0086368
0.0088411
0.0092979
0.0082163
0.0136083
0.012476
0.011176
0.0082235
0.0085831
0.0086895
0.0088549
0.0088251
0.0083911
0.0092319
0.0113526
0.0118138
0.008229
0.0083241
0.0088553
0.008941
0.0101049
0.0105174
0.0087043
0.0157652
0.0134512
0.0153301
0.0083225
0.0085443
0.0089998
0.0107356
0.0067812
0.008267
0.0149054
0.0122563
0.0092828
0.0088804
0.0090285
0.0081864
0.0083228
0.0072304
0.0097287
0.0120176
0.0122628
0.0082528
0.0093806
0.0094436
0.0084318
0.0029688
0.0103267
0.0108296
0.0165869
0.0135082
0.0089716
0.0081477
0.0081268
0.0125549
0.0069253
0.0084028
0.0087408
0.0132435
0.0113222
0.0085421
0.0084422
0.0125073
0.0155203
0.0120413
0.0130427
0.0113272
0.0081024
0.0083577
0.0087862
0.0098706
0.0050473
0.0085822
0.0100585
0.0099865
0.0157141
0.0085546
0.0085605
0.0082937
0.0053664
0.0089514
0.0097028
0.0059517
0.0098608
0.0124609
0.0129135
0.0093958
0.0095972
0.0088783
0.0081329
0.0113244
0.0109686
0.009214
0.0085855
0.0089104
0.0081551
0.0087701
0.0096063
0.0087089
0.008351
0.009474
0.0137099
0.0090771
0.0052151
0.0085068
0.0086182
0.0085922
0.0053594
0.0123962
0.0102034
0.0087811
0.009582
0.0090262
0.0086947
0.0085188
