0.149541;
0.138923;
0.140132;
0.141301;
0.137833;
0.139648;
0.137382;
0.138892;
0.139886;
0.139229;
0.139575;
0.138577;
0.139748;
0.141491;
0.139495;
0.139632;
0.139192;
0.138402;
0.139843;
0.137622;
0.150181;
0.139054;
0.138904;
0.141195;
0.138498;
0.140403;
0.138212;
0.139301;
0.137595;
0.139912;
0.140501;
0.138027;
0.139298;
0.137621;
0.139682;
0.137925;
0.138098;
0.139;
0.138493;
0.137982;
0.142972;
0.13891;
0.136644;
0.138627;
0.139063;
0.139532;
0.139204;
0.139568;
0.138497;
0.136729;
0.137374;
0.136772;
0.141623;
0.138751;
0.13975;
0.13979;
0.138008;
0.139186;
0.141692;
0.141087;
0.140139;
0.140866;
0.138153;
0.141343;
0.136718;
0.141738;
0.138344;
0.138494;
0.138018;
0.140295;
0.137137;
0.139624;
0.140066;
0.139197;
0.140337;
0.141662;
0.138702;
0.137102;
0.140893;
0.143495;
0.138794;
0.141452;
0.140785;
0.139871;
0.141524;
0.138555;
0.140995;
0.142632;
0.149578;
0.136639;
0.140725;
0.137499;
0.141954;
0.139726;
0.138356;
0.140765;
0.13773;
0.141207;
0.138219;
0.139796;
0.136626;
0.138794;
0.140577;
0.139047;
0.142301;
0.13989;
0.139457;
0.139685;
0.139795;
0.142595;
0.140657;
0.138686;
0.137898;
0.136631;
0.138569;
0.136759;
0.141339;
0.138222;
0.140579;
0.140452;
0.138973;
0.138611;
0.13805;
0.141601;
0.140411;
0.139668;
0.141865;
0.14039;
0.140166;
0.139919;
0.140007;
0.137731;
0.138654;
0.150688;
0.139693;
0.13992;
0.139621;
0.138518;
0.136616;
0.149728;
0.139548;
0.138909;
0.139652;
0.137767;
0.139602;
0.140725;
0.138763;
0.137623;
0.139929;
0.139526;
0.138645;
0.140708;
0.139698;
0.139642;
0.138716;
0.140727;
0.140557;
0.13791;
0.138505;
0.140942;
0.14007;
0.138186;
0.151737;
0.13969;
0.139545;
0.141218;
0.138095;
0.139759;
0.139856;
0.139503;
0.141705;
0.137862;
0.140452;
0.140293;
0.13845;
0.14228;
0.137814;
0.138971;
0.140485;
0.138557;
0.139259;
0.140124;
0.136991;
0.140414;
0.136684;
0.139875;
0.136535;
0.13886;
0.140535;
0.136663;
0.138807;
0.135969;
0.139842;
0.138153;
0.138173;
0.137612;
0.141317;
0.142589;
0.137748;
0.138355;
0.1427;
0.139119;
0.138773;
0.137491;
0.138655;
0.137812;
0.136598;
0.141739;
0.139651;
0.149916;
0.137411;
0.139158;
0.137301;
0.138679;
0.138593;
0.140818;
0.139647;
0.139931;
0.140909;
0.138254;
0.141674;
0.139638;
0.137292;
0.140111;
0.141231;
0.138315;
0.139596;
0.13966;
0.140352;
0.137592;
0.141233;
0.139144;
0.13918;
0.138512;
0.138525;
0.137776;
0.139307;
0.14253;
0.137541;
0.140264;
0.138155;
0.140825;
0.140119;
0.139189;
0.138805;
0.136668;
0.139638;
0.139714;
0.136623;
0.137722;
0.136788;
0.142037;
0.138034;
0.139046;
0.140504;
0.139972;
0.139513;
0.138589;
0.137653;
0.140908;
0.137754;
0.140634;
0.136695;
0.140231;
0.142231;
0.139536;
0.13995;
0.137917;
0.136763;
0.140195;
0.137211;
0.141182;
0.139434;
0.13706;
0.137794;
0.13961;
0.138566;
0.141026;
0.138419;
0.137694;
0.140756;
0.139712;
0.138672;
0.139755;
0.138765;
0.138695;
0.141105;
0.138807;
0.139083;
0.13969;
0.136868;
0.140202;
0.137041;
0.140677;
0.139654;
0.139789;
0.143487;
0.140419;
0.139621;
0.140818;
0.138279;
0.139489;
0.137644;
0.140756;
0.141634;
0.14074;
0.138721;
0.137819;
0.138277;
0.140353;
0.140396;
0.142651;
0.139677;
0.140841;
0.139528;
0.137829;
0.137621;
0.136743;
0.137643;
0.142423;
0.139794;
0.140864;
0.140357;
0.140541;
0.136182;
0.142525;
0.138989;
0.139516;
0.139717;
0.140091;
0.140274;
0.140765;
0.138935;
0.140452;
0.138743;
0.14065;
0.140669;
0.14102;
0.137332;
0.137674;
0.141296;
0.139258;
0.138646;
0.142736;
0.140533;
0.142868;
0.13869;
0.138743;
0.138571;
0.138046;
0.14334;
0.141617;
0.142562;
0.150923;
0.137689;
0.143008;
0.137306;
0.140495;
0.140098;
0.137525;
0.136818;
0.140497;
0.140903;
0.141275;
0.137189;
0.136621;
0.138629;
0.141517;
0.150994;
0.139555;
0.137759;
0.137709;
0.14186;
0.140614;
0.140198;
0.141157;
0.139751;
0.139664;
0.139723;
0.141866;
0.139604;
0.140597;
0.141352;
0.139278;
0.137528;
0.142169;
0.137796;
0.141148;
0.139758;
0.139025;
0.140382;
0.139777;
0.141881;
0.141425;
0.138451;
0.142559;
0.141131;
0.140689;
0.137698;
0.141378;
0.143213;
0.138622;
0.139772;
0.141689;
0.139403;
0.136852;
0.138975;
0.142255;
0.136902;
0.136803;
0.139202;
0.136231;
0.138662;
0.137797;
0.140531;
0.1388;
0.141888;
0.139622;
0.136102;
0.141213;
0.140729;
0.14042;
0.141033;
0.139726;
0.139846;
0.138607;
0.139555;
0.137802;
0.138295;
0.138204;
0.139744;
0.140745;
0.142746;
0.140603;
0.141464;
0.149783;
0.136989;
0.137583;
0.139818;
0.141657;
0.139182;
0.142205;
0.141744;
0.138375;
0.140611;
0.13931;
0.139587;
0.14118;
0.14142;
0.140274;
0.14188;
0.137808;
0.139654;
0.139729;
0.140802;
0.141393;
0.140002;
0.141768;
0.141116;
0.138222;
0.141927;
0.139637;
0.139589;
0.13869;
0.142741;
0.1388;
0.138727;
0.140814;
0.137564;
0.141947;
0.13891;
0.142304;
0.138749;
0.140804;
0.141627;
0.137694;
0.137738;
0.139698;
0.139733;
0.139766;
0.139666;
0.141749;
0.140049;
0.139386;
0.143775;
0.139574;
0.138767;
0.140693;
0.138741;
0.140713;
0.139769;
0.138846;
0.140823;
0.138522;
0.140614;
0.139785;
0.14089;
0.141642;
0.138566;
0.138402;
0.139973;
0.140819;
0.136726;
0.140821;
0.139632;
0.136623;
0.140833;
0.141997;
0.139465;
0.143891;
0.139463;
0.139783;
0.139379;
0.136989;
0.142744;
0.138609;
0.139879;
0.137766;
0.139257;
0.141182;
0.139615;
0.138945;
0.140599;
0.141694;
0.138691;
0.139932;
0.140531;
0.141414;
0.139049;
0.140817;
0.138196;
0.143149;
0.138691;
0.140983;
0.139592;
0.142455;
0.138961;
0.140486;
0.137849;
0.1392;
0.14317;
0.141457;
0.136941;
0.140752;
0.136641;
0.139881;
0.141194;
0.139102;
0.139697;
0.139813;
0.14065;
0.138755;
0.140644;
0.138831;
0.138225;
0.143125;
0.137782;
0.139581;
0.138773;
0.138715;
0.13775;
0.138968;
0.143733;
0.139393;
0.141872;
0.136621;
0.139774;
0.140724;
0.137535;
0.141737;
0.138945;
0.140672;
0.136702;
0.139446;
0.143323;
0.139209;
0.139526;
0.141165;
0.137729;
0.142695;
0.138215;
0.139267;
0.139818;
0.137742;
0.141617;
0.140753;
0.139313;
0.138121;
0.140826;
0.140815;
0.137533;
0.139813;
0.138339;
0.139041;
0.138758;
0.13669;
0.139894;
0.139558;
0.137173;
0.142308;
0.139859;
0.141937;
0.142376;
0.139795;
0.142658;
0.136667;
0.139083;
